id,Count of reddit_id,Sum of total_votes,Sum of number_of_upvotes,Sum of number_of_downvotes,Sum of score,Sum of number_of_comments,out_degree,in_degree,Popularity of image,Popularity of person
spez,858,1950878,1085961,864917,221044,81867,770,429,302911,1951307
syncretic,931,1434251,997246,437005,560241,26763,658,669,587004,1434920
cinsere,545,1290796,831734,459062,372672,32619,448,407,405291,1291203
PhoneDojo,48,960555,518845,441710,77135,17271,30,9,94406,960564
dummystupid,169,842077,460162,381915,78247,16262,159,120,94509,842197
simon_wang12,39,652795,353371,299424,53947,7235,27,11,61182,652806
nomdeweb,70,597870,325845,272025,53820,10659,66,17,64479,597887
pepsi_next,144,538494,307094,231400,75694,7651,68,117,83345,538611
Scopolamina,173,537814,302384,235430,66954,9929,78,121,76883,537935
darkreef2,128,527765,287994,239771,48223,12380,71,90,60603,527855
AtheismFTW,176,501866,332217,169649,162568,8997,137,127,171565,501993
J0nesy,62,496063,273988,222075,51913,10421,54,6,62334,496069
man_in_the_mirra,39,450847,242484,208363,34121,7222,38,20,41343,450867
loki010,67,433706,243955,189751,54204,11862,61,16,66066,433722
ThePeanutBuddha,26,402633,216903,185730,31173,4716,18,7,35889,402640
Mind_Virus,117,402385,228301,174084,54217,10220,102,54,64437,402439
b0red,74,396339,217922,178417,39505,6251,67,42,45756,396381
Se7en_Sinner,30,390762,212073,178689,33384,3521,28,19,36905,390781
ozzymustaine,32,390322,217764,172558,45206,4659,29,14,49865,390336
kraven420,53,374625,206044,168581,37463,4256,46,24,41719,374649
samanthakm9,91,359341,198805,160536,38269,3042,69,70,41311,359411
Bierrr,18,342475,183070,159405,23665,3781,18,7,27446,342482
doginabathtub,79,334854,209522,125332,84190,6314,55,39,90504,334893
Sabird1,126,313658,179253,134405,44848,4880,28,120,49728,313778
hannahjoy33,32,306464,165840,140624,25216,2505,24,20,27721,306484
troll-for-life,35,270740,147294,123446,23848,2823,10,30,26671,270770
NSFW_PORN_ONLY,36,255579,137586,117993,19593,4173,17,33,23766,255612
AJS1991,24,252720,136913,115807,21106,4584,20,15,25690,252735
ItWillBeMine,35,249981,137954,112027,25927,4665,33,24,30592,250005
strallweat,37,237361,134220,103141,31079,3201,33,12,34280,237373
trae84,58,232732,132607,100125,32482,3266,30,50,35748,232782
Z3F,89,226236,130404,95832,34572,5985,74,66,40557,226302
diggro,103,214065,118600,95465,23135,3829,61,72,26964,214137
OnionPotato,15,203835,109891,93944,15947,3021,13,9,18968,203844
Microsoftt,78,193290,107068,86222,20846,2633,62,64,23479,193354
POTATO_IN_MY_ANUS,29,182285,103961,78324,25637,4275,25,25,29912,182310
mepper,41,180258,101519,78739,22780,5245,31,21,28025,180279
clifwith1f,18,180018,96799,83219,13580,4045,16,7,17625,180025
UtopicVision,24,177258,96724,80534,16190,5523,24,17,21713,177275
lepry,1,177103,90396,86707,3689,3488,1,0,7177,177103
Xenoo,18,177038,95294,81744,13550,1745,14,15,15295,177053
sachegrande,36,171665,95455,76210,19245,3673,33,26,22918,171691
TrueWarrior,33,171244,95842,75402,20440,3262,29,24,23702,171268
doug3465,35,169441,95022,74419,20603,5308,34,13,25911,169454
cycophuk,50,166777,96171,70606,25565,3354,43,28,28919,166805
Proteon,16,161652,92985,68667,24318,2270,12,11,26588,161663
streeter5000,31,160956,88950,72006,16944,3778,31,9,20722,160965
gonzoblair,2,158042,82381,75661,6720,6589,2,0,13309,158042
acdcpeon,12,157581,84775,72806,11969,3437,12,10,15406,157591
Gangsta_Raper,5608,151457,119444,32013,87431,4897,1903,2373,92328,153830
DaFunny1,35,151849,84024,67825,16199,2409,28,31,18608,151880
Hormander,48,148816,83165,65651,17514,3418,39,43,20932,148859
Albuyeh,44,147979,82113,65866,16247,2778,38,35,19025,148014
Saarrex,49,147060,84312,62748,21564,2109,42,43,23673,147103
unpajarito,21,144643,81152,63491,17661,1617,12,20,19278,144663
debuzzy,2,144170,73789,70381,3408,1099,2,2,4507,144172
denniedarko,17,143231,77645,65586,12059,2025,16,16,14084,143247
nativeofspace,29,142966,81184,61782,19402,2229,29,19,21631,142985
I_must_not_FAP,51,142006,80809,61197,19612,4197,44,44,23809,142050
Viral_Mind,5,140356,73181,67175,6006,2438,1,5,8444,140361
I_DO_NOT_EAT_SHIT,16,139952,75245,64707,10538,1813,16,13,12351,139965
down_vote_magnet,32,139321,77517,61804,15713,2219,30,20,17932,139341
gonzales82,12,138069,78259,59810,18449,3444,9,8,21893,138077
Freesoundjo,17,136708,73338,63370,9968,2443,15,15,12411,136723
Travisimus,23,133109,73635,59474,14161,2769,23,23,16930,133132
I_SHIT_KARMA,54,132854,73392,59462,13930,5144,45,44,19074,132898
zeb1,35,131560,75647,55913,19734,3937,35,2,23671,131562
nullahbullah123,22,131019,70378,60641,9737,1218,13,21,10955,131040
SwirlStick,49,130826,72905,57921,14984,3375,47,18,18359,130844
Bounceupinher,24,129358,70438,58920,11518,2719,18,18,14237,129376
atomichugbot,144,126213,92485,33728,58757,8102,130,124,66859,126337
RuffDesperado,1,126222,64987,61235,3752,1751,1,1,5503,126223
rozyhammer,27,125644,72203,53441,18762,2628,15,25,21390,125669
redditMEred,8,125254,67182,58072,9110,2508,8,6,11618,125260
Sydviciouz,39,123921,69417,54504,14913,2421,27,34,17334,123955
ratiug,36,123415,68309,55106,13203,2201,20,29,15404,123444
dwerb99,1,120929,62048,58881,3167,3151,1,1,6318,120930
_repost_,27,119813,66260,53553,12707,2526,26,22,15233,119835
someprimetime,18,119438,69998,49440,20558,3851,16,13,24409,119451
gigantomachy,1,119232,61195,58037,3158,3124,1,0,6282,119232
Luckboy28,2,118846,62887,55959,6928,3001,2,0,9929,118846
typhoidisbad,33,118009,65625,52384,13241,1254,13,25,14495,118034
ragingcnu,1,117272,59326,57946,1380,4265,1,0,5645,117272
WalterHartwellWhite,1,117101,60152,56949,3203,2885,1,0,6088,117101
ProRustlinFederation,1,115717,61229,54488,6741,2204,1,1,8945,115718
Robert_Houdin,1,114964,67767,47197,20570,1463,1,0,22033,114964
andrewinmelbourne,29,114832,64999,49833,15166,4247,27,21,19413,114853
frackyou,1,114451,63392,51059,12333,1612,1,0,13945,114451
Theultimateturtle,27,113637,62435,51202,11233,1162,10,27,12395,113664
libyaitalia,1,113299,58623,54676,3947,3577,1,0,7524,113299
gateflan,20,113101,65249,47852,17397,1690,14,18,19087,113119
thatseffedup,84,112437,82523,29914,52609,2485,73,68,55094,112505
HeWhoWrangles,17,111734,59952,51782,8170,1404,17,13,9574,111747
34mjf,18,111302,59276,52026,7250,2042,13,16,9292,111318
BarackObamazing,1,110830,56379,54451,1928,1244,1,0,3172,110830
wordsandstuffs,24,110595,60545,50050,10495,1010,19,19,11505,110614
LadiesLoveMe,22,110293,57139,53154,3985,1918,9,18,5903,110311
hlfempty69,27,110121,61893,48228,13665,1299,22,26,14964,110147
Period-Chopsticks,1,109867,57058,52809,4249,962,1,0,5211,109867
kondrat1983,18,109330,62312,47018,15294,1642,15,6,16936,109336
paladin87,43,109059,60561,48498,12063,2256,42,9,14319,109068
Animates_Everything,2,108526,55886,52640,3246,1037,2,0,4283,108526
Suriv_Dnim,26,108428,60270,48158,12112,1494,22,20,13606,108448
Tanglez,5,108094,57295,50799,6496,1019,3,4,7515,108098
Stue3112,9,106976,55679,51297,4382,1022,8,8,5404,106984
exitstrateG,4,106454,56743,49711,7032,1430,4,2,8462,106456
DarkBlueMullet,33,105919,58773,47146,11627,1821,28,28,13448,105947
colandme,7,105558,55775,49783,5992,1202,6,5,7194,105563
eliavk,14,103971,55976,47995,7981,3369,14,9,11350,103980
TheKoG,3,103785,58321,45464,12857,2886,3,2,15743,103787
FrogGoesRibbit,1,103431,53125,50306,2819,1446,1,0,4265,103431
opi8,1,102600,53023,49577,3446,1711,1,0,5157,102600
Liberationdemonology,4,100925,51829,49096,2733,2338,4,2,5071,100927
Mullagain,36,100862,58769,42093,16676,1372,19,31,18048,100893
brokebackhill,2,100883,53349,47534,5815,1754,2,1,7569,100884
erict15,4,100724,52707,48017,4690,1715,2,3,6405,100727
Tiger337,24,100707,57248,43459,13789,3238,24,14,17027,100721
livielivie07,11,100506,54386,46120,8266,3066,6,4,11332,100510
rdf1159,5,100417,51767,48650,3117,3298,5,4,6415,100421
monom90,7,99712,53299,46413,6886,1178,7,3,8064,99715
souvlaki86,1,99253,51169,48084,3085,1934,1,0,5019,99253
ubershmekel,1,98843,53771,45072,8699,934,1,0,9633,98843
Dlbz44,9,98565,53663,44902,8761,1007,7,5,9768,98570
blazemore,8,98155,52951,45204,7747,1420,8,7,9167,98162
Autopilot_Psychonaut,1,98123,51025,47098,3927,677,1,0,4604,98123
MachineMalfunction,1,98099,53467,44632,8835,1716,1,0,10551,98099
dafunkmasta,17,98042,53934,44108,9826,1806,15,11,11632,98053
TheDrStep,4,97088,51525,45563,5962,1397,1,4,7359,97092
coopnl,71,96754,69656,27098,42558,3319,51,39,45877,96793
PacifistAtWar,1,96489,49881,46608,3273,1330,1,0,4603,96489
Cataliades,2,96281,50358,45923,4435,1404,2,0,5839,96281
TahsinTekin,12,95874,52498,43376,9122,2457,12,8,11579,95882
parastar,25,95459,52311,43148,9163,1514,25,10,10677,95469
fugololo,19,95091,54289,40802,13487,995,13,17,14482,95108
zmmar007,15,95049,51422,43627,7795,965,12,13,8760,95062
mistermajik2000,21,93906,51691,42215,9476,1809,21,9,11285,93915
midgetfury,51,93419,53691,39728,13963,1253,41,44,15216,93463
KookyGuy,16,93282,53135,40147,12988,1446,13,8,14434,93290
icametodropbombs,13,92698,51765,40933,10832,1526,13,11,12358,92709
sagenhaft,3,92391,49552,42839,6713,1782,2,2,8495,92393
KARMANIGGER,12,92171,49723,42448,7275,1234,12,10,8509,92181
tr_morrison,1,91937,48358,43579,4779,1009,1,0,5788,91937
InternetTouchesMe,1,91704,46926,44778,2148,831,1,0,2979,91704
sadie14,1,91701,47120,44581,2539,1514,0,1,4053,91702
EditingAndLayout,4,91650,49610,42040,7570,2834,3,0,10404,91650
silveratom79,4,91343,50518,40825,9693,2073,4,1,11766,91344
Blagginspaziyonokip,8,91005,48292,42713,5579,3016,8,6,8595,91011
ProfObladee,6,90917,49442,41475,7967,1772,6,3,9739,90920
dragonworthy,18,90855,51461,39394,12067,1384,17,12,13451,90867
Pathosis,10,90818,49320,41498,7822,810,1,10,8632,90828
halloweenieaway,1,90704,46737,43967,2770,1122,1,0,3892,90704
compootering,14,90408,47671,42737,4934,1347,14,13,6281,90421
ariiiiigold,17,89986,49835,40151,9684,1705,17,5,11389,89991
globoler,35,89764,53016,36748,16268,3632,34,4,19900,89768
tbonemendez,5,89753,47733,42020,5713,1013,5,3,6726,89756
mattpg89,12,89697,47532,42165,5367,1437,10,12,6804,89709
NotANoveltyUser,20,89530,48793,40737,8056,900,15,16,8956,89546
pleatedjeans,8,89218,47965,41253,6712,2943,7,0,9655,89218
ErrorlessGnome,8,88893,49080,39813,9267,2133,7,8,11400,88901
mc_dad,1,88831,48064,40767,7297,1110,1,0,8407,88831
leothelioncat,6,88757,48037,40720,7317,2235,6,1,9552,88758
UrinalCakes,9,88549,49036,39513,9523,2892,9,0,12415,88549
ForgottenPhoenix,28,88254,48667,39587,9080,1979,28,19,11059,88273
TouchedByUncle,8,88255,46643,41612,5031,1291,6,6,6322,88261
I_Can_Haz_Brainz,23,88221,48921,39300,9621,1444,22,16,11065,88237
FOR_SClENCE,11,88068,48491,39577,8914,1069,10,10,9983,88078
ZtiWinterfell,2,87842,45555,42287,3268,1526,2,0,4794,87842
nathanmcc1,4,87353,45764,41589,4175,1691,3,4,5866,87357
klomonster,1,86886,44928,41958,2970,578,1,0,3548,86886
GiPwner,13,86790,47146,39644,7502,802,12,10,8304,86800
mellooo,14,86686,46110,40576,5534,988,14,14,6522,86700
crushmastac,1,86615,44947,41668,3279,889,1,1,4168,86616
BLEACH_IN_MY_URETHRA,7,86258,46783,39475,7308,1645,2,7,8953,86265
Shadft,1,86171,44173,41998,2175,2088,1,1,4263,86172
Decker79,17,86074,47273,38801,8472,789,16,10,9261,86084
0strand47,2,86076,44418,41658,2760,839,2,2,3599,86078
drucey,18,85917,45986,39931,6055,3251,18,14,9306,85931
ToxtethOGrady,2,85711,44415,41296,3119,1995,2,1,5114,85712
wornwinter,1,85696,44010,41686,2324,824,1,0,3148,85696
daprice82,1,85674,44594,41080,3514,989,1,0,4503,85674
jakeman3192,10,85487,47084,38403,8681,1841,10,8,10522,85495
infeKteDx,1,85343,43774,41569,2205,2824,1,0,5029,85343
mechoman444,2,84773,44267,40506,3761,1055,2,0,4816,84773
grahvity,14,84613,46550,38063,8487,1520,11,8,10007,84621
PotatoPusher,2,84235,44615,39620,4995,1352,1,0,6347,84235
AThirdFoot,1,84087,43265,40822,2443,1066,1,0,3509,84087
Sip_That_Haterade,10,83946,44802,39144,5658,1450,7,7,7108,83953
townidiot,2,83715,43531,40184,3347,4478,2,1,7825,83716
lukasss,14,83596,45748,37848,7900,3008,13,10,10908,83606
deejay_reich,14,83565,47151,36414,10737,1223,11,9,11960,83574
juice--,13,83492,43766,39726,4040,800,11,12,4840,83504
HeavenSk8,14,82992,44997,37995,7002,2206,11,13,9208,83005
idlesense,1,82804,43846,38958,4888,2512,1,1,7400,82805
r2002,13,82518,46064,36454,9610,1906,12,8,11516,82526
jennadaily,16,82464,45028,37436,7592,1367,16,6,8959,82470
JerseyIsHome,1,82420,42676,39744,2932,668,1,0,3600,82420
namsilat,26,82302,52615,29687,22928,2617,24,18,25545,82320
TrollingCancerofaMan,1,82167,41997,40170,1827,697,1,0,2524,82167
Usafmunk,2,82165,42931,39234,3697,963,2,1,4660,82166
weagleweagle,1,81989,43029,38960,4069,968,1,0,5037,81989
sketchampm,19,81827,44597,37230,7367,3126,16,15,10493,81842
Annihilia,2,81671,43302,38369,4933,904,1,0,5837,81671
RobertLovesGames,1,81650,42036,39614,2422,1146,1,0,3568,81650
dotacasher111,8,81265,42812,38453,4359,895,4,8,5254,81273
ff2488,1,81156,41794,39362,2432,1950,1,1,4382,81157
TheCountryJournal,6,80972,44005,36967,7038,2279,6,1,9317,80973
The_Doctor_00,29,80814,46060,34754,11306,1581,26,14,12887,80828
MisterTaters,1,80754,41526,39228,2298,1181,1,1,3479,80755
spreadlikewildfire,1,80279,42118,38161,3957,2763,1,0,6720,80279
jackHD,2,80276,41824,38452,3372,1379,2,1,4751,80277
Provenzer0,29,80131,45983,34148,11835,1138,21,19,12973,80150
dittidot,11,80082,46192,33890,12302,1941,6,11,14243,80093
raisin_bran_in,5,80041,42728,37313,5415,1417,5,3,6832,80044
Speeedo,23,79923,45462,34461,11001,722,16,23,11723,79946
freeaccount,11,79917,43880,36037,7843,1807,8,9,9650,79926
Gurgi3,5,79678,42334,37344,4990,1625,5,2,6615,79680
NinjaCupcake,13,79495,43356,36139,7217,1155,13,8,8372,79503
EX1ST,13,78902,42069,36833,5236,1609,9,11,6845,78913
OGrizzle,2,78907,41111,37796,3315,1054,2,0,4369,78907
dkmag,8,78512,41901,36611,5290,1264,8,4,6554,78516
yarrpiracy,3,78506,41044,37462,3582,1005,2,3,4587,78509
jay2770,3,78489,42203,36286,5917,1629,3,2,7546,78491
BrutalMassacre3,10,78396,40612,37784,2828,1389,9,9,4217,78405
pavel_lishin,36,78306,43394,34912,8482,2339,24,19,10821,78325
_emma_green,1,78293,40291,38002,2289,704,1,0,2993,78293
canhazhotness,1,78262,40424,37838,2586,708,1,0,3294,78262
M374llic4,10,77984,41885,36099,5786,1480,10,7,7266,77991
advillious,3,77844,40433,37411,3022,1675,3,2,4697,77846
shyam14111986,47,77798,46143,31655,14488,1510,43,40,15998,77838
FormalWhale,29,77741,45505,32236,13269,1011,26,18,14280,77759
lilstumpz,44,77690,45077,32613,12464,1779,41,40,14243,77730
bosephh,3,77502,40837,36665,4172,953,3,2,5125,77504
cchsbball23,3,77475,41434,36041,5393,1144,1,0,6537,77475
RuiningPunSubThreads,23,77286,42912,34374,8538,1759,21,16,10297,77302
jklemsen,5,77190,41146,36044,5102,2378,3,5,7480,77195
plz600,13,77020,41186,35834,5352,1005,10,10,6357,77030
the_donut_guy,1,76762,40162,36600,3562,985,1,0,4547,76762
DragonShiryu2,8,76721,41685,35036,6649,889,7,7,7538,76728
rosaparksghost,1,76544,39802,36742,3060,499,1,1,3559,76545
ChimneyCraft,12,76363,40493,35870,4623,632,9,12,5255,76375
Pizzaman411,1,76236,40157,36079,4078,1185,1,0,5263,76236
Darcy1234,27,76141,41835,34306,7529,512,26,23,8041,76164
kaos112,6,76011,41147,34864,6283,855,5,6,7138,76017
sad_man_at_a_bar,1,75978,40131,35847,4284,330,1,0,4614,75978
repost_king,10,75679,40730,34949,5781,1313,9,10,7094,75689
BlueChainsawMan,18,75641,40326,35315,5011,770,16,15,5781,75656
pdmcmahon,30,75588,42820,32768,10052,1391,24,22,11443,75610
julius1768,1,75328,39400,35928,3472,437,1,0,3909,75328
fishwitheadphones,1,75320,39247,36073,3174,1354,1,0,4528,75320
Sneerglaw,7,75190,40809,34381,6428,906,5,7,7334,75197
AsianPussassin,8,75083,40962,34121,6841,752,7,6,7593,75089
skobombers,3,74924,39222,35702,3520,842,1,1,4362,74925
AuditoreKiller,48,74830,41168,33662,7506,519,42,40,8025,74870
ponyprincess,1,74752,39652,35100,4552,494,1,0,5046,74752
the_suffering,10,74505,40671,33834,6837,1281,10,5,8118,74510
prannisment,5,74490,41555,32935,8620,708,5,1,9328,74491
Killgraft,5,74308,39380,34928,4452,1043,5,4,5495,74312
elclark94,1,73637,38197,35440,2757,427,1,1,3184,73638
likepeterose,6,73574,41519,32055,9464,6920,6,1,16384,73575
Demeter_of_New,9,73455,40042,33413,6629,1440,8,7,8069,73462
sparkplug49,11,73199,40690,32509,8181,1600,9,6,9781,73205
scorecardup,7,73096,39772,33324,6448,1385,6,2,7833,73098
pivottofakie,1,73069,37784,35285,2499,709,1,0,3208,73069
sullipilot,7,73039,38530,34509,4021,1814,7,5,5835,73044
JustShiney,11,72931,40022,32909,7113,660,7,9,7773,72940
HurricaneWeasel,9,72592,40835,31757,9078,1133,9,7,10211,72599
switch_case,7,72539,39220,33319,5901,853,6,4,6754,72543
Auroraei,13,72507,39234,33273,5961,1331,13,13,7292,72520
3con,3,72471,37826,34645,3181,1870,3,2,5051,72473
kinoflo,2,72374,38502,33872,4630,676,1,0,5306,72374
proamateur,9,72333,39553,32780,6773,1242,5,9,8015,72342
IamSnuggie,3,72267,37237,35030,2207,1177,3,3,3384,72270
smackythefrog,14,72071,38713,33358,5355,1309,13,9,6664,72080
Former_Manc,10,72072,39517,32555,6962,460,10,4,7422,72076
futuretoday777,18,71977,40178,31799,8379,1829,16,12,10208,71989
that_one_christian,1,71875,36623,35252,1371,6021,1,1,7392,71876
littlefish90,1,71819,37448,34371,3077,917,1,0,3994,71819
knock_blocks,3,71811,37389,34422,2967,757,0,3,3724,71814
lanismycousin,61,71664,41513,30151,11362,1605,50,44,12967,71708
AndresDM,6,71696,39334,32362,6972,1142,4,2,8114,71698
Scooby303,10,71689,38318,33371,4947,889,9,5,5836,71694
Hug_It_Out,1,71495,36761,34734,2027,4262,1,0,6289,71495
random_potatoes,3,71300,36932,34368,2564,636,2,1,3200,71301
needydog,2,71223,36677,34546,2131,474,2,1,2605,71224
sgt_shizzles,69,71166,53243,17923,35320,1230,47,51,36550,71217
xbenny78x,6,71163,38445,32718,5727,807,6,3,6534,71166
BFSkinner,14,70988,39339,31649,7690,1526,14,11,9216,70999
omgwerhvngafire_sale,1,70821,37428,33393,4035,3790,1,0,7825,70821
alage21,12,70732,39336,31396,7940,547,9,10,8487,70742
esiper,7,70422,36438,33984,2454,648,6,5,3102,70427
ticktock44,6,69730,37985,31745,6240,1024,1,6,7264,69736
Hodad924,1,69609,36198,33411,2787,1732,1,0,4519,69609
8bitmorals,1,69591,36607,32984,3623,825,1,0,4448,69591
Rinolas,1,69570,36068,33502,2566,1118,1,0,3684,69570
asardoni,11,69549,37612,31937,5675,1995,11,9,7670,69558
RamsesThePigeon,1,69551,35283,34268,1015,797,1,1,1812,69552
mygrapefruit,4,69454,38963,30491,8472,2860,3,1,11332,69455
chrisgrizle,15,69290,37743,31547,6196,1375,12,13,7571,69303
Kim_da,1,69239,36030,33209,2821,1027,1,0,3848,69239
TheMemeMachine,15,69195,38668,30527,8141,1885,14,14,10026,69209
walrusboy10,1,69148,36251,32897,3354,1562,1,0,4916,69148
MIIAIIRIIK,24,68926,37887,31039,6848,1640,22,18,8488,68944
MrFunnycat,1,68898,35436,33462,1974,530,1,0,2504,68898
talaqen,3,68780,35523,33257,2266,618,2,2,2884,68782
SweetAlmighty,2,68749,37051,31698,5353,936,2,1,6289,68750
wonderless2686,5,68632,37517,31115,6402,1270,5,0,7672,68632
tomdadams,2,68454,37973,30481,7492,1439,2,0,8931,68454
lbeast32,7,68424,36173,32251,3922,1238,5,6,5160,68430
prawnhead,1,68414,36412,32002,4410,1091,1,0,5501,68414
caindaddy,1,68398,35873,32525,3348,1301,1,0,4649,68398
dixiewhiskey,2,68241,36166,32075,4091,1604,2,0,5695,68241
RalphiesBoogers,14,68051,36742,31309,5433,870,12,7,6303,68058
iBunka,1,68022,35034,32988,2046,980,0,1,3026,68023
aakritiajmera65,15,67914,35175,32739,2436,1570,15,8,4006,67922
lukas5150,3,67419,35738,31681,4057,734,3,1,4791,67420
CourtOfMiracles,7,67388,36572,30816,5756,911,7,7,6667,67395
Ilicnaya,2,67150,35073,32077,2996,1289,2,0,4285,67150
Obamawantsyourweed,7,67000,36005,30995,5010,956,7,5,5966,67005
bekbekbekaw,4,66845,35738,31107,4631,456,4,4,5087,66849
McDonaldsBreakfast,4,66811,35768,31043,4725,1210,4,2,5935,66813
brownstoned,2,66532,35043,31489,3554,796,2,0,4350,66532
gibbonator,37,66295,38730,27565,11165,1247,34,13,12412,66308
AshHeartsIt,4,66291,35442,30849,4593,481,4,3,5074,66294
LykaBoss,4,66137,34989,31148,3841,734,3,2,4575,66139
nilss0n,5,66104,34707,31397,3310,1422,4,3,4732,66107
CarlSagansturtleneck,2,65935,34525,31410,3115,642,1,0,3757,65935
Tidus5005,1,65858,34166,31692,2474,1485,1,0,3959,65858
LOVES_TO_POOP,3,65808,34364,31444,2920,818,2,2,3738,65810
cincybearcat,5,65791,34194,31597,2597,1806,4,3,4403,65794
imsozzy,5,65692,36217,29475,6742,566,3,4,7308,65696
ramblerandgambler,16,65644,36360,29284,7076,2722,15,14,9798,65658
MrsSippy,22,65299,36842,28457,8385,1195,15,20,9580,65319
clinguist,2,65226,34701,30525,4176,507,2,1,4683,65227
Mr_heisenburg,7,65124,36527,28597,7930,817,7,6,8747,65130
buddyholly92,15,65021,36576,28445,8131,884,15,11,9015,65032
stone_wall,1,64906,33627,31279,2348,2413,1,0,4761,64906
snowmanspike,2,64853,34138,30715,3423,1626,2,1,5049,64854
lonelylemur,1,64775,33547,31228,2319,1528,1,0,3847,64775
The_Curly_Council,9,64639,36334,28305,8029,882,9,9,8911,64648
Hatlessllama,5,64414,33871,30543,3328,807,5,2,4135,64416
Cannondale1986,14,64385,35423,28962,6461,2196,14,4,8657,64389
did_you_see_the_pool,2,64229,33727,30502,3225,1849,2,2,5074,64231
Fanta089,1,64172,33194,30978,2216,1364,1,0,3580,64172
skeezo,2,63955,34558,29397,5161,905,2,0,6066,63955
Unicyclesclearlywin,18,63806,35899,27907,7992,1143,12,15,9135,63821
nchammer326,1,63722,34760,28962,5798,472,1,1,6270,63723
_void,1,63720,33270,30450,2820,711,1,0,3531,63720
JoehCat,2,63642,33026,30616,2410,369,1,2,2779,63644
1919,3,63506,33956,29550,4406,571,3,1,4977,63507
IndieAtheist,11,63423,34983,28440,6543,1404,9,10,7947,63433
mistertelford,1,63408,33186,30222,2964,814,1,0,3778,63408
nomarionette,10,63377,34606,28771,5835,443,5,8,6278,63385
beeleighve,1,63351,32989,30362,2627,1729,1,0,4356,63351
filmisbone,10,63321,33702,29619,4083,1522,7,7,5605,63328
julio8oa,6,63162,33977,29185,4792,1727,6,3,6519,63165
Unwashed_Vagina,22,62948,36252,26696,9556,2209,22,7,11765,62955
freestylepopcorn,1,62718,36490,26228,10262,1514,1,0,11776,62718
Whatofitpunk,1,62713,32910,29803,3107,1439,1,0,4546,62713
EthicalReasoning,19,62485,37085,25400,11685,2543,19,6,14228,62491
ema1n,8,62408,34058,28350,5708,366,5,8,6074,62416
marquis_of_chaos,35,62339,46795,15544,31251,2438,27,22,33689,62361
JalapenoTampon,1,62330,32395,29935,2460,632,1,1,3092,62331
redditredo,4,62290,33537,28753,4784,551,4,1,5335,62291
gurkamaal,2,62270,33129,29141,3988,411,1,1,4399,62271
anislitim,2,62258,32405,29853,2552,717,2,2,3269,62260
Ash29k,17,62097,34213,27884,6329,1053,13,14,7382,62111
freek-a-leek,19,61949,34711,27238,7473,903,14,19,8376,61968
Snatchateer,1,61833,32504,29329,3175,499,1,0,3674,61833
Fartles-and-James,1,61584,31990,29594,2396,842,1,1,3238,61585
corvuskorax,3,61534,32941,28593,4348,908,2,0,5256,61534
wkamp,24,61403,33453,27950,5503,709,13,18,6212,61421
EugeneMJC,29,61372,33961,27411,6550,575,16,23,7125,61395
joshydrop,2,61385,32148,29237,2911,889,2,2,3800,61387
Nullunit2000,1,61337,31685,29652,2033,1109,1,0,3142,61337
aertime,2,61334,31822,29512,2310,1376,2,1,3686,61335
bossofthebrown,4,61258,32168,29090,3078,1019,3,4,4097,61262
UtterCreep,1,61098,31657,29441,2216,528,1,0,2744,61098
HeyLetsBang,1,61085,31875,29210,2665,1054,1,1,3719,61086
mrspectaculer1988,16,61055,33087,27968,5119,1579,15,12,6698,61067
iveeatendogshit,4,61038,33002,28036,4966,483,3,4,5449,61042
lehmannmusic,1,61022,31606,29416,2190,4326,1,0,6516,61022
skisaj12,5,60964,32706,28258,4448,1135,5,3,5583,60967
TheGreatStromboli,2,60872,32988,27884,5104,774,1,0,5878,60872
linkrobin,8,60777,32699,28078,4621,1032,8,8,5653,60785
SecretlyGayHorse,9,60770,32298,28472,3826,883,6,9,4709,60779
scmger,12,60753,32314,28439,3875,680,10,8,4555,60761
my_mum_is_my_uncle,1,60660,31153,29507,1646,596,0,1,2242,60661
IamBOXBOY,1,60629,31688,28941,2747,926,1,1,3673,60630
deesmutts88,2,60598,31182,29416,1766,642,1,1,2408,60599
ORYG1N,1,60438,31326,29112,2214,792,0,1,3006,60439
krazyfalcon,11,60391,32281,28110,4171,776,11,10,4947,60401
Black_Irish,2,60274,31283,28991,2292,2031,2,1,4323,60275
angrymole,3,60227,32350,27877,4473,563,3,1,5036,60228
halps32,3,60222,32486,27736,4750,918,3,3,5668,60225
blue_oni,17,59878,32532,27346,5186,1800,15,13,6986,59891
hero0fwar,25,59826,35319,24507,10812,1043,21,19,11855,59845
ryano52,1,59818,30738,29080,1658,726,1,1,2384,59819
TFBlikeabaus,9,59786,32842,26944,5898,1464,7,5,7362,59791
OnlyAMuffin,10,59651,32694,26957,5737,698,9,7,6435,59658
yesindeedio,2,59585,31988,27597,4391,964,2,1,5355,59586
theawesomelucas,4,59548,31141,28407,2734,1179,1,2,3913,59550
overused_ellipsis,13,59490,32048,27442,4606,849,12,11,5455,59501
jb2386,10,59463,31535,27928,3607,2429,6,8,6036,59471
abmiram,1,59374,31303,28071,3232,760,1,0,3992,59374
steadybuffalo,4,59309,32002,27307,4695,466,4,3,5161,59312
PopsGG,1,59221,31009,28212,2797,2687,1,0,5484,59221
sim006,1,59206,31321,27885,3436,936,1,0,4372,59206
DAT_ARSE,5,59137,30886,28251,2635,864,5,4,3499,59141
momarortotinon,1,59010,31231,27779,3452,1348,1,1,4800,59011
yatinarora,9,59006,32304,26702,5602,525,9,4,6127,59010
DarkJjay,1,58940,30522,28418,2104,615,1,1,2719,58941
Freelance_Gynecology,6,58883,30819,28064,2755,518,6,5,3273,58888
BigVoter,20,58807,33470,25337,8133,650,17,18,8783,58825
orangeslash,4,58648,30827,27821,3006,871,4,1,3877,58649
trot-trot,21,58492,34840,23652,11188,1509,16,11,12697,58503
Pray_IV_Reign,67,58383,34952,23431,11521,1033,30,61,12554,58444
shark153,1,58328,30681,27647,3034,687,0,0,3721,58328
Mattho,6,58299,32277,26022,6255,996,5,2,7251,58301
Philawesomeraptor,1,58296,31474,26822,4652,1310,1,0,5962,58296
TribalJuju,18,58207,32962,25245,7717,1334,16,16,9051,58223
JorgeGarrido,2,58220,30707,27513,3194,756,1,1,3950,58221
Katimichelle,2,58163,30840,27323,3517,551,2,1,4068,58164
jordan853,16,58092,31849,26243,5606,877,16,15,6483,58107
mrdeeds23,1,58101,30216,27885,2331,647,1,0,2978,58101
InHarmsWay,1,58033,32267,25766,6501,990,1,0,7491,58033
omcw,3,57791,30960,26831,4129,817,3,0,4946,57791
fdfkc,2,57761,30463,27298,3165,832,1,1,3997,57762
JoseLeNerd,11,57702,31274,26428,4846,1650,11,9,6496,57711
Tyrotoxism44,5,57677,31543,26134,5409,767,1,3,6176,57680
moorsh,5,57558,31199,26359,4840,1481,5,1,6321,57559
70camaro,2,57477,29971,27506,2465,621,1,2,3086,57479
awjeez,1,57452,29938,27514,2424,370,1,0,2794,57452
danrennt98,10,57441,31455,25986,5469,634,2,9,6103,57450
Stephen_W_Hawking,10,57355,30703,26652,4051,723,10,10,4774,57365
JiveMonkey,10,57325,31758,25567,6191,483,8,8,6674,57333
LagMeister,1,57299,29815,27484,2331,377,1,0,2708,57299
bobkrahe,7,57259,30719,26540,4179,710,2,5,4889,57264
lexie1596,5,57214,30505,26709,3796,947,4,3,4743,57217
flickum_bicus,1,57201,29669,27532,2137,1923,1,1,4060,57202
fluffkomix,3,57074,30446,26628,3818,1015,3,3,4833,57077
jmbradley90,2,57056,30167,26889,3278,495,2,2,3773,57058
Shaggy-FOO,1,57049,29802,27247,2555,298,1,1,2853,57050
blodgrahm,46,57003,31742,25261,6481,695,25,38,7176,57041
The_Vork,1,56798,29960,26838,3122,681,1,1,3803,56799
shadowinnothing,1,56779,30702,26077,4625,481,1,0,5106,56779
overripebanana,7,56721,31546,25175,6371,708,7,5,7079,56726
TerminalHappiness,3,56684,29852,26832,3020,922,3,3,3942,56687
willly,2,56669,29505,27164,2341,997,2,2,3338,56671
Sleexer,1,56655,29148,27507,1641,628,1,0,2269,56655
MeJerry,1,56608,29642,26966,2676,1254,1,1,3930,56609
MerlinsBeard7,1,56605,30044,26561,3483,412,1,0,3895,56605
Amgroma,6,56581,29827,26754,3073,626,4,5,3699,56586
0bsesshun,6,56532,29966,26566,3400,786,6,5,4186,56537
dubbledutch,4,56485,30726,25759,4967,645,4,2,5612,56487
workitselfoutfine,7,56470,30979,25491,5488,906,7,6,6394,56476
polydorr,1,56449,29500,26949,2551,636,0,1,3187,56450
bruno1993,2,56443,29196,27247,1949,2259,2,2,4208,56445
etm124,1,56418,29805,26613,3192,643,1,0,3835,56418
noisyturtle,24,56279,31918,24361,7557,1849,20,23,9406,56302
hershpga,3,56284,29331,26953,2378,1007,3,3,3385,56287
I_Like_Your_Username,1,56264,28884,27380,1504,592,1,1,2096,56265
binod_d86,8,56192,30359,25833,4526,790,6,7,5316,56199
dentiteoz,2,56095,29154,26941,2213,1949,2,2,4162,56097
WeAreWonderfulNow,9,56083,30256,25827,4429,2243,8,3,6672,56086
CopyX,7,56022,31875,24147,7728,1132,7,2,8860,56024
TheGoldenDuck,1,55878,29093,26785,2308,943,1,1,3251,55879
Cyr0nMan,8,55869,30385,25484,4901,661,4,8,5562,55877
frozen_beer,16,55796,31631,24165,7466,957,14,11,8423,55807
TheNerdist,5,55715,29469,26246,3223,705,5,5,3928,55720
howmanymics,1,55711,29104,26607,2497,791,1,0,3288,55711
Rountree85,14,55699,30893,24806,6087,511,14,9,6598,55708
yano2go,1,55699,29417,26282,3135,819,1,0,3954,55699
PhunnyMan101,4,55596,28991,26605,2386,351,3,3,2737,55599
dreamzchaser,3,55596,29835,25761,4074,892,3,2,4966,55598
z3pex,1,55579,28919,26660,2259,505,1,0,2764,55579
DrHorrible123,4,55455,28992,26463,2529,1090,2,3,3619,55458
gerfuffle,4,55404,29251,26153,3098,550,3,4,3648,55408
leontrotskitty,3,55398,29185,26213,2972,731,3,3,3703,55401
PaulGiamatti,12,55395,31116,24279,6837,1053,12,5,7890,55400
Eustis,13,55349,29863,25486,4377,1342,9,10,5719,55359
what_how,2,55331,29483,25848,3635,815,2,1,4450,55332
WhatHappensIf,1,55275,28605,26670,1935,451,1,0,2386,55275
OscarMayerWinnr,1,55256,28525,26731,1794,287,1,0,2081,55256
the_brainwasher,11,55244,30427,24817,5610,666,10,10,6276,55254
xstaygoldx,1,55188,28914,26274,2640,510,1,0,3150,55188
lbridgey,1,55079,29002,26077,2925,716,1,0,3641,55079
SilverApples,5,55060,29201,25859,3342,831,4,5,4173,55065
GideonPuck,3,55057,28789,26268,2521,833,2,1,3354,55058
austinmoney,12,55045,29680,25365,4315,365,12,10,4680,55055
Rozzzen,3,54892,28847,26045,2802,275,0,3,3077,54895
JustAnotherIndie,3,54878,28679,26199,2480,578,3,2,3058,54880
burntoast15,17,54857,31291,23566,7725,949,17,13,8674,54870
iSperminator,59,54733,32845,21888,10957,1300,36,46,12257,54779
amazingmaximo,1,54667,28667,26000,2667,1414,1,0,4081,54667
JimKB,4,54619,32534,22085,10449,1452,4,0,11901,54619
texacer,17,54551,29469,25082,4387,1391,16,11,5778,54562
speckz,2,54515,28562,25953,2609,768,2,1,3377,54516
Melvin8,1,54507,28741,25766,2975,465,1,0,3440,54507
sarice19,23,54437,30916,23521,7395,603,9,22,7998,54459
SRFG1595,2,54431,28638,25793,2845,932,1,0,3777,54431
WackyWarrior,3,54311,28724,25587,3137,285,3,3,3422,54314
5th_Best_Username,21,54202,30770,23432,7338,810,21,21,8148,54223
beergoggles69,3,54194,29263,24931,4332,491,3,2,4823,54196
hankypinky,1,54165,28372,25793,2579,449,1,1,3028,54166
konvictkarl,3,54069,27646,26423,1223,1672,3,3,2895,54072
kbk2015,2,54068,28111,25957,2154,828,2,2,2982,54070
ThaDinks,6,54040,29032,25008,4024,515,2,6,4539,54046
HausOfTony,2,54000,28600,25400,3200,2724,2,1,5924,54001
DjDelarge,2,53896,27938,25958,1980,609,2,0,2589,53896
Uitklapstoel,12,53881,29672,24209,5463,471,7,11,5934,53892
Chaseman69,4,53837,28105,25732,2373,504,4,4,2877,53841
Teleavenger,17,53717,29699,24018,5681,1057,16,13,6738,53730
skalex,2,53674,28179,25495,2684,532,2,1,3216,53675
womp0982,4,53666,27772,25894,1878,1096,4,2,2974,53668
powsta,5,53655,28382,25273,3109,420,2,5,3529,53660
EccentricOddity,1,53605,28187,25418,2769,861,1,0,3630,53605
noizz,1,53511,28325,25186,3139,763,1,0,3902,53511
I_AM_NO_MAN_,3,53466,28834,24632,4202,651,3,1,4853,53467
CharlieDarwin2,11,53455,28522,24933,3589,633,7,10,4222,53465
gustoizm,3,53262,27899,25363,2536,520,3,3,3056,53265
_Connor,2,53224,28928,24296,4632,405,2,2,5037,53226
nexas123,1,53226,27937,25289,2648,2185,1,0,4833,53226
RedHotBeef,1,53186,27416,25770,1646,387,0,1,2033,53187
Johnnyok,2,53143,28184,24959,3225,899,2,1,4124,53144
BullyPulpit,1,53083,28225,24858,3367,863,1,0,4230,53083
Rinsler,15,53020,29358,23662,5696,1072,7,15,6768,53035
jd726,1,53027,27880,25147,2733,453,1,0,3186,53027
Lepepino,1,53026,27565,25461,2104,441,1,1,2545,53027
ReducedFat,31,53005,30950,22055,8895,1516,30,16,10411,53021
anonym0ose,17,52990,29739,23251,6488,874,17,16,7362,53006
hyperspacesquirrel,2,53000,27578,25422,2156,545,2,2,2701,53002
spikeypeach,1,52977,28872,24105,4767,923,1,0,5690,52977
harigeorgeson,1,52955,27529,25426,2103,435,1,0,2538,52955
Bennetts_Cousin,4,52884,28080,24804,3276,391,4,1,3667,52885
pringle_8642,7,52866,28242,24624,3618,1083,4,7,4701,52873
The_Space_Cowboy,10,52862,29881,22981,6900,878,10,10,7778,52872
WhyteCrayon,1,52817,27374,25443,1931,474,1,0,2405,52817
voteforlee,7,52655,29346,23309,6037,1108,6,6,7145,52661
bobbiness,1,52589,28162,24427,3735,713,1,0,4448,52589
LeCheval,11,52559,28498,24061,4437,336,9,10,4773,52569
imrealbored,1,52545,27107,25438,1669,518,0,1,2187,52546
BigSketchySeaBeast,24,52448,30753,21695,9058,1612,19,21,10670,52469
BewilderedAlbatross,13,52419,28551,23868,4683,878,10,12,5561,52431
ti84power,1,52400,27506,24894,2612,1310,1,0,3922,52400
atticus138,6,52378,27999,24379,3620,1019,6,6,4639,52384
HDScorpio,4,52371,27437,24934,2503,828,4,3,3331,52374
ohhhfoshooo,1,52288,27015,25273,1742,320,1,0,2062,52288
Joshjelly,6,52275,27610,24665,2945,715,4,3,3660,52278
RedditReposter,1,52247,27123,25124,1999,6987,1,1,8986,52248
zomgimagirlonreddit,11,52228,28617,23611,5006,899,11,8,5905,52236
hippolove,1,52224,26971,25253,1718,378,1,0,2096,52224
uncouthsilence5,5,52197,27489,24708,2781,1059,5,4,3840,52201
marill345,2,52167,27137,25030,2107,196,2,1,2303,52168
GxZombie,7,52132,28362,23770,4592,563,5,5,5155,52137
leghhy,1,52129,27455,24674,2781,1038,0,0,3819,52129
GVander,1,52064,27122,24942,2180,659,0,1,2839,52065
hforhayes,3,52037,27803,24234,3569,723,2,3,4292,52040
derp666,1,52033,27076,24957,2119,629,1,0,2748,52033
persnicketypoop,2,51996,26981,25015,1966,652,1,1,2618,51997
glenntm3,1,51954,27116,24838,2278,632,1,0,2910,51954
Kaer,1,51823,27409,24414,2995,489,1,0,3484,51823
AustinQuincyDubimic,8,51804,27650,24154,3496,427,5,8,3923,51812
Pandora_Glovebox,2,51805,27821,23984,3837,464,2,0,4301,51805
Bigbrass,1,51764,27001,24763,2238,656,1,0,2894,51764
auzboo,1,51698,26716,24982,1734,961,1,0,2695,51698
TheIllestVillain,1,51671,27027,24644,2383,481,1,0,2864,51671
illme,3,51660,27934,23726,4208,614,3,2,4822,51662
nvernon123,3,51636,27484,24152,3332,539,3,2,3871,51638
Yasshole,4,51552,27312,24240,3072,482,4,1,3554,51553
lemeontop,22,51523,29768,21755,8013,1815,21,18,9828,51541
clarke77,4,51531,26872,24659,2213,1984,1,4,4197,51535
cfang,2,51515,27073,24442,2631,1714,2,1,4345,51516
z3255859,4,51488,27274,24214,3060,1007,4,4,4067,51492
blasgiug,4,51375,28136,23239,4897,2440,4,1,7337,51376
LawBobLoblaw,9,51355,27442,23913,3529,662,6,8,4191,51363
aguspell,5,51347,27382,23965,3417,398,5,4,3815,51351
implode,1,51285,26533,24752,1781,217,1,0,1998,51285
Dead_Motherfucker,7,51275,28459,22816,5643,1116,7,2,6759,51277
JohnTheScatman,1,51221,26556,24665,1891,415,1,0,2306,51221
theHoeniges,17,51200,27682,23518,4164,1113,17,17,5277,51217
Just_One_Redditor,69,51101,30631,20470,10161,1247,63,63,11408,51164
mikey_croatia,12,51092,28430,22662,5768,1175,12,10,6943,51102
iceqn,3,51099,27300,23799,3501,1192,3,1,4693,51100
N8CCRG,1,51071,26447,24624,1823,915,1,1,2738,51072
joosha,2,51043,27433,23610,3823,450,2,1,4273,51044
potatosss,2,51017,26017,25000,1017,1440,1,2,2457,51019
MeLobsta,3,50953,26823,24130,2693,1677,3,2,4370,50955
kamp_krusty,5,50917,27500,23417,4083,747,4,3,4830,50920
sshim317,3,50848,27100,23748,3352,590,2,3,3942,50851
porkchop1,1,50783,27094,23689,3405,1179,1,0,4584,50783
Omarocksdisworld,3,50772,26794,23978,2816,2360,2,3,5176,50775
Loopins,1,50770,26437,24333,2104,633,1,0,2737,50770
PuroMichoacan,15,50706,28382,22324,6058,1215,12,12,7273,50718
Software_Engineer,14,50705,27554,23151,4403,1444,10,13,5847,50718
bkmeda,1,50628,26311,24317,1994,371,1,0,2365,50628
OvidPerl,4,50593,26781,23812,2969,761,4,3,3730,50596
ContentWithOurDecay,58,50526,37653,12873,24780,2871,51,42,27651,50568
timms5000,8,50551,28315,22236,6079,1767,6,8,7846,50559
SeniorHuevos,2,50549,27319,23230,4089,1157,2,0,5246,50549
bahaki,1,50508,26559,23949,2610,358,1,0,2968,50508
bencowtastic,19,50483,27655,22828,4827,295,18,18,5122,50501
BlueElephants,6,50415,27535,22880,4655,840,6,4,5495,50419
EffinD,1,50378,26195,24183,2012,1380,1,0,3392,50378
percypersimmon,2,50191,25964,24227,1737,664,2,2,2401,50193
vindicated19,8,50182,27929,22253,5676,1856,7,6,7532,50188
EntropyKC,1,50139,26313,23826,2487,287,1,0,2774,50139
CreedoNauxus,2,50060,26721,23339,3382,1133,2,1,4515,50061
ApocolipticBeulah,1,50044,25919,24125,1794,1338,1,0,3132,50044
Newo92,1,49995,25794,24201,1593,386,1,0,1979,49995
Cataractula,1,49856,26093,23763,2330,1619,1,0,3949,49856
good_morning_magpie,1,49851,25943,23908,2035,1032,1,0,3067,49851
fishmaster2012,3,49827,26073,23754,2319,1529,3,2,3848,49829
ashkhunter,1,49719,26180,23539,2641,1656,1,0,4297,49719
ZioTron,2,49667,25896,23771,2125,1279,1,1,3404,49668
HesselCommaRayK,1,49638,26059,23579,2480,230,1,0,2710,49638
Rowsdower_Rowsdower,6,49612,26429,23183,3246,1894,6,4,5140,49616
AForak9,4,49598,26346,23252,3094,1205,4,3,4299,49601
pandatits,8,49578,26792,22786,4006,1261,8,3,5267,49581
#NAME?,10,49516,27706,21810,5896,1613,7,7,7509,49523
robopanda9k,6,49451,27274,22177,5097,1245,5,3,6342,49454
Tarty2000,1,49402,25894,23508,2386,363,1,1,2749,49403
NapalmLubricant,3,49401,26730,22671,4059,432,3,1,4491,49402
hunterlaker,1,49358,25961,23397,2564,1976,1,0,4540,49358
Vettit,3,49322,26192,23130,3062,818,3,1,3880,49323
butterkup,4,49299,26163,23136,3027,830,3,3,3857,49302
PAlove,1,49196,25466,23730,1736,717,1,0,2453,49196
scoutu,2,49186,25739,23447,2292,807,2,2,3099,49188
Falldog,1,49173,26165,23008,3157,1448,1,0,4605,49173
matts41,1,49172,25623,23549,2074,603,1,0,2677,49172
np9385,1,49153,25660,23493,2167,346,1,1,2513,49154
pdowski,2,49143,25851,23292,2559,464,2,2,3023,49145
assblaster7,6,49131,26071,23060,3011,673,5,3,3684,49134
Phylundite,1,49119,25435,23684,1751,345,1,0,2096,49119
AsantiSanaSquashBana,4,49111,26060,23051,3009,769,2,4,3778,49115
C_Banks,8,49013,25605,23408,2197,351,4,4,2548,49017
heuristicus,1,48961,25902,23059,2843,351,1,0,3194,48961
ScumbagInc,1,48932,25373,23559,1814,1439,1,0,3253,48932
allenizabeth,7,48916,26542,22374,4168,1514,7,5,5682,48921
aidanf123,2,48841,25864,22977,2887,790,2,1,3677,48842
Darkblitz9,5,48838,26017,22821,3196,1179,3,2,4375,48840
whateverdottcom,1,48821,25906,22915,2991,1222,1,0,4213,48821
JoeSicbo,7,48767,27804,20963,6841,752,7,2,7593,48769
ngtstkr,10,48725,25963,22762,3201,693,10,10,3894,48735
esquirebob,1,48702,25261,23441,1820,708,1,0,2528,48702
JerrySun,3,48677,25376,23301,2075,739,3,2,2814,48679
theTVsaidso,6,48656,26929,21727,5202,1652,4,3,6854,48659
pielord3721,1,48657,24942,23715,1227,1051,1,0,2278,48657
beepROBOT,1,48654,25287,23367,1920,784,1,0,2704,48654
KhalaiLota,2,48643,25929,22714,3215,400,2,1,3615,48644
honkeytonkmonkey,1,48609,25916,22693,3223,493,1,0,3716,48609
dubplate,22,48522,28381,20141,8240,1199,16,18,9439,48540
madagascaralex,2,48522,25672,22850,2822,673,2,0,3495,48522
Double-decker_trams,7,48491,26488,22003,4485,1768,7,3,6253,48494
grimlock89,14,48347,25567,22780,2787,727,14,14,3514,48361
cecorrieri,3,48357,25036,23321,1715,591,3,3,2306,48360
aedriolo,5,48354,25393,22961,2432,833,5,4,3265,48358
ygho,1,48354,25709,22645,3064,595,1,0,3659,48354
dat_rhythm,1,48315,25455,22860,2595,713,1,0,3308,48315
RoachRage,2,48308,25131,23177,1954,452,2,1,2406,48309
Pattang,4,48261,25997,22264,3733,452,4,3,4185,48264
maggadagga,1,48201,24846,23355,1491,802,1,1,2293,48202
Dr_T_Sanchez,6,48160,27122,21038,6084,1736,4,2,7820,48162
TheSecretPigeon,1,48155,25090,23065,2025,915,0,1,2940,48156
runrummer,2,48140,25325,22815,2510,2048,2,2,4558,48142
dirkdiggler7678,25,48117,28127,19990,8137,786,23,22,8923,48139
BryanWake,12,48074,27133,20941,6192,772,12,12,6964,48086
kingspaz,9,48066,25483,22583,2900,577,6,7,3477,48073
ohhelloaleks,4,47910,26334,21576,4758,434,4,3,5192,47913
sabiland,2,47905,24949,22956,1993,483,2,1,2476,47906
Grenata,10,47893,25507,22386,3121,702,4,10,3823,47903
appslap,1,47864,24884,22980,1904,1222,1,0,3126,47864
adharasi,8,47792,25602,22190,3412,330,6,6,3742,47798
Leuke,1,47781,24927,22854,2073,775,0,1,2848,47782
humortogo,11,47765,26533,21232,5301,832,9,7,6133,47772
wharma-kore,7,47749,25871,21878,3993,721,7,6,4714,47755
costollie,4,47743,26103,21640,4463,1174,4,2,5637,47745
Chewie316,13,47709,27144,20565,6579,447,12,12,7026,47721
acousticmind,1,47694,24628,23066,1562,551,1,0,2113,47694
infamous11,1,47672,24657,23015,1642,337,0,1,1979,47673
tylercap,1,47666,24936,22730,2206,2809,1,0,5015,47666
austex_mike,9,47638,26600,21038,5562,2156,8,8,7718,47646
bretstar,13,47598,26714,20884,5830,2018,11,13,7848,47611
BitterBilly,16,47596,26159,21437,4722,866,16,9,5588,47605
Hamoham,7,47580,25612,21968,3644,599,7,6,4243,47586
skapkin,12,47564,26269,21295,4974,719,10,10,5693,47574
lionzion,18,47496,25880,21616,4264,918,18,15,5182,47511
mgcman40,6,47485,25766,21719,4047,676,6,5,4723,47490
gonnaflynow,6,47459,26301,21158,5143,418,6,4,5561,47463
hockeygoal43,6,47439,24572,22867,1705,625,6,5,2330,47444
Shortstack_FWPC,2,47402,24302,23100,1202,691,1,1,1893,47403
IAMBEINGLOUDD,11,47372,24960,22412,2548,584,10,11,3132,47383
mrtvamacka,5,47371,24443,22928,1515,670,3,5,2185,47376
metaethical,27,47342,26947,20395,6552,384,13,27,6936,47369
dareposta,22,47342,27365,19977,7388,1172,14,19,8560,47361
MyTrollYourTroll,2,47336,25231,22105,3126,387,2,1,3513,47337
Etiolated,3,47268,25268,22000,3268,502,2,0,3770,47268
OfOnAdventure,1,47220,24842,22378,2464,806,1,0,3270,47220
GeorgeWashinghton,1,47206,24845,22361,2484,732,1,0,3216,47206
Ajjjjjjjjjjjjjjjjjjj,1,47199,24676,22523,2153,710,1,0,2863,47199
DarthHD,11,47185,25691,21494,4197,565,11,9,4762,47194
fibes,1,47156,25186,21970,3216,1315,1,0,4531,47156
Bickfordbritt333,1,47116,24911,22205,2706,241,1,0,2947,47116
TheWalkingRepost,10,47040,25186,21854,3332,326,3,9,3658,47049
swaggamer420,10,46989,24786,22203,2583,490,3,8,3073,46997
AyoCudder,2,46987,25006,21981,3025,413,2,1,3438,46988
Mitkasbarone,1,46978,24490,22488,2002,625,1,1,2627,46979
livejamie,1,46954,24608,22346,2262,578,1,0,2840,46954
DYLKIL,2,46944,23790,23154,636,336,2,2,972,46946
Firengineer,1,46939,24640,22299,2341,881,1,0,3222,46939
citrustar,1,46902,24180,22722,1458,1264,1,1,2722,46903
zimelm,2,46888,24790,22098,2692,829,2,2,3521,46890
KungPowChicken,5,46883,25410,21473,3937,550,4,1,4487,46884
Toastbro,1,46870,24510,22360,2150,554,1,0,2704,46870
Awesome17,1,46864,25104,21760,3344,954,1,0,4298,46864
John_Norad,2,46862,25209,21653,3556,1531,2,0,5087,46862
ChrissyKat,1,46860,24369,22491,1878,651,1,0,2529,46860
madITguy,1,46791,24568,22223,2345,584,1,0,2929,46791
roper1,7,46778,24827,21951,2876,616,5,7,3492,46785
accioreddit,9,46734,25769,20965,4804,612,8,6,5416,46740
eatcrayons,3,46731,25663,21068,4595,626,2,1,5221,46732
H4rry,7,46685,24876,21809,3067,832,6,5,3899,46690
spiffy20,2,46686,24958,21728,3230,287,2,2,3517,46688
douche_ninja,3,46680,24487,22193,2294,808,2,1,3102,46681
Reavus,2,46612,24658,21954,2704,1581,2,0,4285,46612
Squirrel_Nuts,3,46585,24875,21710,3165,583,3,0,3748,46585
stoopidtrooper,2,46553,24922,21631,3291,936,2,2,4227,46555
vaitor,10,46526,25811,20715,5096,600,5,9,5696,46535
bsr123,1,46511,24236,22275,1961,1621,1,0,3582,46511
JJ0EE,1,46501,24700,21801,2899,629,1,0,3528,46501
duudass,7,46489,25487,21002,4485,660,6,6,5145,46495
OceanJuice,1,46451,24510,21941,2569,1301,1,0,3870,46451
petewud,8,46437,25448,20989,4459,797,6,8,5256,46445
thugmonkey,3,46372,25412,20960,4452,696,0,0,5148,46372
kyla5614,1,46370,24235,22135,2100,1085,1,1,3185,46371
pedobear_run_kids,4,46320,25417,20903,4514,313,2,4,4827,46324
Periplaneta,1,46249,24337,21912,2425,1510,1,0,3935,46249
mikedeezy22,2,46242,23977,22265,1712,1130,2,2,2842,46244
g0tistt0t,1,46167,24025,22142,1883,366,1,0,2249,46167
TryingToSucceed,1,46154,24224,21930,2294,550,1,1,2844,46155
gguerind,8,46138,26834,19304,7530,591,8,8,8121,46146
hms87,1,46077,23907,22170,1737,508,1,0,2245,46077
805unknown,1,46067,24112,21955,2157,307,1,0,2464,46067
zee-doctor,1,46067,23843,22224,1619,634,1,0,2253,46067
SSJwiggy,1,46062,24044,22018,2026,340,1,0,2366,46062
erjohnson1,1,46057,23718,22339,1379,472,1,1,1851,46058
NikoRobledo,4,46052,24707,21345,3362,572,4,4,3934,46056
russianpunkin,2,46051,24674,21377,3297,979,2,1,4276,46052
Aschebescher,29,46015,28965,17050,11915,1293,20,20,13208,46035
jgoodma3,1,46032,24319,21713,2606,732,1,0,3338,46032
neelshiv,2,45999,25242,20757,4485,1634,1,0,6119,45999
craigyboy2601,1,45979,23738,22241,1497,578,1,0,2075,45979
Noob_Medic,2,45976,24175,21801,2374,383,1,2,2757,45978
kidbopper,3,45974,23902,22072,1830,530,3,3,2360,45977
Silkoon,9,45929,24102,21827,2275,547,4,7,2822,45936
RileyCola,1,45907,23942,21965,1977,703,1,1,2680,45908
yogthos,2,45888,24039,21849,2190,795,2,1,2985,45889
GarrettSucks,2,45801,24514,21287,3227,555,2,1,3782,45802
jkeezay,2,45801,23826,21975,1851,183,2,1,2034,45802
Hingir,1,45785,23882,21903,1979,1655,1,1,3634,45786
shelly_11,5,45779,25139,20640,4499,515,5,4,5014,45783
williss_,2,45771,24271,21500,2771,328,2,2,3099,45773
williamstownburg,1,45726,23886,21840,2046,470,1,0,2516,45726
feureau,42,45677,27729,17948,9781,1168,32,25,10949,45702
thedude213,4,45622,24217,21405,2812,595,4,2,3407,45624
bomber96,23,45579,25115,20464,4651,596,12,22,5247,45601
axel_thatcher,1,45589,24331,21258,3073,1242,1,0,4315,45589
iliketurtles2795,5,45554,24947,20607,4340,641,4,3,4981,45557
domotaguinod,3,45551,24232,21319,2913,639,3,3,3552,45554
fightingcrime,1,45554,23648,21906,1742,240,1,0,1982,45554
adscott1982,1,45455,23546,21909,1637,316,1,0,1953,45455
trpcicj,1,45442,23465,21977,1488,1343,1,0,2831,45442
Winkie1,5,45308,24270,21038,3232,279,4,5,3511,45313
ParryPlatypus,7,45226,24520,20706,3814,601,7,6,4415,45232
MajorEcon,2,45216,23489,21727,1762,511,2,2,2273,45218
themisc,16,45194,25064,20130,4934,597,14,11,5531,45205
MarineR3con,10,45179,23954,21225,2729,2692,3,6,5421,45185
thegooseman,2,45106,23568,21538,2030,729,2,2,2759,45108
LovededYouPiggy,1,45108,23438,21670,1768,648,1,0,2416,45108
humphrey244,1,45098,23742,21356,2386,843,1,0,3229,45098
jay_hubs,1,45085,23780,21305,2475,594,1,0,3069,45085
VonRaf,3,45080,23633,21447,2186,613,2,3,2799,45083
KaSSl0,1,44965,23690,21275,2415,860,1,0,3275,44965
RockasaurusRex,3,44887,23897,20990,2907,679,2,2,3586,44889
violentacrez,37,44805,26547,18258,8289,1589,34,25,9878,44830
brody_420,3,44801,23374,21427,1947,541,3,2,2488,44803
formerteenager,2,44741,23468,21273,2195,277,1,0,2472,44741
dickscraper,1,44717,23318,21399,1919,2837,1,0,4756,44717
finBrit,1,44647,22917,21730,1187,362,1,0,1549,44647
bset,7,44595,24179,20416,3763,769,7,5,4532,44600
TreLeans,2,44544,23622,20922,2700,752,1,2,3452,44546
syuk,10,44525,25547,18978,6569,768,9,5,7337,44530
nogswarth,3,44523,23814,20709,3105,730,3,2,3835,44525
teh_best_speller,10,44516,23624,20892,2732,835,5,9,3567,44525
WastingMyYouthHere,1,44455,22983,21472,1511,2174,1,1,3685,44456
cloaked_rhombus,1,44454,23332,21122,2210,491,1,1,2701,44455
Auskie,2,44448,24891,19557,5334,716,1,0,6050,44448
oneder,1,44433,23559,20874,2685,1060,1,0,3745,44433
DanM_Ro,6,44411,24840,19571,5269,951,6,4,6220,44415
AlyoshaV,5,44412,24557,19855,4702,1209,4,2,5911,44414
TazerSquid,10,44375,24754,19621,5133,1081,10,7,6214,44382
thatshitischurchyo,3,44354,23712,20642,3070,207,1,3,3277,44357
Glibhat,1,44353,23384,20969,2415,707,1,1,3122,44354
SolInvictus,10,44330,23842,20488,3354,1464,10,4,4818,44334
chilling_jawnt,7,44326,24702,19624,5078,511,5,6,5589,44332
buswork,1,44303,23160,21143,2017,579,1,0,2596,44303
juurastaja,1,44295,23156,21139,2017,304,1,0,2321,44295
Dizfunky,1,44152,23028,21124,1904,681,1,1,2585,44153
dizzyike89,1,44143,22941,21202,1739,735,1,1,2474,44144
feedmegrapes,18,44117,24988,19129,5859,1164,16,16,7023,44133
talk_show_hostess,1,44118,23266,20852,2414,356,1,0,2770,44118
Mindlag42,1,44096,23228,20868,2360,287,1,0,2647,44096
EnjoyMyDownvote,24,44069,24007,20062,3945,520,15,21,4465,44090
J1P3A,1,44081,22928,21153,1775,1065,1,1,2840,44082
kira10,4,44074,23747,20327,3420,529,4,3,3949,44077
oreodude92,1,44071,24841,19230,5611,406,1,0,6017,44071
fnord-prefect,8,44059,24732,19327,5405,526,7,6,5931,44065
boredlike,17,43997,23921,20076,3845,293,13,13,4138,44010
MrDoood,1,43995,23141,20854,2287,673,1,1,2960,43996
woodcockcock,1,43993,23554,20439,3115,953,1,0,4068,43993
Reconical,3,43982,23694,20288,3406,304,2,2,3710,43984
MPair-E,5,43962,25095,18867,6228,1122,2,4,7350,43966
biurb,23,43946,32398,11548,20850,945,15,13,21795,43959
MathJammer,3,43909,23358,20551,2807,367,3,3,3174,43912
CraigyFakeFake,6,43905,23204,20701,2503,1241,6,6,3744,43911
Txe,9,43856,25191,18665,6526,536,8,7,7062,43863
mangohedgehog,1,43858,22927,20931,1996,1588,1,0,3584,43858
nehnis88,1,43846,22714,21132,1582,1780,1,0,3362,43846
DiscoStJohn,1,43788,23275,20513,2762,3793,1,0,6555,43788
Thecrazyman96,2,43749,23566,20183,3383,415,1,0,3798,43749
bobbybusche,10,43734,24529,19205,5324,1034,10,6,6358,43740
pa123or,1,43714,23314,20400,2914,247,0,1,3161,43715
cluelessbox,1,43694,22890,20804,2086,424,1,1,2510,43695
louiebaur,19,43658,25335,18323,7012,630,18,9,7642,43667
caraficionado24,6,43637,23790,19847,3943,894,5,4,4837,43641
kieferbutt,4,43631,23930,19701,4229,739,4,2,4968,43633
cheesemaster4lyfe,5,43629,22450,21179,1271,394,1,4,1665,43633
rajugurusamy,11,43619,24012,19607,4405,420,9,9,4825,43628
MattG7790,3,43625,22607,21018,1589,1043,2,2,2632,43627
philly311,1,43621,23034,20587,2447,1139,1,0,3586,43621
pricklypete,2,43605,22673,20932,1741,893,2,1,2634,43606
OhGodAli,7,43592,23176,20416,2760,468,6,7,3228,43599
farewelltokings2,8,43561,25549,18012,7537,1478,5,8,9015,43569
SeargantSarcastic,12,43542,23643,19899,3744,335,9,11,4079,43553
resalles,3,43542,23772,19770,4002,915,3,1,4917,43543
EndreRexKiss,2,43539,22641,20898,1743,1900,2,1,3643,43540
ButteredPastry,16,43518,24738,18780,5958,734,14,15,6692,43533
hamtoucher,1,43499,22660,20839,1821,296,1,0,2117,43499
dudewithpants,3,43490,24690,18800,5890,1732,3,0,7622,43490
axloc,2,43459,22419,21040,1379,1385,2,1,2764,43460
EmotionalMillionaire,3,43429,23116,20313,2803,519,3,1,3322,43430
Goldennukes,11,43408,23653,19755,3898,408,5,11,4306,43419
RandomChurchBoner,8,43362,23496,19866,3630,441,8,8,4071,43370
CleverPhil,1,43340,22277,21063,1214,348,1,0,1562,43340
lulalai,1,43292,23316,19976,3340,793,1,0,4133,43292
massarogi,1,43282,23246,20036,3210,1902,1,0,5112,43282
cyanohydrin,1,43269,22728,20541,2187,940,1,0,3127,43269
urbinsanity,3,43255,22962,20293,2669,564,3,2,3233,43257
six6six4kids,6,43236,23784,19452,4332,776,2,5,5108,43241
mushroomwig,6,43207,23705,19502,4203,564,4,5,4767,43212
SirJiggart,14,43177,24321,18856,5465,852,10,12,6317,43189
vindeezy,1,43135,22710,20425,2285,818,1,0,3103,43135
Coo_hip,2,43082,23323,19759,3564,2073,2,2,5637,43084
Woolbull,7,43055,25726,17329,8397,611,5,7,9008,43062
raraparooza,2,43050,23111,19939,3172,638,2,1,3810,43051
Reistall,1,43033,22293,20740,1553,1922,1,0,3475,43033
ilikefacts,1,43023,22426,20597,1829,1804,0,1,3633,43024
snowy247,2,42994,22552,20442,2110,379,2,1,2489,42995
tophergz,3,42928,22684,20244,2440,421,2,2,2861,42930
CaptainMorton,2,42915,22064,20851,1213,426,2,2,1639,42917
EL337,4,42901,23381,19520,3861,472,3,4,4333,42905
PromaneX,4,42893,22532,20361,2171,694,3,4,2865,42897
brom333,9,42819,23452,19367,4085,344,7,7,4429,42826
spandeflex,3,42790,23162,19628,3534,451,3,3,3985,42793
Rosetti,7,42785,23165,19620,3545,1435,6,5,4980,42790
Strike_Gently,19,42769,24158,18611,5547,605,18,16,6152,42785
Moomasterq,1,42785,22672,20113,2559,1185,1,0,3744,42785
TooDrunkToTalk,3,42767,23347,19420,3927,289,2,1,4216,42768
saturns_ring_tone,1,42754,22299,20455,1844,801,1,0,2645,42754
dawsonscreekrox,2,42734,22146,20588,1558,778,2,2,2336,42736
pamcgoo,1,42717,21908,20809,1099,441,1,0,1540,42717
BaruchBay,2,42711,22268,20443,1825,887,2,1,2712,42712
Ayjlm,7,42703,24245,18458,5787,448,7,5,6235,42708
ThraShErDDoS,4,42667,22521,20146,2375,1026,4,4,3401,42671
ledhead17,3,42646,22231,20415,1816,603,3,3,2419,42649
tritanVp,1,42644,22384,20260,2124,866,1,0,2990,42644
neonwhite12,1,42583,22272,20311,1961,171,1,1,2132,42584
c0Re69,1,42527,22008,20519,1489,269,1,1,1758,42528
Mapes,13,42460,26071,16389,9682,659,13,12,10341,42472
Elqueso,2,42447,22409,20038,2371,777,2,1,3148,42448
Shippolo,1,42422,21965,20457,1508,952,1,1,2460,42423
snuffl3s,8,42417,23789,18628,5161,435,6,4,5596,42421
Orbitron,4,42351,23172,19179,3993,576,3,1,4569,42352
Spirit_and_Seoul,4,42315,21953,20362,1591,408,1,4,1999,42319
KordellStewart,1,42259,22332,19927,2405,745,1,1,3150,42260
blueonred,1,42209,21838,20371,1467,559,1,0,2026,42209
brmmm,9,42183,23505,18678,4827,422,7,8,5249,42191
plasticmouse,4,42157,22916,19241,3675,1956,4,2,5631,42159
typewritermonkey,1,42139,22177,19962,2215,421,0,0,2636,42139
LouF---ingGrant,1,42122,22556,19566,2990,563,0,0,3553,42122
Icarus451,9,42088,24015,18073,5942,528,5,7,6470,42095
TyBoogie,1,42095,22305,19790,2515,2938,1,0,5453,42095
Joseph445,1,42094,22096,19998,2098,919,1,0,3017,42094
SamWilber,3,42082,22130,19952,2178,219,2,0,2397,42082
Lunchable_,12,42053,22889,19164,3725,707,7,11,4432,42064
CasualPumpkins,3,42023,22220,19803,2417,882,3,3,3299,42026
ElderCunningham,19,41986,23826,18160,5666,374,10,14,6040,42000
jollyo55,1,41969,21923,20046,1877,1828,1,0,3705,41969
Claseik,1,41948,21909,20039,1870,388,1,0,2258,41948
Vuhman,1,41924,22335,19589,2746,1199,1,0,3945,41924
Stazman93,6,41900,22972,18928,4044,638,6,5,4682,41905
shatbrix,2,41904,22278,19626,2652,636,2,0,3288,41904
awood785,4,41843,22985,18858,4127,292,2,2,4419,41845
blemay417,1,41823,21725,20098,1627,912,1,0,2539,41823
pimpofpixels,1,41812,21860,19952,1908,524,1,0,2432,41812
gyropyro,1,41806,21885,19921,1964,634,1,0,2598,41806
Woofington,1,41796,22187,19609,2578,678,1,0,3256,41796
tenhotuisku,3,41789,22642,19147,3495,826,3,0,4321,41789
carmichael561,3,41769,22597,19172,3425,534,2,2,3959,41771
dizzymisslizzi,1,41769,21993,19776,2217,328,1,0,2545,41769
ronsfuckingwanson,2,41744,22110,19634,2476,599,2,1,3075,41745
peterp4nda,5,41736,22848,18888,3960,397,4,5,4357,41741
nadira320,2,41730,22266,19464,2802,297,1,0,3099,41730
Lt_Shniz,6,41718,23597,18121,5476,470,6,4,5946,41722
XTC-FTW,2,41715,21939,19776,2163,982,2,2,3145,41717
Enigmaenigmas,4,41694,21993,19701,2292,667,3,2,2959,41696
druthers25,6,41689,22325,19364,2961,438,4,5,3399,41694
_youngdeezy_,9,41676,22879,18797,4082,485,9,7,4567,41683
tofupanzer,1,41655,21945,19710,2235,619,1,0,2854,41655
Aardvarksoup,7,41604,22979,18625,4354,444,5,6,4798,41610
YoungTomato,5,41492,21330,20162,1168,1233,4,4,2401,41496
nonchalantpedestal,1,41481,21941,19540,2401,565,1,0,2966,41481
WoopAhhh,12,41467,23688,17779,5909,434,9,9,6343,41476
iamdehf,2,41454,22174,19280,2894,661,2,1,3555,41455
Livinglife91,1,41427,22037,19390,2647,494,1,1,3141,41428
rg5309,2,41422,21633,19789,1844,188,2,1,2032,41423
XCygon,16,41404,23238,18166,5072,1416,15,10,6488,41414
cloacamassima,3,41386,22214,19172,3042,845,3,1,3887,41387
MisterSquirrel,12,41361,23098,18263,4835,576,10,12,5411,41373
Forthewolfx,4,41347,22332,19015,3317,935,4,1,4252,41348
Jabzorz,2,41339,22162,19177,2985,930,2,0,3915,41339
pooponagoose,1,41323,21972,19351,2621,431,1,0,3052,41323
ShipTarot,2,41312,21704,19608,2096,526,2,2,2622,41314
swaggot,1,41255,21332,19923,1409,1078,1,1,2487,41256
musicmusicmusic14,2,41254,21420,19834,1586,290,1,1,1876,41255
McCrazyMax,3,41149,22133,19016,3117,1286,3,2,4403,41151
PrinceWilliam13,2,41140,21494,19646,1848,219,2,1,2067,41141
blondie17,1,41138,21329,19809,1520,1973,1,0,3493,41138
Sacred_Geometry,1,41119,21599,19520,2079,524,1,0,2603,41119
Feenominal,28,41020,23087,17933,5154,355,15,25,5509,41045
tweek17,1,41025,21711,19314,2397,1464,1,0,3861,41025
fanifan,1,41019,21515,19504,2011,1245,1,1,3256,41020
fatherwhite,1,41001,21797,19204,2593,736,1,0,3329,41001
TheDaftPunk,1,40991,21452,19539,1913,470,1,1,2383,40992
waterbuffalo69,3,40961,21716,19245,2471,693,3,2,3164,40963
Canone743,2,40938,21775,19163,2612,261,2,2,2873,40940
peacecake,5,40891,22395,18496,3899,346,4,4,4245,40895
lukemcr,1,40851,21709,19142,2567,2165,1,0,4732,40851
shrugalicious,10,40840,22672,18168,4504,436,9,7,4940,40847
uzi1080,1,40800,21323,19477,1846,295,1,0,2141,40800
vv0lf,2,40767,21943,18824,3119,293,1,1,3412,40768
Ryno3639,8,40745,23173,17572,5601,509,8,6,6110,40751
ehudros,7,40742,21869,18873,2996,351,7,5,3347,40747
MrMiner420,1,40738,21179,19559,1620,389,1,1,2009,40739
upvotetherepost,4,40733,21341,19392,1949,608,2,3,2557,40736
Ridikulus,7,40725,22127,18598,3529,964,7,7,4493,40732
I_RAPE_CATS,39,40671,25186,15485,9701,1029,37,21,10730,40692
Travv,1,40668,21510,19158,2352,326,1,0,2678,40668
hehe_OK,1,40621,21374,19247,2127,295,1,0,2422,40621
GreedGho,1,40616,21271,19345,1926,398,1,1,2324,40617
Gengar11,8,40584,23307,17277,6030,747,4,6,6777,40590
StellaMaroo,4,40531,22492,18039,4453,902,4,3,5355,40534
jerekdeter626,2,40511,21696,18815,2881,443,2,1,3324,40512
VinnyMB25,1,40467,21427,19040,2387,530,1,1,2917,40468
Faneste123,11,40445,22856,17589,5267,476,11,6,5743,40451
sarahkelleher,1,40435,21460,18975,2485,757,1,0,3242,40435
Fransbauer,7,40417,22007,18410,3597,1144,6,2,4741,40419
pwnyoudedinface,10,40411,21753,18658,3095,1126,10,8,4221,40419
TheSilverFalcon,8,40407,22985,17422,5563,363,5,8,5926,40415
SlyNeko,3,40392,21483,18909,2574,437,3,2,3011,40394
madagent,5,40305,21631,18674,2957,842,3,5,3799,40310
iamablackbeltman,1,40303,21165,19138,2027,678,1,1,2705,40304
-iRegretNothing-,17,40282,22809,17473,5336,679,16,8,6015,40290
why_dont_u,10,40243,22226,18017,4209,565,7,8,4774,40251
cyrilio,1,40238,20885,19353,1532,720,1,1,2252,40239
Rainymood_XI,7,40147,21771,18376,3395,1005,6,6,4400,40153
stephanop0lis,5,40140,21837,18303,3534,1018,3,5,4552,40145
QWERTYMurdoc,1,40113,20704,19409,1295,1622,1,0,2917,40113
kindofabigdeal92,1,40082,21314,18768,2546,742,1,0,3288,40082
SpackDaddy,1,40070,21140,18930,2210,507,1,0,2717,40070
doctor_robocop,1,40068,21119,18949,2170,707,1,0,2877,40068
sexydeathtime,6,40023,21001,19022,1979,2132,5,5,4111,40028
Pointy130,3,40010,21824,18186,3638,810,3,3,4448,40013
ref5022,2,40009,21272,18737,2535,260,2,1,2795,40010
Crazy_Daisy25,1,39973,21476,18497,2979,568,1,1,3547,39974
cherrycoke45,1,39967,21081,18886,2195,285,0,1,2480,39968
Aducky,1,39947,21266,18681,2585,913,1,0,3498,39947
kpdunphy,8,39939,22325,17614,4711,441,8,6,5152,39945
ThrobbingWetHole,2,39932,21661,18271,3390,522,2,0,3912,39932
mike95242,32,39859,23535,16324,7211,754,26,30,7965,39889
givemeweedandmoney,6,39877,21400,18477,2923,229,6,6,3152,39883
Devout,3,39842,21273,18569,2704,980,3,2,3684,39844
SOXERX,1,39831,20668,19163,1505,456,1,1,1961,39832
Irisery,1,39830,20971,18859,2112,556,1,0,2668,39830
LXZY,3,39809,21439,18370,3069,873,3,3,3942,39812
Jordman2,3,39767,21540,18227,3313,348,2,2,3661,39769
1r0n1c,2,39768,21026,18742,2284,206,2,1,2490,39769
TistheSEASON,3,39756,21356,18400,2956,461,3,2,3417,39758
samwhich,5,39733,21405,18328,3077,379,5,3,3456,39736
Silverwave2,23,39696,21961,17735,4226,936,22,20,5162,39716
NorthernGrim,6,39701,21656,18045,3611,512,5,6,4123,39707
igloo27,2,39697,20817,18880,1937,883,1,1,2820,39698
Eclipsado,3,39609,21511,18098,3413,653,3,2,4066,39611
winged_victory,5,39590,20745,18845,1900,1175,5,4,3075,39594
involvingeveryone,1,39592,20756,18836,1920,321,1,1,2241,39593
grayaus,3,39575,21001,18574,2427,756,3,2,3183,39577
INGWR,7,39572,21336,18236,3100,369,6,3,3469,39575
ApocalypticDildos,1,39550,20619,18931,1688,1034,1,1,2722,39551
i_fart_loudly,1,39491,20539,18952,1587,352,1,0,1939,39491
Chibbs00,7,39468,21832,17636,4196,218,3,7,4414,39475
zseg56,2,39466,20974,18492,2482,561,1,2,3043,39468
caputero,1,39411,20872,18539,2333,879,1,0,3212,39411
killattention,2,39407,21672,17735,3937,164,2,0,4101,39407
syn7,1,39387,20923,18464,2459,725,1,0,3184,39387
ronaldo77,2,39348,21182,18166,3016,171,2,1,3187,39349
minutman,12,39314,22332,16982,5350,370,6,12,5720,39326
sodoubleoggood,5,39321,22138,17183,4955,201,5,4,5156,39325
LostInEngland,3,39313,20295,19018,1277,254,2,3,1531,39316
setialpha5,2,39307,20989,18318,2671,345,2,1,3016,39308
DouglasYancyFunnie,1,39308,20328,18980,1348,1063,1,0,2411,39308
blizzbaby212,3,39294,21164,18130,3034,357,2,2,3391,39296
JMaboard,12,39255,26092,13163,12929,883,8,8,13812,39263
Pitmonkey,3,39189,20854,18335,2519,1453,3,2,3972,39191
Himmelreich,3,39177,21287,17890,3397,1326,2,2,4723,39179
deniseselfridge,2,39164,20246,18918,1328,664,1,1,1992,39165
ktmengr,1,39153,20795,18358,2437,315,1,0,2752,39153
zoodiary8,6,39126,22950,16176,6774,484,4,5,7258,39131
3210atown,6,39105,21252,17853,3399,516,5,5,3915,39110
mattfoundglory,2,39101,20098,19003,1095,590,2,1,1685,39102
mossikan,1,39071,20915,18156,2759,1045,1,0,3804,39071
beavis420,1,39026,20123,18903,1220,571,1,1,1791,39027
rewnskeyp,5,38985,20553,18432,2121,438,3,5,2559,38990
PyroRedragon20,6,38972,20265,18707,1558,240,6,5,1798,38977
Spicy1,1,38919,20833,18086,2747,990,1,0,3737,38919
quappucinno,7,38913,20951,17962,2989,598,3,5,3587,38918
Merl-i,5,38904,21185,17719,3466,573,3,5,4039,38909
TheUnforgivenII,7,38896,21524,17372,4152,257,7,6,4409,38902
LSN_,1,38895,20446,18449,1997,413,1,1,2410,38896
cgrav100,1,38885,20219,18666,1553,302,1,0,1855,38885
hopkinz,8,38764,22607,16157,6450,648,7,7,7098,38771
topsey_kretts,3,38758,20353,18405,1948,824,3,1,2772,38759
wtf_idontknow,6,38745,21295,17450,3845,566,5,6,4411,38751
rujk,1,38715,20359,18356,2003,630,1,1,2633,38716
Gun_Jack,1,38687,20181,18506,1675,426,1,1,2101,38688
Jorgeen,5,38661,20605,18056,2549,496,4,3,3045,38664
HoHoNOPE,6,38625,21167,17458,3709,1170,5,5,4879,38630
blackpix,6,38616,20904,17712,3192,4252,6,4,7444,38620
KevlarYarmulke,6,38591,21374,17217,4157,491,5,6,4648,38597
seriouslyawesome,1,38597,20297,18300,1997,923,1,0,2920,38597
f4lconpunch,3,38578,21045,17533,3512,595,3,1,4107,38579
Galvion,3,38498,19835,18663,1172,1001,3,3,2173,38501
fantasyw0rld,3,38494,21010,17484,3526,385,3,1,3911,38495
Julio3094,5,38454,20803,17651,3152,499,5,3,3651,38457
jspsfx,5,38441,21859,16582,5277,497,4,3,5774,38444
orionxx,17,38427,22142,16285,5857,487,16,13,6344,38440
Coopster80,5,38417,20081,18336,1745,182,2,4,1927,38421
chiburaska,13,38403,22256,16147,6109,636,10,13,6745,38416
YungLil,7,38373,20482,17891,2591,766,7,2,3357,38375
A_Seabear,7,38335,20946,17389,3557,653,7,5,4210,38340
pajam,5,38296,20224,18072,2152,409,5,4,2561,38300
DuckDragon,13,38261,21201,17060,4141,283,13,12,4424,38273
chainmailws6,2,38250,20289,17961,2328,610,2,1,2938,38251
knifeparti,1,38231,20241,17990,2251,723,1,0,2974,38231
unsurebutwilling,2,38221,20521,17700,2821,900,2,2,3721,38223
iTz_Chanch,6,38170,20473,17697,2776,287,6,6,3063,38176
Lucidentropy,2,38170,20173,17997,2176,204,2,1,2380,38171
sb95500,7,38161,20715,17446,3269,264,6,6,3533,38167
ddplz,12,38151,21138,17013,4125,554,8,12,4679,38163
RevWaldo,3,38118,20459,17659,2800,579,3,2,3379,38120
Lurid138,1,38104,19824,18280,1544,677,1,1,2221,38105
GuitarFreak027,4,38087,20616,17471,3145,657,3,2,3802,38089
tu-BROOKE-ulosis,1,38059,19997,18062,1935,1083,1,0,3018,38059
DeadliestSin,1,38050,19859,18191,1668,298,1,0,1966,38050
Phaint,3,38028,19751,18277,1474,724,2,2,2198,38030
xgoggsx,3,38019,20121,17898,2223,411,2,1,2634,38020
studioidefix,1,38018,20300,17718,2582,765,1,0,3347,38018
ieatstickers,4,37996,21195,16801,4394,772,4,1,5166,37997
DeSaad,1,37987,19711,18276,1435,3347,1,0,4782,37987
OsbyTexas,1,37983,20161,17822,2339,657,1,0,2996,37983
jazloc,2,37981,19492,18489,1003,898,2,2,1901,37983
rhokad,1,37953,19578,18375,1203,349,1,1,1552,37954
kforte318,4,37945,20103,17842,2261,508,3,4,2769,37949
superevie,3,37882,20445,17437,3008,1412,3,1,4420,37883
imtheonlyonehere,13,37861,21099,16762,4337,880,10,11,5217,37872
kleptobismol,24,37821,21624,16197,5427,488,21,21,5915,37842
sirejustin,6,37807,20097,17710,2387,1177,6,6,3564,37813
brett6781,18,37790,21302,16488,4814,665,8,18,5479,37808
ohmyemgee,1,37801,19799,18002,1797,633,1,1,2430,37802
fiveandcounting,4,37776,19846,17930,1916,999,4,3,2915,37779
bjbyrne,5,37773,20788,16985,3803,365,4,3,4168,37776
noYOLO,1,37756,19798,17958,1840,2169,1,0,4009,37756
skepticaljesus,11,37718,21323,16395,4928,351,10,6,5279,37724
watcher_of_the_skies,4,37688,21011,16677,4334,632,4,4,4966,37692
PlayFair,28,37585,21972,15613,6359,486,23,25,6845,37610
MisterQuiver,6,37592,20606,16986,3620,687,5,5,4307,37597
angusrocker22,4,37578,20223,17355,2868,1076,4,4,3944,37582
lazyink,5,37562,19778,17784,1994,852,2,4,2846,37566
slarson802,1,37558,19468,18090,1378,1556,1,0,2934,37558
kerelberel,1,37551,19972,17579,2393,280,1,0,2673,37551
Nateomc,2,37539,19717,17822,1895,737,2,2,2632,37541
Gehalgod,1,37541,19742,17799,1943,503,1,0,2446,37541
theropod,3,37536,20542,16994,3548,542,3,2,4090,37538
amishbeetfarmer,4,37531,19884,17647,2237,561,4,3,2798,37534
broarmy,4,37523,20045,17478,2567,549,4,3,3116,37526
temptingtime,2,37518,19975,17543,2432,761,2,2,3193,37520
notsafeforviewing,14,37472,20601,16871,3730,624,11,12,4354,37484
SlightlyAmbiguous,3,37462,20528,16934,3594,587,2,2,4181,37464
JustAShimmyShake,1,37461,19582,17879,1703,334,1,0,2037,37461
caca__milis,1,37436,19260,18176,1084,485,0,1,1569,37437
Unknown2002,6,37407,19956,17451,2505,444,6,4,2949,37411
solidfox535,2,37383,19525,17858,1667,766,1,2,2433,37385
afbwelter,3,37381,19902,17479,2423,273,3,3,2696,37384
dr_rocker_md,1,37374,19911,17463,2448,349,1,0,2797,37374
quitefunny,5,37353,20663,16690,3973,768,5,3,4741,37356
GashcatUnpunished,7,37310,21021,16289,4732,765,6,6,5497,37316
aceypoo,2,37276,20026,17250,2776,535,2,1,3311,37277
pablofp92,1,37256,19485,17771,1714,418,1,0,2132,37256
Mike_Mercury,1,37253,19687,17566,2121,2044,1,1,4165,37254
Titcow,5,37249,21271,15978,5293,412,5,4,5705,37253
juancamdingo,3,37249,20428,16821,3607,296,2,1,3903,37250
nayson9,2,37237,19509,17728,1781,215,1,0,1996,37237
housewives4satan,4,37212,20271,16941,3330,1048,4,3,4378,37215
ArcticSpaceman,1,37188,19781,17407,2374,606,1,0,2980,37188
NiceDay4ASulk,1,37180,19792,17388,2404,598,1,0,3002,37180
suprhro,10,37149,20976,16173,4803,447,10,9,5250,37158
charrington173,9,37143,20576,16567,4009,850,6,8,4859,37151
BaldEagle1989,10,37104,21107,15997,5110,402,4,10,5512,37114
jimmycobwell,5,37098,19937,17161,2776,486,5,4,3262,37102
joabez,2,37070,19363,17707,1656,275,1,1,1931,37071
stovey12,1,37014,19352,17662,1690,1180,1,1,2870,37015
danpopo,5,36958,20057,16901,3156,578,4,2,3734,36960
real_nice_guy,9,36941,21181,15760,5421,512,7,5,5933,36946
LaughsTwice,1,36945,19399,17546,1853,1200,1,1,3053,36946
The_Octopode,3,36938,20490,16448,4042,464,1,0,4506,36938
Fistopher_Robbin,1,36934,19434,17500,1934,569,1,0,2503,36934
jamesinVT,1,36915,19704,17211,2493,888,1,1,3381,36916
Nolanus,4,36894,20096,16798,3298,176,3,4,3474,36898
IDGAFOS,3,36861,19145,17716,1429,431,1,3,1860,36864
ckingdom,2,36844,19721,17123,2598,479,2,0,3077,36844
tarheel295,9,36826,21042,15784,5258,511,5,8,5769,36834
Nikebrad,4,36827,19189,17638,1551,283,3,3,1834,36830
I_REPOSTED_THIS,7,36810,20021,16789,3232,360,6,7,3592,36817
thoughtsy,1,36810,19278,17532,1746,1299,1,1,3045,36811
dementiapatient567,1,36793,19316,17477,1839,808,1,1,2647,36794
nicholmikey,12,36758,20351,16407,3944,1487,11,11,5431,36769
AtomicTacoCanada,8,36739,20930,15809,5121,421,7,6,5542,36745
BlueSwamp,3,36731,19055,17676,1379,1722,3,1,3101,36732
famousright,6,36697,20192,16505,3687,413,6,5,4100,36702
Crawlerado,6,36680,19524,17156,2368,402,4,6,2770,36686
cracklinoatbran,1,36686,19372,17314,2058,291,1,0,2349,36686
woflcopter,2,36684,19150,17534,1616,273,2,1,1889,36685
thugl1fe,1,36669,19597,17072,2525,2270,1,0,4795,36669
36009955,7,36659,19728,16931,2797,900,5,7,3697,36666
nicksnare,4,36654,19824,16830,2994,1464,4,3,4458,36657
Rainbow_Bacon,8,36648,19543,17105,2438,267,6,8,2705,36656
MaconItHappen,1,36632,19432,17200,2232,352,0,1,2584,36633
uJellie,1,36630,19179,17451,1728,437,1,1,2165,36631
CensoryDeprivation,1,36629,19388,17241,2147,1126,1,0,3273,36629
flizz,1,36619,19213,17406,1807,933,1,0,2740,36619
Triffer93,5,36593,19697,16896,2801,569,4,5,3370,36598
Whiskeybent341,2,36591,19691,16900,2791,989,2,0,3780,36591
Shayde098,4,36564,19780,16784,2996,576,4,2,3572,36566
bryce901,2,36517,19525,16992,2533,293,2,1,2826,36518
nonscience,1,36479,19504,16975,2529,717,1,0,3246,36479
Wepp,1,36478,19175,17303,1872,140,1,1,2012,36479
sdvaletones,43,36440,22659,13781,8878,624,22,38,9502,36478
RancidRabbit,2,36463,19305,17158,2147,380,2,1,2527,36464
BHNCBORDER,1,36460,19014,17446,1568,1330,1,0,2898,36460
TareXmd,2,36415,19038,17377,1661,472,2,1,2133,36416
tillwalley,12,36386,21465,14921,6544,925,10,5,7469,36391
ThisPapaBear,1,36381,19135,17246,1889,370,1,0,2259,36381
kenjihno,6,36354,19585,16769,2816,571,6,5,3387,36359
hereyagoman,1,36358,19194,17164,2030,650,1,0,2680,36358
BryanBeast13,3,36296,19585,16711,2874,730,2,2,3604,36298
spacemane,1,36259,18989,17270,1719,913,1,0,2632,36259
HiFructoseCornFeces,17,36226,24739,11487,13252,2191,16,15,15443,36241
c0pe,1,36232,18999,17233,1766,364,1,0,2130,36232
ebilgenius,6,36228,19104,17124,1980,635,6,3,2615,36231
stevieracine,2,36221,20179,16042,4137,748,2,1,4885,36222
Itbelongsinamuseum,1,36214,19378,16836,2542,1455,1,0,3997,36214
StartCase,2,36208,19037,17171,1866,156,2,2,2022,36210
ios_k,22,36178,21350,14828,6522,1214,21,20,7736,36198
ripples2288,6,36180,20219,15961,4258,876,5,5,5134,36185
brumbrum21,4,36179,19053,17126,1927,595,4,2,2522,36181
seanfoulkes,2,36153,19473,16680,2793,1052,2,2,3845,36155
IRepostYourShit,4,36144,19625,16519,3106,444,4,3,3550,36147
thats_so_rapist,2,36120,18932,17188,1744,1350,1,1,3094,36121
NemisisX31,8,36022,19591,16431,3160,332,5,7,3492,36029
DomoKunMD,7,36016,19886,16130,3756,637,7,5,4393,36021
eginnard,3,35965,18890,17075,1815,735,3,3,2550,35968
RavageJ,2,35945,18975,16970,2005,2231,2,1,4236,35946
Unidan,14,35874,21227,14647,6580,491,13,13,7071,35887
TheFavorite,1,35862,18663,17199,1464,437,1,1,1901,35863
P10_WRC,3,35839,19467,16372,3095,1028,3,1,4123,35840
bamse2009,5,35834,19828,16006,3822,322,4,4,4144,35838
Xylense,4,35801,18770,17031,1739,844,2,4,2583,35805
padreick,1,35774,18631,17143,1488,1160,1,0,2648,35774
SlyScorpion,3,35745,19172,16573,2599,781,3,1,3380,35746
TheMortifyd,3,35722,18829,16893,1936,479,3,3,2415,35725
shadow68,1,35712,18434,17278,1156,1834,1,0,2990,35712
oscaar,1,35703,18438,17265,1173,906,1,1,2079,35704
ThrowAwayPete,1,35701,18715,16986,1729,1256,1,0,2985,35701
Lereegon,4,35693,18729,16964,1765,343,3,4,2108,35697
Lord_Noble,2,35678,19071,16607,2464,488,2,1,2952,35679
Axcend,6,35662,18934,16728,2206,524,5,4,2730,35666
thegoodgero,1,35642,19256,16386,2870,666,1,0,3536,35642
mouthbabies,2,35633,18997,16636,2361,328,1,1,2689,35634
notvayan,1,35629,19374,16255,3119,5417,1,1,8536,35630
K3MEST,3,35612,18734,16878,1856,494,2,3,2350,35615
woah_notcoolbro,1,35583,18543,17040,1503,137,1,1,1640,35584
SirSlapHappy,7,35546,19565,15981,3584,939,5,7,4523,35553
mrq1989,1,35545,18890,16655,2235,364,1,1,2599,35546
pajaromuygrande,3,35493,19147,16346,2801,319,3,3,3120,35496
daaave33,3,35451,18517,16934,1583,216,3,3,1799,35454
bigmanbeats,1,35416,18904,16512,2392,527,1,0,2919,35416
vecycl,2,35389,18577,16812,1765,1377,1,2,3142,35391
andybybee,3,35379,19061,16318,2743,152,2,2,2895,35381
Jon_Galt,8,35351,20131,15220,4911,745,7,8,5656,35359
PUMPKIN_IN_MY_POOPER,6,35351,18634,16717,1917,398,4,4,2315,35355
eugenerhan,2,35331,18926,16405,2521,574,2,1,3095,35332
snuff182,5,35328,18532,16796,1736,325,4,3,2061,35331
I_am_not_bob_barker,5,35322,19495,15827,3668,704,5,3,4372,35325
AppleTStudio,1,35324,18318,17006,1312,908,1,0,2220,35324
Papasmurph1,5,35304,18671,16633,2038,266,5,4,2304,35308
Am3692,1,35252,18431,16821,1610,242,1,0,1852,35252
DrupalDev,13,35235,22718,12517,10201,1168,11,10,11369,35245
Joel_W,29,35209,21923,13286,8637,468,16,24,9105,35233
metalmartyr,7,35213,19286,15927,3359,2188,7,3,5547,35216
sadee,10,35192,18975,16217,2758,759,10,9,3517,35201
jeffnadirbarnes,1,35198,18492,16706,1786,1398,1,1,3184,35199
Bold_Reposter,1,35199,18341,16858,1483,769,1,0,2252,35199
alaskan-assassin,4,35115,19729,15386,4343,394,3,4,4737,35119
JakeSteam,4,35110,18734,16376,2358,437,4,4,2795,35114
Ic3Hot,1,35113,18282,16831,1451,384,1,0,1835,35113
xWavy,9,35076,19589,15487,4102,394,9,6,4496,35082
Bondos,2,34980,18549,16431,2118,441,2,1,2559,34981
imthehacker,9,34953,19419,15534,3885,642,9,8,4527,34961
yonyonjohn,2,34949,18351,16598,1753,216,2,1,1969,34950
Norwazy,1,34931,18108,16823,1285,776,1,1,2061,34932
bracomadar,1,34910,18463,16447,2016,1509,1,0,3525,34910
SoManyMinutes,2,34887,18223,16664,1559,705,0,1,2264,34888
Vercify,21,34866,22194,12672,9522,494,10,19,10016,34885
LadyTittyBang,1,34871,18526,16345,2181,651,1,0,2832,34871
Gordondel,5,34857,18991,15866,3125,1334,4,4,4459,34861
ainthisomeshit,1,34852,18796,16056,2740,976,1,1,3716,34853
AssumeTheRisk,1,34849,18514,16335,2179,635,0,0,2814,34849
ReactionDude,6,34834,19174,15660,3514,1789,6,6,5303,34840
MaxTR,4,34822,18879,15943,2936,448,3,3,3384,34825
scotti182,5,34815,18799,16016,2783,1062,5,5,3845,34820
mchype,1,34820,18489,16331,2158,459,1,0,2617,34820
balance13,3,34818,18087,16731,1356,228,3,2,1584,34820
zShwagg,3,34815,18358,16457,1901,186,2,3,2087,34818
Beeslo,4,34789,18244,16545,1699,178,4,4,1877,34793
conker2654,2,34770,18363,16407,1956,897,1,2,2853,34772
Chatu,6,34765,19053,15712,3341,687,4,5,4028,34770
Myst23,25,34741,20812,13929,6883,621,24,18,7504,34759
AmishSlayer,1,34759,18405,16354,2051,318,1,0,2369,34759
fannybanditt,4,34750,18988,15762,3226,670,4,3,3896,34753
technoskittles,5,34719,21059,13660,7399,652,5,0,8051,34719
jam_sandwich123,2,34715,19023,15692,3331,796,2,2,4127,34717
reden,1,34714,18504,16210,2294,708,1,1,3002,34715
Boggster,6,34680,18617,16063,2554,397,6,4,2951,34684
PeterJerome,4,34673,18292,16381,1911,794,4,3,2705,34676
travisjpope,1,34672,18204,16468,1736,733,1,0,2469,34672
AguywithLegs,4,34661,18326,16335,1991,329,2,4,2320,34665
sarl__cagan,1,34648,18413,16235,2178,371,1,0,2549,34648
BrazilianRider,17,34619,19544,15075,4469,635,16,16,5104,34635
ienjoypooping,1,34611,18088,16523,1565,1267,1,1,2832,34612
datcrack,1,34610,17902,16708,1194,1096,1,1,2290,34611
kskaudonsu,1,34582,18178,16404,1774,474,1,0,2248,34582
ict316,6,34560,18782,15778,3004,505,6,4,3509,34564
fredbob3,1,34525,17901,16624,1277,404,1,1,1681,34526
RhapsodyQ,1,34508,18480,16028,2452,429,1,0,2881,34508
CobraKaiStudent,3,34489,18341,16148,2193,404,2,2,2597,34491
Kico_,10,34460,19082,15378,3704,253,7,9,3957,34469
kolorone,6,34459,19115,15344,3771,1201,6,3,4972,34462
ExtraLevel,2,34459,18090,16369,1721,412,1,2,2133,34461
StuddedMohawk,1,34437,17859,16578,1281,458,1,1,1739,34438
obsessive_cook,29,34411,26121,8290,17831,695,25,23,18526,34434
lukeisopinionated,5,34420,18483,15937,2546,514,3,4,3060,34424
I_Repost_A_Lot,3,34389,18453,15936,2517,365,3,3,2882,34392
petergallo,1,34346,18067,16279,1788,930,1,0,2718,34346
ChristalMeth,4,34340,19066,15274,3792,298,3,4,4090,34344
EskimoEd,1,34338,18051,16287,1764,1025,1,0,2789,34338
Draskiller,2,34314,17940,16374,1566,903,2,2,2469,34316
skibblez_n_zits,7,34295,19805,14490,5315,1445,6,1,6760,34296
KalypsoFusky,1,34292,18046,16246,1800,139,0,1,1939,34293
thepegleg,1,34289,18285,16004,2281,97,1,0,2378,34289
iamfromcanada,1,34287,18510,15777,2733,352,1,0,3085,34287
meyer24d,4,34281,19195,15086,4109,245,4,4,4354,34285
jakeredfield,1,34275,17636,16639,997,528,1,0,1525,34275
POOLS_CLOSED,1,34264,18163,16101,2062,1506,1,0,3568,34264
rockthemike,1,34240,18094,16146,1948,289,1,1,2237,34241
lookatwhatchudid,2,34234,18008,16226,1782,242,2,2,2024,34236
twinsofliberty,1,34213,18174,16039,2135,1111,1,0,3246,34213
juror-number-8,3,34176,18735,15441,3294,239,3,3,3533,34179
zimbabwe7878,3,34164,18064,16100,1964,171,1,3,2135,34167
pur3str232,12,34133,19824,14309,5515,481,10,11,5996,34144
mobuco,3,34138,17990,16148,1842,924,3,2,2766,34140
dubl_z,1,34136,17752,16384,1368,767,1,1,2135,34137
Valexannis,4,34110,18864,15246,3618,747,4,1,4365,34111
alittler,2,34090,18196,15894,2302,350,1,2,2652,34092
hakbor,1,34090,18369,15721,2648,399,1,0,3047,34090
Sourpatchez,1,34084,17923,16161,1762,1541,0,0,3303,34084
eenieboy,2,34058,18094,15964,2130,392,2,1,2522,34059
eamantite,9,34044,18211,15833,2378,386,5,9,2764,34053
koface,1,34040,17872,16168,1704,413,1,0,2117,34040
monoethanolamine,1,34030,18072,15958,2114,885,1,0,2999,34030
gettpitted,2,34018,17884,16134,1750,311,2,2,2061,34020
hilaaarious151,7,34014,17980,16034,1946,319,4,5,2265,34019
WacticalTank,13,33975,19501,14474,5027,248,10,11,5275,33986
Dkcub23,6,33960,18674,15286,3388,384,5,6,3772,33966
MetaDecay,1,33951,17658,16293,1365,416,1,1,1781,33952
bowlis,3,33948,17885,16063,1822,389,1,3,2211,33951
Nostrometheus,5,33940,17919,16021,1898,370,4,4,2268,33944
mkernan93,5,33938,17978,15960,2018,835,5,3,2853,33941
pwnzor339,2,33937,18000,15937,2063,302,0,0,2365,33937
drewtoothpaste,1,33916,18017,15899,2118,320,1,1,2438,33917
Zeblin29,1,33855,17807,16048,1759,271,1,0,2030,33855
whiteyt,6,33853,18688,15165,3523,928,4,1,4451,33854
andyislegend,6,33814,18138,15676,2462,386,6,6,2848,33820
ogericd,1,33792,18088,15704,2384,505,1,0,2889,33792
kon324,1,33775,17679,16096,1583,274,1,1,1857,33776
fentooooon,7,33765,19250,14515,4735,435,7,6,5170,33771
Maxamillionaire,11,33755,19807,13948,5859,396,10,9,6255,33764
disco_biscuit,4,33760,18222,15538,2684,226,3,4,2910,33764
ImRebecca,5,33751,18724,15027,3697,336,5,4,4033,33755
haemoglobinman,13,33745,19695,14050,5645,574,13,5,6219,33750
Almost_mental,2,33747,18215,15532,2683,279,2,2,2962,33749
rambling_raccoon,6,33734,18927,14807,4120,395,4,6,4515,33740
hotcarl7379,107,33642,28553,5089,23464,876,80,88,24340,33730
jordandp,2,33705,17903,15802,2101,388,2,1,2489,33706
Baldwenis,2,33688,18147,15541,2606,419,2,2,3025,33690
andhelostthem,2,33680,18156,15524,2632,920,1,1,3552,33681
FA-Hayek,3,33677,18662,15015,3647,300,2,2,3947,33679
Trinexx56,1,33675,17359,16316,1043,209,1,1,1252,33676
NoHealthInsurance,1,33674,18191,15483,2708,6098,1,0,8806,33674
iAphroditee,2,33662,17449,16213,1236,631,2,1,1867,33663
monochrome_sketch,6,33648,18141,15507,2634,501,6,2,3135,33650
Dangerzone812,6,33636,18034,15602,2432,1923,5,5,4355,33641
xXMind_tricksXx,4,33626,17790,15836,1954,195,2,4,2149,33630
thewekeend,1,33565,17546,16019,1527,448,1,1,1975,33566
TheMotherConspiracy,1,33560,18437,15123,3314,232,1,0,3546,33560
jonnie5,2,33557,18129,15428,2701,469,2,1,3170,33558
lamarer,1,33500,17813,15687,2126,374,1,0,2500,33500
Conboy,1,33493,17922,15571,2351,599,1,0,2950,33493
B4EvrUnknown54,13,33474,18444,15030,3414,406,9,12,3820,33486
Clickclickclickclcik,1,33483,17442,16041,1401,496,1,0,1897,33483
Temren,1,33460,17792,15668,2124,735,1,0,2859,33460
dragotheblackrose,12,33445,19715,13730,5985,505,9,11,6490,33456
capincorn,6,33423,17964,15459,2505,243,6,6,2748,33429
JonesMcPwnz,1,33404,17385,16019,1366,463,1,1,1829,33405
Dewsnow,1,33401,17311,16090,1221,705,1,0,1926,33401
svannah11,5,33380,18158,15222,2936,461,5,4,3397,33384
EvilHom3r,3,33375,18466,14909,3557,2031,3,1,5588,33376
E-For-Effort,1,33358,17509,15849,1660,523,1,1,2183,33359
soldure,1,33345,17510,15835,1675,273,1,1,1948,33346
dubpie,1,33323,17505,15818,1687,267,1,0,1954,33323
dirtydayboy,4,33292,17761,15531,2230,468,4,3,2698,33295
ifuonlyknew,6,33262,18387,14875,3512,534,6,1,4046,33263
Dubbys,6,33225,18004,15221,2783,1044,5,3,3827,33228
jaycrew,7,33221,18752,14469,4283,513,6,5,4796,33226
gangy86,23,33179,18695,14484,4211,678,23,21,4889,33200
Houseboat,5,33170,17608,15562,2046,287,5,3,2333,33173
alexmclaughlin,4,33169,17322,15847,1475,207,4,3,1682,33172
weelob,1,33157,17710,15447,2263,543,1,0,2806,33157
scotty5x5,2,33137,17768,15369,2399,417,2,0,2816,33137
DocileNinja,4,33124,17992,15132,2860,215,3,4,3075,33128
SuperbusAtheos,5,33120,18098,15022,3076,1420,2,5,4496,33125
wojtekmaj,4,33108,17843,15265,2578,584,2,0,3162,33108
somegirlyusername,4,33094,18367,14727,3640,577,3,3,4217,33097
ashleee14,5,33077,17752,15325,2427,181,4,5,2608,33082
franktrainjr,1,33064,17389,15675,1714,811,1,1,2525,33065
idontupvotereposts,1,33063,17397,15666,1731,446,1,1,2177,33064
ohwhatohwow,3,33043,17770,15273,2497,202,3,2,2699,33045
potatoinstitute,1,33030,17740,15290,2450,1428,1,0,3878,33030
FlexorCarpiUlnaris,9,33018,18635,14383,4252,629,9,9,4881,33027
cas18khash,5,33019,17924,15095,2829,899,4,4,3728,33023
mickeyphoenix,1,32990,17387,15603,1784,178,1,0,1962,32990
theCulk,2,32974,17911,15063,2848,901,1,1,3749,32975
PENGUINS_SNORT_COKE,1,32973,17408,15565,1843,387,1,1,2230,32974
SackAttack69,4,32969,17680,15289,2391,216,3,4,2607,32973
DanGoRawr,6,32965,18171,14794,3377,474,5,4,3851,32969
Robot_Samurai,7,32955,17650,15305,2345,378,7,7,2723,32962
bluestblue,2,32910,17661,15249,2412,1116,2,2,3528,32912
simonbrc,2,32901,17154,15747,1407,247,2,2,1654,32903
Beaker1976,1,32892,16934,15958,976,312,1,0,1288,32892
kacperp,9,32877,18899,13978,4921,522,9,6,5443,32883
samissleman17,3,32877,17970,14907,3063,470,2,3,3533,32880
isabelc,1,32854,17258,15596,1662,1017,1,0,2679,32854
ColossalPigeon,2,32835,17169,15666,1503,481,2,2,1984,32837
Koeniginator,5,32807,18124,14683,3441,1179,5,3,4620,32810
mchien777,2,32791,17931,14860,3071,631,2,1,3702,32792
EvilSporkOfDeath,5,32773,17625,15148,2477,274,4,5,2751,32778
Dazing,2,32768,17156,15612,1544,291,2,2,1835,32770
pocketmonstermaster,1,32765,16975,15790,1185,245,1,0,1430,32765
Samamaniac,1,32743,17296,15447,1849,436,1,1,2285,32744
tuanster1119,1,32733,17442,15291,2151,629,1,0,2780,32733
Feebowut,7,32723,17860,14863,2997,214,7,7,3211,32730
JosephineRyan,1,32726,17384,15342,2042,984,1,0,3026,32726
JstDTip,1,32722,17364,15358,2006,737,1,0,2743,32722
GomaN1717,1,32666,17103,15563,1540,500,1,1,2040,32667
soulshn,1,32664,17057,15607,1450,680,1,0,2130,32664
noizesinmyhead,3,32601,17301,15300,2001,551,2,3,2552,32604
GrundelLicker,3,32595,18168,14427,3741,326,3,2,4067,32597
504ever,1,32590,17090,15500,1590,444,1,1,2034,32591
shaneomac182,5,32579,17207,15372,1835,471,1,4,2306,32583
futuramadog,3,32563,18243,14320,3923,528,3,3,4451,32566
cannibalsmurf,1,32558,17045,15513,1532,412,1,0,1944,32558
Scourge108,2,32523,17940,14583,3357,863,1,2,4220,32525
kaitlinmac,1,32525,17073,15452,1621,537,1,0,2158,32525
Cynikal818,13,32509,18684,13825,4859,380,9,13,5239,32522
guysguy,1,32502,17015,15487,1528,594,1,0,2122,32502
PimpMogul,10,32477,20592,11885,8707,2295,7,10,11002,32487
WishForACanon5DMark2,9,32471,17896,14575,3321,282,7,8,3603,32479
Samurai-L-Jackson,3,32476,18177,14299,3878,392,3,2,4270,32478
supertotoro,6,32461,17878,14583,3295,712,6,5,4007,32466
eggowaffles,1,32458,17200,15258,1942,658,1,0,2600,32458
Colonelvonjazz,4,32446,18295,14151,4144,290,4,4,4434,32450
sultanofsurreal,1,32447,17131,15316,1815,542,1,1,2357,32448
meiguess,1,32430,17315,15115,2200,501,1,1,2701,32431
ArianFosterThePeople,1,32409,17085,15324,1761,220,1,1,1981,32410
plasker6,1,32401,17252,15149,2103,1652,1,1,3755,32402
debeauds,4,32387,17006,15381,1625,1682,4,4,3307,32391
Keeks_marone,2,32366,16711,15655,1056,232,2,2,1288,32368
DrBaltico,2,32351,17213,15138,2075,1724,2,0,3799,32351
jesmew,1,32342,17254,15088,2166,310,1,1,2476,32343
mrm589,4,32334,17209,15125,2084,925,2,4,3009,32338
Goldmine44,29,32311,19215,13096,6119,708,22,15,6827,32326
sorcon,6,32301,17322,14979,2343,502,6,6,2845,32307
STOP_BEING_RETARDED,3,32294,17366,14928,2438,453,2,3,2891,32297
Lillipout,2,32294,17543,14751,2792,241,2,1,3033,32295
citizenshame,1,32285,17110,15175,1935,381,1,0,2316,32285
PauwlyD,4,32266,17174,15092,2082,208,4,3,2290,32269
faprawr,13,32243,17679,14564,3115,550,12,9,3665,32252
michaeljane,5,32245,16669,15576,1093,395,4,5,1488,32250
stefanjbecket,3,32234,18269,13965,4304,453,3,1,4757,32235
koalasRkillers,1,32223,16985,15238,1747,234,1,1,1981,32224
facebook_hero,6,32218,17517,14701,2816,256,6,5,3072,32223
Haughee,1,32215,17091,15124,1967,482,1,0,2449,32215
betterpc,3,32195,17596,14599,2997,1268,3,0,4265,32195
Sir_Charge,1,32182,17178,15004,2174,490,1,0,2664,32182
MrDressUphasSwag,1,32182,16847,15335,1512,156,1,0,1668,32182
DrJulianBashir,12,32171,19291,12880,6411,974,12,6,7385,32177
zomgitsduke,1,32174,17125,15049,2076,337,1,1,2413,32175
ZeBulbasaur,1,32160,17086,15074,2012,576,1,1,2588,32161
b1g3ar5,1,32136,17131,15005,2126,294,1,1,2420,32137
ooo0ooo,6,32119,18669,13450,5219,505,5,6,5724,32125
j1002s,6,32108,17727,14381,3346,262,2,6,3608,32114
Forhavu,2,32082,16647,15435,1212,271,1,2,1483,32084
narcissistx,10,32074,19024,13050,5974,304,10,9,6278,32083
smokingachicken,1,32076,16927,15149,1778,242,1,1,2020,32077
Sethkins,4,32069,17394,14675,2719,310,4,3,3029,32072
overstockretro,3,32052,17029,15023,2006,164,3,3,2170,32055
treid9579,1,32052,17277,14775,2502,705,1,1,3207,32053
camason,1,32052,17034,15018,2016,571,1,1,2587,32053
jpiglet,4,32022,17800,14222,3578,417,3,4,3995,32026
sneakycastro75,1,32006,16650,15356,1294,190,1,1,1484,32007
Kealion,1,31995,17017,14978,2039,230,1,0,2269,31995
RichieRich12,1,31978,16884,15094,1790,278,1,1,2068,31979
Plushm4n,2,31916,17124,14792,2332,284,2,1,2616,31917
93tillinfiniD,1,31910,16788,15122,1666,416,1,0,2082,31910
ytsoc,8,31895,17504,14391,3113,376,8,5,3489,31900
qwertyprom,6,31884,17403,14481,2922,577,6,4,3499,31888
flamin_sheep,1,31879,16957,14922,2035,557,0,1,2592,31880
UrineBubbles,2,31862,16953,14909,2044,371,2,2,2415,31864
StarHarvest,4,31848,17297,14551,2746,416,4,3,3162,31851
BillyWonderful,1,31832,16915,14917,1998,634,1,0,2632,31832
Dennis98992,1,31825,16481,15344,1137,1934,1,1,3071,31826
TARGUS123,1,31823,16661,15162,1499,122,1,1,1621,31824
WyseGuy420,1,31818,16565,15253,1312,220,1,1,1532,31819
yuredthis,8,31804,18257,13547,4710,834,6,7,5544,31811
snarkysnake,2,31808,17086,14722,2364,235,1,2,2599,31810
uiorhet,1,31788,16802,14986,1816,584,1,0,2400,31788
jvacek996,2,31783,16977,14806,2171,1144,2,2,3315,31785
jcalcerano,1,31774,17046,14728,2318,266,1,1,2584,31775
quinniethepooh,1,31755,16614,15141,1473,378,1,1,1851,31756
TruGnt,1,31747,17063,14684,2379,567,0,1,2946,31748
my_milkshakes,4,31731,17450,14281,3169,423,1,3,3592,31734
Wilogana,1,31725,17015,14710,2305,395,1,0,2700,31725
mycatthelesbian,1,31710,16664,15046,1618,444,1,1,2062,31711
BabsonMcChonkers,2,31694,16635,15059,1576,262,2,1,1838,31695
ajadelarue,2,31690,17103,14587,2516,769,2,1,3285,31691
topshelf89,1,31689,16909,14780,2129,382,1,0,2511,31689
Dextra13,4,31674,17433,14241,3192,698,2,4,3890,31678
CUNT_DESTROYER_3000,7,31665,18105,13560,4545,345,6,7,4890,31672
Farisr9k,4,31651,16986,14665,2321,782,4,2,3103,31653
laphmore,1,31646,17152,14494,2658,529,1,1,3187,31647
Swiss_Cheese9797,8,31633,17185,14448,2737,810,8,7,3547,31640
Jedi-Mocro,3,31623,16641,14982,1659,1301,2,1,2960,31624
CidofCidsley,13,31602,17601,14001,3600,1257,10,12,4857,31614
bosephus256,2,31603,16708,14895,1813,247,2,2,2060,31605
thepeahead,11,31591,17644,13947,3697,264,5,11,3961,31602
Mostan,4,31577,17667,13910,3757,1129,4,4,4886,31581
Small_test_icicles,1,31581,16554,15027,1527,206,1,0,1733,31581
jjruml,1,31559,16367,15192,1175,439,1,1,1614,31560
scPolecat,6,31551,17221,14330,2891,415,1,6,3306,31557
theironwaffel,1,31545,16727,14818,1909,236,1,1,2145,31546
Starweaver,4,31534,16796,14738,2058,249,2,3,2307,31537
pervertedmoose,2,31535,17412,14123,3289,164,2,1,3453,31536
infiniteloop12,3,31524,16973,14551,2422,746,3,3,3168,31527
The_Fluffness,2,31519,16920,14599,2321,467,2,2,2788,31521
ddshroom,3,31509,17873,13636,4237,510,3,2,4747,31511
lap35,7,31496,17778,13718,4060,372,7,4,4432,31500
fapwire,3,31493,17593,13900,3693,2134,3,0,5827,31493
KoCrazy,2,31484,16852,14632,2220,433,1,2,2653,31486
Stargander,5,31427,16785,14642,2143,336,5,5,2479,31432
I_dont_bone_goats,4,31383,16648,14735,1913,316,4,4,2229,31387
buffalolsx,1,31371,16549,14822,1727,173,1,1,1900,31372
ImminentFate,2,31370,16156,15214,942,188,0,2,1130,31372
captainisrael,2,31338,16599,14739,1860,492,2,1,2352,31339
The_McRib,2,31328,16760,14568,2192,222,2,1,2414,31329
sunbrar7,1,31320,16742,14578,2164,285,1,1,2449,31321
fudg3z,1,31312,16461,14851,1610,389,1,1,1999,31313
HeppyB,2,31305,16707,14598,2109,473,2,1,2582,31306
That_ben,1,31289,16211,15078,1133,446,1,1,1579,31290
Mr_Trofl,1,31278,16488,14790,1698,293,1,0,1991,31278
mojorisin2592,4,31272,16683,14589,2094,671,3,4,2765,31276
emolol,3,31262,17057,14205,2852,322,3,3,3174,31265
gorflax,1,31248,16660,14588,2072,991,1,0,3063,31248
oOoleveloOo,1,31237,16569,14668,1901,597,1,0,2498,31237
mylescox,2,31223,16758,14465,2293,650,2,1,2943,31224
iamyourfasha,4,31205,16801,14404,2397,274,4,2,2671,31207
DimmeryAL3X,8,31187,17350,13837,3513,741,7,7,4254,31194
Skieller,1,31189,17048,14141,2907,1251,1,1,4158,31190
Animalzrcool,1,31176,16080,15096,984,424,1,0,1408,31176
khamza,1,31167,18070,13097,4973,757,1,0,5730,31167
aZimuthZero,2,31160,16708,14452,2256,370,1,0,2626,31160
thediefenbaker,1,31098,16182,14916,1266,2132,1,0,3398,31098
herpbert_derpinger,4,31085,17216,13869,3347,510,4,2,3857,31087
mysistersacretin,1,31081,16418,14663,1755,357,1,1,2112,31082
Anomalocaris,1,31076,16476,14600,1876,384,1,0,2260,31076
davoos15,1,31067,16321,14746,1575,1033,0,1,2608,31068
SlyWulph,4,31038,17072,13966,3106,400,3,4,3506,31042
rekcut,1,31034,16283,14751,1532,175,1,1,1707,31035
Biddooo,1,31021,16723,14298,2425,396,1,0,2821,31021
TehMoonMaster,1,31010,16462,14548,1914,761,1,0,2675,31010
eizzeey,1,31009,16302,14707,1595,274,1,0,1869,31009
squibble,1,31003,16435,14568,1867,689,1,1,2556,31004
OptionalField,3,30983,16252,14731,1521,591,3,3,2112,30986
doctorsound,2,30932,16586,14346,2240,484,2,2,2724,30934
brilisk,1,30925,16215,14710,1505,368,1,1,1873,30926
peach3s,1,30907,19921,10986,8935,480,1,0,9415,30907
BatmanLunchbox,17,30888,18879,12009,6870,393,15,16,7263,30904
_galaxy_,5,30900,17266,13634,3632,1122,5,4,4754,30904
jj788,1,30903,16048,14855,1193,462,1,1,1655,30904
CBebop,1,30896,16170,14726,1444,313,1,1,1757,30897
adamthegreat22,1,30892,16428,14464,1964,192,1,1,2156,30893
portofmorrow,1,30871,16716,14155,2561,318,1,0,2879,30871
MrShibato,1,30861,16340,14521,1819,545,1,1,2364,30862
KudosX,4,30827,16895,13932,2963,537,4,2,3500,30829
fireatx,1,30820,17600,13220,4380,299,1,1,4679,30821
THATS_A_EGG,3,30813,16154,14659,1495,920,2,3,2415,30816
armstad,4,30814,16509,14305,2204,197,4,2,2401,30816
abstrusejoker,2,30813,16045,14768,1277,302,2,2,1579,30815
aareyes12,3,30805,16513,14292,2221,322,3,3,2543,30808
pvalerio,2,30802,17073,13729,3344,415,2,1,3759,30803
yomomma56,10,30778,16945,13833,3112,255,7,10,3367,30788
poo_smudge,6,30763,17689,13074,4615,537,5,5,5152,30768
TheyCallMeJared,2,30762,16476,14286,2190,256,2,2,2446,30764
vsal,5,30755,16698,14057,2641,333,5,5,2974,30760
shabroky,1,30743,15911,14832,1079,540,1,1,1619,30744
thatsprobablytaken,2,30732,16798,13934,2864,264,2,1,3128,30733
midnight-midday,2,30718,15955,14763,1192,337,1,1,1529,30719
green-dash,1,30714,16251,14463,1788,757,0,1,2545,30715
godsdog23,13,30679,17414,13265,4149,909,11,9,5058,30688
venividivici1,2,30671,16211,14460,1751,361,1,2,2112,30673
OVdose,1,30660,16238,14422,1816,375,0,1,2191,30661
Killhouse,5,30655,16813,13842,2971,826,2,3,3797,30658
Armyofgod,4,30656,16854,13802,3052,569,3,2,3621,30658
crapidrawatwork,4,30652,16968,13684,3284,377,4,1,3661,30653
fetusxfajita,3,30647,16923,13724,3199,468,3,1,3667,30648
I_DRINK_PERIOD_BLOOD,6,30638,17346,13292,4054,447,6,5,4501,30643
HiOnFructose,2,30638,17297,13341,3956,165,1,1,4121,30639
BoxMonster44,1,30635,16081,14554,1527,1033,1,1,2560,30636
psYberspRe4Dd,18,30618,18305,12313,5992,1048,12,13,7040,30631
thesputnik97,6,30624,17374,13250,4124,398,6,4,4522,30628
dannyboy15,12,30618,17402,13216,4186,221,3,9,4407,30627
quixotic_1,1,30616,16133,14483,1650,1311,1,0,2961,30616
Hesho95,10,30606,17784,12822,4962,458,10,6,5420,30612
CircleGetsTheSquare,3,30596,17263,13333,3930,315,3,3,4245,30599
mindsfa,3,30580,16339,14241,2098,398,1,2,2496,30582
JSML,1,30567,16010,14557,1453,357,1,1,1810,30568
dgosh,1,30565,16285,14280,2005,1063,1,1,3068,30566
Mavee,3,30544,15834,14710,1124,158,3,3,1282,30547
sven_forkbeard_1013,2,30544,16061,14483,1578,169,2,2,1747,30546
Jmac11,5,30526,17313,13213,4100,260,4,4,4360,30530
tomansari,1,30511,16323,14188,2135,295,1,0,2430,30511
Jatik,2,30507,16100,14407,1693,570,1,2,2263,30509
IrelevntElephnt,1,30503,16116,14387,1729,365,1,0,2094,30503
yankeefn58,1,30457,15956,14501,1455,341,1,0,1796,30457
meechers,1,30446,16660,13786,2874,142,1,1,3016,30447
macers,4,30431,16134,14297,1837,311,4,4,2148,30435
demidyad,1,30424,16065,14359,1706,436,1,0,2142,30424
torbot,1,30406,15862,14544,1318,379,1,1,1697,30407
Bemy_Gunshot,2,30401,16052,14349,1703,146,2,2,1849,30403
saltysalor,4,30395,16124,14271,1853,403,2,4,2256,30399
demacish,1,30392,16165,14227,1938,1539,1,1,3477,30393
Detry,11,30373,17565,12808,4757,520,10,10,5277,30383
JokerandtheThief,1,30382,15879,14503,1376,639,1,1,2015,30383
w3method,6,30356,16633,13723,2910,514,6,3,3424,30359
MrBilliamBill,1,30358,16188,14170,2018,400,0,1,2418,30359
TheStep4,1,30347,15811,14536,1275,487,0,1,1762,30348
VolsDeep,3,30341,16053,14288,1765,476,2,2,2241,30343
alanwil2,3,30316,16750,13566,3184,394,3,3,3578,30319
marjoegortner,1,30305,15764,14541,1223,433,1,0,1656,30305
smm2194,4,30274,17070,13204,3866,2505,4,2,6371,30276
brenan6,1,30245,16077,14168,1909,462,1,0,2371,30245
RazorG,1,30240,16269,13971,2298,196,1,0,2494,30240
RezonatokG,1,30239,16147,14092,2055,536,1,0,2591,30239
MrGrim,1,30229,16389,13840,2549,1115,1,1,3664,30230
hpshout,2,30203,15918,14285,1633,458,2,1,2091,30204
PoisonIvee,2,30190,16143,14047,2096,152,1,2,2248,30192
dmaloney630,1,30171,15964,14207,1757,172,1,0,1929,30171
Lc4837,1,30158,15897,14261,1636,254,1,0,1890,30158
Softmute,1,30153,16138,14015,2123,1061,1,0,3184,30153
Buhnanah,2,30124,16119,14005,2114,503,2,1,2617,30125
bigkbull,1,30113,15610,14503,1107,176,1,0,1283,30113
quadcem,6,30098,16714,13384,3330,532,6,3,3862,30101
empw,9,30089,16813,13276,3537,1331,8,6,4868,30095
philmemoney,1,30094,16209,13885,2324,819,0,1,3143,30095
JRLindgren22,6,30064,16106,13958,2148,952,6,6,3100,30070
SuriIllAnimateThat,1,30061,16108,13953,2155,1107,1,0,3262,30061
lakotian,1,30045,15923,14122,1801,184,1,1,1985,30046
Teekoo,4,30030,16151,13879,2272,576,4,3,2848,30033
jmgkid77,1,30032,16118,13914,2204,563,1,1,2767,30033
dsotm82,1,30027,15624,14403,1221,279,1,1,1500,30028
MechanizedJesus,4,30017,16253,13764,2489,473,4,3,2962,30020
Flanimals,4,30002,16653,13349,3304,744,4,1,4048,30003
TimeToWander,3,29982,16393,13589,2804,160,2,3,2964,29985
Skoolz,4,29978,16870,13108,3762,1118,3,4,4880,29982
jabask,1,29968,16130,13838,2292,430,1,1,2722,29969
dafuqdidIwrite,7,29957,15657,14300,1357,252,4,7,1609,29964
ARoyaleWithCheese,5,29957,16223,13734,2489,282,4,5,2771,29962
Coprophobia,4,29949,16292,13657,2635,262,3,4,2897,29953
Keevtara,2,29946,15761,14185,1576,829,2,1,2405,29947
haystackreaction,2,29942,15759,14183,1576,722,1,0,2298,29942
distertastin,9,29934,16948,12986,3962,1105,9,4,5067,29938
trumpetmormon,1,29926,15778,14148,1630,590,0,1,2220,29927
chefcash,2,29906,16129,13777,2352,496,2,2,2848,29908
leinahtan25,4,29903,16086,13817,2269,181,4,4,2450,29907
rambling_romantic,1,29906,16438,13468,2970,356,1,0,3326,29906
FaeMan,2,29905,15614,14291,1323,233,2,1,1556,29906
aurumpotestasest,1,29904,15745,14159,1586,869,1,0,2455,29904
DragonHeartString,1,29903,15512,14391,1121,289,1,1,1410,29904
Raikunoso,4,29874,15628,14246,1382,667,3,2,2049,29876
bdanahy319,3,29872,15640,14232,1408,539,2,3,1947,29875
adendum,9,29870,16903,12967,3936,346,9,3,4282,29873
TomtheWonderDog,3,29860,16516,13344,3172,236,3,2,3408,29862
yanks241,6,29848,16452,13396,3056,211,4,6,3267,29854
ationsong,1,29848,16255,13593,2662,729,1,1,3391,29849
_atomlib_,2,29849,15759,14090,1669,152,1,0,1821,29849
Sam_Jackson_Beer,1,29846,15390,14456,934,149,1,0,1083,29846
KevyB,1,29799,15818,13981,1837,313,1,1,2150,29800
haight-ashbury,26,29750,22211,7539,14672,534,24,20,15206,29770
VirtualAnarchy,3,29764,16326,13438,2888,358,2,2,3246,29766
7didnteat9,1,29764,15633,14131,1502,287,1,0,1789,29764
fawowow,7,29723,16009,13714,2295,428,7,7,2723,29730
tobiasgreenich,1,29723,16753,12970,3783,950,1,0,4733,29723
cleantoe,1,29714,15406,14308,1098,585,1,1,1683,29715
imsin,1,29708,15878,13830,2048,216,1,1,2264,29709
iam_fat_guy_,5,29684,15619,14065,1554,3227,3,5,4781,29689
WaresJake,1,29686,15633,14053,1580,188,1,1,1768,29687
smac26,1,29682,16019,13663,2356,480,1,0,2836,29682
TheCrippledGod,2,29667,15400,14267,1133,689,1,1,1822,29668
muffinmonk,8,29658,16061,13597,2464,769,8,5,3233,29663
zero_fks_given,5,29654,16468,13186,3282,650,5,4,3932,29658
Trickish,11,29646,16409,13237,3172,324,9,6,3496,29652
marshallthejew,5,29645,16016,13629,2387,409,5,3,2796,29648
achtung697,1,29647,15794,13853,1941,623,1,1,2564,29648
Arthener,10,29636,16386,13250,3136,418,8,10,3554,29646
trololbaus,7,29635,16268,13367,2901,391,7,7,3292,29642
TheFoxoff,2,29636,15822,13814,2008,227,2,2,2235,29638
falling150,1,29636,15760,13876,1884,243,1,1,2127,29637
mmmmmyeeeeeess,1,29634,15665,13969,1696,124,1,1,1820,29635
CrazySumo,1,29625,15823,13802,2021,379,1,1,2400,29626
errorguy,3,29621,16325,13296,3029,735,3,1,3764,29622
scottmale24,1,29607,15615,13992,1623,280,1,0,1903,29607
Roshambo_You,1,29603,16474,13129,3345,354,1,0,3699,29603
webslingga,1,29599,15752,13847,1905,639,0,0,2544,29599
kopo27,9,29591,15966,13625,2341,667,9,6,3008,29597
bamboobop,1,29592,15582,14010,1572,587,1,1,2159,29593
FeminineOdor,1,29592,15776,13816,1960,1267,1,0,3227,29592
m00n3y,1,29579,15451,14128,1323,692,1,0,2015,29579
paralemptor,1,29567,15669,13898,1771,935,1,0,2706,29567
mexican_lexicon,3,29546,15537,14009,1528,539,2,2,2067,29548
breeks,1,29531,15333,14198,1135,746,1,1,1881,29532
mongrale,1,29525,15708,13817,1891,1103,1,1,2994,29526
TreeBeard23,2,29490,15361,14129,1232,313,2,2,1545,29492
heytherehandsome,1,29487,15627,13860,1767,1090,1,1,2857,29488
samoanpiquant,5,29482,16025,13457,2568,184,2,5,2752,29487
KosherNazi,11,29472,16960,12512,4448,1650,7,10,6098,29482
iinagolii,1,29477,15564,13913,1651,520,1,0,2171,29477
scottkelly,2,29460,16232,13228,3004,1090,2,2,4094,29462
xJingalls,4,29449,16164,13285,2879,325,1,4,3204,29453
mattstanton94,2,29450,15558,13892,1666,189,2,1,1855,29451
maxio23,1,29450,15311,14139,1172,378,1,1,1550,29451
Bollocks_To_It,1,29449,15866,13583,2283,952,1,0,3235,29449
man_gomer_lot,4,29437,16883,12554,4329,289,4,1,4618,29438
nors27,4,29428,15263,14165,1098,227,4,3,1325,29431
papkn,1,29413,16280,13133,3147,243,1,1,3390,29414
lakers28,1,29410,15537,13873,1664,628,1,1,2292,29411
bigtelephone,4,29397,16342,13055,3287,978,4,1,4265,29398
uranus86,7,29393,16252,13141,3111,1135,7,5,4246,29398
h20eweup2,2,29391,15899,13492,2407,631,2,0,3038,29391
Myonn,1,29351,15417,13934,1483,435,1,0,1918,29351
ziofrank,1,29343,15959,13384,2575,347,1,0,2922,29343
fireball20xl,2,29340,15678,13662,2016,500,2,0,2516,29340
r4ichuu,1,29325,15706,13619,2087,593,1,1,2680,29326
Bordichelly,9,29313,16369,12944,3425,468,8,8,3893,29321
powerpuffgirl,10,29313,16395,12918,3477,382,10,6,3859,29319
624,1,29305,15747,13558,2189,272,1,0,2461,29305
mappum,4,29262,16350,12912,3438,272,4,4,3710,29266
arman8489,5,29252,15241,14011,1230,297,5,4,1527,29256
wallab6,3,29236,15950,13286,2664,734,2,1,3398,29237
joe-rel,1,29235,15768,13467,2301,453,1,0,2754,29235
Fishooked,20,29208,17597,11611,5986,1095,20,13,7081,29221
jacobovicz,1,29218,15348,13870,1478,352,1,0,1830,29218
mattmoccpj,2,29208,15279,13929,1350,114,1,2,1464,29210
HyperspaceHero,1,29199,15136,14063,1073,402,1,0,1475,29199
Drag0nsl4y3r14,2,29176,15234,13942,1292,847,2,2,2139,29178
RacingTechAtlas,3,29166,15561,13605,1956,168,3,3,2124,29169
yahallo,3,29156,16126,13030,3096,379,3,1,3475,29157
Solnai,1,29153,15485,13668,1817,1103,1,0,2920,29153
peteypump,6,29142,15239,13903,1336,429,5,6,1765,29148
RedditRecyclingCo,4,29135,15697,13438,2259,416,4,4,2675,29139
combzy89,2,29135,15560,13575,1985,523,2,2,2508,29137
Rnmkr,1,29120,15405,13715,1690,1649,1,1,3339,29121
Gargarbinks,1,29118,15539,13579,1960,401,0,0,2361,29118
RichieSM,1,29100,15378,13722,1656,425,1,1,2081,29101
Fosse_The_Creator,3,29093,15373,13720,1653,251,3,2,1904,29095
JPEEZY95,2,29077,15014,14063,951,230,0,2,1181,29079
Pickled_Gorilla,1,29050,15124,13926,1198,216,1,0,1414,29050
99SOR,2,29045,15376,13669,1707,114,2,2,1821,29047
metalsgt90,4,29023,15384,13639,1745,487,4,4,2232,29027
nessa_fay,2,29018,15230,13788,1442,218,2,1,1660,29019
Rawtashk,8,28984,16737,12247,4490,407,6,8,4897,28992
Afrotators,26,28965,17683,11282,6401,477,25,20,6878,28985
DarthContinent,22,28952,17671,11281,6390,1157,18,17,7547,28969
pisstones,4,28943,15707,13236,2471,492,3,4,2963,28947
SiliconC,1,28943,15427,13516,1911,2305,1,0,4216,28943
Worldsday,1,28941,15992,12949,3043,339,1,1,3382,28942
Jerglings,2,28936,15711,13225,2486,248,2,1,2734,28937
Farbulus,1,28921,15499,13422,2077,327,1,0,2404,28921
ToiletCrash,1,28913,14949,13964,985,285,1,1,1270,28914
Hyperboloidof2sheets,1,28912,15246,13666,1580,293,1,0,1873,28912
McJudgerson,6,28906,16634,12272,4362,776,6,5,5138,28911
xfilmmaker,2,28872,15431,13441,1990,923,2,1,2913,28873
synopser,1,28872,15184,13688,1496,803,1,1,2299,28873
sweetdick,13,28826,16237,12589,3648,612,12,12,4260,28838
sundayday,2,28834,15334,13500,1834,304,2,1,2138,28835
neverusedchapstik,5,28826,15488,13338,2150,558,5,4,2708,28830
AdolfSatan,1,28823,15403,13420,1983,403,1,0,2386,28823
Jounax94,10,28807,17375,11432,5943,523,10,5,6466,28812
linkdafourf,1,28804,15217,13587,1630,243,1,0,1873,28804
Verdauga,1,28798,15190,13608,1582,1145,1,1,2727,28799
MacNeil69,2,28781,15000,13781,1219,293,2,1,1512,28782
PeanutNutella,3,28779,16143,12636,3507,314,1,2,3821,28781
IAmThePaint,1,28778,15495,13283,2212,1039,1,0,3251,28778
Ninzake,1,28773,15222,13551,1671,1683,1,0,3354,28773
bunnytron,7,28749,17261,11488,5773,493,7,4,6266,28753
whatever_idc,5,28744,16277,12467,3810,295,5,5,4105,28749
TX_ambrosia,6,28727,15301,13426,1875,435,5,5,2310,28732
yetep,1,28720,15274,13446,1828,334,1,0,2162,28720
Sky_Prodigy,5,28714,15474,13240,2234,936,5,4,3170,28718
billy_the_kid9,4,28710,15328,13382,1946,289,4,4,2235,28714
happydinosaur,1,28713,15156,13557,1599,359,1,0,1958,28713
Everseer,5,28698,15582,13116,2466,1233,5,3,3699,28701
dilated,1,28664,15394,13270,2124,787,1,0,2911,28664
toothpastesandwiches,9,28657,14911,13746,1165,119,6,7,1284,28664
idklmaorofl,5,28655,15106,13549,1557,158,4,4,1715,28659
ImpenetrableTaco,11,28629,17240,11389,5851,1679,11,2,7530,28631
dupbd,1,28626,14936,13690,1246,210,1,1,1456,28627
mizzladay,1,28619,14846,13773,1073,594,1,1,1667,28620
jazzychill17,5,28609,17096,11513,5583,551,5,4,6134,28613
Paimka,2,28604,15495,13109,2386,1337,2,1,3723,28605
armaWhore,2,28600,15856,12744,3112,158,1,2,3270,28602
pmcclure108,1,28599,15095,13504,1591,778,0,1,2369,28600
Micoha,6,28588,16451,12137,4314,1195,6,3,5509,28591
5K337Lord,8,28576,15981,12595,3386,586,2,5,3972,28581
kditto,1,28578,15208,13370,1838,658,1,0,2496,28578
dnb1111,2,28561,15120,13441,1679,341,2,2,2020,28563
kellymack,5,28556,15265,13291,1974,251,3,5,2225,28561
LittleCucumber,5,28538,15996,12542,3454,129,3,5,3583,28543
callunu,5,28528,15598,12930,2668,219,4,4,2887,28532
Malisz,5,28520,15515,13005,2510,707,5,5,3217,28525
hbombto,1,28522,14686,13836,850,690,1,1,1540,28523
nationalparksbuff,9,28512,15457,13055,2402,227,4,9,2629,28521
riboflavins,12,28486,16381,12105,4276,579,11,10,4855,28496
i_feel_useless_here,1,28490,15037,13453,1584,442,1,1,2026,28491
Korsyn,1,28487,15260,13227,2033,263,0,1,2296,28488
ch4dr0x,2,28486,15873,12613,3260,281,2,0,3541,28486
hexag1,5,28478,15092,13386,1706,1389,4,4,3095,28482
trebud69,1,28479,15117,13362,1755,408,1,1,2163,28480
Sharp_Cheddar,1,28472,15315,13157,2158,943,1,0,3101,28472
imaunitard,3,28442,15663,12779,2884,372,3,1,3256,28443
apoeticturtle,9,28434,15077,13357,1720,155,7,8,1875,28442
RaW-D-Coy,24,28420,16341,12079,4262,1454,21,20,5716,28440
idointernet,1,28433,15267,13166,2101,1475,1,0,3576,28433
likelyunlikely,2,28428,16021,12407,3614,434,2,0,4048,28428
purplepanda2,1,28415,15009,13406,1603,157,1,1,1760,28416
Tron-Gorf,1,28408,14931,13477,1454,243,1,1,1697,28409
internetz,1,28402,15164,13238,1926,529,1,1,2455,28403
Magnets_and_Ghouls,1,28387,14796,13591,1205,890,1,0,2095,28387
Stillwaterr,2,28375,14862,13513,1349,348,2,2,1697,28377
So_Many_Hot_Camels,1,28372,14722,13650,1072,368,1,1,1440,28373
Starklet,3,28358,14984,13374,1610,222,1,1,1832,28359
preggit,2,28340,15559,12781,2778,1205,2,0,3983,28340
zerorox,1,28331,14746,13585,1161,962,1,0,2123,28331
lajy,1,28327,15266,13061,2205,1051,1,0,3256,28327
two_in_the_bush,1,28320,14926,13394,1532,169,1,1,1701,28321
qnnplmr,14,28306,16290,12016,4274,517,12,13,4791,28319
HectortheRican,8,28308,15595,12713,2882,357,8,7,3239,28315
a_lot_of_fish,1,28304,15159,13145,2014,2069,1,1,4083,28305
brad153,5,28294,15034,13260,1774,315,5,4,2089,28298
playpianoking,1,28268,15726,12542,3184,1203,1,0,4387,28268
antitheistsCOUK,4,28247,15485,12762,2723,1612,4,4,4335,28251
rampdesign,1,28239,14845,13394,1451,496,1,0,1947,28239
xyz66,1,28230,14783,13447,1336,138,1,0,1474,28230
callmegibbs,4,28208,15847,12361,3486,360,4,3,3846,28211
s00kylala,1,28205,14854,13351,1503,401,1,0,1904,28205
HossCo,3,28182,15079,13103,1976,301,3,3,2277,28185
parkerh602,1,28162,15263,12899,2364,256,1,0,2620,28162
Lopaulpa,1,28145,15214,12931,2283,1110,1,1,3393,28146
SamZR,1,28144,15251,12893,2358,289,1,0,2647,28144
chemguy90,5,28139,14987,13152,1835,441,5,5,2276,28144
an_usual_man,1,28137,14892,13245,1647,373,1,1,2020,28138
munchyturtle,1,28118,14940,13178,1762,911,1,1,2673,28119
TheOneWhoBreaths,1,28076,14730,13346,1384,256,1,1,1640,28077
SykuteHD,5,28066,15379,12687,2692,815,5,5,3507,28071
smitty00217,2,28060,14817,13243,1574,252,1,2,1826,28062
ghaib,12,28034,16262,11772,4490,910,12,10,5400,28044
bekers,3,28038,15291,12747,2544,698,3,3,3242,28041
Whyevernot55,1,28015,14819,13196,1623,310,0,0,1933,28015
guisouzat,2,28011,15416,12595,2821,591,2,2,3412,28013
HMNiD,2,28006,14603,13403,1200,629,2,1,1829,28007
TheCitiz3n,1,27988,14777,13211,1566,219,1,1,1785,27989
sawbutter,11,27987,16041,11946,4095,1385,11,1,5480,27988
JunkDeluxe,1,27978,15299,12679,2620,645,1,0,3265,27978
BenAfleckIsAnOkActor,8,27969,15536,12433,3103,866,8,6,3969,27975
Ignite_My_Paradigm,5,27969,14691,13278,1413,449,4,3,1862,27972
kenoceanguy,2,27968,15013,12955,2058,126,2,2,2184,27970
QueueNX,2,27941,15102,12839,2263,393,2,1,2656,27942
sunkid,7,27923,15832,12091,3741,304,7,5,4045,27928
yankeezfan7777,1,27927,14991,12936,2055,484,1,0,2539,27927
reckLesss,1,27921,14805,13116,1689,274,1,0,1963,27921
Jkard,2,27907,14613,13294,1319,383,2,2,1702,27909
life_failure,2,27899,14510,13389,1121,266,2,2,1387,27901
Geniusorus,1,27883,14724,13159,1565,106,1,1,1671,27884
-Slade-,1,27880,14767,13113,1654,328,1,1,1982,27881
JonasFischer,5,27857,15473,12384,3089,1081,5,3,4170,27860
Readyrock,1,27854,14741,13113,1628,790,1,0,2418,27854
bluemdown,1,27840,14603,13237,1366,726,1,0,2092,27840
IncredibleFalk1,7,27832,14761,13071,1690,337,7,7,2027,27839
almightyjam,2,27834,14273,13561,712,827,1,0,1539,27834
maskedunabomber,1,27831,15501,12330,3171,414,1,0,3585,27831
JacksonxStevens,1,27831,14995,12836,2159,434,1,0,2593,27831
TwalotSporkle,3,27811,15096,12715,2381,363,2,2,2744,27813
TEmpTom,10,27803,15798,12005,3793,509,7,8,4302,27811
Cluss,5,27807,15291,12516,2775,418,5,3,3193,27810
Maxion,3,27801,14943,12858,2085,362,2,0,2447,27801
vexxecon,1,27767,14745,13022,1723,330,1,1,2053,27768
Apollo908,3,27745,15420,12325,3095,1237,2,3,4332,27748
pygmy,1,27728,14390,13338,1052,116,1,0,1168,27728
Jack213,9,27721,16138,11583,4555,354,8,6,4909,27727
fomoloko,9,27713,15551,12162,3389,675,9,8,4064,27721
Drijidible,8,27706,15892,11814,4078,857,7,4,4935,27710
MLPJordan,2,27699,14712,12987,1725,874,1,0,2599,27699
lloganwebb,2,27693,14622,13071,1551,582,1,1,2133,27694
redsmurf1,2,27692,14926,12766,2160,253,2,1,2413,27693
McBewbs,1,27685,14834,12851,1983,554,1,0,2537,27685
Denizz94,1,27679,14855,12824,2031,289,1,1,2320,27680
Slap-Happy,3,27658,15331,12327,3004,447,2,2,3451,27660
BronyBro,5,27638,14380,13258,1122,185,3,5,1307,27643
ricgalbraith,2,27641,15043,12598,2445,702,2,1,3147,27642
cbass717,4,27627,15295,12332,2963,512,4,3,3475,27630
felatiodeltoro,2,27625,15023,12602,2421,107,1,2,2528,27627
letroller,4,27610,15403,12207,3196,578,4,4,3774,27614
libamonkey,2,27583,14727,12856,1871,254,2,2,2125,27585
dugsanpedro,2,27553,14957,12596,2361,814,2,1,3175,27554
techno-toast,1,27550,14657,12893,1764,204,1,1,1968,27551
Mako2k10,3,27541,14560,12981,1579,153,3,3,1732,27544
grim_fandango,1,27535,14833,12702,2131,828,1,0,2959,27535
FlushingCakes,1,27532,14184,13348,836,287,1,1,1123,27533
shade1109,2,27523,14670,12853,1817,378,2,1,2195,27524
Byrom10,1,27521,14521,13000,1521,157,1,0,1678,27521
OsamaBinHitler,1,27519,14639,12880,1759,353,1,1,2112,27520
sheeeeeeet,5,27511,15412,12099,3313,356,5,4,3669,27515
etovic,2,27507,14669,12838,1831,464,2,1,2295,27508
Driaken,1,27503,14651,12852,1799,493,1,1,2292,27504
TTTNL,2,27499,14308,13191,1117,531,2,2,1648,27501
westcoast_eastsider,1,27478,14912,12566,2346,739,1,0,3085,27478
nickums24,8,27471,14765,12706,2059,169,6,6,2228,27477
bigatrop,2,27465,14882,12583,2299,467,2,2,2766,27467
JunkyBuGGer,4,27460,15224,12236,2988,160,4,3,3148,27463
Blood_havok,6,27443,15311,12132,3179,1036,6,6,4215,27449
pewpnstuff,2,27439,15173,12266,2907,695,2,0,3602,27439
drilkmops,1,27436,14490,12946,1544,1327,0,1,2871,27437
goaless,1,27433,14357,13076,1281,155,1,1,1436,27434
anatis,3,27417,14698,12719,1979,297,3,1,2276,27418
AjdinSamurai,9,27408,15186,12222,2964,223,7,8,3187,27416
EmileHeskey22,3,27413,14249,13164,1085,213,3,3,1298,27416
ClpReddit,2,27413,15002,12411,2591,424,2,0,3015,27413
RackballJoe,1,27410,14431,12979,1452,157,1,0,1609,27410
bumzo,7,27404,15089,12315,2774,260,3,4,3034,27408
secaedelcielo,7,27391,15123,12268,2855,317,5,6,3172,27397
GoblinTechies,1,27380,14722,12658,2064,444,1,0,2508,27380
airotciv,1,27375,14547,12828,1719,540,1,1,2259,27376
watchesyousleep,6,27368,16051,11317,4734,900,3,5,5634,27373
lynniewinnie,4,27340,14542,12798,1744,422,1,4,2166,27344
Likes2PaintShit,3,27335,15338,11997,3341,494,3,1,3835,27336
ProReposter,13,27306,15048,12258,2790,252,9,13,3042,27319
iamstephen,7,27312,14175,13137,1038,192,7,5,1230,27317
Natteke,4,27300,15069,12231,2838,529,4,1,3367,27301
ryuza,1,27257,14319,12938,1381,1502,1,0,2883,27257
thebmarinara,3,27242,15176,12066,3110,392,3,2,3502,27244
XSeveredX,18,27194,17010,10184,6826,491,14,14,7317,27208
baileyk08,2,27205,14508,12697,1811,147,1,1,1958,27206
Duuutch,3,27194,14359,12835,1524,128,3,3,1652,27197
HoustonTexan,6,27189,15478,11711,3767,732,6,6,4499,27195
classicalvin,3,27192,14923,12269,2654,583,3,2,3237,27194
sappro,1,27192,14507,12685,1822,904,1,0,2726,27192
severus_stark,1,27188,14519,12669,1850,184,1,0,2034,27188
Slashur_8,12,27169,19619,7550,12069,562,11,11,12631,27180
kgrandia,5,27172,14548,12624,1924,812,5,5,2736,27177
roysha,2,27172,14703,12469,2234,225,2,1,2459,27173
Biopsys,1,27167,14439,12728,1711,477,1,0,2188,27167
KnewFoundKnowledge,5,27162,14952,12210,2742,846,5,3,3588,27165
Turkey459,6,27156,14860,12296,2564,280,6,6,2844,27162
Kartelant,3,27156,14969,12187,2782,387,1,2,3169,27158
Irraanya,4,27153,15020,12133,2887,400,4,3,3287,27156
__TITS__,1,27156,14523,12633,1890,846,1,0,2736,27156
Tok-e-mon,1,27146,14279,12867,1412,427,1,1,1839,27147
applecart,1,27129,14213,12916,1297,103,1,1,1400,27130
Zeratas,23,27110,16417,10693,5724,817,21,15,6541,27125
gaping_your_mother,4,27108,14993,12115,2878,591,4,3,3469,27111
notanothermatt,2,27102,14767,12335,2432,216,2,1,2648,27103
discophunk,1,27096,14415,12681,1734,973,1,0,2707,27096
gareboi,1,27088,14212,12876,1336,149,1,1,1485,27089
snare123,2,27074,14414,12660,1754,196,2,2,1950,27076
usernameblank,7,27059,14334,12725,1609,198,2,5,1807,27064
retardoverthere,1,27049,14300,12749,1551,239,1,0,1790,27049
jmf145,23,27018,19916,7102,12814,554,17,17,13368,27035
wwm0nkey,2,27031,14541,12490,2051,1900,2,0,3951,27031
Nunuru,3,27028,14785,12243,2542,1044,3,1,3586,27029
Callan-J,4,27013,14768,12245,2523,541,4,2,3064,27015
dinosbucket,2,27003,14168,12835,1333,246,2,0,1579,27003
CANCER_PUNCH,3,26999,14564,12435,2129,272,1,3,2401,27002
vanillarain,2,26972,14488,12484,2004,470,2,1,2474,26973
rabbles3,1,26973,14438,12535,1903,252,1,0,2155,26973
j3ssmar,4,26964,14873,12091,2782,1237,4,2,4019,26966
charlemagne_the_cat,5,26959,14614,12345,2269,534,5,5,2803,26964
MyRageComics,1,26955,14283,12672,1611,255,1,0,1866,26955
IDlOT,7,26947,14612,12335,2277,358,6,7,2635,26954
boom247,1,26954,14171,12783,1388,1044,1,0,2432,26954
coupland,1,26952,14093,12859,1234,1065,1,0,2299,26952
iCtrl,11,26932,15562,11370,4192,186,1,11,4378,26943
Dylan747,1,26942,14400,12542,1858,1407,1,0,3265,26942
legion26,1,26941,14501,12440,2061,305,1,1,2366,26942
philtomato,6,26933,14677,12256,2421,496,4,5,2917,26938
hoagiej,2,26931,14125,12806,1319,679,2,1,1998,26932
cwdearmon,6,26924,14901,12023,2878,211,2,6,3089,26930
Pentame,3,26926,14333,12593,1740,469,3,3,2209,26929
xArrayx,2,26919,14400,12519,1881,125,1,1,2006,26920
kancas,2,26906,14646,12260,2386,272,2,0,2658,26906
this_name_is_generic,1,26904,14185,12719,1466,458,1,1,1924,26905
philzero,1,26904,14388,12516,1872,154,1,0,2026,26904
saltus,1,26903,14473,12430,2043,1077,1,0,3120,26903
phantomlover90,1,26876,14046,12830,1216,279,1,0,1495,26876
bballlvr4evr,2,26874,14414,12460,1954,198,2,1,2152,26875
Space_Bungalow,4,26846,14949,11897,3052,280,4,4,3332,26850
Molluskeye,1,26837,14201,12636,1565,445,1,0,2010,26837
Jenwalou,1,26817,14522,12295,2227,348,1,1,2575,26818
shameful_execution,1,26796,14250,12546,1704,165,1,1,1869,26797
Talakash,2,26796,13954,12842,1112,471,2,1,1583,26797
jiblet84,10,26766,15350,11416,3934,1461,8,10,5395,26776
andersonb47,5,26757,15229,11528,3701,891,5,5,4592,26762
d13coates,1,26741,14510,12231,2279,415,1,0,2694,26741
ieatkarmawhores,2,26728,14102,12626,1476,403,2,2,1879,26730
Probably_Fat,2,26725,14034,12691,1343,640,2,2,1983,26727
bonechip,2,26722,14309,12413,1896,330,1,1,2226,26723
MattCunnelly,5,26711,14766,11945,2821,306,2,5,3127,26716
atomgiant23,3,26706,14349,12357,1992,540,3,3,2532,26709
balbosta,5,26687,14377,12310,2067,182,2,4,2249,26691
rdt156,1,26689,14807,11882,2925,381,1,0,3306,26689
Midiex,5,26684,14644,12040,2604,656,5,3,3260,26687
NARWHAL_POTATO,5,26679,16203,10476,5727,165,3,5,5892,26684
DrewQuinz,5,26663,13883,12780,1103,1421,5,5,2524,26668
Dadilikeboys,4,26657,14858,11799,3059,507,3,3,3566,26660
UnrivalleD,3,26649,14213,12436,1777,466,3,3,2243,26652
ArrenPawk,7,26644,15473,11171,4302,270,6,5,4572,26649
AJay17,6,26620,15048,11572,3476,342,6,3,3818,26623
Raual,3,26609,14313,12296,2017,529,1,3,2546,26612
IsRidiculous,2,26600,13947,12653,1294,219,0,1,1513,26601
RoTTaaX,9,26589,15141,11448,3693,382,9,8,4075,26597
bronxwasborninsweden,1,26595,14213,12382,1831,941,1,1,2772,26596
Add4164,3,26584,14896,11688,3208,2600,2,3,5808,26587
daderade,1,26584,14116,12468,1648,122,1,1,1770,26585
chrismetalrock,2,26573,14468,12105,2363,467,2,2,2830,26575
gstefanl,2,26573,14185,12388,1797,110,2,2,1907,26575
biketrike,2,26567,14540,12027,2513,612,1,2,3125,26569
mtthwhdl,5,26550,15433,11117,4316,543,5,4,4859,26554
parallelogram_soup,1,26553,14608,11945,2663,328,1,0,2991,26553
Ichthasen,7,26544,15602,10942,4660,360,4,7,5020,26551
maurodog,1,26548,14105,12443,1662,487,1,0,2149,26548
emersoll,6,26536,14841,11695,3146,403,4,5,3549,26541
Frank_Sandbeans,4,26533,14642,11891,2751,486,4,4,3237,26537
modernwitch,10,26517,14388,12129,2259,286,7,9,2545,26526
bigtuna216,1,26523,13864,12659,1205,237,0,1,1442,26524
JL_Silva,10,26506,14340,12166,2174,447,7,7,2621,26513
Son_Of_Osiris,2,26506,14624,11882,2742,367,2,2,3109,26508
HanSkywalker,20,26492,14410,12082,2328,727,16,14,3055,26506
happytrees,1,26499,14534,11965,2569,749,1,0,3318,26499
RaxynSword,2,26478,13856,12622,1234,476,2,2,1710,26480
weirdie,1,26477,14521,11956,2565,827,1,1,3392,26478
FallingNIN,2,26476,14192,12284,1908,140,2,1,2048,26477
revpartner,1,26475,13926,12549,1377,691,1,0,2068,26475
torah_sam,12,26448,14976,11472,3504,794,12,9,4298,26457
deceptor_rex,2,26449,13853,12596,1257,603,2,2,1860,26451
Lostinwords,4,26445,15917,10528,5389,243,4,4,5632,26449
Evan9512,1,26447,13781,12666,1115,275,1,1,1390,26448
VerGuy,14,26441,14956,11485,3471,311,13,3,3782,26444
JaSaw0,1,26442,13790,12652,1138,141,1,1,1279,26443
RoB0x,1,26438,13913,12525,1388,222,0,1,1610,26439
1337jokke,2,26431,13713,12718,995,224,1,2,1219,26433
swordsnguns,2,26428,14197,12231,1966,601,2,1,2567,26429
khdutton,8,26403,15762,10641,5121,396,6,4,5517,26407
Short_stuff,19,26391,15550,10841,4709,788,18,8,5497,26399
Thames1337,2,26393,14185,12208,1977,280,2,2,2257,26395
TecN9ne,1,26386,13741,12645,1096,291,1,1,1387,26387
cbfw86,3,26380,14599,11781,2818,713,2,2,3531,26382
Camac,1,26381,14028,12353,1675,487,1,0,2162,26381
cocoapuff7,1,26377,15419,10958,4461,278,1,0,4739,26377
jrcoreymv,2,26370,13936,12434,1502,357,2,1,1859,26371
LilRico0412,2,26352,14438,11914,2524,140,1,2,2664,26354
DutchDelighttt,2,26327,13874,12453,1421,232,1,2,1653,26329
mohaukachi,2,26328,14343,11985,2358,506,2,0,2864,26328
ForkSpoonLavaGator,1,26326,13973,12353,1620,232,1,0,1852,26326
tway001,1,26324,14185,12139,2046,275,1,1,2321,26325
mattyboy89,2,26302,14529,11773,2756,397,2,2,3153,26304
kissmeplz,3,26301,13901,12400,1501,688,3,2,2189,26303
alabap,6,26291,14083,12208,1875,764,5,5,2639,26296
richard_tucker,5,26286,14497,11789,2708,423,5,4,3131,26290
mechabeast,2,26289,14030,12259,1771,676,1,1,2447,26290
CrimsinShadow,3,26284,14824,11460,3364,370,2,2,3734,26286
amialive,1,26280,13756,12524,1232,190,1,1,1422,26281
Griftr,1,26271,14286,11985,2301,207,0,1,2508,26272
hawaiian_lab,10,26259,14955,11304,3651,319,10,8,3970,26267
fieldstudies,1,26240,13696,12544,1152,554,1,0,1706,26240
phatcan,2,26229,13790,12439,1351,270,2,2,1621,26231
SlappyXtra,1,26211,13753,12458,1295,417,1,1,1712,26212
JeanRalfio,1,26197,13949,12248,1701,566,1,1,2267,26198
Linkzor24,25,26161,15346,10815,4531,399,20,22,4930,26183
DrMadFellow,1,26177,13740,12437,1303,684,1,1,1987,26178
Zmodem,4,26172,14077,12095,1982,174,4,3,2156,26175
kekembas17,9,26153,14710,11443,3267,207,5,7,3474,26160
Baconator14,6,26155,14008,12147,1861,333,4,5,2194,26160
1006_Upside_Down,11,26144,13929,12215,1714,1804,9,9,3518,26153
MiskaTorn,1,26151,13999,12152,1847,879,1,0,2726,26151
Nowistimetopretend,6,26144,14602,11542,3060,392,5,4,3452,26148
Mattoosie,7,26136,14479,11657,2822,306,4,7,3128,26143
anneh239,3,26139,14626,11513,3113,246,3,3,3359,26142
IndigenousStranger,3,26134,13716,12418,1298,221,1,3,1519,26137
Olpainless,1,26115,13832,12283,1549,725,1,1,2274,26116
merpderppurp,1,26111,13774,12337,1437,192,1,1,1629,26112
robotnip,1,26107,13630,12477,1153,175,1,1,1328,26108
theZombieCat,2,26105,13801,12304,1497,277,1,2,1774,26107
randoh12,15,26091,14596,11495,3101,562,13,11,3663,26102
Handro,2,26087,14748,11339,3409,558,2,1,3967,26088
ecwallen,3,26074,14224,11850,2374,596,3,3,2970,26077
sangeli,4,26067,14083,11984,2099,795,4,4,2894,26071
DumbKeyboard,2,26071,13615,12456,1159,175,2,0,1334,26071
agentdax5,1,26066,13980,12086,1894,421,1,0,2315,26066
nickdude77,1,26064,13794,12270,1524,289,1,0,1813,26064
Pikitott,3,26060,13604,12456,1148,956,3,3,2104,26063
travosas,4,26058,14780,11278,3502,514,4,1,4016,26059
Humpyhempy,7,26041,14155,11886,2269,277,5,6,2546,26047
DrTango,3,26044,14242,11802,2440,195,3,2,2635,26046
Volvulus,1,26044,13913,12131,1782,263,1,1,2045,26045
tudormorris,1,26036,13567,12469,1098,217,1,0,1315,26036
jwdrummer21,1,26034,14264,11770,2494,982,1,0,3476,26034
Lpup,2,26031,13727,12304,1423,465,1,1,1888,26032
kaiethan,4,25994,14370,11624,2746,427,3,4,3173,25998
Deadpool86,1,25970,14155,11815,2340,461,1,1,2801,25971
aphexcoil,1,25964,13714,12250,1464,419,1,1,1883,25965
TyBegs,1,25941,13593,12348,1245,731,1,1,1976,25942
basshead23,3,25934,14761,11173,3588,378,3,2,3966,25936
Gurphy,1,25932,13515,12417,1098,1240,1,1,2338,25933
AlSharpton,1,25925,14081,11844,2237,140,0,1,2377,25926
raquel38,5,25920,13996,11924,2072,245,3,5,2317,25925
chutupandtakemykarma,1,25923,13826,12097,1729,515,0,1,2244,25924
jonahlew,8,25916,15146,10770,4376,328,6,4,4704,25920
mentallyvexed,1,25919,13844,12075,1769,76,1,1,1845,25920
sweet-brah,3,25918,13574,12344,1230,358,2,1,1588,25919
desouza3,2,25905,14289,11616,2673,442,2,1,3115,25906
rsjac,1,25904,14154,11750,2404,1211,1,0,3615,25904
TheUnwrittenEnding,1,25897,14033,11864,2169,1402,0,1,3571,25898
w4rf19ht3r,22,25883,19917,5966,13951,969,18,12,14920,25895
slambient,1,25886,14072,11814,2258,364,1,0,2622,25886
MWolf20,2,25851,13806,12045,1761,289,2,1,2050,25852
Vandmanden,1,25843,13545,12298,1247,162,1,1,1409,25844
irespostoldstuff,4,25828,13995,11833,2162,658,4,4,2820,25832
Sinfulblissful,1,25825,13737,12088,1649,209,1,1,1858,25826
pyronics,3,25822,13865,11957,1908,527,3,3,2435,25825
Kozlov8,1,25823,13478,12345,1133,653,1,0,1786,25823
gadaspir,4,25804,13718,12086,1632,331,2,4,1963,25808
braaaiins,2,25803,13701,12102,1599,333,2,1,1932,25804
Callmecity,4,25796,14129,11667,2462,485,3,4,2947,25800
whoismilan,2,25782,14089,11693,2396,476,2,1,2872,25783
sgrodgers10,3,25762,13526,12236,1290,276,3,3,1566,25765
StVitusDance,1,25744,13469,12275,1194,278,1,0,1472,25744
avocategory,1,25732,13555,12177,1378,235,1,1,1613,25733
yakkers09,6,25721,13827,11894,1933,269,4,6,2202,25727
Perma,1,25718,14262,11456,2806,292,1,0,3098,25718
moviecoolc,1,25713,13577,12136,1441,389,1,1,1830,25714
pinkeyeofthetiger,1,25710,13541,12169,1372,956,1,1,2328,25711
FreddieLunsford,2,25708,13625,12083,1542,436,2,2,1978,25710
Vaub,7,25695,14132,11563,2569,240,4,5,2809,25700
joeshrimp11,1,25689,13592,12097,1495,794,1,0,2289,25689
odd_metaphor,4,25684,14341,11343,2998,379,4,2,3377,25686
m1asma,3,25666,14050,11616,2434,652,3,3,3086,25669
pieromod,3,25665,13710,11955,1755,406,3,1,2161,25666
kooza5,2,25664,13359,12305,1054,485,1,1,1539,25665
DAFT_Arthur,1,25661,13485,12176,1309,346,1,1,1655,25662
PureEvil666,3,25658,13693,11965,1728,347,1,3,2075,25661
life_is_okay,1,25656,13554,12102,1452,213,1,1,1665,25657
sommolovely,1,25646,13928,11718,2210,209,1,0,2419,25646
QEDomelets,3,25617,14540,11077,3463,279,3,2,3742,25619
Nicoletine,1,25618,13595,12023,1572,193,1,1,1765,25619
snappiness,2,25605,14227,11378,2849,600,2,2,3449,25607
joshmonster,2,25605,14018,11587,2431,257,2,1,2688,25606
qqwhine,8,25597,13614,11983,1631,415,6,4,2046,25601
liamrichards,1,25595,13738,11857,1881,240,1,0,2121,25595
daking00,1,25590,13276,12314,962,344,0,0,1306,25590
Irregulator,7,25554,14262,11292,2970,346,7,6,3316,25560
princessmisery,1,25559,13519,12040,1479,124,1,0,1603,25559
Syyraxus,8,25529,13990,11539,2451,269,8,7,2720,25536
nito23,3,25527,13608,11919,1689,664,3,2,2353,25529
Spudymo,4,25518,13355,12163,1192,108,2,4,1300,25522
kmccoy831,5,25511,13679,11832,1847,261,5,4,2108,25515
iliketodoodle,1,25506,13816,11690,2126,594,1,0,2720,25506
KrimsonTide,1,25503,13160,12343,817,288,1,0,1105,25503
TrevBot33,1,25494,13880,11614,2266,260,1,0,2526,25494
discovergeneralmills,4,25489,14339,11150,3189,292,4,0,3481,25489
GFNoobs,2,25485,13712,11773,1939,426,2,2,2365,25487
Elo29,1,25484,13623,11861,1762,107,1,1,1869,25485
rednosereddit,1,25472,13578,11894,1684,1946,1,1,3630,25473
whatspeerpressure,2,25466,13867,11599,2268,211,2,1,2479,25467
Sixtyn9ne,2,25462,13124,12338,786,325,2,2,1111,25464
oxDarkStormxo,1,25444,13567,11877,1690,1202,1,1,2892,25445
Wyrd_5,1,25444,13597,11847,1750,235,1,0,1985,25444
stefeyboy,4,25435,14444,10991,3453,761,1,4,4214,25439
spasms,1,25432,14030,11402,2628,182,1,0,2810,25432
surpasser,1,25415,13625,11790,1835,538,1,0,2373,25415
business_suit,1,25407,13490,11917,1573,324,1,1,1897,25408
Pastlife123,2,25407,13726,11681,2045,211,2,0,2256,25407
paydon18,1,25403,13452,11951,1501,238,1,1,1739,25404
SAK767,13,25390,14160,11230,2930,646,10,12,3576,25402
oMisanthropo,1,25382,13293,12089,1204,222,1,0,1426,25382
jfopj,1,25380,13123,12257,866,528,1,0,1394,25380
xBlackbiird,1,25373,14113,11260,2853,322,1,0,3175,25373
svtracerd,1,25366,13627,11739,1888,710,1,0,2598,25366
subtxt,1,25351,13509,11842,1667,80,0,1,1747,25352
Elec0,3,25345,13773,11572,2201,383,2,3,2584,25348
qudsi,1,25343,13298,12045,1253,190,1,0,1443,25343
diabr0,1,25318,13428,11890,1538,233,1,0,1771,25318
ratt1601,1,25308,13445,11863,1582,212,1,1,1794,25309
nodnodwinkwink,3,25292,14270,11022,3248,552,3,2,3800,25294
OxzyVII,1,25276,13038,12238,800,113,1,0,913,25276
Shadimlkman,1,25262,13391,11871,1520,488,1,1,2008,25263
awoouh,1,25255,13429,11826,1603,124,1,0,1727,25255
not-a-team-player,1,25248,13377,11871,1506,254,1,1,1760,25249
I_am_from_outside,6,25234,13782,11452,2330,460,5,5,2790,25239
Kraylon,1,25231,13092,12139,953,3430,1,0,4383,25231
Jonno_FTW,4,25226,14028,11198,2830,456,4,3,3286,25229
neightdog,7,25213,14171,11042,3129,535,7,5,3664,25218
pop_smear,3,25200,13358,11842,1516,238,3,3,1754,25203
HipHopAnonymous23,2,25182,13321,11861,1460,184,2,2,1644,25184
bronchial,1,25182,13350,11832,1518,1462,1,0,2980,25182
not_a_drip,1,25175,13683,11492,2191,649,1,0,2840,25175
ActuatedSathman,3,25155,14680,10475,4205,174,3,1,4379,25156
UnknownGhost,6,25121,14051,11070,2981,208,3,5,3189,25126
NodsInApprovement,2,25122,13462,11660,1802,649,2,1,2451,25123
The_Total_Focus,3,25117,13121,11996,1125,415,3,3,1540,25120
Autoham,4,25113,14366,10747,3619,254,3,3,3873,25116
somuchoriginal,6,25105,13811,11294,2517,963,6,5,3480,25110
brendendas,1,25099,13702,11397,2305,410,1,0,2715,25099
iammisanthropic,2,25088,13472,11616,1856,312,2,2,2168,25090
divinebaboon,1,25087,13616,11471,2145,337,1,0,2482,25087
NUTELLASQUIRTLE,2,25077,13340,11737,1603,254,0,1,1857,25078
BuckNastyPro,7,25070,13791,11279,2512,389,6,7,2901,25077
poeta_aburrido,1,25073,13343,11730,1613,678,1,0,2291,25073
Dr_KarmaMiner,3,25064,13586,11478,2108,341,3,3,2449,25067
Officer_Squarepants,1,25061,12934,12127,807,243,1,1,1050,25062
CronaMedusa,1,25054,13381,11673,1708,187,1,1,1895,25055
Lilyo,1,25054,13158,11896,1262,369,1,1,1631,25055
ali_asif45,2,25046,13796,11250,2546,232,2,1,2778,25047
MeowMeowMatthew,3,25038,13410,11628,1782,409,3,1,2191,25039
LeCarpeDiem,2,25034,13120,11914,1206,1110,2,1,2316,25035
timz45,2,25025,13624,11401,2223,896,2,1,3119,25026
CTRL_ALT_RAPE,2,25005,13009,11996,1013,318,2,2,1331,25007
brosie,3,25001,13725,11276,2449,244,2,1,2693,25002
amadea56,2,24979,13485,11494,1991,359,2,2,2350,24981
Twigeye,1,24958,13526,11432,2094,458,1,0,2552,24958
AcerRubrum,3,24955,13175,11780,1395,502,2,3,1897,24958
Zoomerboomer,1,24955,13202,11753,1449,109,1,1,1558,24956
tiger-rawr,1,24953,13503,11450,2053,101,1,0,2154,24953
Hieberrr,1,24947,13275,11672,1603,107,1,1,1710,24948
soltrigger,3,24943,13086,11857,1229,165,2,3,1394,24946
BobDucca,1,24938,13497,11441,2056,115,1,1,2171,24939
Mister_HerpDerp,1,24928,12823,12105,718,222,1,1,940,24929
givesmearealkick,1,24894,13188,11706,1482,160,1,1,1642,24895
russbaker37,2,24889,13519,11370,2149,728,2,0,2877,24889
PowerCrumpet,1,24883,13262,11621,1641,1732,1,0,3373,24883
CantSeeShit,2,24877,13422,11455,1967,726,2,1,2693,24878
RorschachsMask,4,24873,13543,11330,2213,815,4,4,3028,24877
YouAreWrong12,1,24867,13154,11713,1441,368,1,0,1809,24867
hornwalker,1,24864,13033,11831,1202,175,1,1,1377,24865
Sleepy_Tiger,1,24863,13221,11642,1579,206,1,1,1785,24864
dreams2reality,2,24847,13757,11090,2667,225,2,1,2892,24848
newrussells,1,24841,13271,11570,1701,162,0,1,1863,24842
mp3thief,2,24840,13535,11305,2230,506,2,0,2736,24840
Aisthetiks,1,24839,13031,11808,1223,232,1,0,1455,24839
PoozTool13,3,24826,13081,11745,1336,235,2,3,1571,24829
Dylanjosh,1,24818,13392,11426,1966,673,1,0,2639,24818
Yojimara,5,24810,13413,11397,2016,277,5,3,2293,24813
poopitypewpitypents,1,24801,13684,11117,2567,471,1,0,3038,24801
punkerdoodle,3,24799,13301,11498,1803,237,2,2,2040,24801
sahilbawa,4,24794,13428,11366,2062,407,4,4,2469,24798
mdehevilland,4,24789,13142,11647,1495,311,2,4,1806,24793
LovesScience,2,24790,13274,11516,1758,156,1,2,1914,24792
Tman21901,2,24784,12731,12053,678,106,1,2,784,24786
Mantistobogganftw,1,24785,13107,11678,1429,648,1,0,2077,24785
hacksawjane,1,24766,13027,11739,1288,479,1,1,1767,24767
jpr281,2,24765,13656,11109,2547,513,2,1,3060,24766
RiverBoogie,5,24763,13605,11158,2447,293,5,2,2740,24765
TearTea,1,24757,13438,11319,2119,137,1,0,2256,24757
Metamorphism,6,24745,14097,10648,3449,666,6,1,4115,24746
SalemDrumline2011,2,24731,13352,11379,1973,241,2,2,2214,24733
omgwtfbbq69,2,24728,12861,11867,994,2345,2,2,3339,24730
amazingbrowncow,1,24730,13135,11595,1540,138,1,0,1678,24730
FTWindsor,2,24713,13447,11266,2181,247,2,2,2428,24715
zharwood,2,24703,13657,11046,2611,610,2,1,3221,24704
JohnJohnMcLovin,3,24701,13823,10878,2945,236,0,3,3181,24704
pomegranati,2,24699,13146,11553,1593,287,2,2,1880,24701
bubbasmi,1,24678,13267,11411,1856,368,1,0,2224,24678
Viscious_biscuit4,15,24656,14332,10324,4008,261,11,13,4269,24669
Rileybeler,1,24668,13361,11307,2054,134,1,0,2188,24668
AlmostGaryBusey,4,24646,13790,10856,2934,188,3,3,3122,24649
hyperuppercut,9,24642,14524,10118,4406,668,9,3,5074,24645
IAMBollock,2,24642,13771,10871,2900,457,2,2,3357,24644
tjy18,4,24633,13053,11580,1473,139,4,4,1612,24637
CyaSteve,1,24624,13030,11594,1436,168,1,0,1604,24624
stabberthomas,3,24614,13535,11079,2456,181,2,2,2637,24616
T-RexGoesRawr,3,24599,13357,11242,2115,294,3,2,2409,24601
Askmoa,1,24598,12933,11665,1268,362,1,0,1630,24598
Kevward,2,24593,12931,11662,1269,428,2,1,1697,24594
vulpesvulpes_,14,24571,14778,9793,4985,293,11,12,5278,24583
Punch_A_Lunch,4,24577,13212,11365,1847,105,3,4,1952,24581
pwoody11,1,24578,13006,11572,1434,308,0,1,1742,24579
daviddesousa,3,24560,13648,10912,2736,849,3,3,3585,24563
brillo90,6,24554,13170,11384,1786,290,5,5,2076,24559
donalddk,1,24547,13227,11320,1907,307,1,0,2214,24547
ltbrown8,2,24545,12881,11664,1217,132,2,2,1349,24547
TigerWylde,25,24523,14671,9852,4819,325,14,23,5144,24546
WhereAreThePix,8,24536,13762,10774,2988,211,8,6,3199,24542
jeff5755,1,24537,12829,11708,1121,144,1,1,1265,24538
Sloppy-Waffles,3,24534,13317,11217,2100,265,2,3,2365,24537
zombiechris,3,24529,13372,11157,2215,181,1,2,2396,24531
backhudson,5,24527,13386,11141,2245,341,5,3,2586,24530
jburger424,3,24522,12765,11757,1008,256,2,0,1264,24522
actonesceneone,10,24505,14894,9611,5283,282,8,8,5565,24513
maxwerklund,1,24513,13135,11378,1757,257,1,0,2014,24513
meltshake,3,24507,13155,11352,1803,238,3,2,2041,24509
lemmewinks89,1,24494,12829,11665,1164,372,1,1,1536,24495
bencameron,1,24491,13097,11394,1703,359,1,0,2062,24491
fennelads,9,24472,13024,11448,1576,982,7,8,2558,24480
thatsjustshellfish,1,24475,13153,11322,1831,215,1,1,2046,24476
Ovreel,4,24470,13159,11311,1848,211,4,4,2059,24474
renome,8,24454,13765,10689,3076,213,3,8,3289,24462
Chachbag,1,24461,12890,11571,1319,274,1,1,1593,24462
therm,4,24449,13096,11353,1743,268,4,4,2011,24453
brianhuangbh,1,24448,13230,11218,2012,403,1,0,2415,24448
TheVallelator,4,24431,13829,10602,3227,568,4,1,3795,24432
underthehills,1,24431,12902,11529,1373,435,1,1,1808,24432
ScaperBen,2,24427,13456,10971,2485,814,2,2,3299,24429
air_wreckz,1,24426,13243,11183,2060,1456,1,0,3516,24426
aglitchyworld,1,24420,12931,11489,1442,148,1,1,1590,24421
rad-i-cal,1,24417,12722,11695,1027,250,1,1,1277,24418
juspooped,2,24402,13083,11319,1764,267,2,1,2031,24403
Reildo,6,24392,13887,10505,3382,845,6,6,4227,24398
stinkylibrary,11,24391,13748,10643,3105,771,10,3,3876,24394
Coolwalsh,1,24393,13283,11110,2173,296,1,0,2469,24393
forevertrombone,2,24386,13040,11346,1694,253,2,2,1947,24388
sened,1,24367,13063,11304,1759,880,1,1,2639,24368
mistressredditor,1,24355,12771,11584,1187,150,1,1,1337,24356
Ignify,4,24350,13549,10801,2748,456,4,4,3204,24354
craftymethod,4,24343,13056,11287,1769,256,4,4,2025,24347
weezl,1,24341,13060,11281,1779,588,1,0,2367,24341
TimmayB,1,24336,13104,11232,1872,422,1,1,2294,24337
supersede,1,24325,13308,11017,2291,353,1,1,2644,24326
BanditRaccoon,1,24325,12999,11326,1673,189,1,0,1862,24325
bemiller,1,24321,12795,11526,1269,462,1,0,1731,24321
hazzleberry,1,24319,12905,11414,1491,236,1,0,1727,24319
loposaurus,17,24299,15009,9290,5719,350,15,15,6069,24314
adapa,1,24298,13061,11237,1824,68,0,1,1892,24299
krissybaby722,3,24278,13402,10876,2526,263,2,3,2789,24281
Cynikill,2,24276,13114,11162,1952,160,2,1,2112,24277
Broder45,1,24269,12893,11376,1517,272,1,0,1789,24269
SKandola,3,24258,13103,11155,1948,304,3,1,2252,24259
knucklefucker,1,24249,13336,10913,2423,1712,1,0,4135,24249
Avendrel,1,24247,12682,11565,1117,406,1,1,1523,24248
boogieroo,4,24234,12780,11454,1326,427,2,4,1753,24238
deadphonix,2,24233,12576,11657,919,409,2,2,1328,24235
Large_Pimpin,1,24233,12718,11515,1203,289,1,1,1492,24234
purplesnapback,1,24232,12635,11597,1038,158,1,1,1196,24233
teeohdeedee123,7,24227,14739,9488,5251,685,7,3,5936,24230
Nukufox,1,24221,13137,11084,2053,173,1,1,2226,24222
drunkenbozo,1,24206,13012,11194,1818,254,1,0,2072,24206
Dicebat,4,24201,13341,10860,2481,192,3,4,2673,24205
Tater_Nuts,4,24198,13253,10945,2308,512,4,2,2820,24200
gdaem,6,24178,13064,11114,1950,118,3,6,2068,24184
ImTheSmallOne,1,24181,12699,11482,1217,264,1,1,1481,24182
resultspending,1,24181,13034,11147,1887,514,1,0,2401,24181
idderzz,3,24172,13055,11117,1938,665,3,3,2603,24175
Evruts,1,24164,13320,10844,2476,139,1,1,2615,24165
mynamepeggy,5,24144,12861,11283,1578,167,5,4,1745,24148
muffintiime,1,24144,12431,11713,718,146,1,1,864,24145
lakercud11,7,24120,12693,11427,1266,232,6,6,1498,24126
DaddyDanceParty,1,24122,12876,11246,1630,516,1,1,2146,24123
Hremsfeld,1,24114,12848,11266,1582,247,1,1,1829,24115
Thediepend,5,24108,13401,10707,2694,356,5,4,3050,24112
Xmonster_energyX,2,24102,13172,10930,2242,433,2,2,2675,24104
Archany,4,24097,13171,10926,2245,317,3,4,2562,24101
tehcrs,14,24084,13686,10398,3288,240,11,12,3528,24096
breakevent,1,24092,12728,11364,1364,211,1,0,1575,24092
SouthernRockOpera,1,24090,12958,11132,1826,525,1,1,2351,24091
Chroncraft,1,24089,12572,11517,1055,351,1,0,1406,24089
walterschooler,1,24083,12812,11271,1541,861,0,1,2402,24084
RepostGiveMeKarma,1,24083,12798,11285,1513,205,1,1,1718,24084
MiranDaVinci,5,24078,13015,11063,1952,346,5,4,2298,24082
Jabingo19,2,24080,13052,11028,2024,201,2,2,2225,24082
TranSkyrim,1,24080,12616,11464,1152,264,1,0,1416,24080
ok_thanks_,1,24076,13410,10666,2744,307,1,1,3051,24077
IcePeten,1,24073,12918,11155,1763,118,1,1,1881,24074
jdmason,2,24071,12854,11217,1637,286,2,2,1923,24073
Hiphoppington,11,24063,13916,10147,3769,908,11,9,4677,24072
leonoc,1,24055,12707,11348,1359,362,1,1,1721,24056
kimmieeakin,1,24055,12442,11613,829,641,1,1,1470,24056
mrhuggables,2,24042,13543,10499,3044,690,2,0,3734,24042
oldmanrain,6,24025,13498,10527,2971,1036,6,2,4007,24027
thunderboltsand,6,24017,13053,10964,2089,241,5,6,2330,24023
Flafla2,1,24019,12866,11153,1713,148,1,0,1861,24019
saiuke,9,24008,13531,10477,3054,246,9,7,3300,24015
itsgucciBURR,1,24012,12739,11273,1466,831,1,0,2297,24012
adamsizzle,5,24005,13198,10807,2391,558,5,4,2949,24009
AliceDiana,4,24001,13371,10630,2741,84,4,1,2825,24002
myster10n,1,23995,12842,11153,1689,156,1,0,1845,23995
Ark_aid,4,23986,13804,10182,3622,368,4,4,3990,23990
oneangryatheist,1,23987,12746,11241,1505,231,0,1,1736,23988
Cutzero,1,23987,12443,11544,899,158,1,1,1057,23988
pookie74,6,23980,13389,10591,2798,379,6,3,3177,23983
Concrow,1,23978,12745,11233,1512,143,1,1,1655,23979
Alec693,1,23978,12902,11076,1826,769,1,0,2595,23978
A-CENTER-FOR-ANTS,2,23966,12995,10971,2024,350,0,2,2374,23968
ricktencity,2,23964,13550,10414,3136,562,2,2,3698,23966
94svtcobra,4,23955,12920,11035,1885,297,4,3,2182,23958
jbitndREDD,2,23956,13004,10952,2052,914,2,0,2966,23956
funnyvince,1,23955,12739,11216,1523,554,1,0,2077,23955
Chrome7,1,23946,13282,10664,2618,229,1,0,2847,23946
tbeckster,3,23934,12744,11190,1554,94,1,3,1648,23937
calvinvle,1,23932,12651,11281,1370,761,1,1,2131,23933
j2k3k,1,23925,12682,11243,1439,191,1,1,1630,23926
ChevyBMX,9,23914,14328,9586,4742,214,8,9,4956,23923
Lurkerphile,2,23921,12689,11232,1457,374,2,1,1831,23922
jojojok,3,23913,13309,10604,2705,428,3,3,3133,23916
2followsme7,3,23914,12713,11201,1512,426,3,0,1938,23914
Eazer27,4,23888,12661,11227,1434,402,3,4,1836,23892
P8TRO,1,23884,12525,11359,1166,414,1,0,1580,23884
Briankov5,2,23879,12656,11223,1433,422,0,2,1855,23881
how_do_i_name,2,23874,12471,11403,1068,654,2,2,1722,23876
PASS-A-FIST,1,23867,12738,11129,1609,242,1,0,1851,23867
pstamato,2,23863,12727,11136,1591,454,1,2,2045,23865
robotwarlordelephant,1,23858,13032,10826,2206,540,1,1,2746,23859
Rosenkrantz_,1,23841,12336,11505,831,603,1,1,1434,23842
jimmythewonder,1,23822,12539,11283,1256,617,1,0,1873,23822
faerael,1,23783,13042,10741,2301,256,1,0,2557,23783
hey-aqualung,1,23768,12871,10897,1974,165,1,0,2139,23768
wearenotwithyou,2,23766,12796,10970,1826,198,2,2,2024,23768
nfutty,5,23758,12723,11035,1688,98,2,5,1786,23763
pcmattman,1,23757,12697,11060,1637,911,1,1,2548,23758
KC-53,2,23738,12774,10964,1810,1142,2,2,2952,23740
antcruz,1,23740,12977,10763,2214,511,1,0,2725,23740
ItsTwitch,4,23726,13464,10262,3202,595,2,3,3797,23729
chavo62,1,23729,13400,10329,3071,106,1,0,3177,23729
Lolz-Muffin,5,23714,12912,10802,2110,368,3,5,2478,23719
koncertkoala,3,23710,13075,10635,2440,327,2,2,2767,23712
gijyun,1,23711,13276,10435,2841,552,1,0,3393,23711
moxiecontin714,2,23700,12462,11238,1224,129,1,2,1353,23702
Hollywoood,1,23695,12717,10978,1739,1643,1,1,3382,23696
Lomani124,1,23695,12622,11073,1549,161,1,1,1710,23696
spacley,3,23686,12734,10952,1782,1299,2,3,3081,23689
dropstop,6,23675,13142,10533,2609,171,5,6,2780,23681
so_sue_me,2,23673,12364,11309,1055,418,2,2,1473,23675
sonofgiants,6,23670,13575,10095,3480,534,6,4,4014,23674
Knubinator,2,23673,13141,10532,2609,271,2,1,2880,23674
wakeentry,1,23671,12478,11193,1285,171,1,1,1456,23672
robsodomy,6,23666,12854,10812,2042,348,6,5,2390,23671
dudejust,1,23665,13191,10474,2717,231,1,0,2948,23665
locutusoftim,2,23659,12920,10739,2181,1627,1,0,3808,23659
roguewolf,1,23657,12450,11207,1243,271,1,1,1514,23658
whiterabbi,9,23648,13529,10119,3410,263,8,9,3673,23657
stash0606,1,23649,12696,10953,1743,377,1,0,2120,23649
alphadax,2,23625,12898,10727,2171,195,2,2,2366,23627
Wolfosaurus,1,23624,12684,10940,1744,248,1,1,1992,23625
_DrSpliff,12,23613,13627,9986,3641,695,12,7,4336,23620
linorn,1,23613,12492,11121,1371,206,0,1,1577,23614
DeanQ,1,23612,12820,10792,2028,789,1,0,2817,23612
McLovin804,5,23607,12465,11142,1323,274,5,5,1597,23612
MulhollandDrive,1,23609,12606,11003,1603,248,0,1,1851,23610
Sar7814,6,23599,13103,10496,2607,258,4,5,2865,23604
AnElegantPenis,2,23598,12675,10923,1752,1522,1,1,3274,23599
nowbrdingforanywhere,1,23577,12649,10928,1721,296,1,0,2017,23577
ahcookies,1,23568,12957,10611,2346,594,1,0,2940,23568
scottocs,1,23560,12318,11242,1076,291,1,0,1367,23560
PolarTX,2,23546,12746,10800,1946,594,2,2,2540,23548
RichTea,3,23527,12926,10601,2325,287,1,2,2612,23529
MoXria,6,23520,13420,10100,3320,606,6,4,3926,23524
GameAddikt,1,23498,12355,11143,1212,1149,1,0,2361,23498
sammychammy,10,23486,13256,10230,3026,287,9,10,3313,23496
MRmcnuts,2,23489,12720,10769,1951,158,2,2,2109,23491
mjAUT,1,23484,12468,11016,1452,256,0,1,1708,23485
adr1anh,2,23484,12460,11024,1436,159,2,1,1595,23485
Kbabyhands1,1,23453,12344,11109,1235,169,1,1,1404,23454
JasuntheCoconut,1,23446,12389,11057,1332,202,1,1,1534,23447
benfbat,7,23437,12898,10539,2359,255,5,7,2614,23444
nohitterpitcher,1,23443,12707,10736,1971,278,1,0,2249,23443
wilkstawilk,1,23439,12194,11245,949,303,1,1,1252,23440
vgisverbose,1,23436,12274,11162,1112,651,1,1,1763,23437
moeseth,3,23426,12709,10717,1992,451,3,1,2443,23427
nowhathappenedwas,3,23426,12422,11004,1418,858,3,1,2276,23427
YoungestWiggin,1,23426,12842,10584,2258,462,1,0,2720,23426
Pooplord227,3,23424,12758,10666,2092,486,3,2,2578,23426
Stember,1,23424,12513,10911,1602,151,1,1,1753,23425
CerealK,1,23418,12352,11066,1286,1355,1,0,2641,23418
pajamaparty,1,23406,12459,10947,1512,792,1,0,2304,23406
meow11,1,23393,12344,11049,1295,70,1,0,1365,23393
LouDMont,11,23374,13578,9796,3782,314,5,10,4096,23384
Thejointaccount,1,23377,13021,10356,2665,379,1,0,3044,23377
Occupier_9000,2,23367,12894,10473,2421,344,1,2,2765,23369
TheBigJ123,1,23366,12510,10856,1654,276,1,1,1930,23367
MMediaG,2,23356,12306,11050,1256,244,1,1,1500,23357
henfruit,10,23345,13394,9951,3443,234,10,10,3677,23355
jacobo,9,23350,13080,10270,2810,381,8,4,3191,23354
Metallifan,8,23343,12967,10376,2591,363,7,8,2954,23351
polyphenus,3,23340,13935,9405,4530,469,1,1,4999,23341
notavalidusername,1,23341,12521,10820,1701,385,1,0,2086,23341
Saucisson,1,23337,12395,10942,1453,169,1,1,1622,23338
ingl0rius,1,23336,13072,10264,2808,270,0,0,3078,23336
breakingeven,1,23335,12719,10616,2103,1395,1,0,3498,23335
TheDarkMatter,1,23326,12323,11003,1320,344,1,1,1664,23327
rayrab911,13,23314,13561,9753,3808,331,12,12,4139,23326
BetrayedBuffalo,1,23322,12579,10743,1836,301,1,0,2137,23322
mrUndeadSamurai,3,23301,12677,10624,2053,189,2,2,2242,23303
epitomeofawesome1,3,23299,12756,10543,2213,244,2,2,2457,23301
Lygar,1,23300,12315,10985,1330,182,1,1,1512,23301
zapyou42,1,23295,12432,10863,1569,109,0,1,1678,23296
BigMw,9,23280,13761,9519,4242,449,9,9,4691,23289
CyanideSun,1,23270,12410,10860,1550,179,1,1,1729,23271
ilovedumbpeople,2,23249,12387,10862,1525,154,2,2,1679,23251
peterampbell,1,23249,12785,10464,2321,435,0,1,2756,23250
Kazataniplayer,1,23243,12272,10971,1301,151,1,1,1452,23244
ihateirony,1,23244,12042,11202,840,296,1,0,1136,23244
menes40,2,23239,12372,10867,1505,1728,1,1,3233,23240
35again,2,23234,12297,10937,1360,113,2,2,1473,23236
epic676,1,23230,12686,10544,2142,458,1,0,2600,23230
work_hau_ab,1,23230,12513,10717,1796,346,1,0,2142,23230
Skankosaurus,4,23221,12785,10436,2349,566,4,3,2915,23224
BergerKing80,1,23218,12654,10564,2090,212,1,0,2302,23218
SeanutBrittle,3,23214,12437,10777,1660,358,3,3,2018,23217
greetingsimbrian,3,23213,12894,10319,2575,152,3,3,2727,23216
tayls,1,23196,12122,11074,1048,206,1,0,1254,23196
Snowsickle,2,23193,12494,10699,1795,222,1,0,2017,23193
dslow,1,23190,12460,10730,1730,175,1,0,1905,23190
titan059,1,23186,11868,11318,550,490,1,1,1040,23187
slothenstein,3,23184,12594,10590,2004,226,3,1,2230,23185
strickland3,1,23173,12120,11053,1067,139,1,1,1206,23174
whosinthetrunk,2,23168,12442,10726,1716,218,1,2,1934,23170
mdnash,3,23156,12394,10762,1632,185,2,2,1817,23158
brazilliandanny,2,23155,12483,10672,1811,543,1,2,2354,23157
AkaSillyGirl,1,23153,12402,10751,1651,172,1,0,1823,23153
Wabbajacker,3,23150,12142,11008,1134,367,3,2,1501,23152
IAMmojo,2,23147,12332,10815,1517,610,2,1,2127,23148
Killzonintaing,1,23145,12803,10342,2461,137,1,1,2598,23146
no_turn_unstoned,4,23139,12293,10846,1447,136,3,3,1583,23142
Tyler7P7,1,23133,12519,10614,1905,212,1,1,2117,23134
mastr_slik,3,23128,12500,10628,1872,416,3,3,2288,23131
HobbitPorn,1,23126,12214,10912,1302,109,1,0,1411,23126
ColonOBrien,16,23102,13925,9177,4748,466,13,14,5214,23116
spmode,2,23112,12284,10828,1456,499,2,1,1955,23113
snoobs89,15,23101,13865,9236,4629,637,13,10,5266,23111
NicestPersonAlive,10,23101,12843,10258,2585,261,8,4,2846,23105
mechman991,5,23094,12392,10702,1690,397,4,5,2087,23099
wobulator_shaft,1,23093,12093,11000,1093,423,1,1,1516,23094
BrerBunny,5,23082,12270,10812,1458,202,4,5,1660,23087
SmoresPies,13,23064,13031,10033,2998,366,7,10,3364,23074
nic_Z,1,23072,12613,10459,2154,258,0,1,2412,23073
Inane_Asylum,2,23072,12329,10743,1586,178,2,1,1764,23073
mikepixie,2,23065,12437,10628,1809,1703,2,1,3512,23066
wrath505,1,23065,12516,10549,1967,410,1,1,2377,23066
bobrocks,1,23065,12348,10717,1631,253,1,0,1884,23065
JoshAndArielle,1,23049,12671,10378,2293,581,1,0,2874,23049
teknik909,1,23049,12267,10782,1485,1260,1,0,2745,23049
RakoGumi,3,23039,12222,10817,1405,346,2,3,1751,23042
Snoozletoes,1,23033,12101,10932,1169,264,1,1,1433,23034
Dizzydubby,1,23031,12594,10437,2157,294,1,0,2451,23031
pedropaulolm,1,23013,12442,10571,1871,179,1,0,2050,23013
TheNoNameBrand,1,23010,12139,10871,1268,600,1,1,1868,23011
YearLater,2,23008,12525,10483,2042,284,2,2,2326,23010
aquilesbaeza,9,22996,12510,10486,2024,601,8,6,2625,23002
mfgames,1,23001,12060,10941,1119,609,1,0,1728,23001
KeruxDikaios,1,23000,12155,10845,1310,178,1,1,1488,23001
holycow33,2,22991,12152,10839,1313,129,2,2,1442,22993
Ta2Me2,1,22990,12386,10604,1782,250,1,1,2032,22991
FrankFritz,2,22983,12402,10581,1821,178,1,2,1999,22985
Nomoreshittttt,1,22979,12119,10860,1259,846,1,0,2105,22979
Hiof-Katnyp,3,22975,12301,10674,1627,145,3,2,1772,22977
vvim,2,22975,12271,10704,1567,427,2,1,1994,22976
eaterofdog,7,22963,12798,10165,2633,166,6,7,2799,22970
closetcrazy,1,22964,12180,10784,1396,122,1,0,1518,22964
Rufi0h,1,22963,12372,10591,1781,218,1,0,1999,22963
CryoftheBanshee,1,22959,12140,10819,1321,354,1,1,1675,22960
skipperbob,9,22942,12559,10383,2176,271,9,7,2447,22949
carsontl,2,22948,12565,10383,2182,190,1,1,2372,22949
LosDiamantes,1,22948,12046,10902,1144,695,1,0,1839,22948
bigmeat,6,22938,13275,9663,3612,216,5,6,3828,22944
communistcow,2,22942,12515,10427,2088,876,2,2,2964,22944
stilesart,1,22933,11811,11122,689,335,1,1,1024,22934
RSGxOhSweetJesus,6,22926,12857,10069,2788,527,6,4,3315,22930
Ben702,1,22915,12159,10756,1403,343,1,1,1746,22916
nomechinguex,4,22909,13187,9722,3465,519,3,4,3984,22913
poundwaffle,1,22910,12242,10668,1574,681,1,1,2255,22911
MrWeirdlust,2,22901,12022,10879,1143,259,2,1,1402,22902
PhiladelphiaIrish,3,22895,13036,9859,3177,278,3,2,3455,22897
AndrewElmore,2,22891,12258,10633,1625,187,2,0,1812,22891
Huntor,2,22889,12045,10844,1201,1260,2,1,2461,22890
davie18,5,22881,12573,10308,2265,301,3,5,2566,22886
Harreboi,8,22874,12308,10566,1742,866,6,8,2608,22882
PantsFerret,1,22880,11893,10987,906,307,1,1,1213,22881
Luthwyhn,1,22880,12290,10590,1700,55,1,0,1755,22880
that1blackguy005,1,22878,11941,10937,1004,169,0,1,1173,22879
B_Underscore,1,22877,12216,10661,1555,401,1,1,1956,22878
SilverAce88,1,22877,12230,10647,1583,812,1,0,2395,22877
Chr1z1,4,22873,12748,10125,2623,457,4,2,3080,22875
TecknoSW,1,22867,12089,10778,1311,293,1,1,1604,22868
Ramphastid,9,22843,12807,10036,2771,1121,9,5,3892,22848
smellsdelicious,1,22845,12268,10577,1691,108,1,1,1799,22846
KingWinchester,1,22835,12117,10718,1399,899,1,0,2298,22835
iHasFeets_,3,22830,12071,10759,1312,241,2,3,1553,22833
obyeo,8,22808,12954,9854,3100,354,8,8,3454,22816
Wissmach,3,22808,12072,10736,1336,132,2,3,1468,22811
kevvyg15,1,22808,12454,10354,2100,1799,1,0,3899,22808
barokue,1,22805,12126,10679,1447,1058,0,1,2505,22806
abow,1,22806,12440,10366,2074,382,1,0,2456,22806
javimoya,2,22804,11960,10844,1116,199,2,2,1315,22806
jedimustafa,7,22788,12558,10230,2328,201,6,7,2529,22795
tone_is_everything,16,22774,13955,8819,5136,626,9,15,5762,22789
Galaxyhiker42,4,22784,11896,10888,1008,252,4,4,1260,22788
WorkFriendlyAcct,6,22771,12302,10469,1833,283,4,2,2116,22773
IamAFisch,2,22771,12488,10283,2205,167,1,0,2372,22771
bamforeo,4,22763,12918,9845,3073,131,4,4,3204,22767
Accipehoc,14,22753,13031,9722,3309,844,10,13,4153,22766
lyxDeslic_,1,22762,11728,11034,694,127,1,1,821,22763
severely_injured,2,22752,12686,10066,2620,733,2,1,3353,22753
Flea0,5,22747,12006,10741,1265,446,5,4,1711,22751
jasondoug212,2,22746,12663,10083,2580,315,2,2,2895,22748
fuckyeahamurca,1,22745,11995,10750,1245,332,1,1,1577,22746
kaO_rosseforP,1,22745,11865,10880,985,1214,1,0,2199,22745
SeizeTheNight57,4,22728,12623,10105,2518,382,2,3,2900,22731
lubeinatube,6,22722,12813,9909,2904,498,6,5,3402,22727
JaneNilufer,4,22717,12918,9799,3119,227,3,4,3346,22721
Lecard,2,22714,12318,10396,1922,402,2,1,2324,22715
1-ace,2,22714,12550,10164,2386,190,1,0,2576,22714
grubbymitts,11,22707,13020,9687,3333,318,8,6,3651,22713
dargjason,2,22705,12265,10440,1825,246,2,2,2071,22707
boxsteam,1,22703,11961,10742,1219,119,1,1,1338,22704
Jabroseph,6,22695,12858,9837,3021,588,6,6,3609,22701
Loofamayne,2,22696,12295,10401,1894,229,2,2,2123,22698
ascnjew,2,22686,11885,10801,1084,393,2,2,1477,22688
DrSnaipa,2,22685,11866,10819,1047,574,2,1,1621,22686
Bosseking,1,22685,12162,10523,1639,322,1,0,1961,22685
keaton998,7,22671,12616,10055,2561,152,2,7,2713,22678
mis_quote,2,22675,11906,10769,1137,243,2,2,1380,22677
tomrage,3,22673,12191,10482,1709,107,3,2,1816,22675
ankyle,2,22672,12656,10016,2640,372,1,0,3012,22672
ajjekko,1,22668,12174,10494,1680,731,1,1,2411,22669
Raito1337,2,22664,12314,10350,1964,551,2,2,2515,22666
Guard01,3,22662,12234,10428,1806,758,3,1,2564,22663
omniscient_penguin,1,22662,12208,10454,1754,108,1,0,1862,22662
thesilverspyder,1,22655,12082,10573,1509,595,1,0,2104,22655
RyVal,12,22640,13188,9452,3736,1305,11,9,5041,22649
weetchex,2,22647,12207,10440,1767,904,2,2,2671,22649
_dustinm_,2,22640,11746,10894,852,775,2,2,1627,22642
Weikki,2,22639,11958,10681,1277,984,2,1,2261,22640
DigiQ8,1,22639,11890,10749,1141,326,1,0,1467,22639
Thomas024,7,22631,12283,10348,1935,112,7,4,2047,22635
xDante,1,22634,11729,10905,824,265,1,1,1089,22635
scharfca,4,22631,11742,10889,853,127,3,3,980,22634
candyman888,3,22628,12226,10402,1824,453,3,2,2277,22630
GerManson,2,22626,12104,10522,1582,169,2,1,1751,22627
mansizerooster,2,22620,12243,10377,1866,347,2,2,2213,22622
HopeinaBottle,1,22613,11939,10674,1265,241,1,1,1506,22614
gigaface,1,22606,12410,10196,2214,1415,1,0,3629,22606
pewdro,4,22601,12708,9893,2815,470,3,3,3285,22604
Bichplese,1,22598,11938,10660,1278,194,1,0,1472,22598
thesarahsarah,1,22586,11862,10724,1138,75,0,1,1213,22587
imawesomeyourenot,4,22580,12574,10006,2568,524,4,2,3092,22582
arielrawr26,1,22581,11797,10784,1013,150,1,1,1163,22582
ParkerEH,7,22574,12788,9786,3002,195,7,6,3197,22580
TerrorAlert,1,22572,12505,10067,2438,403,0,1,2841,22573
Keystone15,1,22566,11960,10606,1354,426,1,0,1780,22566
moby323,3,22557,12526,10031,2495,419,3,2,2914,22559
Climate,1,22554,12108,10446,1662,361,1,0,2023,22554
Hamilton5M,4,22543,13105,9438,3667,294,3,3,3961,22546
Flutterpiesparkle,2,22542,12460,10082,2378,267,1,0,2645,22542
thetribute,3,22539,12209,10330,1879,475,3,2,2354,22541
xxBluexx,1,22532,12160,10372,1788,151,1,1,1939,22533
ussmonitor,1,22520,12019,10501,1518,1068,1,1,2586,22521
jnbslash,4,22512,12416,10096,2320,503,4,4,2823,22516
I_DONT_RAPE_ANIMALS,2,22504,11843,10661,1182,585,2,1,1767,22505
Late1110,4,22491,11922,10569,1353,162,3,4,1515,22495
subtonix,1,22489,12345,10144,2201,2496,1,0,4697,22489
bittychu,1,22486,12043,10443,1600,177,1,0,1777,22486
Tonickal,1,22484,11967,10517,1450,860,1,1,2310,22485
NiceGuyFriENT,1,22478,12101,10377,1724,186,1,0,1910,22478
Jason72799,1,22475,11730,10745,985,374,1,0,1359,22475
Chaular,4,22469,12078,10391,1687,73,3,3,1760,22472
AAAAAAAAAHHHHHHHHHHH,2,22469,12238,10231,2007,941,2,2,2948,22471
142BPM,3,22468,12451,10017,2434,279,1,1,2713,22469
dunus,13,22458,12351,10107,2244,476,12,8,2720,22466
EnterTheBateman,3,22446,12177,10269,1908,580,3,3,2488,22449
dealaus,5,22442,11786,10656,1130,120,4,5,1250,22447
ka2m,1,22443,11934,10509,1425,195,1,1,1620,22444
VAG_Pounder,4,22438,12090,10348,1742,1170,4,4,2912,22442
theemeraldwarrior,6,22434,12438,9996,2442,461,4,5,2903,22439
Armitron58,1,22428,11954,10474,1480,165,1,1,1645,22429
dap_159,2,22425,11988,10437,1551,215,2,1,1766,22426
LeyMerSki,1,22425,12244,10181,2063,1481,1,0,3544,22425
SplodeyDope,8,22413,12529,9884,2645,371,8,8,3016,22421
OnceIHadACookie,1,22419,11602,10817,785,224,1,1,1009,22420
robicha6,3,22404,11777,10627,1150,104,3,3,1254,22407
357Magnum,1,22403,12008,10395,1613,841,1,0,2454,22403
Piscator629,4,22397,12563,9834,2729,908,4,3,3637,22400
CatFlavoredToast,3,22396,11778,10618,1160,383,1,3,1543,22399
robotech420,1,22397,12191,10206,1985,228,1,0,2213,22397
MightySpoonful,4,22383,12304,10079,2225,520,4,3,2745,22386
kate__,1,22381,12266,10115,2151,321,1,0,2472,22381
dhusselbee,1,22375,11880,10495,1385,331,1,0,1716,22375
Trizzoll,2,22364,11832,10532,1300,371,2,2,1671,22366
MrTaco69,7,22355,11936,10419,1517,252,7,6,1769,22361
Zubes,2,22358,12168,10190,1978,223,2,2,2201,22360
lolicakes,2,22356,12262,10094,2168,444,1,0,2612,22356
drumellow,1,22346,11813,10533,1280,420,1,0,1700,22346
wanimal,1,22336,11744,10592,1152,304,1,1,1456,22337
theoneyoutrulylove,1,22331,11681,10650,1031,192,1,1,1223,22332
freshy86,1,22329,12194,10135,2059,930,1,1,2989,22330
melesion,1,22308,11740,10568,1172,250,1,1,1422,22309
MissHillary,3,22302,12983,9319,3664,523,2,1,4187,22303
Mixairian,1,22303,11820,10483,1337,159,1,0,1496,22303
djmarcix,6,22276,12429,9847,2582,390,5,5,2972,22281
Squibbykins,1,22280,11698,10582,1116,304,1,0,1420,22280
jaytanz,1,22276,11778,10498,1280,132,0,1,1412,22277
cuntniggerflyingjets,1,22270,11760,10510,1250,339,1,0,1589,22270
muthafuckenbeetroots,3,22264,11918,10346,1572,315,3,1,1887,22265
simsedotdk,1,22251,12019,10232,1787,504,1,1,2291,22252
devitodevito,1,22248,11882,10366,1516,90,0,1,1606,22249
Balizzm,8,22245,13440,8805,4635,245,8,2,4880,22247
-Gavin-,6,22242,12383,9859,2524,191,6,2,2715,22244
Strykerzs,2,22237,12246,9991,2255,239,2,1,2494,22238
11jeckley,3,22236,11944,10292,1652,352,3,1,2004,22237
chocolatebacon69,2,22234,11878,10356,1522,287,2,2,1809,22236
AbeFrollman,1,22225,11710,10515,1195,121,0,1,1316,22226
eyewoo,1,22225,12074,10151,1923,1957,1,0,3880,22225
CannibalCow,1,22225,12079,10146,1933,598,1,0,2531,22225
chewysquirrel,4,22217,12471,9746,2725,488,3,3,3213,22220
Ruddiver,8,22212,12383,9829,2554,134,6,6,2688,22218
NA48,1,22211,11939,10272,1667,320,1,0,1987,22211
ZombiExperT,4,22199,11711,10488,1223,91,3,4,1314,22203
shadybrainfarm,1,22179,11913,10266,1647,363,1,1,2010,22180
Shikabamdesertwolf,13,22158,13222,8936,4286,641,13,11,4927,22169
hey_im_epileptijdnzw,7,22162,12964,9198,3766,185,6,7,3951,22169
echeese,1,22166,11799,10367,1432,248,1,1,1680,22167
AbrarSalim,2,22160,11874,10286,1588,294,1,1,1882,22161
sp3nt,11,22151,11887,10264,1623,261,7,9,1884,22160
neon_kid,1,22155,11995,10160,1835,260,1,0,2095,22155
_an1sh,2,22150,11888,10262,1626,213,2,2,1839,22152
hyqxyz,1,22143,11690,10453,1237,184,1,0,1421,22143
Rhavo,1,22137,12010,10127,1883,1177,1,1,3060,22138
citybythesea,1,22137,11873,10264,1609,294,1,0,1903,22137
ImspeckyandIknowit,1,22134,12005,10129,1876,449,1,1,2325,22135
peanutsblow36,2,22133,12344,9789,2555,1023,2,1,3578,22134
Silent-Dogwood,3,22130,11638,10492,1146,331,3,3,1477,22133
samiam026,1,22132,11683,10449,1234,41,1,0,1275,22132
Ichidou,1,22128,11716,10412,1304,252,1,0,1556,22128
ozmonatov,2,22120,11851,10269,1582,121,2,2,1703,22122
WickedIcon,3,22117,12019,10098,1921,130,2,3,2051,22120
Haquilo,1,22120,11866,10254,1612,187,1,0,1799,22120
l4dyface,1,22114,12126,9988,2138,140,1,0,2278,22114
Hipashia,1,22114,12065,10049,2016,152,1,0,2168,22114
thephenom,1,22098,12415,9683,2732,614,1,0,3346,22098
evolsoulx,1,22097,11722,10375,1347,277,1,1,1624,22098
Trojan_Wombat,2,22094,11993,10101,1892,474,2,2,2366,22096
payto360,1,22088,12060,10028,2032,555,0,1,2587,22089
testcrossidiot,1,22073,11590,10483,1107,221,1,1,1328,22074
Wolvee,1,22070,11701,10369,1332,331,1,1,1663,22071
FrailRain,3,22067,11916,10151,1765,212,3,3,1977,22070
LonerGothOnline,1,22067,11649,10418,1231,707,1,1,1938,22068
Probably_on_Reddit,98,21982,15747,6235,9512,547,83,84,10059,22066
McGuirk_For_Prez,1,22063,12195,9868,2327,205,1,1,2532,22064
pure_nonsense,1,22062,11713,10349,1364,300,1,1,1664,22063
drummer11x,1,22061,11961,10100,1861,783,1,1,2644,22062
dmstokes4,1,22062,11544,10518,1026,472,1,0,1498,22062
mattatmac,1,22057,11982,10075,1907,450,1,1,2357,22058
vaggietales,4,22054,11627,10427,1200,223,3,4,1423,22058
aarontaylor5000,1,22054,11983,10071,1912,1189,1,0,3101,22054
iab61826,1,22050,11576,10474,1102,346,1,1,1448,22051
herpty_derpty,5,22048,11979,10069,1910,866,4,2,2776,22050
jabb0,8,22031,12247,9784,2463,445,7,5,2908,22036
GhilleMistReapers,4,22016,12100,9916,2184,174,0,4,2358,22020
ThuhBree18,1,22012,11738,10274,1464,152,1,0,1616,22012
darraghd,1,22007,11770,10237,1533,1267,1,0,2800,22007
beatsbyaaron,5,22000,12640,9360,3280,209,3,5,3489,22005
pzeee,1,21997,11800,10197,1603,237,1,1,1840,21998
PayneBoi,1,21989,11853,10136,1717,83,1,0,1800,21989
lsu129tigers,1,21979,11580,10399,1181,549,1,1,1730,21980
SaltyChristian,1,21977,11656,10321,1335,245,1,1,1580,21978
Absolutedisgrace,1,21977,11614,10363,1251,274,1,1,1525,21978
yaniwilks,1,21977,11397,10580,817,113,1,1,930,21978
TallWhiteandNerdy,3,21974,12471,9503,2968,244,2,1,3212,21975
suspiciousdg,20,21952,11989,9963,2026,752,9,20,2778,21972
Guyag,5,21948,12843,9105,3738,218,3,5,3956,21953
BenCarneiro,1,21948,11949,9999,1950,374,1,0,2324,21948
xThreeDogx,1,21945,11705,10240,1465,207,1,1,1672,21946
spikes445,1,21944,11573,10371,1202,136,1,1,1338,21945
JayDee240,4,21935,12847,9088,3759,476,4,2,4235,21937
MadcowPSA,1,21927,11595,10332,1263,756,1,0,2019,21927
Scorpulus,3,21920,12411,9509,2902,284,2,1,3186,21921
nixonneckweasel,10,21911,12383,9528,2855,184,8,9,3039,21920
wr80,5,21904,12016,9888,2128,242,5,5,2370,21909
5illy_billy,1,21908,11797,10111,1686,672,1,1,2358,21909
__anon__,2,21905,11519,10386,1133,229,2,2,1362,21907
Shadingun4life,1,21902,12142,9760,2382,529,0,1,2911,21903
x420Y0L0SWAG666,1,21899,11773,10126,1647,476,1,1,2123,21900
StudMuffin182,1,21894,11468,10426,1042,93,1,1,1135,21895
babbysloth,2,21892,11847,10045,1802,258,2,2,2060,21894
in2diep,11,21884,13467,8417,5050,291,9,8,5341,21892
Arcane_Explosion,2,21884,11883,10001,1882,292,2,2,2174,21886
jusan_no_shikaku,1,21885,11567,10318,1249,203,1,0,1452,21885
wiseapple,2,21879,12042,9837,2205,231,2,1,2436,21880
GeneralBacon,3,21869,11499,10370,1129,156,3,2,1285,21871
sonicfreak02,1,21867,11547,10320,1227,339,1,1,1566,21868
TheAdamantArchvile,2,21864,11699,10165,1534,231,2,2,1765,21866
Mastrcapn,1,21865,11663,10202,1461,203,1,0,1664,21865
cjk5wf,4,21855,11973,9882,2091,472,2,3,2563,21858
michaelbro,2,21853,11952,9901,2051,288,2,2,2339,21855
bleepbloop89,1,21854,11982,9872,2110,169,1,0,2279,21854
Oasisfan,1,21851,11699,10152,1547,106,1,1,1653,21852
CokeInACup,1,21848,11806,10042,1764,445,1,1,2209,21849
srsparkles,11,21839,12369,9470,2899,260,9,9,3159,21848
petitbonhomme,1,21836,11808,10028,1780,980,1,0,2760,21836
Sergeant_Gray,1,21834,11771,10063,1708,335,1,0,2043,21834
GrimLP,2,21830,11384,10446,938,1077,2,2,2015,21832
zach84,3,21828,12102,9726,2376,976,3,3,3352,21831
staffell,7,21821,11898,9923,1975,141,7,5,2116,21826
series_of_derps,1,21820,11899,9921,1978,352,1,1,2330,21821
Scoen,1,21819,11961,9858,2103,262,1,0,2365,21819
brody10123,6,21808,11589,10219,1370,801,6,6,2171,21814
sh1tbr1cks,11,21803,12905,8898,4007,273,7,8,4280,21811
tokyokyoko,1,21798,11527,10271,1256,1589,1,0,2845,21798
DafyddLlyr,22,21779,15672,6107,9565,708,18,16,10273,21795
Maple_D,15,21785,13276,8509,4767,870,10,10,5637,21795
thechickendance,1,21795,11857,9938,1919,218,1,0,2137,21795
jrod31089,1,21785,11521,10264,1257,671,1,0,1928,21785
bobored,6,21775,12929,8846,4083,409,6,2,4492,21777
kalleerikvahakyla,9,21766,11846,9920,1926,275,4,9,2201,21775
Assfartymcfart,6,21761,12316,9445,2871,551,6,3,3422,21764
donpapillon,1,21756,11539,10217,1322,463,1,1,1785,21757
gold-coin,11,21748,12840,8908,3932,939,8,7,4871,21755
jbond66,1,21751,11662,10089,1573,447,1,0,2020,21751
arnoseris,1,21745,11736,10009,1727,340,1,1,2067,21746
popori,2,21740,11664,10076,1588,375,1,2,1963,21742
yeeetanaka,1,21737,12020,9717,2303,194,1,0,2497,21737
hans1193,5,21734,11511,10223,1288,307,5,3,1595,21737
BlackDracula,1,21724,11415,10309,1106,477,1,1,1583,21725
squirtlepk,2,21722,11407,10315,1092,276,1,2,1368,21724
znickz,1,21720,11359,10361,998,114,1,1,1112,21721
vinnievon,4,21711,11786,9925,1861,595,4,3,2456,21714
mse916,1,21710,11612,10098,1514,252,1,1,1766,21711
techmeister,2,21707,11960,9747,2213,128,1,2,2341,21709
alwaysbreakinbad,1,21696,11266,10430,836,184,0,1,1020,21697
giraff_guy,1,21688,11553,10135,1418,336,1,1,1754,21689
ExiDuz,6,21673,11934,9739,2195,250,6,6,2445,21679
SeahawksPhan,2,21679,11838,9841,1997,230,2,0,2227,21679
hboyer90,14,21663,12351,9312,3039,250,13,13,3289,21676
ThisDudeRiteHere,6,21672,11383,10289,1094,289,5,4,1383,21676
Linvicious,1,21674,11447,10227,1220,430,1,1,1650,21675
xasvriotex,2,21671,11816,9855,1961,129,2,2,2090,21673
Dirz,2,21672,11270,10402,868,148,2,1,1016,21673
Mazgelis626,4,21666,11606,10060,1546,184,3,4,1730,21670
D-zorn,3,21667,11602,10065,1537,143,3,2,1680,21669
erutherford13,2,21662,11604,10058,1546,105,1,2,1651,21664
vull,3,21663,12232,9431,2801,372,3,0,3173,21663
trogan,1,21662,11760,9902,1858,163,1,1,2021,21663
awesomesauceeee,5,21653,12084,9569,2515,280,3,4,2795,21657
unknownlegend,3,21655,11922,9733,2189,347,3,1,2536,21656
SocialMediaOwls,11,21645,12010,9635,2375,112,11,8,2487,21653
innnovation,3,21648,11678,9970,1708,330,1,3,2038,21651
Rorkimaru,3,21648,11654,9994,1660,711,3,2,2371,21650
spatchcock,3,21640,12227,9413,2814,634,3,2,3448,21642
Axeofdeath,2,21636,11932,9704,2228,216,2,2,2444,21638
WatchingTrains,1,21636,11584,10052,1532,595,1,0,2127,21636
rehtselom,3,21633,11564,10069,1495,66,2,3,1561,21636
MADBAKER,6,21629,11671,9958,1713,134,6,4,1847,21633
muzzflum,9,21624,11962,9662,2300,299,7,8,2599,21632
seckzrobot,2,21628,11549,10079,1470,249,1,2,1719,21630
spencer_duley,3,21622,11763,9859,1904,228,2,2,2132,21624
fancyfire,1,21600,11714,9886,1828,558,1,1,2386,21601
StalkersSuck,2,21600,11892,9708,2184,206,2,0,2390,21600
22justin,1,21597,11477,10120,1357,262,1,1,1619,21598
SutekhRising,9,21589,11496,10093,1403,371,6,7,1774,21596
actuallyitsnotokay,6,21577,12362,9215,3147,466,5,6,3613,21583
gggggrrrrrrrrr,2,21580,12030,9550,2480,436,2,1,2916,21581
CountOtis,2,21577,11623,9954,1669,435,1,2,2104,21579
jonbrown2,2,21574,11220,10354,866,1071,2,1,1937,21575
ImNakedHowBoutYou,3,21571,11959,9612,2347,597,3,2,2944,21573
potatochipsg,10,21561,13479,8082,5397,416,10,7,5813,21568
moorah,1,21565,11425,10140,1285,321,1,1,1606,21566
vanert,2,21561,11475,10086,1389,161,2,2,1550,21563
JapersCrapers,1,21557,11469,10088,1381,190,1,1,1571,21558
Swissgiant,7,21543,11807,9736,2071,217,5,6,2288,21549
Mister_fister1,1,21546,11381,10165,1216,193,1,0,1409,21546
fangtheunwashed,3,21529,11969,9560,2409,242,3,0,2651,21529
boxworth83,1,21523,11661,9862,1799,701,1,0,2500,21523
ekillian,1,21523,11566,9957,1609,216,1,0,1825,21523
ChrisDud3,5,21512,11963,9549,2414,127,5,5,2541,21517
leliocakes,2,21514,12225,9289,2936,440,1,0,3376,21514
SIThereAndThere,4,21510,11689,9821,1868,1492,4,3,3360,21513
indorock,1,21501,11424,10077,1347,449,1,1,1796,21502
SuperCoupe,1,21501,11651,9850,1801,324,1,0,2125,21501
doughnu7,1,21496,11825,9671,2154,115,1,0,2269,21496
lostman92,2,21490,11514,9976,1538,289,2,1,1827,21491
kohlio,1,21484,11415,10069,1346,996,1,1,2342,21485
nobackupplanks,2,21479,11536,9943,1593,114,2,2,1707,21481
A_Redhead,1,21479,11383,10096,1287,164,1,1,1451,21480
Boomanchu,1,21479,11501,9978,1523,451,1,0,1974,21479
RuchW,3,21470,11640,9830,1810,273,3,1,2083,21471
NickofTime,1,21469,12048,9421,2627,810,1,0,3437,21469
deathofpatriotism,14,21457,12523,8934,3589,560,13,8,4149,21465
HOS-SKA,1,21461,11454,10007,1447,1378,1,1,2825,21462
Mono726,1,21454,11268,10186,1082,595,1,0,1677,21454
mattmckillip,5,21437,12420,9017,3403,440,5,5,3843,21442
datgripsubmit,1,21440,11564,9876,1688,514,0,1,2202,21441
haXeNinja,1,21436,11534,9902,1632,278,1,0,1910,21436
CaptainRedBeerd,5,21433,11244,10189,1055,498,4,3,1553,21436
uriman,9,21426,12976,8450,4526,443,8,7,4969,21433
amontes92,10,21423,11600,9823,1777,258,8,9,2035,21432
falalalala_alalala,3,21430,11821,9609,2212,488,3,1,2700,21431
AussieSpy,5,21428,11968,9460,2508,155,5,3,2663,21431
Herrenvolk41,1,21419,11620,9799,1821,121,1,1,1942,21420
iaman00b,2,21419,11353,10066,1287,220,1,0,1507,21419
mitchard,1,21418,11192,10226,966,820,1,0,1786,21418
drabus,4,21412,11877,9535,2342,242,4,3,2584,21415
Memeorise,1,21412,11153,10259,894,204,1,0,1098,21412
ShermanatorLegend,1,21409,11521,9888,1633,267,1,1,1900,21410
bluealbum,1,21409,11509,9900,1609,398,1,0,2007,21409
UsernameTaken6969,1,21408,11429,9979,1450,379,1,0,1829,21408
thefurnace,3,21404,12180,9224,2956,341,3,2,3297,21406
A_Queff_In_Time,4,21395,12035,9360,2675,671,4,3,3346,21398
old_snake,8,21389,12012,9377,2635,471,8,2,3106,21391
bdy,1,21385,11393,9992,1401,1289,1,0,2690,21385
kcell,1,21380,11229,10151,1078,483,1,1,1561,21381
TimTheHo,2,21373,11241,10132,1109,58,2,1,1167,21374
mastranios,2,21371,11394,9977,1417,371,1,1,1788,21372
GGEuroHEADSHOT,1,21371,11430,9941,1489,113,1,1,1602,21372
canada432,1,21371,11417,9954,1463,230,1,0,1693,21371
LilDouche,1,21368,11616,9752,1864,247,1,0,2111,21368
canthandleit35,1,21365,11366,9999,1367,191,1,1,1558,21366
Gamand,1,21361,11251,10110,1141,352,1,0,1493,21361
asdfasdfvful,23,21338,12246,9092,3154,205,22,21,3359,21359
zloe_zlo,1,21351,11549,9802,1747,165,1,0,1912,21351
CaptainMage,11,21329,11977,9352,2625,627,11,11,3252,21340
Blou_Aap,1,21339,11703,9636,2067,150,1,1,2217,21340
SapioSexualLove,3,21336,11339,9997,1342,226,3,3,1568,21339
Donnisher,2,21334,11586,9748,1838,281,2,1,2119,21335
silentsighs493,9,21327,12554,8773,3781,233,8,7,4014,21334
One_More_Link,2,21330,11311,10019,1292,289,2,2,1581,21332
the_notorious_biz,1,21331,11326,10005,1321,869,1,0,2190,21331
Eriiatarka,1,21322,11700,9622,2078,302,1,0,2380,21322
VPupkin,5,21317,12005,9312,2693,216,3,4,2909,21321
kimilicious,3,21315,11235,10080,1155,389,3,3,1544,21318
zmartinez12,2,21314,11593,9721,1872,172,1,2,2044,21316
bdwilson1000,11,21307,12431,8876,3555,555,10,7,4110,21314
Splosy6,1,21307,11712,9595,2117,93,1,1,2210,21308
Era_Ojdanic,10,21298,11736,9562,2174,432,6,9,2606,21307
BonerChamp11,2,21305,11239,10066,1173,405,2,2,1578,21307
ScrotumTickler,3,21304,11410,9894,1516,169,3,2,1685,21306
Krondoria,4,21299,11702,9597,2105,298,3,4,2403,21303
Blah00,2,21297,10990,10307,683,323,2,2,1006,21299
Problemzone,1,21293,11788,9505,2283,673,1,1,2956,21294
cherisemb,3,21284,11532,9752,1780,643,3,3,2423,21287
Davethelion,2,21287,11533,9754,1779,160,2,0,1939,21287
meg-atron,1,21278,11151,10127,1024,368,1,0,1392,21278
Azumikkel,2,21267,11298,9969,1329,261,1,2,1590,21269
Quintuss,2,21266,11349,9917,1432,194,1,2,1626,21268
Kiyiko,4,21228,11794,9434,2360,302,3,3,2662,21231
iulwen,6,21227,11618,9609,2009,205,5,4,2214,21231
Dirtydan34,1,21226,11079,10147,932,269,1,1,1201,21227
dec0o,1,21218,11172,10046,1126,261,1,1,1387,21219
MyAlt_Has_1000_Karma,5,21213,11184,10029,1155,1025,3,4,2180,21217
itsnotfun,2,21214,11169,10045,1124,142,2,2,1266,21216
englishprojectsuck,1,21210,11498,9712,1786,98,0,0,1884,21210
CannibalisticZebra87,1,21209,11284,9925,1359,238,1,1,1597,21210
irish_toys,5,21199,12587,8612,3975,299,5,4,4274,21203
veetoe69,1,21195,11937,9258,2679,531,1,0,3210,21195
samwisevimes,1,21182,11198,9984,1214,1578,1,1,2792,21183
craziejb7997,3,21175,11448,9727,1721,1203,3,3,2924,21178
trivial_trivium,1,21174,11813,9361,2452,332,1,0,2784,21174
1mannwolfpak,1,21173,11501,9672,1829,398,1,0,2227,21173
whatalameface,1,21160,11180,9980,1200,113,1,0,1313,21160
Glutimous,1,21156,11342,9814,1528,222,0,1,1750,21157
Lexaen,1,21155,11366,9789,1577,501,1,0,2078,21155
beingprofessional,2,21151,11860,9291,2569,149,2,2,2718,21153
kileycleckner,2,21151,11030,10121,909,182,1,2,1091,21153
smartalec98,1,21149,11234,9915,1319,205,1,1,1524,21150
polce24,9,21138,12169,8969,3200,376,3,7,3576,21145
eldowns,1,21132,11368,9764,1604,416,1,0,2020,21132
Duperhero,1,21127,11049,10078,971,480,1,0,1451,21127
kornifex,2,21124,11643,9481,2162,394,2,1,2556,21125
zosocks,1,21124,11399,9725,1674,295,1,0,1969,21124
GuinansHat,2,21123,11341,9782,1559,288,2,1,1847,21124
Sparkyyy,2,21110,10968,10142,826,127,2,2,953,21112
ahandmadegrin,1,21110,11924,9186,2738,345,1,0,3083,21110
Falalacilantro,3,21107,11691,9416,2275,242,2,3,2517,21110
kanpuri,2,21095,10973,10122,851,82,2,2,933,21097
dizmog,4,21091,11794,9297,2497,249,4,2,2746,21093
footballfan123,1,21088,11112,9976,1136,168,1,1,1304,21089
ArcticBro,3,21085,12255,8830,3425,689,3,2,4114,21087
JavaLSU,2,21083,11832,9251,2581,1546,2,1,4127,21084
9.85E+19,2,21083,11152,9931,1221,1198,1,1,2419,21084
s0apscum,5,21078,11821,9257,2564,133,5,3,2697,21081
WONT_CAPITALIZE_i,3,21079,11520,9559,1961,450,3,2,2411,21081
missC08,3,21078,11421,9657,1764,219,3,2,1983,21080
KarmaTornado,4,21073,11496,9577,1919,175,4,4,2094,21077
Alexxiodine,1,21077,11411,9666,1745,215,1,0,1960,21077
AdaHawkes,1,21072,11686,9386,2300,277,1,1,2577,21073
Kolumbz,5,21057,12079,8978,3101,138,3,5,3239,21062
kvnrly,2,21052,11094,9958,1136,240,2,1,1376,21053
Correctmygrammar,8,21043,15530,5513,10017,404,7,7,10421,21050
TrollersGonnaTroll,1,21039,11466,9573,1893,482,1,0,2375,21039
replicult,1,21036,11361,9675,1686,400,1,0,2086,21036
HipstersaurusRex,1,21034,11358,9676,1682,124,1,0,1806,21034
Batman_verified_user,1,21033,11207,9826,1381,144,1,1,1525,21034
venusw,1,21033,11283,9750,1533,319,1,0,1852,21033
Clit_Commander,2,21031,11286,9745,1541,211,2,1,1752,21032
BAM225,1,21016,11156,9860,1296,148,1,0,1444,21016
gleefulmidget,8,21005,11545,9460,2085,583,4,6,2668,21011
tnick771,6,20994,11831,9163,2668,427,6,6,3095,21000
SgtOddball,2,20997,11606,9391,2215,343,2,1,2558,20998
Hllblzr310,3,20996,11303,9693,1610,286,3,1,1896,20997
prehack,1,20997,11013,9984,1029,114,1,0,1143,20997
differentphase,1,20995,10979,10016,963,357,1,0,1320,20995
SirNoble,1,20989,11402,9587,1815,577,1,1,2392,20990
AgentRG,7,20980,11499,9481,2018,226,6,6,2244,20986
WheatOcean,2,20982,11073,9909,1164,276,2,2,1440,20984
avoelsopqt,1,20980,11134,9846,1288,775,1,1,2063,20981
marz2292,3,20976,11436,9540,1896,448,3,3,2344,20979
ceriously,1,20977,10874,10103,771,778,1,0,1549,20977
you_my_ninja,1,20976,11389,9587,1802,139,1,0,1941,20976
TreesRNoMakeMeDumb,2,20973,11710,9263,2447,277,2,2,2724,20975
Feature_Creature,1,20972,11176,9796,1380,545,1,0,1925,20972
pmbuko,1,20971,11434,9537,1897,483,1,0,2380,20971
TheDoctorofCardiff,3,20959,11678,9281,2397,137,3,3,2534,20962
CrispyNectar,1,20960,11198,9762,1436,699,1,0,2135,20960
myst0rys1ngs,2,20956,11090,9866,1224,193,2,2,1417,20958
LeBossk,2,20954,11104,9850,1254,380,2,2,1634,20956
TheBoredMan,7,20940,12262,8678,3584,404,5,6,3988,20946
I_am_Mojojojo,3,20945,11944,9001,2943,263,2,0,3206,20945
KinglyO,1,20942,11145,9797,1348,212,1,0,1560,20942
SpeakOTheDevil,1,20932,11160,9772,1388,196,1,1,1584,20933
davaca,1,20931,11343,9588,1755,345,1,0,2100,20931
TheFlyingSuchness,17,20912,13025,7887,5138,331,17,17,5469,20929
Infinity02,1,20928,11607,9321,2286,252,1,0,2538,20928
rubixx95,4,20925,11247,9678,1569,173,3,2,1742,20927
EpicSealTime,1,20922,11121,9801,1320,69,1,1,1389,20923
MasterJuanB,2,20922,11194,9728,1466,163,1,0,1629,20922
circle_,2,20913,11135,9778,1357,219,1,2,1576,20915
robotlove28,5,20906,11509,9397,2112,298,5,5,2410,20911
TinFoilHatApostate,1,20909,11385,9524,1861,632,1,0,2493,20909
asmalldrinkofmilk,3,20903,11393,9510,1883,324,3,2,2207,20905
jessegrn,1,20900,11135,9765,1370,472,1,0,1842,20900
dimarocks,9,20891,11563,9328,2235,199,1,6,2434,20897
djcdominic,1,20893,11179,9714,1465,453,1,1,1918,20894
agroupofpandas,1,20885,11442,9443,1999,256,0,1,2255,20886
sirsnipesalot,2,20872,11053,9819,1234,122,2,2,1356,20874
Spiketurtle,4,20863,11727,9136,2591,129,3,4,2720,20867
Linton58,8,20857,11212,9645,1567,398,7,7,1965,20864
Cartycartcar,1,20860,11015,9845,1170,117,1,1,1287,20861
gayunicornrainbows,4,20842,11307,9535,1772,299,1,4,2071,20846
TipOfTheSpear,1,20840,11118,9722,1396,275,1,0,1671,20840
LeKetay2525,2,20817,11043,9774,1269,473,2,1,1742,20818
Jaydi,3,20811,11363,9448,1915,168,2,3,2083,20814
bekahrooney,3,20811,11482,9329,2153,252,3,2,2405,20813
earthshock,1,20811,11636,9175,2461,631,1,0,3092,20811
Stompedyourhousewith,1,20810,10991,9819,1172,272,1,1,1444,20811
philhouse64,2,20800,10980,9820,1160,506,2,2,1666,20802
thedylbear,1,20798,11301,9497,1804,78,1,1,1882,20799
ARasool,3,20793,11149,9644,1505,226,3,3,1731,20796
TheSigma3,1,20788,11039,9749,1290,309,1,0,1599,20788
FrankHowitzer,1,20781,11202,9579,1623,308,1,1,1931,20782
SilverFox131,1,20775,10976,9799,1177,122,1,1,1299,20776
xsparkyx,1,20762,10888,9874,1014,612,1,1,1626,20763
SurelyItsAdam,1,20759,11176,9583,1593,81,1,1,1674,20760
oodlynoodles,1,20743,11190,9553,1637,375,1,0,2012,20743
febreezeman,1,20737,10974,9763,1211,167,1,0,1378,20737
prashn64,1,20735,11289,9446,1843,360,1,0,2203,20735
OpticalData,3,20731,10941,9790,1151,123,1,2,1274,20733
raisetheshade,3,20727,11484,9243,2241,442,3,2,2683,20729
IamLeven,5,20717,11823,8894,2929,253,5,4,3182,20721
plzdontdownvoteme,1,20716,10895,9821,1074,288,1,0,1362,20716
jekessle,2,20711,11427,9284,2143,505,2,2,2648,20713
GrizzledAncient,1,20712,11054,9658,1396,275,1,1,1671,20713
BrutalSimplicity,2,20707,10962,9745,1217,328,1,2,1545,20709
Zhatt,1,20701,11626,9075,2551,1086,1,0,3637,20701
NotABlackMan858,1,20700,11240,9460,1780,451,1,1,2231,20701
rkoz,1,20696,11143,9553,1590,119,1,0,1709,20696
gyd9181,1,20693,11086,9607,1479,517,1,1,1996,20694
zonination,4,20690,11288,9402,1886,191,4,3,2077,20693
blorno,5,20685,11196,9489,1707,763,5,3,2470,20688
hellpony,1,20684,10974,9710,1264,120,1,1,1384,20685
AddVasoline,9,20672,10950,9722,1228,147,4,9,1375,20681
anuncommontruth,1,20669,11689,8980,2709,120,1,0,2829,20669
subx1,16,20654,16484,4170,12314,557,14,14,12871,20668
texabyte,1,20667,11022,9645,1377,378,0,1,1755,20668
Master-Thief,1,20661,11135,9526,1609,248,1,1,1857,20662
mybrosteve,1,20656,11147,9509,1638,277,1,1,1915,20657
TheChamp415,1,20656,10871,9785,1086,146,1,1,1232,20657
PeachFuzz517,1,20636,11076,9560,1516,713,1,1,2229,20637
weekendonwednesday,1,20635,11378,9257,2121,514,1,0,2635,20635
madcowrocks,1,20634,10989,9645,1344,446,1,0,1790,20634
DutchMeNow,7,20625,11660,8965,2695,755,3,7,3450,20632
Bruyn,1,20631,10944,9687,1257,705,1,1,1962,20632
toss_your_salad,1,20631,10728,9903,825,760,1,1,1585,20632
ponchpmorelos,1,20619,11249,9370,1879,366,1,0,2245,20619
Smoke_n_Mirrors,4,20602,11026,9576,1450,345,3,4,1795,20606
spahn711,1,20600,11045,9555,1490,1252,1,1,2742,20601
latenightcabdriving,1,20594,12083,8511,3572,692,1,0,4264,20594
RobThaGreat00,3,20586,11575,9011,2564,217,3,2,2781,20588
El_Pinguino,1,20588,10909,9679,1230,231,1,0,1461,20588
Zengerowitch,2,20582,10997,9585,1412,353,2,2,1765,20584
the_codfather,1,20577,10856,9721,1135,376,1,1,1511,20578
Absolutely_Unrelated,1,20577,10754,9823,931,110,1,1,1041,20578
Clickheretoo,1,20576,11382,9194,2188,159,1,0,2347,20576
lukestauntaun,2,20564,11341,9223,2118,649,2,1,2767,20565
Teenage_Whore_Moans,2,20560,10926,9634,1292,136,1,2,1428,20562
CakeStack,1,20560,10824,9736,1088,722,1,1,1810,20561
CZbwoi,1,20551,10903,9648,1255,269,1,0,1524,20551
Infammo,1,20528,10938,9590,1348,1158,1,0,2506,20528
jon85943,2,20525,11263,9262,2001,193,2,2,2194,20527
Nanoushka,9,20520,11629,8891,2738,397,9,6,3135,20526
Traunt,4,20520,11217,9303,1914,285,4,3,2199,20523
Spetsnazty,1,20518,11346,9172,2174,392,1,1,2566,20519
Toothyy,16,20500,11752,8748,3004,219,14,13,3223,20513
Juerves_Mercules,1,20512,10773,9739,1034,208,1,0,1242,20512
SCREAMING_DUMB_SHIT,1,20494,10936,9558,1378,217,1,1,1595,20495
SaltyMargarita,1,20495,10720,9775,945,197,1,0,1142,20495
Felshoe,2,20493,11351,9142,2209,351,1,1,2560,20494
Chromah,1,20486,11118,9368,1750,848,1,0,2598,20486
TallPerson429,2,20484,11856,8628,3228,1315,1,0,4543,20484
Chag20,1,20476,10966,9510,1456,70,1,1,1526,20477
MLGBatman,1,20473,10728,9745,983,76,1,1,1059,20474
Chritsopher,1,20472,11327,9145,2182,203,1,1,2385,20473
yamyamyamyam,1,20473,11221,9252,1969,359,1,0,2328,20473
mauv,2,20473,11111,9362,1749,134,2,0,1883,20473
ogarcho,2,20467,11274,9193,2081,751,2,2,2832,20469
Totep,5,20462,11803,8659,3144,437,4,5,3581,20467
juanmb2,1,20440,10956,9484,1472,734,1,1,2206,20441
senexii,9,20424,12033,8391,3642,189,7,8,3831,20432
SwaqMeOut,1,20428,10366,10062,304,597,1,0,901,20428
elvisplayer,2,20425,11074,9351,1723,219,1,2,1942,20427
grayseer,1,20425,10749,9676,1073,222,0,1,1295,20426
rillegas08,1,20412,10983,9429,1554,239,1,0,1793,20412
Morpheus_Oneiros,1,20409,11198,9211,1987,415,1,0,2402,20409
MattOnADinosaur,2,20405,11282,9123,2159,281,2,2,2440,20407
nikkiwashere,1,20405,10737,9668,1069,234,1,1,1303,20406
herpy-derp,1,20397,11088,9309,1779,676,1,1,2455,20398
jshrlzwrld02,2,20392,10749,9643,1106,334,2,2,1440,20394
eclipse666,1,20393,10628,9765,863,197,1,1,1060,20394
igor420,2,20393,13000,7393,5607,942,2,0,6549,20393
DJMRB,1,20387,11333,9054,2279,345,1,0,2624,20387
platypus95,2,20383,10943,9440,1503,329,2,2,1832,20385
weebritain,1,20379,10889,9490,1399,133,1,1,1532,20380
IShatOnGranny,1,20373,10817,9556,1261,172,1,1,1433,20374
msberky1,10,20362,11732,8630,3102,195,7,10,3297,20372
fallingtopieces,2,20368,11105,9263,1842,1241,1,1,3083,20369
pleasefeedthemodels,16,20349,11476,8873,2603,156,8,16,2759,20365
DeadEndJumpWall,1,20363,10866,9497,1369,296,1,0,1665,20363
le_trout,1,20360,10933,9427,1506,382,1,1,1888,20361
UnitedStatesSenate,4,20355,11102,9253,1849,72,2,3,1921,20358
Hughezie,5,20351,11559,8792,2767,93,0,5,2860,20356
Wyofire,1,20355,10883,9472,1411,530,1,0,1941,20355
cucumberplus,2,20354,11005,9349,1656,247,0,1,1903,20355
Sakarissa,1,20351,10672,9679,993,232,1,1,1225,20352
Nitroginger,1,20335,10575,9760,815,129,1,1,944,20336
coffeejewel,2,20334,10811,9523,1288,162,2,1,1450,20335
cupcakekitteh,1,20333,11173,9160,2013,309,1,1,2322,20334
Anikdote,4,20329,11027,9302,1725,284,4,4,2009,20333
alexzhard,3,20319,11187,9132,2055,202,3,2,2257,20321
darrendoesnotknow,2,20319,10891,9428,1463,252,2,2,1715,20321
LewisKolb,2,20317,11329,8988,2341,349,2,2,2690,20319
sambart,1,20311,10664,9647,1017,74,1,1,1091,20312
jaimetou,1,20309,10997,9312,1685,120,0,1,1805,20310
swedishpenis,2,20307,10794,9513,1281,350,2,2,1631,20309
duke_of_derpington,5,20303,11199,9104,2095,261,5,4,2356,20307
jordmanb2,1,20299,10662,9637,1025,634,1,1,1659,20300
TheCannon,4,20292,11660,8632,3028,631,4,2,3659,20294
gluck6,1,20292,10622,9670,952,356,1,1,1308,20293
andymacc,8,20283,11978,8305,3673,206,7,6,3879,20289
cky138,1,20287,11005,9282,1723,241,1,0,1964,20287
career_redditor,2,20282,10816,9466,1350,285,2,2,1635,20284
420_bear_grylls,1,20282,10445,9837,608,313,0,1,921,20283
Harvo,2,20274,10967,9307,1660,137,2,2,1797,20276
biggmclargehuge,2,20275,10751,9524,1227,135,2,1,1362,20276
DrEuthanasia,1,20274,10695,9579,1116,140,1,1,1256,20275
saucepanicus,4,20263,11117,9146,1971,650,4,2,2621,20265
kadamson24,1,20262,11104,9158,1946,621,1,1,2567,20263
Destione,2,20250,11191,9059,2132,176,2,2,2308,20252
whatthesamm,2,20250,11056,9194,1862,163,2,1,2025,20251
FloppsyLad,1,20240,10759,9481,1278,318,1,1,1596,20241
kanekye,2,20238,10851,9387,1464,410,2,1,1874,20239
masterilly,3,20233,10765,9468,1297,285,3,2,1582,20235
electric_six,1,20234,10713,9521,1192,174,1,1,1366,20235
OuchoGroucho,2,20232,11422,8810,2612,141,2,1,2753,20233
hedley-lamarr,3,20223,11020,9203,1817,199,3,1,2016,20224
ARC_Prisoner,1,20221,10651,9570,1081,154,1,1,1235,20222
kkantouth,1,20219,11066,9153,1913,177,1,0,2090,20219
goonerz666,4,20213,11183,9030,2153,231,3,3,2384,20216
saganator,1,20203,10773,9430,1343,147,1,0,1490,20203
glittr_grl,2,20199,10818,9381,1437,200,2,2,1637,20201
downloaded_dave,1,20200,10876,9324,1552,381,1,0,1933,20200
mynameisjeef,1,20198,10820,9378,1442,314,1,1,1756,20199
kulterkampf,5,20187,10841,9346,1495,157,4,5,1652,20192
pdxpalekid,1,20191,10723,9468,1255,227,1,1,1482,20192
Bernie6127,1,20185,10382,9803,579,214,1,1,793,20186
kqpro,4,20181,11097,9084,2013,182,4,4,2195,20185
TSaurusX,2,20181,11465,8716,2749,400,2,2,3149,20183
MeVersusShark,1,20170,10796,9374,1422,181,1,1,1603,20171
RageMau5,3,20151,11184,8967,2217,166,3,3,2383,20154
Cromiell,2,20148,11263,8885,2378,301,2,1,2679,20149
turdmalone,8,20135,11518,8617,2901,337,8,6,3238,20141
iklegemma,14,20127,11944,8183,3761,520,8,13,4281,20140
molby9,2,20132,10903,9229,1674,244,1,1,1918,20133
amprather,6,20124,10760,9364,1396,754,5,4,2150,20128
usa132,2,20112,10884,9228,1656,125,1,2,1781,20114
artflywheel,3,20109,11025,9084,1941,119,3,2,2060,20111
TheLankyIndian,6,20107,10938,9169,1769,252,4,4,2021,20111
et_Spiritus_Sancti,4,20107,11154,8953,2201,452,4,3,2653,20110
Ya_Dingus,2,20107,10749,9358,1391,741,2,1,2132,20108
Decky86,1,20096,10792,9304,1488,584,1,1,2072,20097
oldtomfoolery,1,20094,11012,9082,1930,501,1,1,2431,20095
ZER0SI6KSSE7EN,1,20092,11122,8970,2152,131,0,1,2283,20093
shadow8449,5,20076,10921,9155,1766,658,5,3,2424,20079
mcphizzle66,1,20078,10999,9079,1920,594,1,0,2514,20078
BKA93,1,20078,10796,9282,1514,186,1,0,1700,20078
Edivion,1,20075,11180,8895,2285,157,1,1,2442,20076
b3n,2,20068,11111,8957,2154,231,2,2,2385,20070
mywhiteshadow,3,20070,10693,9377,1316,472,3,0,1788,20070
mikevilla,1,20069,10813,9256,1557,123,1,0,1680,20069
Ruddose,1,20063,10712,9351,1361,175,1,1,1536,20064
WolfNippleChips,7,20057,11217,8840,2377,534,7,3,2911,20060
vteckickedin,8,20049,11998,8051,3947,458,5,8,4405,20057
iamriot,7,20049,10870,9179,1691,204,5,7,1895,20056
TYCO69,1,20053,10529,9524,1005,139,1,1,1144,20054
Rodanthe,8,20045,11782,8263,3519,300,8,7,3819,20052
Harnecj0515,6,20039,11979,8060,3919,221,5,6,4140,20045
tuttle88,1,20039,10754,9285,1469,672,1,0,2141,20039
ipodz,1,20025,10868,9157,1711,813,1,1,2524,20026
Mattycake,2,20024,10850,9174,1676,144,2,2,1820,20026
WilfordsDog,5,20014,10928,9086,1842,851,4,3,2693,20017
Phiosa,1,20013,10544,9469,1075,136,1,1,1211,20014
sirlogsalot,2,20012,10419,9593,826,200,2,2,1026,20014
shhhGoToSleep,4,20011,10691,9320,1371,176,3,2,1547,20013
incendiarypoop,1,20009,10757,9252,1505,256,1,0,1761,20009
ThePiggle,1,20008,10589,9419,1170,133,1,1,1303,20009
clindstad,1,20001,10778,9223,1555,209,1,0,1764,20001
Artfeint,1,19996,10840,9156,1684,255,1,1,1939,19997
spacedoodoopistols,1,19992,10936,9056,1880,156,1,0,2036,19992
Sproosemagoose,3,19981,11442,8539,2903,127,3,3,3030,19984
Adventuredog,2,19975,11000,8975,2025,528,2,1,2553,19976
Aservbot,1,19973,10603,9370,1233,250,1,1,1483,19974
btech1138,1,19967,10615,9352,1263,225,1,0,1488,19967
moogoesthecat,8,19955,12131,7824,4307,240,6,8,4547,19963
Curious_Ape,5,19958,10696,9262,1434,205,5,4,1639,19962
TeddiRevolution,1,19957,10744,9213,1531,877,1,1,2408,19958
iSamtastic,1,19947,10750,9197,1553,239,1,0,1792,19947
9bowlsofsoup,1,19942,10828,9114,1714,104,1,1,1818,19943
sgursel,1,19940,10806,9134,1672,189,1,1,1861,19941
BonzoPongo,1,19935,10689,9246,1443,1075,1,1,2518,19936
philhealy127,5,19930,11378,8552,2826,596,5,5,3422,19935
Mogwoggle,1,19920,10692,9228,1464,207,1,0,1671,19920
catnik,3,19904,11259,8645,2614,122,3,1,2736,19905
Tobzahs,1,19900,10822,9078,1744,126,1,1,1870,19901
horse_masturbator,1,19891,10816,9075,1741,673,1,1,2414,19892
xaka,1,19891,10675,9216,1459,406,1,1,1865,19892
claymer,2,19876,10745,9131,1614,86,1,2,1700,19878
nate800,6,19866,11008,8858,2150,175,4,6,2325,19872
SuzieDerpkins,2,19869,10603,9266,1337,161,2,2,1498,19871
willstack,1,19864,10968,8896,2072,273,1,0,2345,19864
10InchErection,2,19862,10583,9279,1304,335,1,2,1639,19864
FunnyBrother,27,19830,11857,7973,3884,304,25,27,4188,19857
spamburglar,1,19854,10366,9488,878,207,1,1,1085,19855
farhangbeh,1,19852,10281,9571,710,631,1,0,1341,19852
KyleChief,1,19846,11192,8654,2538,854,1,1,3392,19847
Conc3pt,4,19841,11193,8648,2545,467,4,3,3012,19844
Auto_aim1,4,19840,11118,8722,2396,1534,2,3,3930,19843
Kilen13,1,19843,10916,8927,1989,391,1,0,2380,19843
Babsnail,1,19842,10349,9493,856,272,0,1,1128,19843
osmo94,2,19839,10410,9429,981,1442,2,2,2423,19841
Barnyweasely,2,19836,10724,9112,1612,215,1,1,1827,19837
mandal0re,7,19829,11054,8775,2279,97,4,6,2376,19835
chowdaah,1,19831,10487,9344,1143,309,1,1,1452,19832
pansermannen,5,19818,11063,8755,2308,898,5,4,3206,19822
Jamy18,2,19821,10805,9016,1789,485,2,0,2274,19821
_Bishop,2,19813,10572,9241,1331,195,2,2,1526,19815
53,1,19811,11389,8422,2967,1041,1,0,4008,19811
vtbarrera,7,19808,11825,7983,3842,393,6,2,4235,19810
UTDoctor,5,19797,11519,8278,3241,954,4,4,4195,19801
LIVERLIPS69,3,19798,10700,9098,1602,264,3,3,1866,19801
burgermen101,2,19797,10581,9216,1365,82,0,2,1447,19799
16dots,1,19794,10671,9123,1548,222,1,1,1770,19795
funny-chubby-awesome,2,19789,10677,9112,1565,495,2,1,2060,19790
Medicalli,1,19790,10526,9264,1262,321,1,0,1583,19790
BEZthePEZ,15,19772,11703,8069,3634,985,12,14,4619,19786
ViolentMasturbator,1,19776,10802,8974,1828,279,1,0,2107,19776
jeanpaulfartre,3,19760,10833,8927,1906,510,3,3,2416,19763
itispedosthatareNSFW,3,19758,10651,9107,1544,263,2,2,1807,19760
Shazoola,1,19759,10579,9180,1399,98,1,0,1497,19759
coooolbeans,1,19755,10707,9048,1659,233,1,1,1892,19756
Max_Was_Here,1,19754,10691,9063,1628,242,1,0,1870,19754
charblah,2,19748,11033,8715,2318,463,2,0,2781,19748
Whatsername18,3,19743,10843,8900,1943,104,1,3,2047,19746
StrangerinthaAlps,1,19744,10690,9054,1636,210,1,1,1846,19745
tsxy,1,19743,10741,9002,1739,1075,1,1,2814,19744
who-said-that,1,19741,10539,9202,1337,354,1,0,1691,19741
Ispeakrobot,1,19738,10453,9285,1168,594,1,0,1762,19738
ARCHA1C,5,19734,10556,9178,1378,1698,5,3,3076,19737
1001110110,1,19733,10606,9127,1479,2051,1,0,3530,19733
ra_grand,19,19718,11571,8147,3424,410,16,14,3834,19732
Onoe7,1,19730,10592,9138,1454,176,1,1,1630,19731
kicks_a_mass,2,19728,10871,8857,2014,231,1,2,2245,19730
idoitforthelawls,2,19728,10450,9278,1172,566,2,2,1738,19730
lololok,2,19723,10577,9146,1431,268,1,2,1699,19725
newersdk,5,19717,11000,8717,2283,185,3,5,2468,19722
HelloWhoIsThere,1,19722,10726,8996,1730,133,1,0,1863,19722
Evork,1,19715,10517,9198,1319,420,1,1,1739,19716
Admiral_bjorn,1,19711,10593,9118,1475,205,1,0,1680,19711
Hardaek,1,19711,10485,9226,1259,271,1,0,1530,19711
s-mores,1,19708,10544,9164,1380,435,1,1,1815,19709
Brownt0wn_,1,19702,10338,9364,974,759,1,0,1733,19702
mruss12,1,19700,10442,9258,1184,468,1,1,1652,19701
Akial,1,19696,10337,9359,978,164,1,1,1142,19697
sojc598,1,19696,10736,8960,1776,1282,1,0,3058,19696
WangFuAdam,1,19693,10491,9202,1289,74,1,1,1363,19694
Dentex,4,19689,10224,9465,759,102,1,4,861,19693
only_death_is_real,4,19687,10584,9103,1481,172,3,4,1653,19691
monkiesflynorth,1,19684,10738,8946,1792,224,1,0,2016,19684
illlogic,1,19679,10358,9321,1037,92,1,1,1129,19680
Salvador204,1,19679,10746,8933,1813,448,1,0,2261,19679
kiwichick9986,1,19667,10367,9300,1067,104,1,1,1171,19668
KARMAGAMER,1,19665,10428,9237,1191,269,1,1,1460,19666
bliblablup,3,19653,11077,8576,2501,134,3,3,2635,19656
Red23UK,3,19650,10916,8734,2182,499,3,3,2681,19653
Dr_Success,2,19648,10842,8806,2036,197,2,2,2233,19650
Cburger48,1,19643,10338,9305,1033,1206,1,0,2239,19643
RedundantUserError,2,19640,10709,8931,1778,214,2,2,1992,19642
cheesewombat,1,19640,10225,9415,810,124,1,0,934,19640
Narisome,2,19637,10849,8788,2061,223,1,2,2284,19639
TFlo1213,2,19636,10814,8822,1992,181,1,2,2173,19638
wishthemwell,4,19623,10929,8694,2235,309,3,3,2544,19626
mandace1,2,19618,10467,9151,1316,265,1,1,1581,19619
taueln,1,19617,10909,8708,2201,282,1,0,2483,19617
CloudFang,2,19615,10647,8968,1679,203,1,2,1882,19617
TheBlackHive,1,19614,10262,9352,910,131,1,1,1041,19615
blew_nitro,2,19608,10553,9055,1498,296,2,1,1794,19609
inquirewue,1,19600,10195,9405,790,250,1,1,1040,19601
cupcakebond,1,19599,10579,9020,1559,265,1,1,1824,19600
Darkashe,1,19596,10386,9210,1176,57,1,0,1233,19596
The_Dok,1,19594,10426,9168,1258,554,1,1,1812,19595
Obsillius,1,19592,10684,8908,1776,270,1,0,2046,19592
AnnoyingMovieQuoter,1,19588,10456,9132,1324,585,1,1,1909,19589
sho3,2,19576,10533,9043,1490,247,2,1,1737,19577
export40,1,19570,10548,9022,1526,367,1,0,1893,19570
Meozeon,1,19566,10460,9106,1354,322,1,1,1676,19567
Aquemini182,1,19560,10199,9361,838,658,1,1,1496,19561
lightscribe9,3,19558,10605,8953,1652,89,3,2,1741,19560
Pizzaface95,3,19555,10487,9068,1419,263,1,2,1682,19557
PornClerk,3,19554,10673,8881,1792,122,3,2,1914,19556
GrixM,2,19552,10786,8766,2020,199,2,2,2219,19554
bbqbot,2,19553,10587,8966,1621,221,1,1,1842,19554
Silkrevolver,2,19551,10746,8805,1941,113,2,1,2054,19552
hsch516,2,19544,10762,8782,1980,135,2,2,2115,19546
Eatnectar,9,19538,11949,7589,4360,164,9,7,4524,19545
metellius,1,19540,10510,9030,1480,251,1,0,1731,19540
angrywhitekid,2,19538,10186,9352,834,304,2,1,1138,19539
mmporkchop,1,19536,10238,9298,940,208,1,0,1148,19536
nten17,4,19521,10476,9045,1431,111,4,3,1542,19524
busfaretonowhere,1,19523,10697,8826,1871,117,1,0,1988,19523
ShutUpB4IboinkU,1,19519,10471,9048,1423,44,0,1,1467,19520
naughtyloaf,3,19516,10994,8522,2472,286,2,3,2758,19519
loserskings,1,19516,10963,8553,2410,103,1,1,2513,19517
ColdHeart95,1,19509,10665,8844,1821,114,1,1,1935,19510
Matt080398,1,19509,10073,9436,637,674,1,1,1311,19510
m_u_n_c_h_y_,1,19506,10418,9088,1330,91,1,1,1421,19507
MisterHellberg,1,19499,10146,9353,793,411,1,0,1204,19499
SmellsLikePup,1,19494,10336,9158,1178,857,1,1,2035,19495
IDontCareAboutUpvote,5,19485,10696,8789,1907,240,5,4,2147,19489
cpt_hammer,1,19485,10762,8723,2039,124,1,0,2163,19485
3LITE,1,19484,10473,9011,1462,154,1,0,1616,19484
lappalappa,1,19482,10292,9190,1102,101,1,0,1203,19482
DunnyJ92,1,19479,10549,8930,1619,329,1,0,1948,19479
morecambe1,1,19478,10391,9087,1304,134,1,1,1438,19479
vitalii201,1,19463,11140,8323,2817,180,1,0,2997,19463
Jollymelon,3,19460,10725,8735,1990,152,3,3,2142,19463
GreatestQuoteEver,1,19458,10298,9160,1138,662,1,1,1800,19459
theycallmebrodie,2,19452,10324,9128,1196,367,1,2,1563,19454
Krishna987,3,19449,12223,7226,4997,1866,3,1,6863,19450
the_awesome_face,1,19449,10241,9208,1033,781,1,1,1814,19450
jaaba232,1,19444,10361,9083,1278,94,1,1,1372,19445
AtheismWow,1,19440,11822,7618,4204,187,1,0,4391,19440
raltyinferno,9,19431,11652,7779,3873,315,9,8,4188,19439
yurf,1,19439,10300,9139,1161,160,1,0,1321,19439
apossomness,2,19435,10426,9009,1417,254,2,2,1671,19437
Stooooopido,1,19431,10421,9010,1411,440,1,1,1851,19432
Meatballer67,1,19427,10307,9120,1187,363,1,0,1550,19427
gringogrande33,3,19422,10372,9050,1322,230,3,2,1552,19424
Jaketh,2,19422,10600,8822,1778,331,2,0,2109,19422
SupSatire,2,19420,10256,9164,1092,208,2,2,1300,19422
alecd,1,19420,10660,8760,1900,686,1,0,2586,19420
pbjames23,2,19419,10428,8991,1437,386,2,1,1823,19420
tulpan,3,19415,10851,8564,2287,268,3,2,2555,19417
mumbling2myself,1,19413,10385,9028,1357,244,1,0,1601,19413
Genericpenisjoke,1,19411,10261,9150,1111,349,1,1,1460,19412
Saving628496,1,19409,10432,8977,1455,191,1,0,1646,19409
heretics,2,19403,10883,8520,2363,1269,2,1,3632,19404
namenottaken94,2,19400,10403,8997,1406,357,2,1,1763,19401
joetromboni,6,19393,10957,8436,2521,882,6,2,3403,19395
arcsesh,6,19382,11219,8163,3056,467,6,1,3523,19383
Quimby06,3,19375,10923,8452,2471,218,1,3,2689,19378
relativex,1,19374,10411,8963,1448,173,1,0,1621,19374
xPlatypusVenom,3,19368,9998,9370,628,244,3,2,872,19370
Solleks132,1,19362,10181,9181,1000,117,1,1,1117,19363
I_Sheet_In_The_Pool,6,19354,10447,8907,1540,171,5,6,1711,19360
thundercats_GOOOO,2,19357,10239,9118,1121,108,2,2,1229,19359
KleurenPrinter,3,19355,11649,7706,3943,334,3,2,4277,19357
olalys,1,19325,11373,7952,3421,208,1,0,3629,19325
BeTheBro,1,19325,10535,8790,1745,63,1,0,1808,19325
Jedmands,1,19317,11180,8137,3043,733,0,1,3776,19318
shamwho,1,19315,10280,9035,1245,207,1,0,1452,19315
habaker91,2,19309,10425,8884,1541,321,2,1,1862,19310
ilovetoast12,1,19308,10332,8976,1356,361,1,1,1717,19309
schlebb,1,19308,10295,9013,1282,184,1,1,1466,19309
isthisphoenix,1,19301,10198,9103,1095,102,1,1,1197,19302
nommedit,5,19296,10887,8409,2478,296,5,3,2774,19299
HAPPY_SAD,1,19299,10609,8690,1919,337,0,0,2256,19299
DocJRoberts,2,19296,10812,8484,2328,262,2,2,2590,19298
acman319,1,19297,10296,9001,1295,206,1,1,1501,19298
futuristMOD,6,19287,11145,8142,3003,255,6,6,3258,19293
judgegreen,1,19289,10304,8985,1319,134,1,1,1453,19290
geek0rama,5,19274,10779,8495,2284,746,5,2,3030,19276
Dahmer,2,19273,10697,8576,2121,273,2,2,2394,19275
dadmachine,2,19267,10201,9066,1135,175,2,1,1310,19268
TycoBrahe,3,19260,10534,8726,1808,348,3,1,2156,19261
Reddevil2a8,2,19250,10533,8717,1816,433,2,2,2249,19252
nikm8,2,19249,10239,9010,1229,1086,2,2,2315,19251
polezo,4,19243,10859,8384,2475,231,4,2,2706,19245
zazius,1,19243,10491,8752,1739,553,1,0,2292,19243
Jalaliep,1,19243,10388,8855,1533,313,1,0,1846,19243
70R14,2,19242,11296,7946,3350,144,2,0,3494,19242
OrlandoDoom,4,19237,10643,8594,2049,448,4,4,2497,19241
cthrubuoy,2,19226,10391,8835,1556,341,2,1,1897,19227
ManMadeHuman,2,19223,10606,8617,1989,336,2,2,2325,19225
frydjof,1,19224,10537,8687,1850,272,1,1,2122,19225
krowface,3,19208,10771,8437,2334,204,3,3,2538,19211
IgnorantPower,1,19196,10379,8817,1562,122,1,1,1684,19197
jerfoo,1,19192,11021,8171,2850,607,1,0,3457,19192
Whataboutthatguy,1,19182,10166,9016,1150,105,1,0,1255,19182
EchoTheCollapse,2,19169,10571,8598,1973,413,2,2,2386,19171
capnbananas,2,19158,10551,8607,1944,501,2,1,2445,19159
NLratboy,1,19155,10167,8988,1179,252,0,1,1431,19156
alexhurley,2,19153,10270,8883,1387,339,1,2,1726,19155
TheCraterProject,3,19149,10555,8594,1961,106,3,3,2067,19152
ummmmok,2,19143,10377,8766,1611,540,2,2,2151,19145
TheEndIsFuckingNigh,2,19139,10126,9013,1113,378,2,2,1491,19141
txdude75252,1,19139,10345,8794,1551,1127,1,0,2678,19139
SatelliteJane,6,19135,11156,7979,3177,865,6,3,4042,19138
stanleyhudson,1,19136,10776,8360,2416,956,1,1,3372,19137
tauschung,1,19135,10230,8905,1325,115,1,1,1440,19136
yen_menthol,2,19130,10216,8914,1302,452,1,2,1754,19132
sevenson,1,19130,10199,8931,1268,152,1,1,1420,19131
bl1ndin9,1,19124,10411,8713,1698,82,1,0,1780,19124
Chrisyw101,2,19112,10136,8976,1160,165,2,2,1325,19114
SkeptiCalhippoh,1,19109,10255,8854,1401,472,1,1,1873,19110
nenicko7,2,19104,10257,8847,1410,148,2,1,1558,19105
WannabeVagabond,2,19094,10363,8731,1632,235,2,2,1867,19096
sandossu,13,19088,11500,7588,3912,479,12,6,4391,19094
stephz491,4,19078,10585,8493,2092,163,4,4,2255,19082
p1415926,1,19080,10227,8853,1374,141,1,1,1515,19081
femmeswag,1,19078,10253,8825,1428,172,1,1,1600,19079
Knov,3,19048,10212,8836,1376,90,1,3,1466,19051
OptionalOptions,2,19035,10225,8810,1415,1226,2,0,2641,19035
c4lmlikeab0mb,3,19030,10869,8161,2708,563,3,2,3271,19032
oliveshiny,1,19031,10205,8826,1379,264,1,1,1643,19032
chulill,1,19028,10268,8760,1508,169,1,1,1677,19029
middnytsunn,4,19024,10168,8856,1312,129,4,4,1441,19028
iruber1337,6,19010,11452,7558,3894,313,6,6,4207,19016
Merytz,10,19005,10423,8582,1841,467,10,9,2308,19014
TheRepostWizard,2,19012,10189,8823,1366,358,2,2,1724,19014
Dongface,1,19004,10032,8972,1060,242,1,1,1302,19005
funksbro,1,18996,10093,8903,1190,351,1,1,1541,18997
littleredguitars,1,18995,10466,8529,1937,785,0,1,2722,18996
scorpio_on_blue_moon,4,18982,10665,8317,2348,411,2,3,2759,18985
digiit,1,18980,10136,8844,1292,614,1,0,1906,18980
average_joel,1,18980,10256,8724,1532,218,1,0,1750,18980
Leeshloveszombies,7,18973,10678,8295,2383,272,5,6,2655,18979
joeisonfire,2,18979,10312,8667,1645,802,2,0,2447,18979
jansen1,2,18978,10685,8293,2392,202,2,0,2594,18978
hommIII,1,18976,10473,8503,1970,522,1,0,2492,18976
The_Love-Tap,4,18972,10104,8868,1236,138,2,3,1374,18975
calebrad1235,15,18957,11776,7181,4595,501,2,15,5096,18972
meer_kat,1,18967,10216,8751,1465,163,1,0,1628,18967
Windows7Guy876,2,18963,10222,8741,1481,159,2,0,1640,18963
Schokokuchn,1,18959,9975,8984,991,1498,1,1,2489,18960
jonra,7,18953,10525,8428,2097,157,4,4,2254,18957
RashestHippo,1,18951,10245,8706,1539,220,1,1,1759,18952
bfitz2,1,18946,10450,8496,1954,132,1,0,2086,18946
midnightbeast,1,18946,9977,8969,1008,252,1,0,1260,18946
Matt5D,4,18942,11488,7454,4034,239,4,3,4273,18945
cooltom2006,7,18937,10587,8350,2237,234,5,7,2471,18944
billiegoat,1,18933,10085,8848,1237,393,1,1,1630,18934
Olivemuffin,1,18922,10131,8791,1340,226,1,0,1566,18922
Sabvegas,6,18913,11014,7899,3115,1111,6,4,4226,18917
andystrummer,1,18912,10430,8482,1948,559,1,0,2507,18912
DanjerBob,1,18909,10195,8714,1481,121,1,0,1602,18909
anon35537,5,18899,11807,7092,4715,254,4,5,4969,18904
kris_lace,3,18902,10318,8584,1734,456,3,2,2190,18904
RebelDiamond,1,18902,10031,8871,1160,287,1,1,1447,18903
bombproofbeta,1,18885,10236,8649,1587,353,1,1,1940,18886
votingpic,1,18879,10185,8694,1491,409,1,0,1900,18879
letoilet,1,18875,10410,8465,1945,107,1,0,2052,18875
sillywalrus,3,18870,10193,8677,1516,530,2,2,2046,18872
captian_quickshit,1,18872,10181,8691,1490,130,1,0,1620,18872
caligula213,4,18865,11568,7297,4271,2097,4,2,6368,18867
TheKingOfPoon,7,18853,10586,8267,2319,185,5,6,2504,18859
mayallman,2,18856,10284,8572,1712,91,1,2,1803,18858
GrayFeathers,7,18851,10435,8416,2019,214,6,6,2233,18857
sernje,1,18855,9919,8936,983,1571,0,1,2554,18856
ZsaFreigh,1,18854,9798,9056,742,795,1,1,1537,18855
Kimicrash,3,18836,10142,8694,1448,109,2,3,1557,18839
epiccookiejar,1,18838,10346,8492,1854,154,0,0,2008,18838
mrrossi79,1,18827,10134,8693,1441,86,1,1,1527,18828
Iamthegoodguy,1,18820,10025,8795,1230,136,1,1,1366,18821
steakbake,2,18819,10604,8215,2389,448,2,1,2837,18820
GamerKingFaiz,4,18815,10292,8523,1769,175,4,3,1944,18818
highso,1,18815,10098,8717,1381,156,1,1,1537,18816
Kosley,3,18813,10731,8082,2649,251,2,2,2900,18815
meltibsen,4,18809,10294,8515,1779,1500,4,4,3279,18813
uhsamantha,2,18794,10146,8648,1498,244,2,0,1742,18794
jbjohnson1,3,18791,10276,8515,1761,898,3,2,2659,18793
phleena,2,18789,10039,8750,1289,222,1,2,1511,18791
jumpthecliff,1,18786,9996,8790,1206,145,1,1,1351,18787
racattack,2,18782,10092,8690,1402,276,2,2,1678,18784
GoochGobbler,1,18766,10291,8475,1816,253,1,0,2069,18766
cA05GfJ2K6,1,18757,10184,8573,1611,99,1,1,1710,18758
virginpresident,1,18753,9920,8833,1087,194,1,1,1281,18754
Terminator_Se7en,4,18749,10799,7950,2849,174,4,4,3023,18753
polite_pervert,1,18750,10349,8401,1948,224,1,0,2172,18750
DirtyBucketz,4,18741,10608,8133,2475,327,4,3,2802,18744
BTBAMsean,1,18743,9796,8947,849,371,1,1,1220,18744
ThatIrishFella,1,18740,10342,8398,1944,73,1,1,2017,18741
ItsOnlyLogical,1,18740,9776,8964,812,157,1,1,969,18741
pur3_str232,4,18735,10490,8245,2245,294,4,3,2539,18738
NOTaDockingStation,1,18737,10057,8680,1377,143,1,0,1520,18737
thehugeone,2,18734,10234,8500,1734,406,2,2,2140,18736
dmwilliams,1,18736,9956,8780,1176,610,1,0,1786,18736
varukasalt,8,18722,11137,7585,3552,260,3,8,3812,18730
lol_u_so_kawaii,1,18728,9939,8789,1150,132,1,1,1282,18729
CultofPersonality,3,18725,10040,8685,1355,183,3,3,1538,18728
Bpbegha,9,18720,10676,8044,2632,539,8,7,3171,18727
xraymaster,10,18713,11360,7353,4007,274,6,9,4281,18722
Java_Beans,1,18722,10078,8644,1434,231,1,0,1665,18722
nerhampton,2,18720,10187,8533,1654,760,1,1,2414,18721
joshyv,1,18715,9964,8751,1213,262,1,0,1475,18715
hellboy116,1,18714,9958,8756,1202,73,1,1,1275,18715
shutyourcumtunnel,2,18703,9970,8733,1237,585,1,1,1822,18704
jamman751,6,18696,10685,8011,2674,271,3,6,2945,18702
coolpo12,3,18697,9754,8943,811,112,2,3,923,18700
LuckiestBadLuckBabe,1,18691,10217,8474,1743,455,1,0,2198,18691
Coachpatato,1,18688,10661,8027,2634,538,1,0,3172,18688
cashforgold_to,2,18686,10097,8589,1508,370,1,0,1878,18686
clzair,3,18684,10552,8132,2420,248,3,1,2668,18685
ChrischinLoois,4,18681,9935,8746,1189,115,1,4,1304,18685
batoutofbasement,4,18675,10206,8469,1737,163,4,4,1900,18679
simbunch,3,18676,9855,8821,1034,254,3,3,1288,18679
drukqsx,7,18671,11143,7528,3615,334,5,7,3949,18678
BurningBright,2,18674,10180,8494,1686,144,2,1,1830,18675
ng607,1,18670,10068,8602,1466,579,1,1,2045,18671
dsaint1884,1,18654,10313,8341,1972,1258,1,0,3230,18654
thejko,1,18651,10145,8506,1639,114,1,0,1753,18651
PandaElDiablo,1,18648,9928,8720,1208,194,1,1,1402,18649
NoeBa,1,18646,10274,8372,1902,86,1,1,1988,18647
Komoss,4,18643,10054,8589,1465,188,4,4,1653,18647
SoftPoreCorn,1,18643,9870,8773,1097,164,1,0,1261,18643
jimmy_ringo,1,18636,10450,8186,2264,543,1,0,2807,18636
CowabungaDood,1,18632,10380,8252,2128,549,1,1,2677,18633
quackyquackcat,1,18627,10057,8570,1487,886,1,1,2373,18628
jc33,3,18624,10404,8220,2184,137,3,3,2321,18627
britchesworld,1,18626,10228,8398,1830,463,1,0,2293,18626
notyourtypicalstoner,1,18624,10361,8263,2098,836,1,0,2934,18624
commmiesoup,1,18619,10578,8041,2537,142,1,0,2679,18619
stroudwes,2,18613,10104,8509,1595,2992,1,1,4587,18614
SamHealey,2,18611,10096,8515,1581,122,2,1,1703,18612
xebo,1,18610,10061,8549,1512,320,1,0,1832,18610
Spezzle,1,18605,10127,8478,1649,49,1,1,1698,18606
SenorSam_,1,18603,10081,8522,1559,735,1,1,2294,18604
Cats_everywhere,2,18601,9868,8733,1135,92,2,2,1227,18603
backwoodsbill,1,18600,10338,8262,2076,434,1,1,2510,18601
CaptainPlanetEater,1,18600,10022,8578,1444,288,1,0,1732,18600
the_real_veal,1,18597,10536,8061,2475,1731,1,0,4206,18597
shutup721,3,18587,10228,8359,1869,834,3,2,2703,18589
drakche,3,18587,10197,8390,1807,515,1,1,2322,18588
Jacobepaps,1,18588,9816,8772,1044,138,1,0,1182,18588
filiushyde,1,18580,10329,8251,2078,119,1,0,2197,18580
swedishitalian000,1,18578,9800,8778,1022,70,0,1,1092,18579
DZ302,6,18573,11130,7443,3687,420,6,5,4107,18578
Zeuter,22,18564,14663,3901,10762,465,18,12,11227,18576
Trubey,1,18575,9841,8734,1107,222,1,1,1329,18576
nomnomattacksdomo,3,18571,9994,8577,1417,228,2,3,1645,18574
baylers,2,18567,10107,8460,1647,521,0,2,2168,18569
levi_spinny,2,18564,10211,8353,1858,214,2,2,2072,18566
CUNT_PUNCHER_1111111,2,18558,10296,8262,2034,123,2,2,2157,18560
JellyTip,2,18555,9640,8915,725,280,2,2,1005,18557
steakmane,4,18549,10843,7706,3137,409,3,2,3546,18551
mynamebejill,1,18550,9702,8848,854,530,1,0,1384,18550
MustardMcguff,2,18545,10549,7996,2553,225,2,0,2778,18545
madonna-boy,4,18539,10488,8051,2437,310,4,4,2747,18543
SharkieRawr,3,18539,9965,8574,1391,197,2,3,1588,18542
craxy0,2,18532,10255,8277,1978,170,2,1,2148,18533
7ewis,2,18531,10101,8430,1671,344,2,0,2015,18531
TheGuuruu,1,18529,10173,8356,1817,156,1,1,1973,18530
axopatrick,3,18523,10282,8241,2041,463,3,1,2504,18524
JohnnyRompain,1,18523,10050,8473,1577,180,1,1,1757,18524
blumpkinator69,1,18523,9846,8677,1169,194,1,1,1363,18524
Happy_Cake_Oven,1,18511,10073,8438,1635,1131,1,0,2766,18511
FortBriggs,2,18508,9947,8561,1386,277,2,1,1663,18509
pearson530,3,18505,10506,7999,2507,194,3,2,2701,18507
FTWCanadaFTW,1,18505,10278,8227,2051,576,1,1,2627,18506
kakianyx,1,18504,9905,8599,1306,210,1,1,1516,18505
TTooTall,1,18502,9952,8550,1402,430,1,1,1832,18503
xkevinx77,3,18496,10358,8138,2220,318,2,3,2538,18499
nijikai,1,18498,9989,8509,1480,249,1,1,1729,18499
johnnyandross,1,18494,9924,8570,1354,226,1,0,1580,18494
Yeroc1422,1,18491,9935,8556,1379,69,1,1,1448,18492
Carthonas,5,18483,10186,8297,1889,437,5,4,2326,18487
youregonnaloveme,5,18480,11141,7339,3802,511,3,3,4313,18483
elemenohpee,1,18482,10104,8378,1726,148,1,0,1874,18482
To_The_Nerdery,1,18482,9564,8918,646,372,1,0,1018,18482
ChristoAlves,12,18465,10740,7725,3015,324,11,10,3339,18475
WeedMongerer,1,18474,10234,8240,1994,177,0,0,2171,18474
Chiburger,1,18473,9868,8605,1263,157,1,1,1420,18474
LethalBanana,1,18470,9755,8715,1040,202,1,0,1242,18470
TheGirl93,2,18466,9998,8468,1530,89,1,2,1619,18468
sonar1,3,18467,10920,7547,3373,747,3,0,4120,18467
CloudEmperor,2,18464,10138,8326,1812,312,1,2,2124,18466
pbvdc,1,18466,9928,8538,1390,498,1,0,1888,18466
fentonfenton,2,18452,10582,7870,2712,346,2,2,3058,18454
xenu99,2,18452,9833,8619,1214,230,2,1,1444,18453
2fly,1,18452,9790,8662,1128,292,1,1,1420,18453
Phydeaux,2,18449,10103,8346,1757,732,2,1,2489,18450
Xeah,2,18441,9545,8896,649,222,1,2,871,18443
cheeeee,1,18437,9730,8707,1023,279,1,0,1302,18437
therobdoggg,3,18424,9949,8475,1474,146,2,3,1620,18427
alonggday,1,18423,9880,8543,1337,135,1,1,1472,18424
mullaccamylime,1,18421,9736,8685,1051,157,1,1,1208,18422
combasemsthefox,3,18411,10529,7882,2647,153,2,3,2800,18414
whitmorewartoof,1,18403,9886,8517,1369,148,1,1,1517,18404
scumbagsebby,7,18396,10278,8118,2160,138,5,7,2298,18403
cmd194,2,18398,10214,8184,2030,363,2,2,2393,18400
Oddidea,3,18397,10986,7411,3575,189,3,2,3764,18399
busta_hymen,8,18393,10209,8184,2025,125,3,5,2150,18398
revile221,1,18397,9780,8617,1163,101,0,1,1264,18398
sexualsquid,4,18392,10178,8214,1964,401,4,4,2365,18396
SpaghettiWizard,3,18392,9859,8533,1326,168,3,3,1494,18395
whitewhale2377,1,18388,9788,8600,1188,105,1,1,1293,18389
TikiSniper,2,18381,9868,8513,1355,251,1,0,1606,18381
rehab980,2,18379,9837,8542,1295,230,2,2,1525,18381
jupe69,3,18370,10467,7903,2564,280,0,3,2844,18373
gafl,2,18373,9945,8428,1517,285,1,0,1802,18373
RHGjr,1,18370,9962,8408,1554,899,1,1,2453,18371
krupadlux,1,18354,10942,7412,3530,343,1,0,3873,18354
alsomaggie,1,18353,9882,8471,1411,230,1,0,1641,18353
Nunx,1,18352,9631,8721,910,362,1,1,1272,18353
1millionaccounts,9,18329,10137,8192,1945,346,7,8,2291,18337
fuzzy_monkey_pie,2,18335,9996,8339,1657,126,1,0,1783,18335
KingR3aper,1,18333,9686,8647,1039,99,1,0,1138,18333
r3fined,1,18331,9903,8428,1475,263,1,0,1738,18331
Russ1anBear,1,18329,9656,8673,983,194,1,1,1177,18330
Scumbag-Redditor,3,18326,9999,8327,1672,367,3,2,2039,18328
waskonator,2,18323,9727,8596,1131,1577,2,1,2708,18324
mackattakk,1,18314,9837,8477,1360,51,1,1,1411,18315
thiefx,3,18302,9797,8505,1292,2209,3,3,3501,18305
verditude,2,18303,9893,8410,1483,129,1,2,1612,18305
groglisterine,1,18304,9728,8576,1152,93,1,1,1245,18305
acidjunky,4,18289,10023,8266,1757,679,4,3,2436,18292
jh1234,2,18289,9780,8509,1271,169,2,2,1440,18291
eagski,2,18288,9892,8396,1496,77,2,2,1573,18290
mr_sharkfarts,4,18286,10169,8117,2052,170,4,3,2222,18289
katielaura,4,18272,9895,8377,1518,76,2,4,1594,18276
TCanDaMan,1,18271,10169,8102,2067,890,1,0,2957,18271
MC_5H17H34D,1,18270,9747,8523,1224,370,1,1,1594,18271
cellosarebetter,1,18269,9615,8654,961,273,1,0,1234,18269
velvetconductor,1,18264,9673,8591,1082,426,1,1,1508,18265
loxias44,3,18261,9977,8284,1693,251,2,0,1944,18261
ourufnek99,1,18258,10220,8038,2182,120,1,0,2302,18258
rosedragoon,2,18255,9907,8348,1559,407,2,2,1966,18257
digiden,5,18248,9813,8435,1378,386,5,4,1764,18252
Tankred,1,18242,9657,8585,1072,410,1,1,1482,18243
PenName,5,18239,10555,7684,2871,825,5,3,3696,18242
milkkore,2,18232,10999,7233,3766,606,2,0,4372,18232
JimboZona,1,18231,9740,8491,1249,85,1,1,1334,18232
fiddleandthedrum,1,18231,10228,8003,2225,382,1,0,2607,18231
LiquidfireKAN,1,18228,9895,8333,1562,200,1,1,1762,18229
TheyCallMeTomSawyer,16,18212,10117,8095,2022,931,14,15,2953,18227
SoCalsfinest,1,18226,9635,8591,1044,272,1,1,1316,18227
Bueller711,1,18223,10019,8204,1815,765,1,1,2580,18224
DonVito1950,6,18210,10314,7896,2418,347,6,6,2765,18216
Nullvoid123,3,18207,9537,8670,867,166,2,3,1033,18210
PillMill,1,18202,10019,8183,1836,163,1,1,1999,18203
jimjangles,1,18195,9757,8438,1319,700,1,1,2019,18196
Power25,5,18191,10022,8169,1853,111,2,5,1964,18196
miked12,1,18184,9599,8585,1014,184,1,1,1198,18185
pukeorama,6,18178,10037,8141,1896,347,4,5,2243,18183
OrangeVodJuiceKa,1,18183,10077,8106,1971,185,1,0,2156,18183
matthewc945,2,18177,9687,8490,1197,423,2,2,1620,18179
silviadrift180,4,18175,9525,8650,875,196,2,2,1071,18177
gn3xu5,8,18169,10450,7719,2731,551,6,6,3282,18175
thecatdoesdrugs,1,18175,9992,8183,1809,562,1,0,2371,18175
JaTochNietDan,1,18167,10388,7779,2609,373,1,0,2982,18167
julyagoolya,1,18167,9731,8436,1295,209,1,0,1504,18167
stuffnshit,1,18164,9786,8378,1408,129,0,1,1537,18165
swordofukyo,2,18161,10418,7743,2675,192,2,2,2867,18163
AteoRev,1,18160,9958,8202,1756,395,0,1,2151,18161
tzez,4,18157,9781,8376,1405,656,4,4,2061,18161
Trinityofwar,9,18151,9863,8288,1575,195,7,9,1770,18160
Odiddley,1,18158,9555,8603,952,232,1,1,1184,18159
winnipegjet,3,18155,9676,8479,1197,137,3,3,1334,18158
starrytrails,1,18158,9517,8641,876,126,1,0,1002,18158
SDFprowler,1,18156,10068,8088,1980,137,0,1,2117,18157
MoOdYo,3,18146,9632,8514,1118,263,3,3,1381,18149
hawktom6,4,18143,10275,7868,2407,113,3,4,2520,18147
BionicSquirrel,5,18138,10027,8111,1916,442,5,4,2358,18142
ninety_percent_jesus,4,18136,9683,8453,1230,174,4,4,1404,18140
Thisisopposite,5,18134,9998,8136,1862,211,3,5,2073,18139
xDAIVEx,1,18137,10615,7522,3093,350,1,0,3443,18137
sasquatchh,2,18134,9908,8226,1682,214,2,1,1896,18135
dipset33,1,18130,10246,7884,2362,207,1,0,2569,18130
HagueHarry,1,18117,9652,8465,1187,510,1,0,1697,18117
watson1111,2,18112,10004,8108,1896,104,0,2,2000,18114
mintberrycrunch20,12,18103,9880,8223,1657,175,11,11,1832,18114
UpInMaine,1,18109,9997,8112,1885,214,1,1,2099,18110
Bramblepelt,1,18105,9764,8341,1423,86,1,0,1509,18105
penuswilliams,2,18103,10323,7780,2543,170,2,1,2713,18104
Robot313,1,18102,9762,8340,1422,301,1,0,1723,18102
wfarighi,3,18097,10019,8078,1941,230,3,3,2171,18100
iamnotdrunk17,5,18088,9512,8576,936,305,5,4,1241,18092
Toliver182,1,18087,9522,8565,957,932,1,1,1889,18088
arthemys,4,18081,10429,7652,2777,411,4,4,3188,18085
dillondoesit,13,18071,10452,7619,2833,301,12,12,3134,18083
flynn451,2,18081,9863,8218,1645,546,2,1,2191,18082
Chameo,1,18081,9531,8550,981,521,1,1,1502,18082
Treviso,1,18070,9672,8398,1274,240,1,1,1514,18071
jollyxgreenexgiant,2,18067,9895,8172,1723,215,2,1,1938,18068
talltree1971,5,18063,10758,7305,3453,210,5,4,3663,18067
ArcWinter,23,18041,14990,3051,11939,294,21,19,12233,18060
iSpellBadly,1,18060,12314,5746,6568,372,1,0,6940,18060
shroobs,1,18059,9621,8438,1183,392,1,1,1575,18060
Time_Code,1,18059,10000,8059,1941,321,1,0,2262,18059
Matthew1337,2,18053,9750,8303,1447,753,2,1,2200,18054
Doctorven,1,18052,9929,8123,1806,1983,1,0,3789,18052
karan2220,7,18043,9990,8053,1937,598,7,3,2535,18046
GFS,3,18039,10334,7705,2629,202,3,2,2831,18041
americanpegasus,1,18035,9805,8230,1575,828,1,1,2403,18036
brettadabest,2,18033,9640,8393,1247,303,1,2,1550,18035
Ezera,4,18027,9827,8200,1627,536,4,4,2163,18031
notsurewhatiam,20,18007,10327,7680,2647,218,11,12,2865,18019
SurbanLegend,1,18017,9500,8517,983,60,1,1,1043,18018
spartymike,1,18016,9901,8115,1786,108,1,0,1894,18016
CarlosValdosta,1,18013,9611,8402,1209,97,1,0,1306,18013
thisisreallyhappenin,1,18010,9856,8154,1702,162,1,1,1864,18011
leo1cw,3,18008,9819,8189,1630,353,2,2,1983,18010
matei1987,1,18007,9707,8300,1407,553,1,1,1960,18008
strand_76,2,18005,9722,8283,1439,162,2,2,1601,18007
MSpaint-exe,1,18003,9709,8294,1415,223,1,1,1638,18004
blindSniper123,1,17995,9632,8363,1269,106,1,0,1375,17995
everythingsucksbutme,5,17988,9892,8096,1796,174,5,5,1970,17993
LouieEspacer,2,17987,9556,8431,1125,96,1,2,1221,17989
Occassional_Troll,1,17973,9626,8347,1279,287,1,1,1566,17974
Zoot1337,1,17972,9483,8489,994,131,0,1,1125,17973
Fordged,5,17966,10087,7879,2208,278,5,4,2486,17970
naile,1,17967,9607,8360,1247,257,1,1,1504,17968
Fijigiga,1,17966,9829,8137,1692,171,1,0,1863,17966
Esposa_Hermosa_31612,1,17955,9525,8430,1095,684,1,0,1779,17955
Magicmoonlight007,6,17947,9760,8187,1573,121,0,6,1694,17953
zephoroth,5,17945,10646,7299,3347,445,4,4,3792,17949
amazingunicorn,1,17947,9353,8594,759,197,1,1,956,17948
eWaffle,2,17943,9444,8499,945,280,2,2,1225,17945
japuteh7,1,17940,9988,7952,2036,250,1,1,2286,17941
GentlemanREX,1,17935,9617,8318,1299,308,1,1,1607,17936
adamthesmith,1,17929,10073,7856,2217,147,0,1,2364,17930
Hail_To_The_Loser,1,17929,9607,8322,1285,108,1,1,1393,17930
Iamnotkumar,1,17929,9701,8228,1473,816,1,0,2289,17929
captainbawls,1,17925,9651,8274,1377,247,1,1,1624,17926
beardedrabbit,1,17922,9489,8433,1056,431,1,1,1487,17923
baileylo,1,17919,9868,8051,1817,81,1,0,1898,17919
kungfu_kickass,1,17908,10227,7681,2546,88,1,0,2634,17908
CaringIsCreepy-,2,17901,9527,8374,1153,124,1,2,1277,17903
CGRampage,4,17897,9717,8180,1537,101,3,4,1638,17901
rook218,2,17898,9473,8425,1048,176,2,2,1224,17900
aharris_127,3,17897,9447,8450,997,102,3,2,1099,17899
Ericholterman,1,17893,9263,8630,633,175,1,1,808,17894
emtru,1,17891,9589,8302,1287,181,1,1,1468,17892
Interstellarspace,2,17884,9681,8203,1478,77,1,2,1555,17886
BlindStark,2,17884,9531,8353,1178,238,1,2,1416,17886
Phillycj,3,17882,9675,8207,1468,177,2,2,1645,17884
Jerry_Cola,3,17873,9740,8133,1607,157,2,3,1764,17876
roviuser,1,17873,9619,8254,1365,274,1,1,1639,17874
ElliottHouse,1,17872,9639,8233,1406,365,1,0,1771,17872
SecularMantis,3,17867,9973,7894,2079,264,2,1,2343,17868
RavinDaveR,1,17868,9351,8517,834,140,1,0,974,17868
kimolas,2,17860,9429,8431,998,175,2,2,1173,17862
b3ar592,2,17852,9615,8237,1378,258,2,1,1636,17853
They_Know,1,17846,9728,8118,1610,238,0,1,1848,17847
ILikePettingManatees,3,17844,9368,8476,892,641,3,3,1533,17847
ironpandas,1,17844,9799,8045,1754,259,1,1,2013,17845
kazorek,1,17841,9646,8195,1451,1144,1,1,2595,17842
pipi55,2,17839,10049,7790,2259,139,2,2,2398,17841
epsteinbarr,1,17840,9506,8334,1172,328,1,1,1500,17841
SoflyE99,3,17837,9721,8116,1605,44,1,3,1649,17840
Vinylwubtime,1,17835,9410,8425,985,188,1,1,1173,17836
postmixlemonade,1,17835,9491,8344,1147,512,1,0,1659,17835
supremeideology,2,17829,10042,7787,2255,171,2,2,2426,17831
Meowinton,4,17827,10268,7559,2709,254,2,3,2963,17830
zak_attack,1,17813,9526,8287,1239,85,1,1,1324,17814
blueberryyumyum96,1,17810,9768,8042,1726,209,1,0,1935,17810
elmgrovegoon,4,17804,9426,8378,1048,202,3,3,1250,17807
IrishBrute,1,17805,9325,8480,845,122,1,1,967,17806
arid_tare,2,17793,9518,8275,1243,133,2,1,1376,17794
gainasaurous_rex,1,17791,9442,8349,1093,246,1,0,1339,17791
Barnopottamous,5,17783,10143,7640,2503,153,5,5,2656,17788
logantauranga,1,17788,9484,8304,1180,131,1,0,1311,17788
Bennyboy1337,2,17785,9960,7825,2135,180,2,2,2315,17787
thelongtimelurker,2,17778,9871,7907,1964,175,1,2,2139,17780
RedBeardedOwl,1,17774,9528,8246,1282,150,1,1,1432,17775
thehappyfool,1,17773,9419,8354,1065,386,1,1,1451,17774
Purple_Ace,2,17764,9376,8388,988,171,1,1,1159,17765
mflux,1,17757,9515,8242,1273,464,1,0,1737,17757
Hazephaelos,1,17754,9659,8095,1564,71,1,1,1635,17755
catwithoutthecream,2,17747,9919,7828,2091,808,0,2,2899,17749
rtho105,2,17747,9589,8158,1431,324,2,2,1755,17749
Nrksbullet,1,17748,9370,8378,992,171,1,1,1163,17749
TyrantKronos,1,17736,9417,8319,1098,105,1,1,1203,17737
nickrusso,4,17728,9700,8028,1672,84,2,3,1756,17731
willrd88,6,17725,10708,7017,3691,182,6,5,3873,17730
moonbread,1,17717,9275,8442,833,1822,1,0,2655,17717
greenguy15,2,17711,9520,8191,1329,283,2,2,1612,17713
dnauge,3,17706,9470,8236,1234,260,3,3,1494,17709
zsxdcvv,1,17705,9532,8173,1359,403,1,0,1762,17705
Spodermaniscool,1,17703,9699,8004,1695,287,1,1,1982,17704
benoit13ak,13,17691,10779,6912,3867,95,11,12,3962,17703
Vandelay797,8,17697,9661,8036,1625,1444,7,6,3069,17703
drdavidphd,6,17693,9554,8139,1415,396,6,2,1811,17695
gravitycompels,2,17693,9587,8106,1481,281,2,1,1762,17694
iliketrains8246,1,17684,9513,8171,1342,345,1,1,1687,17685
napsmear,3,17682,9599,8083,1516,350,3,1,1866,17683
tehjarz,1,17677,9808,7869,1939,413,1,1,2352,17678
f03vral0n3,3,17665,9820,7845,1975,129,3,3,2104,17668
saladshuriken,2,17664,9366,8298,1068,203,1,2,1271,17666
Finrayy,1,17663,9223,8440,783,1696,1,1,2479,17664
lulicat,1,17663,10010,7653,2357,199,1,0,2556,17663
bleezyt,1,17662,9167,8495,672,163,1,1,835,17663
bearrito,1,17662,9387,8275,1112,519,1,0,1631,17662
seidaku,1,17654,9552,8102,1450,547,1,1,1997,17655
learntofart,2,17652,9568,8084,1484,973,2,2,2457,17654
supdawg224,2,17648,9657,7991,1666,281,2,1,1947,17649
nernernerner,1,17639,9870,7769,2101,178,1,0,2279,17639
Acenus,1,17637,9511,8126,1385,65,1,1,1450,17638
will_I__Am_,2,17634,9808,7826,1982,123,2,2,2105,17636
mcdonaldhater555,1,17630,9392,8238,1154,160,1,1,1314,17631
Green_Mouth,2,17626,9416,8210,1206,821,2,2,2027,17628
CrossbowSpook,3,17624,9408,8216,1192,176,3,3,1368,17627
ikana89,1,17626,9932,7694,2238,953,1,0,3191,17626
nora0910,1,17625,9146,8479,667,332,0,1,999,17626
dyslexicallyclear,1,17623,9361,8262,1099,498,1,0,1597,17623
Mr_Nice_Guy615,1,17619,9339,8280,1059,121,1,1,1180,17620
waytounsure,1,17619,9617,8002,1615,123,1,0,1738,17619
CryWulf911,1,17611,9489,8122,1367,126,1,1,1493,17612
ani625,4,17597,9458,8139,1319,215,3,3,1534,17600
banod,2,17597,9547,8050,1497,111,2,1,1608,17598
cyclopath,2,17592,9663,7929,1734,606,2,0,2340,17592
EwokLova,2,17580,9843,7737,2106,198,1,2,2304,17582
bemmu,1,17581,9967,7614,2353,698,1,0,3051,17581
GearPrimer,2,17578,9861,7717,2144,262,2,0,2406,17578
johnbeltrano,1,17577,9297,8280,1017,314,1,1,1331,17578
ecky--ptang-zooboing,17,17560,10690,6870,3820,636,16,9,4456,17569
schultzyishere,1,17568,9143,8425,718,68,1,1,786,17569
pandasRAWR,5,17560,9997,7563,2434,310,5,5,2744,17565
Avril14th,2,17557,9487,8070,1417,187,2,1,1604,17558
Dooditsme,1,17544,9423,8121,1302,112,1,1,1414,17545
terry_cook1,1,17544,9780,7764,2016,248,1,0,2264,17544
Llim,9,17533,10455,7078,3377,209,9,8,3586,17541
twokoolfourskool,1,17536,9363,8173,1190,124,1,1,1314,17537
TURBOJUGGED,1,17533,9578,7955,1623,913,1,0,2536,17533
ignotus__,1,17531,9111,8420,691,267,1,0,958,17531
SepticSauce,1,17529,9393,8136,1257,126,1,1,1383,17530
FromAshyToClassy,2,17519,9451,8068,1383,278,2,2,1661,17521
issius,1,17517,9264,8253,1011,89,1,0,1100,17517
Goatfacekillah,1,17512,9748,7764,1984,284,1,1,2268,17513
vultus,5,17504,10296,7208,3088,220,2,5,3308,17509
Misspelled_username,1,17501,9517,7984,1533,164,1,1,1697,17502
AqueousBeef,1,17500,9433,8067,1366,262,1,1,1628,17501
kyzu,1,17470,9447,8023,1424,1099,1,0,2523,17470
Zafara1,1,17469,9198,8271,927,108,1,1,1035,17470
juicycunts,1,17467,9633,7834,1799,320,1,0,2119,17467
VisualNoiz,1,17459,9478,7981,1497,178,1,0,1675,17459
utterback423,1,17454,9351,8103,1248,253,1,1,1501,17455
CMGvend,1,17452,9238,8214,1024,246,1,1,1270,17453
2heartslovelycanter,6,17445,9906,7539,2367,505,6,6,2872,17451
Cuervo2099,1,17449,9920,7529,2391,202,1,0,2593,17449
Beaumont21,4,17445,9749,7696,2053,428,4,3,2481,17448
acfj,1,17437,9261,8176,1085,279,1,1,1364,17438
callmedabau5,1,17434,9386,8048,1338,90,1,1,1428,17435
simpar7,3,17428,10046,7382,2664,221,2,3,2885,17431
clanspanker,2,17420,9642,7778,1864,332,1,2,2196,17422
maxvanam,1,17421,9499,7922,1577,417,1,0,1994,17421
Anonymous0ne,2,17414,9487,7927,1560,226,1,2,1786,17416
totomlee93,1,17412,9399,8013,1386,175,1,1,1561,17413
Shadowpants,1,17413,9345,8068,1277,198,1,0,1475,17413
oath_keeper,2,17411,9306,8105,1201,238,2,2,1439,17413
BlackVolgan,1,17410,9634,7776,1858,137,1,1,1995,17411
ccm139,1,17406,9170,8236,934,265,1,1,1199,17407
egracheva,3,17401,9758,7643,2115,237,2,3,2352,17404
SalamBro,1,17400,9757,7643,2114,763,1,1,2877,17401
zigzagzig,6,17396,12331,5065,7266,931,6,1,8197,17397
slavethewhales,6,17388,9333,8055,1278,118,2,6,1396,17394
Isfahan,5,17388,10016,7372,2644,1235,5,4,3879,17392
-apple-,13,17379,9651,7728,1923,262,7,12,2185,17391
HellaAaron,1,17390,9401,7989,1412,246,1,1,1658,17391
moebagels,13,17377,9613,7764,1849,519,9,12,2368,17389
domesticus,2,17380,9263,8117,1146,404,1,2,1550,17382
Afghankush,2,17376,9162,8214,948,78,2,2,1026,17378
hoptomyschool,2,17375,10015,7360,2655,2425,2,1,5080,17376
smpage,3,17372,9985,7387,2598,632,2,3,3230,17375
kaiserkunal,2,17363,9139,8224,915,137,2,2,1052,17365
Biggywingz,3,17361,9267,8094,1173,64,3,3,1237,17364
bangnburn,2,17358,9710,7648,2062,302,2,0,2364,17358
Athejew,5,17346,9921,7425,2496,176,3,5,2672,17351
JenniiXCore,1,17350,9555,7795,1760,150,1,1,1910,17351
falc0n2600,1,17350,9614,7736,1878,244,1,0,2122,17350
bballstr2k9,2,17348,9130,8218,912,238,1,2,1150,17350
elr3y,11,17337,10258,7079,3179,331,8,10,3510,17347
Warbieful,2,17345,9454,7891,1563,68,2,2,1631,17347
superQN,1,17346,9338,8008,1330,813,1,0,2143,17346
chaux00,2,17345,9672,7673,1999,187,2,0,2186,17345
SHYDAWG79,1,17344,9433,7911,1522,1662,1,0,3184,17344
JohnySkarr,1,17343,9162,8181,981,91,1,1,1072,17344
JackCuff,3,17331,10873,6458,4415,440,3,1,4855,17332
fire_owls_of_destiny,1,17330,9224,8106,1118,171,1,1,1289,17331
njkb,1,17325,9202,8123,1079,314,1,0,1393,17325
PoopOnGod,4,17317,10009,7308,2701,261,2,0,2962,17317
zevets,1,17317,9304,8013,1291,252,1,0,1543,17317
suitedman,1,17311,9408,7903,1505,196,1,0,1701,17311
JimiSmyth,1,17311,9115,8196,919,244,1,0,1163,17311
drunkpig14,1,17309,9403,7906,1497,196,1,0,1693,17309
reedyp,1,17306,9308,7998,1310,69,1,1,1379,17307
o-o-o-shikuru,3,17303,9290,8013,1277,351,3,2,1628,17305
zmfc,8,17296,10102,7194,2908,307,8,7,3215,17303
austingoeshard,4,17299,9252,8047,1205,211,3,4,1416,17303
eepeppeep,1,17293,9261,8032,1229,579,1,1,1808,17294
matt01ss,11,17281,9972,7309,2663,173,10,9,2836,17290
Aksumka,1,17286,9400,7886,1514,616,1,0,2130,17286
OgodHOWdisGEThere,3,17283,9037,8246,791,150,3,3,941,17286
Nicticattack,3,17274,9331,7943,1388,124,3,3,1512,17277
mugmykarma,1,17276,9100,8176,924,78,1,0,1002,17276
SolxFusion,2,17272,9328,7944,1384,357,2,0,1741,17272
crash35,2,17269,9676,7593,2083,134,2,2,2217,17271
Lord_Cthulhu,2,17270,9401,7869,1532,68,2,1,1600,17271
Lidgett,1,17269,9359,7910,1449,81,1,1,1530,17270
ssaaad,2,17266,9547,7719,1828,1310,2,1,3138,17267
namedor,1,17264,9230,8034,1196,266,1,1,1462,17265
stirfried,5,17262,10491,6771,3720,377,4,2,4097,17264
Vinator,1,17257,9540,7717,1823,470,1,1,2293,17258
erodut,1,17257,9130,8127,1003,597,1,0,1600,17257
foxluna,1,17256,9191,8065,1126,165,1,1,1291,17257
jcoffey,1,17255,9232,8023,1209,281,1,0,1490,17255
ThatguyJake,1,17255,9274,7981,1293,195,1,0,1488,17255
cathyblues,1,17243,9506,7737,1769,164,1,1,1933,17244
Cheffinator,1,17239,9171,8068,1103,106,1,0,1209,17239
Crago,1,17233,9436,7797,1639,149,1,0,1788,17233
lastabad,1,17223,9109,8114,995,105,1,1,1100,17224
DrHawk144,2,17214,9491,7723,1768,77,2,2,1845,17216
Cmaffeo3,5,17205,10034,7171,2863,236,5,3,3099,17208
SquaRezume,1,17201,9341,7860,1481,176,1,1,1657,17202
xt-,1,17200,8944,8256,688,309,1,1,997,17201
cp3woo,1,17198,9260,7938,1322,174,1,1,1496,17199
4Dglasses,1,17196,9159,8037,1122,188,1,1,1310,17197
Etownkirk,5,17182,9684,7498,2186,458,3,4,2644,17186
andromoda,2,17184,9283,7901,1382,715,2,2,2097,17186
super_pablo_,2,17179,9168,8011,1157,93,1,0,1250,17179
jsherman256,4,17177,9442,7735,1707,97,4,1,1804,17178
Good_Time,1,17167,9559,7608,1951,271,1,1,2222,17168
hoodedbob,3,17151,9243,7908,1335,195,3,3,1530,17154
vivinp,5,17146,9761,7385,2376,408,5,4,2784,17150
Aamoldini,1,17144,9192,7952,1240,227,1,1,1467,17145
skk071,1,17139,9445,7694,1751,229,0,1,1980,17140
espressoempress,2,17136,10211,6925,3286,1079,2,1,4365,17137
parkc,1,17127,9370,7757,1613,634,1,0,2247,17127
TearDrop13,1,17122,9100,8022,1078,119,1,1,1197,17123
mdys91,1,17119,9001,8118,883,486,1,1,1369,17120
cathshestands,1,17114,9407,7707,1700,71,1,1,1771,17115
xxRECKONERxx,2,17114,9166,7948,1218,96,1,1,1314,17115
Sapientiam,2,17113,9440,7673,1767,316,2,1,2083,17114
Dez99,2,17109,9372,7737,1635,129,2,2,1764,17111
SgtCrayon,1,17109,8888,8221,667,88,1,1,755,17110
stavius,1,17105,9354,7751,1603,68,1,0,1671,17105
trancedellic,3,17094,9252,7842,1410,186,2,3,1596,17097
ThinkingThrone,1,17094,9058,8036,1022,141,1,1,1163,17095
nakahi70,1,17092,9466,7626,1840,344,1,1,2184,17093
Oselle,1,17088,9230,7858,1372,357,1,1,1729,17089
logi-bear,1,17085,9051,8034,1017,158,1,1,1175,17086
Nlarkin,4,17081,9511,7570,1941,223,4,3,2164,17084
nuxxor,1,17080,9324,7756,1568,645,1,1,2213,17081
JaseusChrist,1,17077,9284,7793,1491,1118,1,1,2609,17078
sabrd,1,17076,9163,7913,1250,133,1,0,1383,17076
the_shit_I_say,1,17074,9074,8000,1074,918,1,1,1992,17075
CountGordo69,2,17071,9159,7912,1247,451,2,1,1698,17072
RedditIsJustAsBad,1,17067,9156,7911,1245,85,1,0,1330,17067
trstmeimadoctor,3,17056,8884,8172,712,184,3,3,896,17059
themvf,6,17051,9169,7882,1287,756,5,6,2043,17057
izmatron,3,17053,9771,7282,2489,236,2,3,2725,17056
hawkies,1,17056,9191,7865,1326,824,1,0,2150,17056
PabstyLoudmouth,4,17042,10176,6866,3310,293,1,3,3603,17045
JawnieYeah,1,17044,9258,7786,1472,65,1,1,1537,17045
liverman,5,17038,10040,6998,3042,163,5,5,3205,17043
epiLoL,1,17039,9561,7478,2083,121,0,1,2204,17040
yerm,1,17039,9473,7566,1907,108,0,0,2015,17039
castrowilde,1,17038,9250,7788,1462,70,1,1,1532,17039
TheEmbernova,1,17037,9018,8019,999,148,0,1,1147,17038
youalwaysleaveanote,1,17036,9287,7749,1538,208,1,0,1746,17036
Joekickass38,1,17035,9289,7746,1543,161,1,0,1704,17035
IsThereADog,2,17028,9478,7550,1928,136,2,1,2064,17029
Jokell,5,17020,9617,7403,2214,295,5,5,2509,17025
tequila3Jo,1,17025,9119,7906,1213,94,1,0,1307,17025
whatdatsmelllike,1,17024,9440,7584,1856,250,1,0,2106,17024
forceduse,8,17005,10504,6501,4003,626,7,8,4629,17013
WalrusInATree,3,17009,9773,7236,2537,215,3,2,2752,17011
hitmaker,1,17009,9209,7800,1409,173,1,0,1582,17009
sdc_sketchez,1,17007,8879,8128,751,134,1,1,885,17008
288sliest,1,16997,9119,7878,1241,156,1,1,1397,16998
katoherakarerehera,1,16985,8963,8022,941,262,1,0,1203,16985
Daviderbestur,3,16978,9601,7377,2224,293,1,3,2517,16981
askiland,1,16977,8997,7980,1017,652,1,1,1669,16978
venkman116,1,16976,9098,7878,1220,171,0,0,1391,16976
BloodHunter,6,16962,9259,7703,1556,311,6,5,1867,16967
repost_1234,11,16952,9496,7456,2040,107,3,11,2147,16963
D4NG3RCL0S3,1,16960,9058,7902,1156,207,1,1,1363,16961
AcilegnaPWNS,1,16952,9175,7777,1398,154,1,1,1552,16953
reverendmontag,1,16947,9084,7863,1221,693,1,1,1914,16948
Ganthor,1,16946,8833,8113,720,85,1,1,805,16947
rosspeacock,1,16942,9160,7782,1378,203,1,0,1581,16942
Murr-Man,1,16940,9323,7617,1706,58,1,1,1764,16941
Scrooge_McDuck90,1,16939,9160,7779,1381,216,1,0,1597,16939
voodoobunny77,6,16932,9900,7032,2868,219,5,6,3087,16938
long_live_king_melon,4,16933,9503,7430,2073,87,4,4,2160,16937
muttur,3,16935,9305,7630,1675,448,3,2,2123,16937
awise110,2,16936,9225,7711,1514,146,2,1,1660,16937
orymashu,2,16931,9500,7431,2069,180,2,2,2249,16933
lilnicky261,1,16928,9218,7710,1508,366,1,1,1874,16929
fdisk2053,3,16922,9578,7344,2234,154,3,3,2388,16925
grahamasaur,2,16919,9282,7637,1645,168,2,2,1813,16921
muttley011,5,16911,9322,7589,1733,153,5,4,1886,16915
btotheoomer,1,16914,9137,7777,1360,370,1,0,1730,16914
mei9ji,1,16913,8897,8016,881,635,0,0,1516,16913
salomon102,1,16910,9413,7497,1916,387,1,1,2303,16911
AnalogDan,1,16909,9201,7708,1493,681,1,0,2174,16909
AwesomeNameGenerator,1,16909,9297,7612,1685,483,1,0,2168,16909
veckrot,1,16908,9181,7727,1454,152,1,0,1606,16908
nottooshabbyatall,18,16886,9651,7235,2416,244,17,16,2660,16902
Abercrunchie,4,16898,9236,7662,1574,152,4,4,1726,16902
cilwiy,1,16891,9069,7822,1247,202,1,0,1449,16891
Sociopet,2,16887,8987,7900,1087,420,2,2,1507,16889
trooperx99,2,16884,9243,7641,1602,286,2,2,1888,16886
burnnan,1,16886,9159,7727,1432,274,1,0,1706,16886
piazzapower123,1,16884,8908,7976,932,60,1,1,992,16885
narelie,1,16880,8982,7898,1084,523,1,1,1607,16881
IeIgHtNiNe,1,16880,9062,7818,1244,281,1,1,1525,16881
Jerreth,1,16876,9201,7675,1526,61,1,0,1587,16876
Moln,2,16873,9550,7323,2227,239,2,2,2466,16875
Potential_Pandemic,2,16871,9183,7688,1495,165,2,2,1660,16873
ShawnDawn,7,16864,10134,6730,3404,530,7,3,3934,16867
mutatedllama,1,16862,8973,7889,1084,274,1,1,1358,16863
StephenHickson,1,16859,9136,7723,1413,145,1,0,1558,16859
scstraus,1,16853,9474,7379,2095,94,1,0,2189,16853
MofoJack,2,16852,9075,7777,1298,241,2,1,1539,16853
BundyCapone,2,16851,9086,7765,1321,1481,2,1,2802,16852
eaglebacon,2,16848,9768,7080,2688,262,2,2,2950,16850
OpticArousal,2,16849,9564,7285,2279,177,2,1,2456,16850
sorryirapedyou,1,16841,9282,7559,1723,432,1,0,2155,16841
Kubaker1,3,16838,9156,7682,1474,92,1,3,1566,16841
calgarygirl20,1,16834,9051,7783,1268,141,1,1,1409,16835
Bumperpegasus,1,16834,8962,7872,1090,110,1,1,1200,16835
Minhimalism,3,16832,9010,7822,1188,177,3,2,1365,16834
jamesisworst,1,16829,9347,7482,1865,267,1,0,2132,16829
ChortleTurtle,1,16829,9350,7479,1871,231,1,0,2102,16829
DownTheHall1,1,16827,9450,7377,2073,1270,1,0,3343,16827
fp737s,3,16824,8900,7924,976,118,3,3,1094,16827
imag1nat1on,4,16813,9664,7149,2515,378,4,4,2893,16817
zoidbort,3,16815,9385,7430,1955,666,3,1,2621,16816
Roggenroll,1,16801,9087,7714,1373,129,1,1,1502,16802
teh_bacon_bandit,4,16796,9315,7481,1834,405,2,4,2239,16800
Rah_BE,2,16797,9407,7390,2017,201,2,1,2218,16798
GiveMeBackMySon,10,16781,10942,5839,5103,259,10,10,5362,16791
happylittleworld,1,16788,9379,7409,1970,723,1,1,2693,16789
The_Swankiest_Hobo,2,16787,9574,7213,2361,147,2,2,2508,16789
Reggie-a,1,16788,9060,7728,1332,255,1,1,1587,16789
coldrice,1,16782,9058,7724,1334,289,1,0,1623,16782
kevonicus,13,16761,9600,7161,2439,204,10,10,2643,16771
garyjohnunderwood,1,16769,9230,7539,1691,181,1,1,1872,16770
Tomatosaregood,3,16756,9619,7137,2482,144,2,3,2626,16759
pregzt,1,16757,9455,7302,2153,472,1,0,2625,16757
hodgepodgejunk,2,16749,9144,7605,1539,89,2,2,1628,16751
Allthewaffles,1,16746,9011,7735,1276,191,1,1,1467,16747
alex1020,2,16744,9118,7626,1492,74,1,2,1566,16746
xorgthezombie,4,16727,10052,6675,3377,245,3,3,3622,16730
TZnerd,1,16726,8754,7972,782,71,1,1,853,16727
punkjabi,6,16719,9779,6940,2839,224,3,5,3063,16724
benjaben1,1,16721,9264,7457,1807,343,1,1,2150,16722
gsx76,2,16720,8945,7775,1170,148,0,2,1318,16722
vicroll91,5,16715,8836,7879,957,364,1,5,1321,16720
neverreadytoleave,1,16718,9205,7513,1692,313,1,0,2005,16718
ctolsen,1,16716,9111,7605,1506,736,1,1,2242,16717
dante_walker,1,16717,9287,7430,1857,149,1,0,2006,16717
Jumping_Candy_Cane,2,16714,9258,7456,1802,437,2,2,2239,16716
Jahlovelol,4,16711,9345,7366,1979,235,3,4,2214,16715
desolo,1,16714,9628,7086,2542,717,1,0,3259,16714
swifteh,6,16706,9138,7568,1570,204,6,6,1774,16712
MrBradd,1,16707,9362,7345,2017,1314,1,0,3331,16707
fuckwithastrapon,1,16704,9068,7636,1432,397,1,1,1829,16705
500Rads,3,16702,9362,7340,2022,240,1,2,2262,16704
pg-robban,1,16701,9062,7639,1423,186,1,0,1609,16701
The_Duckish_Seven,1,16700,8966,7734,1232,176,1,1,1408,16701
gunarpants,1,16700,9254,7446,1808,277,1,0,2085,16700
Kingkellex,2,16696,8904,7792,1112,241,2,2,1353,16698
jennyfc92,2,16696,9706,6990,2716,159,2,1,2875,16697
l0v4,7,16683,9852,6831,3021,155,4,6,3176,16689
Gyeff,1,16687,9153,7534,1619,89,0,1,1708,16688
lolzies,1,16686,8655,8031,624,114,1,0,738,16686
spazztaztic,2,16679,9038,7641,1397,246,2,2,1643,16681
osadit,2,16679,9218,7461,1757,195,2,0,1952,16679
Trapped_in_a_hug,1,16676,8892,7784,1108,129,1,1,1237,16677
Leiderdorp,3,16670,9762,6908,2854,488,2,3,3342,16673
jabbath,3,16665,9024,7641,1383,176,2,3,1559,16668
themightypierre,1,16657,9426,7231,2195,307,1,1,2502,16658
RavUnknownSoldier,2,16656,9023,7633,1390,266,2,2,1656,16658
HapaxHog,1,16656,8828,7828,1000,228,1,0,1228,16656
Matchboxx,1,16653,8806,7847,959,105,1,0,1064,16653
Badluck90,1,16651,8718,7933,785,86,1,1,871,16652
Probaphet,13,16633,9145,7488,1657,158,6,12,1815,16645
propagationofsound,1,16636,8799,7837,962,220,1,0,1182,16636
thekiidchad,1,16634,9117,7517,1600,71,1,1,1671,16635
yummy_scrotum,5,16630,8860,7770,1090,300,3,5,1390,16635
HudsonMeads,1,16628,9296,7332,1964,71,1,0,2035,16628
honeybadga,2,16626,9274,7352,1922,607,2,1,2529,16627
maestro_HNS,1,16626,9040,7586,1454,131,1,1,1585,16627
CrimsonFlow,3,16622,8824,7798,1026,70,3,3,1096,16625
Cottonteeth,1,16624,8767,7857,910,154,1,1,1064,16625
CoraKramer38,1,16619,9188,7431,1757,146,1,1,1903,16620
rian_lyndzie,1,16616,9059,7557,1502,173,1,1,1675,16617
starkirat,1,16615,8871,7744,1127,120,1,0,1247,16615
freddywarfe,2,16614,8802,7812,990,218,2,1,1208,16615
tempal78,3,16609,9326,7283,2043,139,3,2,2182,16611
bissextile,4,16602,9459,7143,2316,595,4,4,2911,16606
berkinberk,4,16597,9201,7396,1805,503,3,3,2308,16600
Propellant,1,16593,8795,7798,997,354,1,1,1351,16594
Dunkler,2,16587,8897,7690,1207,144,2,1,1351,16588
Notmiefault,2,16582,8777,7805,972,142,2,2,1114,16584
Ame_Rican,1,16571,8583,7988,595,360,1,1,955,16572
inablender,2,16570,8769,7801,968,443,2,1,1411,16571
ScarlettMadi,1,16570,8812,7758,1054,57,1,1,1111,16571
cwmonkey,1,16566,9917,6649,3268,249,1,0,3517,16566
Tripleberst,3,16565,9374,7191,2183,430,2,1,2613,16566
joshua936,1,16563,9093,7470,1623,236,1,0,1859,16563
TheGScott,1,16560,9051,7509,1542,144,1,1,1686,16561
puckhead66er,2,16558,8720,7838,882,159,2,1,1041,16559
sherbetfountain,2,16557,8709,7848,861,840,1,1,1701,16558
imdesigner,1,16555,9096,7459,1637,606,1,0,2243,16555
GeorgeSearle,2,16552,9133,7419,1714,119,2,2,1833,16554
padgo,7,16545,8937,7608,1329,297,3,7,1626,16552
skippy619,1,16551,8658,7893,765,213,1,1,978,16552
colacube,1,16550,9015,7535,1480,145,1,1,1625,16551
Boobsnbutt,1,16551,8825,7726,1099,191,1,0,1290,16551
checkmarshall,2,16545,9192,7353,1839,259,2,1,2098,16546
whats_reddit_idk,2,16539,9044,7495,1549,160,2,2,1709,16541
zunetoon,1,16535,8792,7743,1049,160,1,1,1209,16536
BritishPhilosoraptor,1,16531,9089,7442,1647,248,1,0,1895,16531
Jumica,1,16529,8829,7700,1129,102,1,1,1231,16530
Xxzx,1,16529,9097,7432,1665,368,1,0,2033,16529
BrodyApproves,5,16523,8707,7816,891,105,5,5,996,16528
DRTwitch1,3,16522,9139,7383,1756,214,3,3,1970,16525
Eleonorae,1,16523,9264,7259,2005,263,1,1,2268,16524
poinkreddit,1,16514,9041,7473,1568,1502,1,1,3070,16515
SmartViking,1,16514,8904,7610,1294,326,0,1,1620,16515
BobTheJew,1,16512,8677,7835,842,200,1,1,1042,16513
silverbill,1,16511,9262,7249,2013,281,1,0,2294,16511
MexiNinja8,1,16511,9014,7497,1517,100,1,0,1617,16511
vernazza,1,16511,8897,7614,1283,141,1,0,1424,16511
thebigct,1,16507,9414,7093,2321,195,1,1,2516,16508
mumpz,1,16506,8626,7880,746,1252,1,1,1998,16507
gemusan,1,16502,9093,7409,1684,300,1,0,1984,16502
mranking12,2,16500,9424,7076,2348,235,2,1,2583,16501
straightbstudent,1,16498,8879,7619,1260,204,1,1,1464,16499
ttruth1,6,16492,9377,7115,2262,512,6,6,2774,16498
crazygopher5,1,16495,8993,7502,1491,165,1,1,1656,16496
DeliMeats,2,16485,8761,7724,1037,183,1,2,1220,16487
twonx,2,16477,8779,7698,1081,250,2,1,1331,16478
mrENT93,1,16476,8742,7734,1008,181,0,1,1189,16477
Sendmesomewherenew,4,16472,9315,7157,2158,239,4,4,2397,16476
hazmat7,2,16470,9025,7445,1580,142,2,1,1722,16471
brokebackginger,1,16470,8934,7536,1398,274,1,0,1672,16470
PurpleWireSquare,4,16467,8999,7468,1531,93,1,3,1624,16470
foursyllables,1,16467,9103,7364,1739,113,1,1,1852,16468
DIP_MY_BALLS_IN_IT,12,16455,9174,7281,1893,145,6,11,2038,16466
drouglas,2,16453,8947,7506,1441,123,1,0,1564,16453
Bonya,6,16446,9659,6787,2872,235,5,6,3107,16452
jasonjulias,15,16442,9570,6872,2698,821,15,6,3519,16448
CrayonMoose,6,16436,9060,7376,1684,132,3,5,1816,16441
josh116,1,16439,9130,7309,1821,214,1,0,2035,16439
Dickfore,3,16435,9344,7091,2253,174,3,3,2427,16438
Noldz,3,16435,9266,7169,2097,645,3,1,2742,16436
friendandfriends,1,16433,8721,7712,1009,75,1,1,1084,16434
Brandon_Nguyen,2,16430,9128,7302,1826,135,1,2,1961,16432
oui_monsieur,1,16426,8701,7725,976,115,1,0,1091,16426
Manocean,2,16423,8912,7511,1401,427,2,1,1828,16424
SaulSilver,1,16421,8655,7766,889,933,1,0,1822,16421
Bucktheworld858,1,16415,9037,7378,1659,495,1,1,2154,16416
KyroDCK,7,16409,9026,7383,1643,98,5,7,1741,16416
no__thanks,1,16414,8561,7853,708,125,1,1,833,16415
Pandawolf,1,16411,9184,7227,1957,502,1,1,2459,16412
somewhatcleverEel,11,16400,9789,6611,3178,254,11,11,3432,16411
Unic0rnLover,2,16409,8631,7778,853,245,2,1,1098,16410
TootsMcAnus,1,16405,8916,7489,1427,468,1,0,1895,16405
lulzcakes,1,16404,8777,7627,1150,152,1,1,1302,16405
Tommelot,1,16399,8971,7428,1543,180,1,0,1723,16399
hypnoguy1,4,16394,8908,7486,1422,614,4,2,2036,16396
Pariah_,8,16388,9071,7317,1754,181,8,6,1935,16394
bcr8tiveYT,1,16386,8561,7825,736,241,1,1,977,16387
jeckles,1,16385,8806,7579,1227,807,1,1,2034,16386
redmama,3,16382,9249,7133,2116,164,3,2,2280,16384
Hotfuss69,2,16380,9297,7083,2214,68,1,2,2282,16382
rigadoog,1,16375,8726,7649,1077,160,1,1,1237,16376
CrazyDrummer,9,16363,10065,6298,3767,283,8,9,4050,16372
ttgl,2,16370,9126,7244,1882,290,2,2,2172,16372
Jaxonz,2,16370,9169,7201,1968,166,2,1,2134,16371
eemema,2,16368,8796,7572,1224,165,2,1,1389,16369
Apaz,19,16349,13479,2870,10609,586,15,19,11195,16368
Eren-,3,16362,9011,7351,1660,267,3,3,1927,16365
AlphaKlams,3,16363,8903,7460,1443,167,3,2,1610,16365
AlwaysIndecisive,2,16359,8957,7402,1555,270,2,2,1825,16361
whynotzb,1,16360,8794,7566,1228,313,1,1,1541,16361
Simbamatic,1,16356,9057,7299,1758,164,1,1,1922,16357
TheKingofPanclark,7,16349,9586,6763,2823,241,1,7,3064,16356
not-alex,1,16355,8777,7578,1199,89,0,1,1288,16356
Zachthesliceman,1,16354,8888,7466,1422,187,1,1,1609,16355
antris,1,16354,9265,7089,2176,510,1,0,2686,16354
munnyfish,3,16346,8801,7545,1256,191,3,3,1447,16349
Thuro,2,16344,8918,7426,1492,510,2,2,2002,16346
accidentalzero,1,16343,8879,7464,1415,166,1,1,1581,16344
becausefahq,1,16341,8743,7598,1145,900,1,1,2045,16342
lostcanuck,1,16337,8764,7573,1191,90,1,0,1281,16337
hueycumberdale,1,16336,8785,7551,1234,132,1,0,1366,16336
Josh7534,1,16335,8829,7506,1323,69,1,0,1392,16335
Purple_Potato,1,16331,8719,7612,1107,35,1,1,1142,16332
notayyynoggg,3,16326,9050,7276,1774,302,3,3,2076,16329
ladamadelamarijuana,1,16329,9066,7263,1803,83,1,0,1886,16329
murdercake,1,16325,9729,6596,3133,233,1,0,3366,16325
elfstone666,1,16320,8554,7766,788,510,0,1,1298,16321
bgallagher,2,16315,9019,7296,1723,44,2,2,1767,16317
DavyBingo,1,16315,8852,7463,1389,34,1,0,1423,16315
Rigurun,2,16310,8977,7333,1644,809,2,2,2453,16312
HolleyN1993,1,16310,8806,7504,1302,245,1,1,1547,16311
thomasgeorge911,2,16302,8534,7768,766,154,1,2,920,16304
onlyari,4,16283,8783,7500,1283,79,4,4,1362,16287
Turpix,1,16285,8620,7665,955,102,1,1,1057,16286
vanavv,1,16284,8378,7906,472,2536,1,1,3008,16285
pudzey,2,16282,8806,7476,1330,228,1,2,1558,16284
jerr0328,1,16282,9006,7276,1730,1176,1,1,2906,16283
rabbischmooleyishot,1,16282,9321,6961,2360,275,1,0,2635,16282
NathanH95,1,16280,8578,7702,876,136,1,1,1012,16281
MolarEclipse,1,16280,9038,7242,1796,342,1,0,2138,16280
0x627574576879,1,16275,8601,7674,927,372,1,1,1299,16276
ahboram,1,16268,8990,7278,1712,162,0,1,1874,16269
mookdaruch,7,16262,8936,7326,1610,685,5,4,2295,16266
PumaRage,1,16263,8970,7293,1677,763,1,1,2440,16264
quickthekick,9,16254,8429,7825,604,144,7,8,748,16262
abadingo8,11,16246,9154,7092,2062,183,8,7,2245,16253
harmonyofchaos3514,2,16244,8650,7594,1056,123,2,2,1179,16246
rajincajin,1,16242,9017,7225,1792,161,1,0,1953,16242
Fateslastwarrior,2,16241,8592,7649,943,129,2,1,1072,16242
Moustachiod_T-Rex,1,16241,8642,7599,1043,268,1,0,1311,16241
bedpeace,1,16240,9315,6925,2390,195,1,0,2585,16240
Ramquat,2,16237,9047,7190,1857,634,1,1,2491,16238
tomatoSOPA,1,16229,8897,7332,1565,257,1,1,1822,16230
MachoKhacho,1,16225,8815,7410,1405,149,1,1,1554,16226
somatose,1,16225,9584,6641,2943,1671,1,0,4614,16225
elmntguy12,4,16219,9200,7019,2181,689,3,2,2870,16221
an0nym1ty,3,16215,9207,7008,2199,200,2,2,2399,16217
thespaceoddity,3,16211,10000,6211,3789,143,3,2,3932,16213
alliecat1234,1,16211,8334,7877,457,832,0,1,1289,16212
frenchy612,6,16207,8801,7406,1395,604,6,4,1999,16211
Waqqy,1,16200,8862,7338,1524,449,1,0,1973,16200
SUFSUFSUF,2,16193,8877,7316,1561,222,2,2,1783,16195
GrumpyHour,1,16195,8449,7746,703,601,1,0,1304,16195
tangyfish,1,16192,8775,7417,1358,64,1,1,1422,16193
ajfrancette,5,16184,8699,7485,1214,175,5,5,1389,16189
itsupthere,2,16188,8633,7555,1078,157,2,1,1235,16189
laxgoalie00,1,16185,8967,7218,1749,232,1,1,1981,16186
ohWOORD,1,16183,9064,7119,1945,94,1,0,2039,16183
cupcakesandcrap,2,16177,9280,6897,2383,89,2,2,2472,16179
nelldog,1,16177,8807,7370,1437,254,1,0,1691,16177
Valonquar,3,16173,8572,7601,971,148,1,1,1119,16174
greggersraymer,1,16164,8725,7439,1286,151,1,1,1437,16165
Bae6,3,16158,8925,7233,1692,128,3,2,1820,16160
MagoLopez,3,16157,8759,7398,1361,164,1,2,1525,16159
lnenad,2,16156,8546,7610,936,94,2,1,1030,16157
TNCountryBoy,1,16155,8875,7280,1595,122,1,0,1717,16155
MOS95B,1,16153,8655,7498,1157,64,1,0,1221,16153
ultraplayer,2,16151,9471,6680,2791,996,1,1,3787,16152
MRxPifko,3,16147,8963,7184,1779,286,2,3,2065,16150
LBJ19,1,16144,8825,7319,1506,129,0,1,1635,16145
N31ghtmar3,3,16139,8687,7452,1235,104,2,3,1339,16142
TVjoker,2,16129,8575,7554,1021,101,2,1,1122,16130
specialxk,2,16126,8897,7229,1668,353,1,0,2021,16126
Drullexx,1,16121,8662,7459,1203,234,1,1,1437,16122
akaT_1000,7,16111,8993,7118,1875,152,6,6,2027,16117
CrispyHummingBird,3,16110,8765,7345,1420,261,2,1,1681,16111
dangerlul,3,16102,8446,7656,790,145,3,3,935,16105
derpington1244,2,16097,8476,7621,855,166,1,2,1021,16099
Yotsuba21,2,16094,8606,7488,1118,442,2,2,1560,16096
AngryBorscht,2,16090,8779,7311,1468,219,1,2,1687,16092
jiikim,3,16089,8684,7405,1279,194,3,3,1473,16092
hotandwilt,2,16090,8650,7440,1210,127,2,2,1337,16092
WhyDoIThinkSoMuch,4,16080,8756,7324,1432,410,4,1,1842,16081
DrGex,1,16074,8768,7306,1462,67,1,1,1529,16075
yudoit,7,16061,9153,6908,2245,231,5,7,2476,16068
Titsinabasket,1,16068,8732,7336,1396,166,1,0,1562,16068
mnm899,1,16065,9010,7055,1955,493,0,1,2448,16066
WhenInDoubtGoWithCC,2,16063,8895,7168,1727,201,2,0,1928,16063
Sarcasamystik,5,16053,8400,7653,747,101,2,5,848,16058
will4438,1,16056,8777,7279,1498,242,1,0,1740,16056
a_m00se,1,16055,8577,7478,1099,415,1,1,1514,16056
kiterunner15,3,16053,9453,6600,2853,277,3,2,3130,16055
Kuri1997,2,16049,9134,6915,2219,216,2,1,2435,16050
jdinlocool,14,16026,9800,6226,3574,437,8,13,4011,16039
icouldhavehaditall,1,16039,8954,7085,1869,139,1,0,2008,16039
adamdh,2,16033,9256,6777,2479,222,0,2,2701,16035
rickreflex,6,16032,8769,7263,1506,216,5,3,1722,16035
xEsquilax,1,16034,8552,7482,1070,620,1,1,1690,16035
crazye2ek1el,1,16031,8600,7431,1169,112,1,1,1281,16032
FilbertInTheFlesh,2,16027,8562,7465,1097,153,2,2,1250,16029
Lionel_Steel,1,16028,8548,7480,1068,141,1,1,1209,16029
Blu3Berry_Pie,1,16026,8618,7408,1210,121,1,0,1331,16026
idosillythings,2,16022,8528,7494,1034,129,2,2,1163,16024
Coffeybeanz,1,16015,8551,7464,1087,187,1,0,1274,16015
anclove,1,16005,8509,7496,1013,311,1,1,1324,16006
reyis23,3,16002,9491,6511,2980,228,3,3,3208,16005
Quenk,2,16004,8639,7365,1274,171,2,1,1445,16005
Andersfrisk,1,16003,8941,7062,1879,234,1,0,2113,16003
timmvee,2,16000,9259,6741,2518,367,2,1,2885,16001
ceeg,1,15999,8481,7518,963,408,1,1,1371,16000
sparx483,5,15995,8429,7566,863,440,4,5,1303,16000
LeeFH,1,15997,8820,7177,1643,347,1,0,1990,15997
zombie_osama,1,15996,8584,7412,1172,247,1,0,1419,15996
NOPETuckChesta,1,15994,8415,7579,836,91,1,1,927,15995
dvlnsde,1,15991,8518,7473,1045,307,1,1,1352,15992
daz18,1,15991,8492,7499,993,180,1,1,1173,15992
Niqulaz,1,15989,8924,7065,1859,820,1,0,2679,15989
hspecial,1,15987,8718,7269,1449,914,1,1,2363,15988
Tao23,8,15980,9078,6902,2176,161,5,8,2337,15988
itemInTheBaggageArea,1,15985,8626,7359,1267,299,1,0,1566,15985
DIRTYL1TTL3PANDA,12,15971,9502,6469,3033,269,4,10,3302,15981
Pedrig,2,15977,8640,7337,1303,454,2,2,1757,15979
Stevewins123,1,15977,8900,7077,1823,134,1,0,1957,15977
tc9993,1,15977,8617,7360,1257,538,1,0,1795,15977
InsertPOTATO,1,15970,8868,7102,1766,748,1,1,2514,15971
secretvictory,1,15967,8919,7048,1871,302,1,0,2173,15967
StefanoIsABeast,6,15959,8938,7021,1917,97,6,5,2014,15964
TDub0210,2,15961,8736,7225,1511,252,2,2,1763,15963
ayepoppy,1,15958,8841,7117,1724,57,1,1,1781,15959
Schnapplegangers,1,15956,8620,7336,1284,122,1,1,1406,15957
RaymondAblack,12,15943,10995,4948,6047,260,8,7,6307,15950
5k337lady,7,15944,9729,6215,3514,146,2,6,3660,15950
newcontortionist,10,15935,9643,6292,3351,429,10,8,3780,15943
NaturalBornDrummer,1,15938,8813,7125,1688,66,1,0,1754,15938
abbeyinreallife,2,15932,8646,7286,1360,141,2,1,1501,15933
neotenson,1,15931,8210,7721,489,110,1,1,599,15932
sudosudont,4,15918,9761,6157,3604,93,3,3,3697,15921
Mayan17,1,15917,8433,7484,949,310,1,1,1259,15918
pena85,1,15914,8519,7395,1124,128,1,1,1252,15915
TheFarceUnleashed,2,15908,8470,7438,1032,204,2,2,1236,15910
wulfsaga,1,15902,8937,6965,1972,396,1,0,2368,15902
2_da_resQ,3,15897,9028,6869,2159,452,3,3,2611,15900
brodakmoment,1,15897,8789,7108,1681,682,1,0,2363,15897
cha0ticneutral,1,15896,8550,7346,1204,249,1,1,1453,15897
imnotwillferrell,1,15896,8399,7497,902,280,1,0,1182,15896
Lord_Gorbachev,5,15890,8475,7415,1060,630,5,5,1690,15895
GoodMorningWood,8,15885,9213,6672,2541,267,8,8,2808,15893
charlamagnum,1,15893,8561,7332,1229,98,1,0,1327,15893
Ethanbauka,1,15888,8788,7100,1688,242,1,1,1930,15889
Dillbill,4,15884,8992,6892,2100,278,4,4,2378,15888
poopshooter5000,5,15885,8885,7000,1885,211,5,3,2096,15888
bcjr,1,15888,8653,7235,1418,533,1,0,1951,15888
Brain_Bacteria,3,15884,8979,6905,2074,365,3,2,2439,15886
CampConcentration,6,15881,8677,7204,1473,529,3,1,2002,15882
Pravusmentis,19,15856,10089,5767,4322,313,17,16,4635,15872
LegolasGreenleaf,1,15860,8697,7163,1534,371,1,1,1905,15861
Diaboli,1,15859,8518,7341,1177,281,1,1,1458,15860
xxwarpiexx,1,15852,8313,7539,774,101,1,0,875,15852
paradox_logic,1,15844,9049,6795,2254,563,0,1,2817,15845
DefinitelyRepost,4,15842,8709,7133,1576,169,4,3,1745,15845
bunsofcheese,1,15842,8857,6985,1872,301,1,0,2173,15842
AllShamNoWoww,3,15839,8681,7158,1523,151,2,3,1674,15842
DiipaakLahaha,9,15831,8721,7110,1611,125,5,9,1736,15840
starberry697,1,15838,8623,7215,1408,688,1,1,2096,15839
amybexx93,1,15838,8570,7268,1302,190,1,1,1492,15839
NeonTape,4,15836,8610,7226,1384,250,4,1,1634,15837
Leprechaun_18,1,15834,8422,7412,1010,96,1,1,1106,15835
SmileAndNod64,1,15833,8253,7580,673,154,1,0,827,15833
snipes1191,4,15828,9244,6584,2660,157,3,2,2817,15830
metalslug53,1,15829,8305,7524,781,164,1,1,945,15830
c00lwhip,5,15823,8968,6855,2113,229,5,4,2342,15827
Dookyberries,1,15822,8969,6853,2116,249,1,1,2365,15823
AddbbA,1,15821,8509,7312,1197,187,1,1,1384,15822
im_on_crack,1,15821,8960,6861,2099,456,1,0,2555,15821
KRaeB,1,15819,8569,7250,1319,210,1,1,1529,15820
timotab,3,15814,8799,7015,1784,192,3,3,1976,15817
mrigling,1,15815,8615,7200,1415,204,1,1,1619,15816
asdfman,1,15808,8775,7033,1742,342,1,1,2084,15809
laserfire,3,15807,8951,6856,2095,563,3,1,2658,15808
Feleaf,1,15806,9032,6774,2258,117,1,1,2375,15807
500cats,1,15800,8605,7195,1410,165,1,1,1575,15801
insaneCloaks,1,15795,8575,7220,1355,367,1,1,1722,15796
PompeiiGraffiti,1,15795,8683,7112,1571,702,1,0,2273,15795
Caligineus,1,15795,8491,7304,1187,101,1,0,1288,15795
Sawsages,1,15794,9719,6075,3644,313,1,0,3957,15794
CrimsonCrossfire,1,15794,8370,7424,946,936,1,0,1882,15794
BDaught,6,15784,9650,6134,3516,417,6,2,3933,15786
Kulotee,10,15774,9218,6556,2662,147,5,10,2809,15784
thekemkid,7,15778,8932,6846,2086,262,5,5,2348,15783
UselessOpinion,1,15781,8202,7579,623,182,1,1,805,15782
daleindaclub,3,15779,8839,6940,1899,1412,2,2,3311,15781
Johnsanta25,4,15778,9033,6745,2288,121,4,3,2409,15781
jnmoore2,3,15776,8593,7183,1410,111,3,3,1521,15779
DailyDistraction,5,15774,9469,6305,3164,877,2,4,4041,15778
Incurvarioidea,1,15771,8317,7454,863,234,0,1,1097,15772
appleblackcat,1,15766,8491,7275,1216,182,1,0,1398,15766
Silzer,1,15764,9002,6762,2240,557,1,0,2797,15764
SadMelons,1,15763,8395,7368,1027,193,1,1,1220,15764
dinnerdewinner,4,15756,8316,7440,876,511,2,4,1387,15760
prettyfagswag,3,15756,8832,6924,1908,383,3,3,2291,15759
Paranoid-Penguin,1,15757,8645,7112,1533,110,1,1,1643,15758
Irriduccibilli,1,15758,8532,7226,1306,269,1,0,1575,15758
DrumZildjian71,1,15755,8478,7277,1201,251,1,1,1452,15756
CarbineGuy,1,15755,8299,7456,843,114,1,1,957,15756
the_blueberry_funk,1,15754,8166,7588,578,210,1,1,788,15755
bombshellblonde27,3,15751,8285,7466,819,149,3,3,968,15754
Damndoughnutss,8,15742,8241,7501,740,126,7,8,866,15750
helgihermadur,2,15745,8534,7211,1323,237,2,2,1560,15747
hidell,1,15743,8616,7127,1489,178,1,1,1667,15744
canadianclub,2,15739,8465,7274,1191,252,2,2,1443,15741
Man-Created-God,2,15732,8649,7083,1566,1177,1,2,2743,15734
jimbozinoh,2,15730,8870,6860,2010,229,2,2,2239,15732
internetisland,1,15728,8434,7294,1140,145,1,1,1285,15729
Ruarimc,1,15726,8428,7298,1130,86,0,1,1216,15727
stubbyarea,3,15723,8228,7495,733,327,2,2,1060,15725
The_vfm,3,15720,8420,7300,1120,166,1,3,1286,15723
thelittlestkumquat,1,15719,8630,7089,1541,512,1,0,2053,15719
bat_shaver,1,15705,8239,7466,773,365,1,1,1138,15706
mramramra,1,15703,8578,7125,1453,839,1,0,2292,15703
striketrue,1,15703,8656,7047,1609,633,1,0,2242,15703
stevecobb,4,15701,8237,7464,773,99,4,1,872,15702
ridiculousdb,1,15694,8409,7285,1124,372,1,0,1496,15694
VertigoFall,2,15680,8637,7043,1594,266,2,1,1860,15681
murfi,5,15674,8823,6851,1972,151,5,3,2123,15677
JohnMunsch,1,15677,8582,7095,1487,227,1,0,1714,15677
Greatwhiteturtle,3,15671,9488,6183,3305,185,2,3,3490,15674
fabberkraut,2,15671,8536,7135,1401,112,2,2,1513,15673
tcbasket22,2,15668,8581,7087,1494,231,2,2,1725,15670
leafeator,4,15664,8832,6832,2000,605,4,3,2605,15667
StarForge,3,15666,8238,7428,810,142,0,1,952,15667
relaxed_meme,2,15664,8630,7034,1596,441,2,2,2037,15666
cantdenyit718,3,15663,9023,6640,2383,267,3,2,2650,15665
AdrianCXD,1,15654,8304,7350,954,128,1,1,1082,15655
Niick,1,15653,8433,7220,1213,652,1,1,1865,15654
Spielberg_is_dead,1,15650,8552,7098,1454,1125,1,0,2579,15650
raks1991,5,15642,9285,6357,2928,174,5,4,3102,15646
Th3_Great,1,15636,8214,7422,792,190,1,1,982,15637
DexterGodDamnCute,3,15634,8496,7138,1358,481,3,2,1839,15636
wickler02,1,15631,8468,7163,1305,84,0,1,1389,15632
Eurynom0s,6,15626,9089,6537,2552,206,4,5,2758,15631
haddock420,1,15628,8361,7267,1094,128,1,0,1222,15628
Aerogingh_434,1,15624,8604,7020,1584,189,1,1,1773,15625
sniperdogruffo,3,15621,8498,7123,1375,213,3,2,1588,15623
HueyDeweyLouieDuck,2,15620,8420,7200,1220,75,2,1,1295,15621
MattDanger,8,15608,9189,6419,2770,354,7,7,3124,15615
dozenrozen,2,15611,8692,6919,1773,173,2,1,1946,15612
NoId3a,3,15607,8422,7185,1237,246,3,3,1483,15610
pimpwhopees,4,15604,8557,7047,1510,124,3,4,1634,15608
Quellor,1,15602,8329,7273,1056,128,1,1,1184,15603
iparga,7,15598,8918,6680,2238,453,7,3,2691,15601
redandjonny,1,15600,8516,7084,1432,318,1,1,1750,15601
Ricegasm,1,15601,8468,7133,1335,133,1,0,1468,15601
contextsdontmatter,2,15596,8365,7231,1134,138,2,2,1272,15598
mceppy,1,15592,8315,7277,1038,179,1,1,1217,15593
heatmiZ,3,15587,9074,6513,2561,81,3,3,2642,15590
tha_dood,4,15582,8477,7105,1372,194,4,4,1566,15586
sicnarfj,1,15580,8518,7062,1456,157,1,1,1613,15581
savethesnails,2,15575,8627,6948,1679,143,1,2,1822,15577
BeerLeague,1,15577,8286,7291,995,113,1,0,1108,15577
wujack,4,15571,8633,6938,1695,395,4,4,2090,15575
ahepperla,1,15575,8594,6981,1613,137,1,0,1750,15575
CastleNation,1,15571,8497,7074,1423,49,1,0,1472,15571
DaedalusMinion,2,15563,9085,6478,2607,253,0,2,2860,15565
clayton_frisbie,1,15564,8614,6950,1664,140,1,1,1804,15565
AndySocks,9,15548,9948,5600,4348,278,9,8,4626,15556
griffbovi,1,15555,8520,7035,1485,106,1,1,1591,15556
moomoo4u,2,15551,8415,7136,1279,454,2,1,1733,15552
Player_5,2,15550,8513,7037,1476,72,1,2,1548,15552
confusionion,6,15546,9091,6455,2636,248,6,5,2884,15551
FeepFeepOG,1,15548,8585,6963,1622,281,1,1,1903,15549
ducksizedhorses,5,15542,8856,6686,2170,195,2,5,2365,15547
ExtraDip,2,15544,8181,7363,818,209,2,1,1027,15545
FPHZombie,2,15539,8612,6927,1685,437,2,2,2122,15541
tiddle_mouse,5,15533,9272,6261,3011,118,4,4,3129,15537
2z1,1,15536,8298,7238,1060,240,1,1,1300,15537
michaelburns,1,15535,8419,7116,1303,452,1,0,1755,15535
danskarma,1,15533,8450,7083,1367,92,1,0,1459,15533
belandil,1,15530,8403,7127,1276,343,1,1,1619,15531
jsep,1,15529,8781,6748,2033,344,1,0,2377,15529
PenisBakeMeAPancake,5,15526,8620,6906,1714,139,5,3,1853,15529
BeingDS,1,15528,8276,7252,1024,207,1,1,1231,15529
starrie,1,15525,8217,7308,909,338,1,0,1247,15525
notsosuper,1,15524,8120,7404,716,299,1,1,1015,15525
TheMateo,1,15524,8462,7062,1400,387,1,0,1787,15524
HotData,1,15521,8351,7170,1181,196,1,0,1377,15521
68Cadillac,1,15519,8269,7250,1019,112,1,1,1131,15520
fearthepossum,1,15517,8807,6710,2097,165,1,0,2262,15517
lightbulb0812,2,15514,8272,7242,1030,125,2,1,1155,15515
VentHatesYou,1,15513,8620,6893,1727,227,1,1,1954,15514
Chickenfoot117,2,15509,8473,7036,1437,312,2,0,1749,15509
CouncilmanDexhart,1,15504,8575,6929,1646,255,1,0,1901,15504
shag12,3,15499,8898,6601,2297,530,2,3,2827,15502
Bidonet,3,15500,8469,7031,1438,218,2,2,1656,15502
Jmc1077,2,15498,8426,7072,1354,263,1,1,1617,15499
G-ill,1,15499,8384,7115,1269,202,1,0,1471,15499
AleKzito,1,15498,8126,7372,754,138,0,1,892,15499
IUsedToBeAPygmy,1,15498,8021,7477,544,108,1,1,652,15499
36thshaolin,2,15496,8148,7348,800,283,2,1,1083,15497
felii64,2,15490,8424,7066,1358,198,1,2,1556,15492
il_marcello,2,15480,8835,6645,2190,99,2,2,2289,15482
exo762,1,15481,8341,7140,1201,357,1,0,1558,15481
skimmerbored,1,15470,8368,7102,1266,156,0,1,1422,15471
uupu,1,15466,8598,6868,1730,122,1,1,1852,15467
patchworkpanda,1,15465,8644,6821,1823,261,1,1,2084,15466
guaransheed_mason,1,15465,8434,7031,1403,67,1,1,1470,15466
pulsewave,4,15461,8835,6626,2209,154,4,3,2363,15464
UmakemewannasayOMG,1,15460,8364,7096,1268,170,1,0,1438,15460
bgadds,8,15452,8236,7216,1020,114,8,8,1134,15460
BrenzligBrenzlig,4,15452,8724,6728,1996,192,4,4,2188,15456
fechera,2,15455,8561,6894,1667,212,2,1,1879,15456
bumpuglies,3,15451,9613,5838,3775,354,3,3,4129,15454
MooberGoobers,1,15454,8302,7152,1150,198,1,0,1348,15454
gingerfail,6,15445,8928,6517,2411,797,5,4,3208,15449
epicgeekfail,1,15448,8557,6891,1666,197,1,0,1863,15448
zzBoom,3,15445,8353,7092,1261,147,3,3,1408,15448
Novobeogradjanin,1,15446,8588,6858,1730,143,1,1,1873,15447
mf9233,1,15445,8381,7064,1317,84,1,0,1401,15445
walter_s0bchak,1,15442,8289,7153,1136,107,1,1,1243,15443
StyrofoamPenguin,1,15435,8392,7043,1349,98,1,1,1447,15436
joeman1023,3,15431,8479,6952,1527,245,3,3,1772,15434
Squirreldit,1,15433,9688,5745,3943,399,1,0,4342,15433
pkmonlover42,1,15422,8487,6935,1552,82,1,1,1634,15423
a7x802,6,15411,8725,6686,2039,161,5,6,2200,15417
Slash3040,1,15413,8097,7316,781,92,1,1,873,15414
soopsoopa,1,15411,8544,6867,1677,130,1,1,1807,15412
mintyice,11,15402,9290,6112,3178,366,9,8,3544,15410
flatxbread,1,15409,8695,6714,1981,396,1,0,2377,15409
Safarianna,2,15407,8689,6718,1971,266,1,2,2237,15409
ruggala,1,15408,8701,6707,1994,160,0,1,2154,15409
TheBlueBadger,1,15406,8547,6859,1688,241,1,0,1929,15406
OCDTrigger,5,15399,8847,6552,2295,270,5,4,2565,15403
hamdora,1,15401,8262,7139,1123,127,1,1,1250,15402
StalinForReagan,2,15400,8498,6902,1596,456,2,1,2052,15401
VoltronMacrophage,2,15397,8436,6961,1475,141,2,2,1616,15399
Enferrari,5,15393,8649,6744,1905,87,4,5,1992,15398
nickers89,2,15395,8454,6941,1513,62,2,1,1575,15396
unclesam_0001,4,15391,8518,6873,1645,344,1,4,1989,15395
player420,1,15394,8136,7258,878,309,1,1,1187,15395
deadlyenmity,1,15390,8223,7167,1056,372,1,1,1428,15391
Lono37,1,15390,8272,7118,1154,61,1,1,1215,15391
word_nerd_mcgoo,1,15390,8446,6944,1502,153,1,0,1655,15390
yelnats25,1,15387,8244,7143,1101,634,1,0,1735,15387
Thelastmandalorian,1,15375,8340,7035,1305,70,1,1,1375,15376
Matterror,2,15374,8239,7135,1104,171,2,2,1275,15376
Riah_Lynn,2,15374,8230,7144,1086,104,1,2,1190,15376
DforDrew,1,15372,8340,7032,1308,152,1,1,1460,15373
brookesy2,1,15372,8251,7121,1130,390,1,0,1520,15372
dancinhmr,1,15369,8334,7035,1299,105,1,0,1404,15369
cardbored_is_king,3,15366,8629,6737,1892,296,3,2,2188,15368
d3rsty,6,15359,8608,6751,1857,402,6,4,2259,15363
Billbeachwood,2,15363,8251,7112,1139,509,2,0,1648,15363
asheleymer,1,15362,8504,6858,1646,302,1,0,1948,15362
Derpasaurous,1,15361,8118,7243,875,139,1,1,1014,15362
infamousmarv,1,15358,8361,6997,1364,157,1,1,1521,15359
TehNintendoNinja,2,15349,8667,6682,1985,213,2,1,2198,15350
Dobles_Puntos,5,15346,8598,6748,1850,789,4,3,2639,15349
wiggo987654321,3,15345,8448,6897,1551,151,3,3,1702,15348
Peacefulrun4,3,15345,8372,6973,1399,66,2,3,1465,15348
BarBeQued,5,15342,8459,6883,1576,290,3,5,1866,15347
Shirker0,1,15346,8183,7163,1020,107,1,1,1127,15347
Ipanman92,6,15338,8736,6602,2134,431,5,5,2565,15343
shoulderdestruction,5,15339,8826,6513,2313,416,3,3,2729,15342
Hal_Nein_Thousand,1,15341,8243,7098,1145,215,1,0,1360,15341
D0mi,2,15338,8358,6980,1378,328,2,2,1706,15340
AllyM7,1,15337,8198,7139,1059,72,1,1,1131,15338
The_Patriot,1,15336,8600,6736,1864,282,1,0,2146,15336
ImReddited,1,15331,8511,6820,1691,979,1,0,2670,15331
Green_apple,1,15329,7784,7545,239,429,1,0,668,15329
karmaskikoo,2,15324,8261,7063,1198,107,2,2,1305,15326
ChatnNaked,1,15323,8226,7097,1129,284,1,0,1413,15323
MohanJob,2,15316,8254,7062,1192,183,2,2,1375,15318
saltedpeanuts,2,15306,8343,6963,1380,307,2,1,1687,15307
doanss,4,15295,8277,7018,1259,283,4,3,1542,15298
loopuleasa,4,15293,8544,6749,1795,153,4,4,1948,15297
chocolatebRain,1,15293,8191,7102,1089,358,1,1,1447,15294
bagelboy5,1,15292,8129,7163,966,237,1,1,1203,15293
SPlKE,1,15292,8209,7083,1126,798,1,0,1924,15292
wompinator,1,15289,7960,7329,631,57,1,1,688,15290
blaake,1,15285,8034,7251,783,207,1,1,990,15286
thaspaam,1,15284,8185,7099,1086,339,1,1,1425,15285
doctorpillow,1,15282,8291,6991,1300,82,1,1,1382,15283
Xyrec,4,15275,8902,6373,2529,125,4,4,2654,15279
lagonal,1,15266,8208,7058,1150,159,1,1,1309,15267
cremenn,1,15261,8324,6937,1387,187,1,1,1574,15262
evelpo,2,15260,8330,6930,1400,41,2,1,1441,15261
minuswhale,1,15261,7970,7291,679,89,1,0,768,15261
isweartoofuckingmuch,2,15258,9309,5949,3360,339,2,0,3699,15258
FappleGuy,1,15252,8283,6969,1314,197,1,1,1511,15253
Igneous42,1,15247,8717,6530,2187,190,1,1,2377,15248
fartsack_baby,1,15246,8334,6912,1422,112,1,1,1534,15247
silverbackjack,3,15241,8590,6651,1939,396,3,3,2335,15244
odinist,2,15235,8694,6541,2153,161,2,1,2314,15236
jbern87,1,15234,8480,6754,1726,196,1,0,1922,15234
katbog,2,15228,9655,5573,4082,182,1,1,4264,15229
StarkkOfWinterfell,5,15221,9008,6213,2795,164,4,5,2959,15226
MSlyr,1,15225,8735,6490,2245,114,0,1,2359,15226
De1Shiznit,1,15225,8527,6698,1829,268,1,1,2097,15226
Tonyfig57,2,15221,8328,6893,1435,825,2,2,2260,15223
Jertob,3,15221,8526,6695,1831,282,3,2,2113,15223
Schnei1811,1,15216,8141,7075,1066,402,1,1,1468,15217
thenoobx,1,15217,8218,6999,1219,159,1,0,1378,15217
antonia90,2,15216,8411,6805,1606,112,2,0,1718,15216
Hhammoud0561,7,15208,8687,6521,2166,326,7,7,2492,15215
stealthxbeanbag,2,15207,8036,7171,865,566,2,2,1431,15209
Twitch89,1,15207,8199,7008,1191,174,1,1,1365,15208
sanfranman415,1,15205,8175,7030,1145,114,1,1,1259,15206
purplebadger05,1,15205,8448,6757,1691,187,1,0,1878,15205
MayanCountry,2,15202,8434,6768,1666,107,2,2,1773,15204
easyperson,3,15203,8207,6996,1211,124,3,0,1335,15203
chemicalinxs,3,15197,8369,6828,1541,487,3,1,2028,15198
hyperlite432,1,15193,8263,6930,1333,59,0,1,1392,15194
vanilsa,1,15190,8116,7074,1042,341,1,1,1383,15191
da_bbq,1,15178,8176,7002,1174,245,1,1,1419,15179
TheSnugg,2,15176,8280,6896,1384,313,2,2,1697,15178
aryi3025,2,15175,8170,7005,1165,227,1,2,1392,15177
hiamsam,1,15167,8123,7044,1079,348,1,1,1427,15168
oldcatlady,1,15164,8114,7050,1064,171,1,1,1235,15165
iFrankDaPug,1,15162,7950,7212,738,121,1,1,859,15163
rainbowroad8,4,15157,8037,7120,917,154,3,3,1071,15160
BaRahChaChaCha,2,15155,8351,6804,1547,426,1,2,1973,15157
skamper,1,15156,8349,6807,1542,220,0,1,1762,15157
breepear,1,15153,8289,6864,1425,81,1,1,1506,15154
HiThereILoveYou,1,15153,8205,6948,1257,75,1,0,1332,15153
serasuna,1,15150,8132,7018,1114,373,1,1,1487,15151
pusha06,1,15151,8036,7115,921,527,1,0,1448,15151
HotDog804,8,15143,9864,5279,4585,202,8,7,4787,15150
midgetsjakmeoff,1,15146,7918,7228,690,529,1,1,1219,15147
derp111,2,15143,8254,6889,1365,136,1,1,1501,15144
Just_got_stoned,2,15142,8326,6816,1510,160,1,1,1670,15143
rufizzle,1,15138,7998,7140,858,153,1,1,1011,15139
unclenacho,1,15129,8234,6895,1339,270,1,0,1609,15129
mikes210,1,15127,8563,6564,1999,173,1,0,2172,15127
mcdermott2,1,15123,8985,6138,2847,1545,1,0,4392,15123
greatjokebro,2,15120,8509,6611,1898,114,1,2,2012,15122
cynthiadangus,5,15114,8789,6325,2464,241,5,4,2705,15118
Lurk_Long_Time,3,15115,8503,6612,1891,369,3,2,2260,15117
hateboss,1,15116,8100,7016,1084,203,1,0,1287,15116
theyve,1,15115,8027,7088,939,193,1,1,1132,15116
k2exoman,1,15104,8035,7069,966,1078,1,0,2044,15104
Mthep,2,15100,8164,6936,1228,176,2,2,1404,15102
saly01,3,15097,8131,6966,1165,190,3,3,1355,15100
simply_shredded,1,15098,8113,6985,1128,205,1,0,1333,15098
OMG_BasedGod,3,15092,8421,6671,1750,806,3,3,2556,15095
vincentg777,1,15092,8026,7066,960,94,1,1,1054,15093
Jamesisacoolname,3,15088,8290,6798,1492,390,3,3,1882,15091
foamed,6,15078,8791,6287,2504,455,6,3,2959,15081
mitch_s_schalle,2,15079,8162,6917,1245,61,2,0,1306,15079
Quartss,2,15078,8525,6553,1972,168,2,0,2140,15078
DonHObag,7,15071,8875,6196,2679,867,7,4,3546,15075
feelbetternow,1,15074,8432,6642,1790,79,1,0,1869,15074
dshab92,2,15072,7994,7078,916,263,2,2,1179,15074
brennan1296,1,15071,7948,7123,825,148,1,1,973,15072
roger_,21,15054,11845,3209,8636,484,18,13,9120,15067
TheZackGoodman,3,15064,8371,6693,1678,123,3,3,1801,15067
SpaceCampDropOut,1,15064,8427,6637,1790,193,1,1,1983,15065
lolocoster,3,15062,9602,5460,4142,1201,3,0,5343,15062
johnblax,2,15061,8155,6906,1249,476,2,1,1725,15062
BlackFallout,2,15058,8162,6896,1266,413,2,2,1679,15060
Risse,1,15052,7968,7084,884,1101,1,1,1985,15053
dejaWoot,1,15046,8126,6920,1206,752,1,1,1958,15047
TheAmericanWay,1,15044,8329,6715,1614,94,1,1,1708,15045
rherm,7,15037,8276,6761,1515,65,6,7,1580,15044
kassa-blanca,2,15042,8219,6823,1396,101,2,1,1497,15043
Kristenated,10,15034,8499,6535,1964,233,9,8,2197,15042
mushroomcake,2,15039,8650,6389,2261,195,2,2,2456,15041
airforcefalco,1,15038,8057,6981,1076,962,1,1,2038,15039
FunMonkeyDisease,2,15037,7823,7214,609,485,2,2,1094,15039
hrosik_liberijsky,3,15036,8203,6833,1370,132,3,2,1502,15038
idubs,5,15030,8550,6480,2070,594,2,3,2664,15033
boxxy_brown,1,15028,7932,7096,836,186,1,1,1022,15029
jammastajayt,1,15027,8197,6830,1367,359,1,1,1726,15028
cabomorales,2,15026,8249,6777,1472,243,2,2,1715,15028
cessik,1,15024,7930,7094,836,888,1,1,1724,15025
Icweinerx2,2,15021,8378,6643,1735,143,1,2,1878,15023
Be1Lan1,8,15008,8654,6354,2300,322,6,8,2622,15016
Konradkc,24,14998,8863,6135,2728,367,24,16,3095,15014
lyrelord,2,15011,8115,6896,1219,104,2,1,1323,15012
djlynxxx,1,15010,8105,6905,1200,201,1,1,1401,15011
Wylard,1,15006,8034,6972,1062,205,1,1,1267,15007
ironyengine,1,15003,8235,6768,1467,412,1,1,1879,15004
timdorr,6,14997,8303,6694,1609,223,6,6,1832,15003
sameasreddit,1,15000,8053,6947,1106,357,1,1,1463,15001
BigLlamasHouse,3,14994,8901,6093,2808,300,3,3,3108,14997
ikillpanda,1,14993,7917,7076,841,254,1,0,1095,14993
Internal_Monologues,1,14991,7921,7070,851,140,1,1,991,14992
kami77,1,14988,8611,6377,2234,437,1,1,2671,14989
jembachidu,1,14988,8229,6759,1470,129,1,1,1599,14989
RNRSaturday,1,14984,7912,7072,840,99,1,1,939,14985
adogthatwasflan,2,14976,8374,6602,1772,785,2,1,2557,14977
secompton,1,14976,8062,6914,1148,587,1,0,1735,14976
nutri-matic,1,14970,8267,6703,1564,191,1,1,1755,14971
kimwilson,1,14967,8132,6835,1297,365,1,0,1662,14967
Vertrik,1,14965,7971,6994,977,151,1,1,1128,14966
sifarat,8,14959,8632,6327,2305,386,3,5,2691,14964
blechniven,3,14960,8188,6772,1416,175,3,3,1591,14963
SirWoodrick,1,14960,8140,6820,1320,108,1,1,1428,14961
Audioworm,3,14956,9177,5779,3398,128,3,1,3526,14957
Hawdon,2,14955,8473,6482,1991,412,2,2,2403,14957
Dangerdiver,1,14955,8234,6721,1513,83,1,1,1596,14956
bkleo504,1,14949,8290,6659,1631,523,1,0,2154,14949
Kebabcity,1,14947,8064,6883,1181,470,1,1,1651,14948
cosmando,1,14947,8132,6815,1317,168,1,0,1485,14947
Shaded-Sinopia,1,14942,8496,6446,2050,145,0,1,2195,14943
heyitstval,1,14939,8072,6867,1205,252,1,1,1457,14940
Misifuca,4,14936,8226,6710,1516,90,4,2,1606,14938
Ease_up,2,14937,8145,6792,1353,165,2,0,1518,14937
nastratin,1,14935,8517,6418,2099,718,1,1,2817,14936
dilish,1,14935,8123,6812,1311,214,1,1,1525,14936
dp517,1,14933,8172,6761,1411,196,0,1,1607,14934
bhaiya1288,5,14928,8290,6638,1652,528,5,4,2180,14932
bamcbb,3,14927,8739,6188,2551,154,3,3,2705,14930
Jechs,1,14924,8215,6709,1506,240,1,1,1746,14925
aceoftrachs,1,14922,8142,6780,1362,118,1,0,1480,14922
OMIbro,1,14918,8435,6483,1952,138,1,0,2090,14918
cymike1,1,14908,7853,7055,798,248,1,1,1046,14909
jeffAA,5,14894,8950,5944,3006,383,5,5,3389,14899
needsmorepepper,2,14891,8184,6707,1477,248,2,2,1725,14893
takesacrane,1,14892,8046,6846,1200,59,1,1,1259,14893
22nHomeless,3,14888,8173,6715,1458,203,3,2,1661,14890
InvaderPhantom,7,14880,8562,6318,2244,236,7,7,2480,14887
SULLYvin,2,14886,8602,6284,2318,160,2,1,2478,14887
ramirrezdoeverything,1,14880,8105,6775,1330,247,1,1,1577,14881
miaccountname,1,14880,7841,7039,802,555,1,1,1357,14881
RealityDrinker,2,14872,8551,6321,2230,301,2,1,2531,14873
Megusta500,3,14866,7949,6917,1032,313,1,3,1345,14869
Zyu,2,14868,8196,6672,1524,223,2,0,1747,14868
mchamp55,1,14867,7738,7129,609,92,0,1,701,14868
SlickRick1,1,14863,8020,6843,1177,96,1,1,1273,14864
pixelharmony,1,14861,8111,6750,1361,334,1,1,1695,14862
caleeko,1,14858,7720,7138,582,261,1,0,843,14858
frypan666,3,14850,8312,6538,1774,139,3,1,1913,14851
cognitions,2,14849,8293,6556,1737,1138,2,1,2875,14850
iDrinkYourShake,1,14846,8307,6539,1768,156,1,0,1924,14846
Garrett-R,2,14844,8139,6705,1434,129,2,1,1563,14845
calvinogeorge1,2,14841,8135,6706,1429,420,2,1,1849,14842
Notandi,2,14839,7906,6933,973,106,2,2,1079,14841
Nixon51,1,14839,8478,6361,2117,137,1,0,2254,14839
wilsonstelevision,1,14835,7757,7078,679,76,1,1,755,14836
Nathandoyle,1,14833,8121,6712,1409,161,1,1,1570,14834
bbmlst,6,14829,8494,6335,2159,327,6,4,2486,14833
Jackski,2,14830,8077,6753,1324,147,2,1,1471,14831
caityhugstrees,1,14826,8420,6406,2014,56,1,1,2070,14827
lcow66,4,14823,7638,7185,453,438,4,4,891,14827
megustadotjpg,2,14820,8392,6428,1964,156,2,0,2120,14820
TheBullfrog,1,14816,8343,6473,1870,674,1,0,2544,14816
codyuno,1,14815,8132,6683,1449,212,1,1,1661,14816
Alisterx,3,14809,7998,6811,1187,95,3,2,1282,14811
pekoe84,2,14803,7980,6823,1157,128,2,0,1285,14803
Earth2Jack,1,14800,8111,6689,1422,64,1,1,1486,14801
bond2kuk,1,14799,8071,6728,1343,211,1,1,1554,14800
wanderso24,4,14789,8310,6479,1831,275,4,1,2106,14790
ThinkinFlicka,2,14787,7833,6954,879,473,2,2,1352,14789
H24MD,1,14783,7794,6989,805,185,1,1,990,14784
poop4life,5,14775,8409,6366,2043,686,5,4,2729,14779
Jackofallnutz,1,14777,7835,6942,893,195,1,1,1088,14778
tag_to_it,2,14775,8005,6770,1235,57,2,2,1292,14777
iamthenewone,6,14771,8813,5958,2855,224,4,5,3079,14776
magikarpKO,1,14773,7914,6859,1055,92,1,1,1147,14774
BeerMeNow,3,14766,8294,6472,1822,103,3,3,1925,14769
Bear_Masta,2,14766,7980,6786,1194,154,2,2,1348,14768
pewpew1234,1,14768,7961,6807,1154,110,1,0,1264,14768
pizza95,1,14767,8191,6576,1615,252,1,0,1867,14767
warium,1,14765,8172,6593,1579,501,1,0,2080,14765
ArizonaGrapeDrink,1,14762,7854,6908,946,158,1,0,1104,14762
slightlymadd,1,14759,8370,6389,1981,124,1,0,2105,14759
lwal,1,14751,7974,6777,1197,142,1,0,1339,14751
Rickolas,1,14748,8290,6458,1832,118,1,0,1950,14748
Liktwo,2,14748,7987,6761,1226,644,2,0,1870,14748
RizzoTheRipper,1,14748,8043,6705,1338,180,1,0,1518,14748
alexf11,2,14741,7917,6824,1093,315,1,2,1408,14743
greath,1,14740,7843,6897,946,124,1,1,1070,14741
Mrekat,1,14736,7921,6815,1106,138,1,1,1244,14737
UnfortunatelyMacabre,1,14735,8013,6722,1291,958,1,0,2249,14735
RilesWatson,3,14732,7986,6746,1240,140,2,3,1380,14735
tonterias,7,14729,8346,6383,1963,348,6,3,2311,14732
luksifox,1,14729,8350,6379,1971,108,1,0,2079,14729
gorie,1,14729,7931,6798,1133,179,1,0,1312,14729
Klaue,2,14720,7609,7111,498,169,2,1,667,14721
CornerSka,1,14719,7993,6726,1267,1141,1,0,2408,14719
grammaticdrownedhog,1,14712,8309,6403,1906,313,1,0,2219,14712
fknbastard,1,14712,8209,6503,1706,81,1,0,1787,14712
dustinmikk,4,14708,8108,6600,1508,121,4,4,1629,14712
saltydogshrimp1,1,14705,8078,6627,1451,181,1,1,1632,14706
phil6260,3,14685,8300,6385,1915,120,2,3,2035,14688
Horkos5,1,14686,8679,6007,2672,279,1,1,2951,14687
Bianchi422,1,14681,7894,6787,1107,82,1,1,1189,14682
Brofesional,1,14681,7808,6873,935,244,1,1,1179,14682
InstxnctAU,1,14680,8094,6586,1508,116,1,1,1624,14681
Glinger,1,14680,7962,6718,1244,281,1,1,1525,14681
JALsnipe,1,14679,7974,6705,1269,310,1,0,1579,14679
mpa10e,4,14671,8038,6633,1405,248,4,4,1653,14675
rbart65,4,14666,8203,6463,1740,145,4,3,1885,14669
Mishone,6,14659,7727,6932,795,120,5,6,915,14665
herojewski,1,14663,8049,6614,1435,204,1,0,1639,14663
topohunt,1,14658,8099,6559,1540,73,1,1,1613,14659
WellBangOkay,1,14653,7872,6781,1091,334,1,1,1425,14654
thisisnothomework,6,14647,8393,6254,2139,177,6,5,2316,14652
Mail_Me_Yuengling,1,14649,8220,6429,1791,614,1,1,2405,14650
fjgw1,1,14649,7933,6716,1217,799,1,1,2016,14650
thatronguy,4,14646,8230,6416,1814,106,4,3,1920,14649
iTaos,1,14646,7920,6726,1194,99,1,1,1293,14647
Velidian,1,14641,7842,6799,1043,613,0,1,1656,14642
Durzan,1,14630,7696,6934,762,422,1,1,1184,14631
NotTheDude,7,14625,8562,6063,2499,541,6,5,3040,14630
Fed51,3,14621,7767,6854,913,206,3,3,1119,14624
Jblower,4,14619,8078,6541,1537,224,4,3,1761,14622
tzech99,1,14616,7698,6918,780,140,1,1,920,14617
sowhydontyoublowme,3,14613,8873,5740,3133,218,3,1,3351,14614
chbrules,7,14608,9143,5465,3678,316,6,5,3994,14613
dakilazical,1,14612,8108,6504,1604,220,1,1,1824,14613
sarahsaroufim,2,14612,7588,7024,564,143,2,1,707,14613
ShawnDaley,5,14608,8446,6162,2284,95,5,3,2379,14611
GazUtd,4,14607,8000,6607,1393,259,3,2,1652,14609
tomziiii,1,14608,7821,6787,1034,180,1,1,1214,14609
raider918,1,14606,7674,6932,742,190,1,1,932,14607
bicols,2,14594,7787,6807,980,96,2,2,1076,14596
FriendEater,6,14589,8215,6374,1841,307,5,5,2148,14594
asboans,1,14592,8144,6448,1696,157,1,1,1853,14593
DRAGON_FARTS,3,14591,7997,6594,1403,251,3,2,1654,14593
IWatchTooMuchTV,20,14578,11629,2949,8680,345,16,14,9025,14592
ChangeTheL1ghts,2,14584,8782,5802,2980,269,1,1,3249,14585
mostawesomechic,3,14577,7931,6646,1285,307,2,2,1592,14579
didyouevah,1,14577,8235,6342,1893,601,0,1,2494,14578
joka86,1,14576,7960,6616,1344,404,1,1,1748,14577
ghettochipmunk,1,14574,8165,6409,1756,144,1,1,1900,14575
inappropriate_input,1,14574,8106,6468,1638,160,1,0,1798,14574
rivu,2,14572,7747,6825,922,170,2,1,1092,14573
Tukajo,2,14568,8161,6407,1754,433,1,1,2187,14569
rocn,2,14566,8159,6407,1752,204,2,2,1956,14568
twitchMAC17,2,14564,7636,6928,708,326,1,2,1034,14566
KatastrophicK,1,14565,7784,6781,1003,148,1,0,1151,14565
OverzealousPanda,1,14562,7986,6576,1410,83,1,1,1493,14563
Layno7,1,14554,7959,6595,1364,316,1,0,1680,14554
aetius476,1,14551,7946,6605,1341,366,1,1,1707,14552
chippie-o,1,14547,7921,6626,1295,253,1,1,1548,14548
waltbomb,2,14548,7911,6637,1274,160,2,0,1434,14548
biwook,3,14544,8638,5906,2732,355,3,3,3087,14547
tinyloy,1,14540,8261,6279,1982,698,1,0,2680,14540
snorktorqueandpork,1,14538,7708,6830,878,132,1,1,1010,14539
slaphappyslappy,8,14531,8582,5949,2633,541,8,7,3174,14538
Fapinater,1,14537,7821,6716,1105,294,1,1,1399,14538
BarracudaFeet,2,14534,7916,6618,1298,144,2,2,1442,14536
BeaverJeehad,4,14526,7956,6570,1386,253,3,3,1639,14529
reddidd,2,14518,7971,6547,1424,687,2,2,2111,14520
iWater,1,14515,7830,6685,1145,574,1,1,1719,14516
BotchedFacelift,1,14509,8059,6450,1609,149,1,1,1758,14510
wraith_majestic,1,14508,7960,6548,1412,193,1,0,1605,14508
markiemice,1,14506,7563,6943,620,242,1,1,862,14507
Drew92777,1,14504,7753,6751,1002,134,1,1,1136,14505
wsgy1111,7,14493,8421,6072,2349,146,6,7,2495,14500
Ilgarlando,3,14492,8010,6482,1528,114,3,2,1642,14494
Dreys,2,14492,7732,6760,972,266,2,1,1238,14493
_Muad_Dib,2,14491,7672,6819,853,308,1,2,1161,14493
Man_Oh_Low,2,14491,7756,6735,1021,133,2,2,1154,14493
mudkipikachu,2,14490,8929,5561,3368,58,1,0,3426,14490
breticles,1,14487,8129,6358,1771,261,1,1,2032,14488
QuantumX,3,14486,8019,6467,1552,206,2,2,1758,14488
ionataan,1,14487,7814,6673,1141,102,1,1,1243,14488
mjomark,3,14483,8478,6005,2473,281,3,2,2754,14485
kleiner352,1,14476,7667,6809,858,106,1,1,964,14477
innosmoo,1,14475,7966,6509,1457,406,1,1,1863,14476
Lewkylewk,3,14471,7759,6712,1047,169,3,3,1216,14474
Camedy,3,14472,8169,6303,1866,128,2,1,1994,14473
IsThisTakenTooNo,1,14471,7917,6554,1363,164,1,0,1527,14471
DuBBle,2,14467,8409,6058,2351,799,2,1,3150,14468
oldwizeone,2,14465,8154,6311,1843,146,2,2,1989,14467
Groznyylol,2,14463,8035,6428,1607,167,2,2,1774,14465
Astraea89,1,14463,8324,6139,2185,103,0,1,2288,14464
FreshBakedTroll,1,14462,7920,6542,1378,81,1,1,1459,14463
wtfapkin,1,14460,7900,6560,1340,747,1,0,2087,14460
_Collin,2,14458,7946,6512,1434,228,2,2,1662,14460
slobod,1,14459,7917,6542,1375,215,1,1,1590,14460
maggiecat4,2,14458,7611,6847,764,141,2,1,905,14459
cponce98,1,14446,7543,6903,640,73,1,1,713,14447
smollaei,1,14445,8214,6231,1983,247,1,0,2230,14445
Sadik1UNTK,1,14443,7745,6698,1047,78,1,1,1125,14444
RealMadridfan369,3,14438,7712,6726,986,101,3,2,1087,14440
THEsolid85,2,14438,7614,6824,790,145,2,2,935,14440
Mad_V,4,14436,7618,6818,800,108,3,3,908,14439
Rguptaingitup,8,14430,8778,5652,3126,159,4,8,3285,14438
xxarthur33xx,1,14435,7586,6849,737,263,1,1,1000,14436
machinesofthezoneage,1,14434,8011,6423,1588,621,0,1,2209,14435
iralisegendary,2,14430,8130,6300,1830,674,2,1,2504,14431
JeepChick,1,14430,7938,6492,1446,153,1,0,1599,14430
wabawanga,1,14425,8020,6405,1615,548,1,0,2163,14425
iamst3,1,14409,7627,6782,845,132,1,1,977,14410
kaleidotoke,1,14407,7920,6487,1433,171,1,0,1604,14407
MrMagnetar,1,14401,8172,6229,1943,181,1,1,2124,14402
MrPickleCoppter,1,14402,7835,6567,1268,153,1,0,1421,14402
edmoney97,4,14398,8045,6353,1692,923,1,3,2615,14401
pill_popping_god,1,14397,7804,6593,1211,231,1,1,1442,14398
tattisoppa,1,14394,7833,6561,1272,235,1,1,1507,14395
endure_this,1,14394,8124,6270,1854,271,1,0,2125,14394
TheDoctorXI,1,14391,7785,6606,1179,152,1,1,1331,14392
brradism,1,14389,7796,6593,1203,569,1,1,1772,14390
drunkenwaffle,1,14389,7407,6982,425,171,1,1,596,14390
viksra,5,14385,8031,6354,1677,966,3,3,2643,14388
carly_horse,3,14380,8081,6299,1782,263,3,3,2045,14383
Edward_THE_RED,2,14381,7570,6811,759,217,2,2,976,14383
zachgravesisgod,1,14381,7787,6594,1193,202,1,1,1395,14382
oh_rotanes,1,14375,7933,6442,1491,86,1,0,1577,14375
NuclearTeapot37,4,14370,8410,5960,2450,129,2,3,2579,14373
Nekomancerr,2,14368,7345,7023,322,567,2,2,889,14370
biga02,2,14366,7557,6809,748,249,1,2,997,14368
DiscoDmitri,1,14367,7559,6808,751,83,1,1,834,14368
gillesding,2,14365,7780,6585,1195,146,0,2,1341,14367
Lunar95,3,14363,8745,5618,3127,208,2,3,3335,14366
DirtyJake,3,14361,7698,6663,1035,373,2,3,1408,14364
laxdh,1,14362,8142,6220,1922,103,1,0,2025,14362
GrumblyWhale,3,14358,7883,6475,1408,43,3,3,1451,14361
maddav,1,14358,8090,6268,1822,1782,1,0,3604,14358
kungfupanda99,5,14352,8001,6351,1650,114,5,5,1764,14357
MrAyThree,3,14350,7920,6430,1490,176,1,3,1666,14353
DownsPanda,3,14349,8129,6220,1909,322,3,2,2231,14351
Tronsu,1,14350,7708,6642,1066,449,1,1,1515,14351
nerdlights,1,14343,7919,6424,1495,418,1,0,1913,14343
mcgreeeg,1,14342,7906,6436,1470,114,1,1,1584,14343
Purplecloud1,1,14337,7478,6859,619,167,1,1,786,14338
tastesliketurtles,2,14334,7790,6544,1246,203,2,1,1449,14335
ArchChisUm,1,14330,7834,6496,1338,173,1,1,1511,14331
yousefk,2,14326,7805,6521,1284,133,2,1,1417,14327
tom0824,3,14322,8256,6066,2190,140,1,3,2330,14325
hotgirlontheinternet,1,14321,7829,6492,1337,331,1,0,1668,14321
Birthmark,1,14319,7720,6599,1121,148,1,1,1269,14320
SirVoteALot,1,14317,7727,6590,1137,86,1,1,1223,14318
TbOwNeD,2,14315,7796,6519,1277,80,2,2,1357,14317
modestlycocky,1,14305,7631,6674,957,78,1,1,1035,14306
TheToker,1,14305,7891,6414,1477,89,1,0,1566,14305
pixery,1,14299,7983,6316,1667,91,1,0,1758,14299
cameronfabbri,5,14292,7691,6601,1090,141,3,5,1231,14297
cvnthia,1,14295,7855,6440,1415,814,1,0,2229,14295
24nm,2,14294,7600,6694,906,492,2,1,1398,14295
pandapwnr,2,14287,7765,6522,1243,135,2,2,1378,14289
Mysticola,1,14287,7680,6607,1073,354,1,1,1427,14288
hacksaw_elusive,4,14281,7888,6393,1495,212,3,4,1707,14285
abbyping,1,14282,7956,6326,1630,165,1,1,1795,14283
soccersalah,1,14282,7847,6435,1412,136,1,1,1548,14283
Opjak,2,14280,8132,6148,1984,144,2,2,2128,14282
SirChang,1,14277,7733,6544,1189,75,1,0,1264,14277
Buy_More_Stuff,7,14272,7871,6401,1470,442,7,2,1912,14274
MythOfLight,2,14269,8086,6183,1903,169,1,2,2072,14271
CassandraMonster,3,14266,7570,6696,874,218,3,3,1092,14269
Spamsational,1,14262,7899,6363,1536,100,1,1,1636,14263
puredemo,23,14242,11383,2859,8524,444,22,20,8968,14262
steviemcfly,1,14261,7747,6514,1233,239,1,0,1472,14261
skyline_kid,1,14260,7718,6542,1176,75,1,1,1251,14261
TeethMummy,2,14258,8295,5963,2332,219,2,1,2551,14259
xSmoothx,3,14255,8380,5875,2505,237,2,2,2742,14257
bestfomert,2,14246,7886,6360,1526,351,2,2,1877,14248
iaminfamy,1,14246,7458,6788,670,336,1,1,1006,14247
HerpesThePig,4,14241,8166,6075,2091,222,2,3,2313,14244
Eisenstein,1,14241,7555,6686,869,334,1,1,1203,14242
chelseakins,1,14240,7728,6512,1216,141,1,1,1357,14241
Mylie_Cyrus_Die,1,14240,7423,6817,606,351,1,1,957,14241
crank1978,8,14230,8104,6126,1978,174,8,4,2152,14234
zombiecslover,1,14234,7950,6284,1666,237,1,0,1903,14234
cassus_fett,22,14212,8889,5323,3566,372,17,21,3938,14233
Higgins113,1,14230,7774,6456,1318,280,1,0,1598,14230
Gemini6Ice,2,14227,7908,6319,1589,142,2,1,1731,14228
Tonka_Tough,4,14221,8242,5979,2263,376,4,2,2639,14223
21007,3,14215,8080,6135,1945,142,3,2,2087,14217
RandomGuyonRedd,2,14213,7744,6469,1275,350,1,2,1625,14215
dlouwe,1,14214,7742,6472,1270,182,1,0,1452,14214
DynamiteDiscoDaddy,1,14211,7911,6300,1611,65,1,1,1676,14212
kidt82,2,14211,7504,6707,797,244,2,0,1041,14211
CptTremendous,1,14207,7544,6663,881,165,1,1,1046,14208
goodbadnomad,1,14206,7816,6390,1426,544,1,1,1970,14207
Spartan006,1,14206,7542,6664,878,98,1,1,976,14207
N2tZ,3,14200,8338,5862,2476,219,3,3,2695,14203
kellums,1,14199,7811,6388,1423,663,1,0,2086,14199
mookman13,1,14198,7781,6417,1364,138,1,0,1502,14198
Omi02,1,14195,7565,6630,935,98,1,1,1033,14196
niicckkTTT,1,14190,7822,6368,1454,332,1,1,1786,14191
Irish_mcdick,5,14186,8613,5573,3040,665,5,4,3705,14190
DallasMavs12345678,1,14187,7769,6418,1351,164,1,1,1515,14188
stenyxx,2,14187,7676,6511,1165,427,0,0,1592,14187
griffon666,8,14177,7587,6590,997,140,4,7,1137,14184
blazemaster,1,14183,8104,6079,2025,395,1,0,2420,14183
SkiptomyLoomis,1,14179,8247,5932,2315,150,1,0,2465,14179
Catona,6,14171,7778,6393,1385,382,6,5,1767,14176
aplindsay,1,14174,7776,6398,1378,220,1,0,1598,14174
wtfeagle,10,14158,8200,5958,2242,180,7,9,2422,14167
aerialpenguins,1,14166,7961,6205,1756,189,1,1,1945,14167
HERPES_FLAVORED,1,14166,7721,6445,1276,266,0,1,1542,14167
ladyin,1,14162,7952,6210,1742,290,0,1,2032,14163
neuralstate,5,14161,8285,5876,2409,167,5,1,2576,14162
Tim94,3,14160,8113,6047,2066,240,3,2,2306,14162
cheezyyman,2,14160,7712,6448,1264,183,2,1,1447,14161
Blarfles,1,14158,7807,6351,1456,339,1,0,1795,14158
SparklyMarshmallows,2,14154,8021,6133,1888,169,2,2,2057,14156
unbuiltnuke,13,14142,8442,5700,2742,365,10,13,3107,14155
AquaBank5,3,14150,7604,6546,1058,728,1,1,1786,14151
Eitamaya,1,14148,7719,6429,1290,252,1,1,1542,14149
lilylauren,1,14148,8020,6128,1892,729,1,0,2621,14148
jdnye,2,14143,7668,6475,1193,130,2,2,1323,14145
adharma,2,14142,7924,6218,1706,302,2,2,2008,14144
Sk8terGurl,4,14140,7750,6390,1360,35,2,4,1395,14144
youuknoww,1,14131,7491,6640,851,478,1,1,1329,14132
NickSearle,1,14130,7825,6305,1520,262,1,1,1782,14131
alliebp,3,14128,7803,6325,1478,227,2,3,1705,14131
sighsalot,1,14127,7772,6355,1417,334,1,0,1751,14127
pigpen5,6,14121,8326,5795,2531,237,6,4,2768,14125
rosetint,1,14124,7504,6620,884,205,1,1,1089,14125
JackoNorwich,2,14122,8164,5958,2206,237,1,0,2443,14122
Traumatiicz,5,14116,7847,6269,1578,137,5,5,1715,14121
NewAccountJusForThis,1,14119,8054,6065,1989,444,0,0,2433,14119
Anarioxan,2,14114,7524,6590,934,250,2,2,1184,14116
dmgenp,1,14113,8025,6088,1937,654,1,0,2591,14113
thatwouldbeit,1,14113,7536,6577,959,425,1,0,1384,14113
lovingmama,3,14106,7593,6513,1080,181,3,3,1261,14109
Sparkle_Fart,1,14107,7769,6338,1431,67,0,1,1498,14108
ninjao,1,14106,7626,6480,1146,269,1,0,1415,14106
Google_vs_Bing,7,14095,8106,5989,2117,161,5,7,2278,14102
robberyinprogress,1,14101,7491,6610,881,333,1,1,1214,14102
ThatIsMyHat,1,14101,7252,6849,403,161,1,1,564,14102
mrfantasticsarcastic,1,14100,7623,6477,1146,273,1,1,1419,14101
VicariousD,1,14092,7613,6479,1134,200,1,1,1334,14093
Unbeliever03,1,14088,7372,6716,656,173,1,1,829,14089
CronoSpeaks,3,14083,7630,6453,1177,96,2,3,1273,14086
Inspector-potatoface,2,14082,7685,6397,1288,259,1,2,1547,14084
TheRocketSurgeon,1,14078,7452,6626,826,161,1,1,987,14079
CardboardDoom,2,14077,8162,5915,2247,351,2,1,2598,14078
Geckos,3,14075,7801,6274,1527,165,3,1,1692,14076
Gabrielseifer,2,14072,7760,6312,1448,281,2,2,1729,14074
BurntSnow,2,14071,7737,6334,1403,150,2,2,1553,14073
BundesagenturFuerAr,1,14070,7563,6507,1056,368,1,1,1424,14071
Nitorak,3,14066,8137,5929,2208,93,2,2,2301,14068
go_go_bannananas,4,14063,8139,5924,2215,538,4,2,2753,14065
MrMarkZ,1,14063,7569,6494,1075,69,1,0,1144,14063
stuckatworkstill,3,14051,7636,6415,1221,729,3,3,1950,14054
suddenly_happy,1,14049,7459,6590,869,81,1,1,950,14050
iaccidentlytheworld,9,14039,8159,5880,2279,794,9,7,3073,14046
alberthammond,1,14043,7709,6334,1375,166,1,1,1541,14044
stanfordgrowla,1,14040,7927,6113,1814,120,1,0,1934,14040
Jrod11,4,14032,8314,5718,2596,145,3,4,2741,14036
EyeOfAugra,3,14031,8534,5497,3037,488,3,3,3525,14034
ACheb,1,14033,7777,6256,1521,201,1,1,1722,14034
Cagacazzo,8,14030,8443,5587,2856,441,8,1,3297,14031
lifeviasatellite,1,14027,7674,6353,1321,116,1,0,1437,14027
goyk,1,14025,7779,6246,1533,898,1,0,2431,14025
Captain_Sparty,2,14021,7634,6387,1247,134,2,2,1381,14023
lz649303,3,14020,7589,6431,1158,63,2,3,1221,14023
RyuKenya,4,14019,7701,6318,1383,496,3,3,1879,14022
bazzaretta,1,14017,7694,6323,1371,189,1,1,1560,14018
Arthemedus,1,14014,7685,6329,1356,654,1,1,2010,14015
BewareTheKraken,8,14009,8647,5362,3285,135,8,5,3420,14014
alejandro59,4,14008,7752,6256,1496,139,3,4,1635,14012
J_Arr_Arr_Tolkien,1,14008,7873,6135,1738,848,1,1,2586,14009
athingunique,2,14006,7668,6338,1330,57,2,2,1387,14008
Dfro123,1,14006,7652,6354,1298,196,1,1,1494,14007
supergreenhamster,1,14002,7781,6221,1560,99,1,0,1659,14002
tiradium,9,13993,8648,5345,3303,230,9,7,3533,14000
Sirbinkai,6,13995,8570,5425,3145,299,5,4,3444,13999
ILikePlants,2,13995,7787,6208,1579,54,2,2,1633,13997
massfiction,1,13992,7386,6606,780,166,1,1,946,13993
abs_like_putin,1,13991,7553,6438,1115,623,1,0,1738,13991
DrukenNinja,7,13979,7685,6294,1391,99,4,7,1490,13986
edavis98,3,13981,7864,6117,1747,140,1,3,1887,13984
TheresJustNoWay,1,13978,7828,6150,1678,309,1,0,1987,13978
Vendetta4825,1,13977,7853,6124,1729,714,1,0,2443,13977
dtjb,4,13968,8110,5858,2252,703,4,4,2955,13972
BheekZ,1,13969,7499,6470,1029,199,1,1,1228,13970
BosNovi,1,13969,7379,6590,789,282,1,1,1071,13970
Drunkdrood,3,13965,7610,6355,1255,515,3,3,1770,13968
Fanning2716,1,13966,7611,6355,1256,169,1,0,1425,13966
Sakaki-Chan,1,13960,7381,6579,802,121,1,1,923,13961
KyleYou,2,13958,7541,6417,1124,821,2,2,1945,13960
KayteeBlue,2,13956,7635,6321,1314,235,2,0,1549,13956
wand3r3r,1,13954,7765,6189,1576,581,1,0,2157,13954
avantex,1,13953,7871,6082,1789,303,1,0,2092,13953
mildweed,1,13951,7508,6443,1065,85,1,1,1150,13952
PrinceOfDorkness,1,13950,7494,6456,1038,494,1,1,1532,13951
AutoEuphoria,1,13949,7551,6398,1153,77,1,1,1230,13950
fateswarm,12,13936,7740,6196,1544,235,12,11,1779,13947
plsenjy,2,13945,7509,6436,1073,496,2,2,1569,13947
Sad_Butterfinger,1,13946,7468,6478,990,432,1,1,1422,13947
MistrMink,1,13942,8039,5903,2136,157,0,1,2293,13943
Hammerhead3229,3,13933,7309,6624,685,658,3,3,1343,13936
hcazycips,2,13933,7519,6414,1105,121,2,2,1226,13935
burnburn10,1,13933,7889,6044,1845,142,1,1,1987,13934
SkitTrick,5,13931,7958,5973,1985,203,4,2,2188,13933
cedwa,1,13926,7507,6419,1088,501,1,1,1589,13927
cjstop,6,13916,7937,5979,1958,282,4,6,2240,13922
RedSeven4,1,13917,7683,6234,1449,107,1,0,1556,13917
KevinDurden,1,13910,7912,5998,1914,116,1,0,2030,13910
Dnyevnik,2,13908,7573,6335,1238,227,2,2,1465,13910
Fleap,1,13902,7832,6070,1762,414,1,0,2176,13902
MaxinePayne,1,13901,7557,6344,1213,156,1,1,1369,13902
Bears_in_Bowlers,2,13901,7466,6435,1031,107,2,1,1138,13902
TheCrazyAngel,3,13898,7455,6443,1012,194,3,2,1206,13900
Wrathenstine,2,13898,7398,6500,898,191,2,2,1089,13900
iHackintosh,3,13891,7722,6169,1553,61,2,3,1614,13894
dash101,1,13893,8001,5892,2109,503,1,0,2612,13893
ClangWentTheTrolley,2,13891,8119,5772,2347,166,2,2,2513,13893
Lacuta,1,13890,7701,6189,1512,455,0,1,1967,13891
navalpain,1,13889,7608,6281,1327,774,1,1,2101,13890
YourAnMoran,1,13890,7509,6381,1128,381,1,0,1509,13890
sugarbooger89,2,13889,7414,6475,939,441,2,0,1380,13889
thoy450,1,13889,7460,6429,1031,195,1,0,1226,13889
GrosshirnMomo,1,13887,7321,6566,755,279,1,1,1034,13888
psistarpsi,2,13885,8005,5880,2125,549,2,2,2674,13887
Emannikufesin,2,13886,7646,6240,1406,307,0,1,1713,13887
_spranger_,6,13879,7516,6363,1153,138,6,6,1291,13885
GonzoVeritas,8,13877,8255,5622,2633,331,7,6,2964,13883
nano_ser,1,13883,7593,6290,1303,1029,1,0,2332,13883
FrankieForte,3,13878,7940,5938,2002,194,3,3,2196,13881
Quackberry,1,13878,7742,6136,1606,166,1,1,1772,13879
THETUDOR,1,13871,7875,5996,1879,152,1,0,2031,13871
israelilynx,2,13868,7895,5973,1922,131,0,2,2053,13870
irocknroll,1,13868,7367,6501,866,152,1,0,1018,13868
brandtftw,2,13865,7728,6137,1591,401,2,2,1992,13867
Shady14,1,13862,7348,6514,834,226,1,1,1060,13863
PatrickStarsBro66,1,13851,7278,6573,705,416,1,1,1121,13852
gregdbowen,4,13848,7739,6109,1630,172,4,3,1802,13851
Avery17,1,13847,7376,6471,905,121,1,1,1026,13848
Backdoor_Jackson,3,13841,7974,5867,2107,401,3,3,2508,13844
sutr90,4,13837,7359,6478,881,282,4,3,1163,13840
Lord_Dankfart,1,13834,7484,6350,1134,396,1,1,1530,13835
Quinn474,2,13828,7874,5954,1920,104,1,1,2024,13829
a_spooned_twelves,1,13827,7473,6354,1119,309,1,1,1428,13828
LaserBack,1,13820,7418,6402,1016,162,1,1,1178,13821
ehmt,3,13815,7634,6181,1453,170,3,2,1623,13817
older_soul,2,13813,7632,6181,1451,274,2,2,1725,13815
mkensington,2,13810,7528,6282,1246,112,2,2,1358,13812
CityStyler,6,13806,7303,6503,800,266,5,6,1066,13812
C-Train,2,13802,7975,5827,2148,530,2,0,2678,13802
stupidstupidiii,1,13799,7611,6188,1423,49,1,1,1472,13800
gmonneh,1,13793,7592,6201,1391,280,1,0,1671,13793
glaubengloben,2,13789,7527,6262,1265,178,2,1,1443,13790
smdenz,1,13789,7618,6171,1447,513,1,0,1960,13789
simsdope,1,13784,8058,5726,2332,209,1,0,2541,13784
skraling,2,13778,7493,6285,1208,192,2,2,1400,13780
Soliman23,3,13776,7525,6251,1274,853,3,3,2127,13779
ionine,1,13778,7467,6311,1156,88,1,0,1244,13778
trafc,1,13773,7497,6276,1221,162,1,0,1383,13773
mysundaybest,1,13772,7476,6296,1180,57,1,1,1237,13773
LastBestHopeF3,1,13772,7324,6448,876,449,1,0,1325,13772
LabCoatz,1,13771,7495,6276,1219,320,1,0,1539,13771
hankfuckingmoody,1,13766,7193,6573,620,71,1,1,691,13767
nunobo,1,13764,7664,6100,1564,276,1,0,1840,13764
EchoSolo,3,13749,8083,5666,2417,178,2,3,2595,13752
plebs,2,13749,7512,6237,1275,108,2,2,1383,13751
blucerchiati,2,13743,7649,6094,1555,916,2,0,2471,13743
Fantasm0,1,13741,7262,6479,783,129,1,0,912,13741
agobayer,4,13732,8310,5422,2888,247,4,2,3135,13734
superme33,1,13729,7245,6484,761,109,1,1,870,13730
hazyoblivion,1,13724,7738,5986,1752,103,1,1,1855,13725
FauxShizzle,2,13724,7285,6439,846,251,2,1,1097,13725
Ayalp,1,13723,7331,6392,939,310,0,1,1249,13724
german_bruce_lee,1,13719,7443,6276,1167,573,1,0,1740,13719
Jimwymo,3,13714,7913,5801,2112,183,3,3,2295,13717
strictless,1,13715,7655,6060,1595,1057,1,1,2652,13716
sylocybin,1,13710,7612,6098,1514,119,1,1,1633,13711
AndrewNicla,3,13706,7605,6101,1504,161,3,3,1665,13709
sunchow,24,13692,8994,4698,4296,293,18,16,4589,13708
one-man-bucket,1,13705,7296,6409,887,55,1,1,942,13706
Jr_Sales_Associate,1,13704,7438,6266,1172,107,1,1,1279,13705
funknight,1,13698,7470,6228,1242,161,1,1,1403,13699
VYJ,1,13697,7615,6082,1533,462,1,1,1995,13698
newsdaylaura18,1,13695,7399,6296,1103,371,1,1,1474,13696
nicnax,2,13694,8052,5642,2410,512,2,0,2922,13694
Reed18,16,13672,8480,5192,3288,166,16,16,3454,13688
trahan94,1,13683,7388,6295,1093,117,1,1,1210,13684
Phyos,1,13683,8716,4967,3749,108,1,0,3857,13683
Madrawn,1,13681,7368,6313,1055,310,1,1,1365,13682
Danroulette,1,13677,7392,6285,1107,114,1,0,1221,13677
Nemosaurus,1,13674,7674,6000,1674,72,1,1,1746,13675
reneepussman,2,13673,7470,6203,1267,150,1,1,1417,13674
pleasuretohaveinclas,1,13668,7865,5803,2062,378,1,0,2440,13668
dregmogul,2,13665,7561,6104,1457,116,2,2,1573,13667
phukkit,1,13659,7525,6134,1391,44,0,1,1435,13660
Rhythmic,14,13645,8119,5526,2593,171,11,14,2764,13659
Dashboardforfire,1,13653,7467,6186,1281,524,1,1,1805,13654
fudgepacker9,1,13653,7513,6140,1373,234,1,0,1607,13653
FakeChemist,1,13652,7310,6342,968,511,1,1,1479,13653
Afkbio,3,13652,7437,6215,1222,75,1,1,1297,13653
Hansaplast,1,13645,7141,6504,637,422,1,1,1059,13646
iammeese,1,13644,7330,6314,1016,79,1,1,1095,13645
Mike_davvy,6,13629,7484,6145,1339,119,5,6,1458,13635
tacogato,2,13634,7439,6195,1244,119,2,1,1363,13635
thelovepirate,5,13627,7485,6142,1343,184,5,1,1527,13628
nosopainfo,1,13623,7402,6221,1181,162,1,1,1343,13624
Zydraa,1,13618,7301,6317,984,194,1,1,1178,13619
UltimateHipster,1,13617,7325,6292,1033,533,1,1,1566,13618
jdbrat03,4,13613,7941,5672,2269,200,3,2,2469,13615
partytights,1,13610,7472,6138,1334,202,1,0,1536,13610
ShawnBoo,4,13606,7431,6175,1256,233,4,3,1489,13609
owlskellington,2,13606,7471,6135,1336,192,0,0,1528,13606
kvancek,2,13603,7157,6446,711,328,2,2,1039,13605
TheMistah,1,13601,7567,6034,1533,184,1,0,1717,13601
cdillio,1,13593,7135,6458,677,173,1,0,850,13593
SnyderScuzz,2,13589,7074,6515,559,295,2,2,854,13591
mngmyrtle,2,13585,7410,6175,1235,121,2,2,1356,13587
dovydasm,1,13583,7379,6204,1175,295,1,1,1470,13584
sharmander15,2,13582,7291,6291,1000,221,2,2,1221,13584
MillaMia,5,13578,8214,5364,2850,645,2,4,3495,13582
SEGnosis,4,13580,7782,5798,1984,172,4,2,2156,13582
kerbe,1,13581,7176,6405,771,265,1,0,1036,13581
Cartman-kw,1,13580,7201,6379,822,101,1,1,923,13581
eisinger2,1,13579,7135,6444,691,117,1,1,808,13580
jmillikin,1,13578,7505,6073,1432,258,1,0,1690,13578
avfarooq,1,13576,7449,6127,1322,220,1,1,1542,13577
Doomburrito,2,13572,7349,6223,1126,111,2,2,1237,13574
ChronicLegend,2,13568,7874,5694,2180,80,2,2,2260,13570
greenmvc,2,13568,7516,6052,1464,123,2,2,1587,13570
Could_Be_Your_Father,1,13568,7360,6208,1152,275,1,1,1427,13569
Pwnsauce23,1,13566,7391,6175,1216,397,1,0,1613,13566
aAntelope,1,13563,7399,6164,1235,370,1,0,1605,13563
DancesWithDownvotes,2,13552,7465,6087,1378,465,2,2,1843,13554
Eraxor,1,13551,7658,5893,1765,155,1,0,1920,13551
archarn,1,13549,7343,6206,1137,47,0,1,1184,13550
Mikewazowskisenior,1,13548,7373,6175,1198,93,1,1,1291,13549
Dank-Bacon,3,13540,7366,6174,1192,138,1,3,1330,13543
faqnsht,9,13536,7793,5743,2050,376,7,5,2426,13541
Kerio,1,13537,7367,6170,1197,115,1,1,1312,13538
HannahEliesse,2,13532,7539,5993,1546,86,1,2,1632,13534
412freethinker,1,13533,7321,6212,1109,131,1,0,1240,13533
nikkismitherson,1,13531,7605,5926,1679,85,1,0,1764,13531
snores_like_satan,1,13525,7237,6288,949,179,1,1,1128,13526
quiet_desperado,3,13520,7881,5639,2242,261,1,0,2503,13520
Stil_de_Grain,2,13518,7354,6164,1190,91,2,2,1281,13520
skkitzzo,2,13515,7969,5546,2423,712,2,1,3135,13516
The_Turkish_Delite,1,13513,7089,6424,665,597,1,1,1262,13514
jonk970,2,13510,7609,5901,1708,72,1,2,1780,13512
mickyh,1,13511,7528,5983,1545,120,1,0,1665,13511
youshouldgamble,2,13506,7588,5918,1670,81,2,2,1751,13508
hippoPOOPicus,1,13501,7563,5938,1625,109,1,1,1734,13502
Fatpplrfunny,3,13499,7666,5833,1833,126,3,2,1959,13501
Mufaasa,1,13499,7543,5956,1587,211,1,1,1798,13500
FLguy444,1,13498,7310,6188,1122,193,0,1,1315,13499
Lance_Armschlong,6,13492,7630,5862,1768,165,5,6,1933,13498
redAllAboutIt,1,13495,7319,6176,1143,136,1,1,1279,13496
slmnwise,5,13489,7916,5573,2343,383,5,5,2726,13494
velocinarwhal,1,13492,7553,5939,1614,193,1,1,1807,13493
ephestione,1,13492,7275,6217,1058,501,1,1,1559,13493
CarboToad,1,13491,7423,6068,1355,85,1,1,1440,13492
splitwheel,1,13490,7087,6403,684,315,1,1,999,13491
civel123,2,13487,7234,6253,981,139,2,2,1120,13489
tha-money-wizard,1,13484,7351,6133,1218,210,1,1,1428,13485
DaItalianFish,1,13481,7484,5997,1487,215,1,0,1702,13481
skyyline,1,13479,6916,6563,353,171,1,1,524,13480
david-me,5,13471,7779,5692,2087,197,1,5,2284,13476
alexis2044,2,13474,7748,5726,2022,93,2,1,2115,13475
ghostofanimus,10,13466,7569,5897,1672,204,10,6,1876,13472
lexia91,4,13465,7399,6066,1333,224,4,4,1557,13469
Dchip24,2,13464,7776,5688,2088,165,1,1,2253,13465
Washed_Up,1,13465,7249,6216,1033,140,1,0,1173,13465
Tolkii,1,13462,7456,6006,1450,70,1,1,1520,13463
joetheschmoe4000,2,13460,7657,5803,1854,575,2,1,2429,13461
PoshyX,1,13459,7343,6116,1227,165,1,0,1392,13459
DRodders,7,13447,7164,6283,881,98,5,7,979,13454
obzen22,32,13417,7685,5732,1953,288,22,31,2241,13448
jameshues,1,13434,7009,6425,584,94,1,1,678,13435
Darth_InvadeHer,2,13432,7358,6074,1284,488,2,2,1772,13434
Kotik93,1,13428,7286,6142,1144,870,1,1,2014,13429
hockeyguy4,1,13429,6869,6560,309,217,1,0,526,13429
Ecocide,2,13428,7400,6028,1372,146,2,0,1518,13428
ump721,1,13425,7479,5946,1533,346,1,1,1879,13426
Jestercatz,2,13420,7248,6172,1076,41,2,2,1117,13422
JoshTay,1,13421,7174,6247,927,104,1,0,1031,13421
Spooniator,11,13413,8302,5111,3191,360,10,6,3551,13419
bean812,1,13418,7100,6318,782,90,1,1,872,13419
say_hi,1,13417,7629,5788,1841,671,1,0,2512,13417
bad_situation,2,13415,7759,5656,2103,210,2,2,2313,13417
samofny,1,13412,7275,6137,1138,195,1,1,1333,13413
Yoshi_Girl,7,13405,7847,5558,2289,104,6,7,2393,13412
kevinstonge,2,13411,7405,6006,1399,155,1,0,1554,13411
Pelicantaloupe,1,13404,7251,6153,1098,107,1,1,1205,13405
brainburger,10,13395,7911,5484,2427,431,8,7,2858,13402
GangstaGrillz30,7,13390,7793,5597,2196,354,5,7,2550,13397
Apples212,1,13394,7193,6201,992,255,1,1,1247,13395
bentleyprior,1,13392,7303,6089,1214,117,1,1,1331,13393
Ytoabn,2,13391,7154,6237,917,60,2,2,977,13393
Superego366,2,13391,7785,5606,2179,533,2,1,2712,13392
skochoer,1,13391,7397,5994,1403,548,1,0,1951,13391
Damuffinator,1,13388,7360,6028,1332,206,1,0,1538,13388
MG92Silverado,1,13382,7409,5973,1436,76,1,1,1512,13383
skankyspanky,1,13380,7308,6072,1236,177,1,1,1413,13381
jstan44,2,13378,7186,6192,994,129,1,2,1123,13380
hardysrule1997,2,13377,7049,6328,721,186,1,2,907,13379
izzels,1,13378,7359,6019,1340,156,1,0,1496,13378
SokkasInstincts,2,13375,6811,6564,247,540,1,1,787,13376
jonny_wags,1,13369,7226,6143,1083,137,1,1,1220,13370
Reddits_Servers,1,13368,7458,5910,1548,58,0,1,1606,13369
SixxSixxSixxthDemon,1,13362,7213,6149,1064,203,1,1,1267,13363
Matches2,3,13359,7457,5902,1555,95,3,3,1650,13362
corgeous,2,13357,7337,6020,1317,164,2,2,1481,13359
Derecho777,3,13356,7615,5741,1874,314,1,2,2188,13358
jak_jak,1,13356,7294,6062,1232,187,1,1,1419,13357
Novain,3,13354,7234,6120,1114,101,2,3,1215,13357
bowie-in-space,2,13354,7362,5992,1370,171,2,2,1541,13356
PeL520,1,13350,7223,6127,1096,335,1,1,1431,13351
onemonkey,1,13348,7328,6020,1308,221,1,0,1529,13348
kukluxknievel,9,13336,7927,5409,2518,304,9,8,2822,13344
kinglockjaw,1,13343,7156,6187,969,88,1,1,1057,13344
Thumb_in_Bumb,1,13343,7783,5560,2223,150,0,0,2373,13343
Alezx413,1,13342,7013,6329,684,134,1,1,818,13343
stvb95,1,13342,7475,5867,1608,61,1,0,1669,13342
gatordude731,3,13336,7563,5773,1790,617,3,2,2407,13338
Tularemia,1,13333,7425,5908,1517,872,1,0,2389,13333
advurb,2,13330,7497,5833,1664,82,2,2,1746,13332
facebookeatsbabies,2,13328,7119,6209,910,122,1,2,1032,13330
superjew101,3,13326,7732,5594,2138,189,3,2,2327,13328
eclectickellie,1,13328,7234,6094,1140,692,1,0,1832,13328
WTFReally21,1,13327,7323,6004,1319,742,1,0,2061,13327
tigergotwood,4,13322,7395,5927,1468,161,1,4,1629,13326
linfeng7,1,13319,7192,6127,1065,191,1,1,1256,13320
Snoman182,1,13315,7738,5577,2161,227,1,0,2388,13315
itsalwaysyou,2,13314,7236,6078,1158,535,2,0,1693,13314
guraqt06,1,13311,7591,5720,1871,244,1,0,2115,13311
mohiben,2,13308,7449,5859,1590,195,1,1,1785,13309
photojoe,1,13303,7352,5951,1401,225,1,0,1626,13303
burnin8r28,1,13301,6929,6372,557,277,1,1,834,13302
xXstingrXx,1,13299,7161,6138,1023,215,1,1,1238,13300
ihatecruises,3,13297,7151,6146,1005,816,3,1,1821,13298
arthurlockman,15,13281,10230,3051,7179,303,13,12,7482,13293
elozano6879,1,13291,7204,6087,1117,308,1,1,1425,13292
derphighbury,1,13288,6952,6336,616,142,1,1,758,13289
arrivingflight,1,13288,7263,6025,1238,293,1,0,1531,13288
augustusrumpus,1,13286,7652,5634,2018,268,1,1,2286,13287
missfitz1123,1,13284,7287,5997,1290,57,1,1,1347,13285
b0rb,1,13284,7133,6151,982,203,1,1,1185,13285
unibod,1,13283,7105,6178,927,120,1,1,1047,13284
nidalmorra,2,13277,7166,6111,1055,33,2,1,1088,13278
Tom5ervo,8,13265,8067,5198,2869,379,5,8,3248,13273
theground2,4,13269,7605,5664,1941,359,4,3,2300,13272
cyber_pacifist,1,13272,7098,6174,924,1118,1,0,2042,13272
stopshort,1,13269,7232,6037,1195,91,1,1,1286,13270
hotoepicker,8,13261,7197,6064,1133,134,5,8,1267,13269
spdorsey,2,13265,7901,5364,2537,152,1,0,2689,13265
KOWguy,1,13258,7215,6043,1172,375,1,1,1547,13259
pvals,2,13258,7029,6229,800,348,2,1,1148,13259
lexsmith,1,13257,7015,6242,773,142,1,1,915,13258
yousless,1,13257,7484,5773,1711,192,1,0,1903,13257
ImAGoodGuy,1,13256,7110,6146,964,66,1,1,1030,13257
sagasta,1,13255,7127,6128,999,44,1,1,1043,13256
AQUA2,1,13254,7418,5836,1582,310,1,0,1892,13254
gloon,3,13251,7437,5814,1623,144,2,3,1767,13254
erikthinks,3,13246,7750,5496,2254,498,3,3,2752,13249
torknorggren,1,13247,7478,5769,1709,177,1,1,1886,13248
defythesyntax,1,13246,7332,5914,1418,173,1,1,1591,13247
ManCity,3,13242,7198,6044,1154,76,3,2,1230,13244
HyoFTW,2,13241,7431,5810,1621,129,2,2,1750,13243
logicallyillogical,2,13241,7221,6020,1201,136,2,1,1337,13242
SupermanV2,6,13230,7667,5563,2104,140,6,5,2244,13235
alienbrayn,3,13230,7140,6090,1050,558,1,3,1608,13233
michaelwc,1,13229,7303,5926,1377,159,0,1,1536,13230
Flaming_Pancakes,1,13227,7507,5720,1787,722,1,0,2509,13227
DrCripple,6,13220,8488,4732,3756,106,6,5,3862,13225
2moreminutes,17,13205,7983,5222,2761,466,11,17,3227,13222
MCJeeba,1,13221,6997,6224,773,432,1,1,1205,13222
carus,1,13221,7295,5926,1369,829,1,0,2198,13221
yupDIARRHEA,1,13218,6954,6264,690,265,1,1,955,13219
jackrabbitslims,4,13218,7259,5959,1300,158,4,0,1458,13218
ExplodingPimple,1,13216,6999,6217,782,145,1,1,927,13217
pdunn63,2,13215,7436,5779,1657,156,2,1,1813,13216
CWSfan,1,13209,7289,5920,1369,82,0,1,1451,13210
JohnEReb,3,13203,7460,5743,1717,109,0,3,1826,13206
chico12307,2,13203,7784,5419,2365,105,2,2,2470,13205
tigerrr925,2,13201,7252,5949,1303,196,2,1,1499,13202
smorr,2,13198,6861,6337,524,140,2,2,664,13200
memorygardens,1,13186,7085,6101,984,187,1,1,1171,13187
AkimboGogurts,1,13179,7192,5987,1205,448,1,0,1653,13179
dolowizard,1,13175,7505,5670,1835,178,1,0,2013,13175
kingofthekastle,10,13163,7377,5786,1591,1152,7,10,2743,13173
WedgieMaster69,2,13172,7232,5940,1292,150,1,0,1442,13172
powerfulposter,1,13170,7071,6099,972,97,1,1,1069,13171
iDirtyDianaX,5,13163,7047,6116,931,144,2,3,1075,13166
7joshy,4,13157,7618,5539,2079,134,4,4,2213,13161
johnnybluejeans,1,13161,7040,6121,919,179,1,0,1098,13161
okaythisisit,11,13152,7862,5290,2572,374,11,6,2946,13158
PhilGallow,7,13152,7426,5726,1700,145,5,6,1845,13158
bowhunter6274,3,13156,7468,5688,1780,276,3,1,2056,13157
DoTheDew,1,13151,7699,5452,2247,224,1,0,2471,13151
SnowHawkMike,3,13145,7246,5899,1347,108,3,3,1455,13148
INCEPTION_IN_MY_ANUS,1,13143,7314,5829,1485,384,1,1,1869,13144
jessicake1137,2,13139,6821,6318,503,153,2,2,656,13141
memostothefuture,1,13139,7385,5754,1631,523,1,0,2154,13139
basilobs,6,13130,7639,5491,2148,115,6,3,2263,13133
iodinenightsky,2,13130,7196,5934,1262,151,2,2,1413,13132
number_three,1,13131,7054,6077,977,178,1,0,1155,13131
Svenneh87,1,13125,7003,6122,881,84,1,1,965,13126
CUNTBERT_RAPINGTON,1,13125,7458,5667,1791,76,1,0,1867,13125
The_Bhuda_Palm,1,13121,7452,5669,1783,294,1,1,2077,13122
Itsdaddysboy,1,13119,6893,6226,667,74,1,1,741,13120
2dfruit,1,13116,7079,6037,1042,240,1,0,1282,13116
Turtlezipper,1,13115,7284,5831,1453,340,1,0,1793,13115
MackDeeZee,8,13105,7521,5584,1937,271,7,8,2208,13113
Sinkingfast,9,13105,7664,5441,2223,366,9,7,2589,13112
lexletov,2,13111,7118,5993,1125,164,2,1,1289,13112
RedditINator70,1,13111,7072,6039,1033,101,1,1,1134,13112
inakarmacoma,3,13103,7344,5759,1585,370,1,2,1955,13105
sault9,2,13103,7179,5924,1255,191,2,2,1446,13105
adventuretimeNZ,1,13104,7093,6011,1082,76,1,1,1158,13105
jcdavies04,1,13102,7194,5908,1286,132,1,0,1418,13102
MaseDog,3,13089,7225,5864,1361,88,3,3,1449,13092
future_22,1,13091,7179,5912,1267,433,1,0,1700,13091
ZineZ,2,13089,6862,6227,635,316,1,2,951,13091
Codad,3,13083,7021,6062,959,201,2,3,1160,13086
GingerNinja831,1,13083,7399,5684,1715,151,1,1,1866,13084
TheChickenLover,8,13079,7327,5752,1575,256,8,5,1831,13084
Sharpwriter,3,13081,7073,6008,1065,205,2,1,1270,13082
strangelycutlemon,2,13078,7854,5224,2630,101,2,2,2731,13080
TheDarkTemplar,1,13078,7183,5895,1288,130,1,1,1418,13079
WellBye,2,13074,7120,5954,1166,299,2,2,1465,13076
I_before_V,1,13074,7218,5856,1362,229,1,1,1591,13075
Themantogoto,1,13073,7072,6001,1071,162,0,1,1233,13074
ZiccoSim,3,13071,6953,6118,835,79,2,3,914,13074
kimcheekumquat,7,13067,7803,5264,2539,182,2,6,2721,13073
CheekyApeMan,1,13069,7056,6013,1043,198,1,0,1241,13069
malted,1,13067,7117,5950,1167,168,1,1,1335,13068
guessagaindaddy,1,13064,7255,5809,1446,152,1,1,1598,13065
dondkc,1,13063,7479,5584,1895,86,1,1,1981,13064
juiceboxxx,1,13063,7414,5649,1765,673,1,0,2438,13063
MikeCam,10,13054,8115,4939,3176,151,10,6,3327,13060
Stoffmeister,4,13053,7370,5683,1687,823,3,4,2510,13057
the_milf_hunter,1,13057,7106,5951,1155,200,1,0,1355,13057
mrinsanity,1,13056,7118,5938,1180,184,1,0,1364,13056
Legit_GFX,3,13047,8456,4591,3865,114,3,3,3979,13050
alpha_squadron1,6,13044,7191,5853,1338,141,4,3,1479,13047
netdigger,1,13046,6954,6092,862,108,1,1,970,13047
vornan19,1,13043,6911,6132,779,92,1,1,871,13044
anvkevin,1,13040,7010,6030,980,187,1,1,1167,13041
Mint_Fury,2,13038,7225,5813,1412,39,2,2,1451,13040
RJBrown113,1,13033,7181,5852,1329,587,1,0,1916,13033
bluesomnarium,1,13030,7160,5870,1290,56,0,1,1346,13031
frankiefourshot,1,13027,7061,5966,1095,87,0,1,1182,13028
RazorGFX,1,13023,7192,5831,1361,454,1,0,1815,13023
Treab,1,13022,6869,6153,716,237,1,1,953,13023
omjballer,1,13017,6971,6046,925,47,0,1,972,13018
bojansavich2,6,13006,7361,5645,1716,157,6,6,1873,13012
genupb,1,13009,6799,6210,589,307,1,1,896,13010
shark_claws,10,12997,7732,5265,2467,226,7,10,2693,13007
snailing,1,13002,7048,5954,1094,483,1,1,1577,13003
Captainlankatude,2,13001,7097,5904,1193,298,2,2,1491,13003
Heatmyser,1,13003,6781,6222,559,168,1,0,727,13003
mvonstei,3,12994,7029,5965,1064,354,1,2,1418,12996
fallenembers307,1,12994,7232,5762,1470,384,1,0,1854,12994
discoroto,1,12988,7254,5734,1520,322,1,0,1842,12988
devbang,2,12986,6864,6122,742,359,2,1,1101,12987
Zambah,2,12984,7031,5953,1078,75,2,1,1153,12985
Who_is_Zander,1,12981,7293,5688,1605,554,1,0,2159,12981
joycejackal,1,12981,7447,5534,1913,58,1,0,1971,12981
zebratiger,1,12979,7100,5879,1221,44,0,1,1265,12980
XxRaceBoy24xX,2,12978,6758,6220,538,100,2,2,638,12980
froken,2,12975,7254,5721,1533,74,2,1,1607,12976
ohhhtravis,1,12974,7213,5761,1452,384,1,0,1836,12974
cmnervegna,1,12973,7247,5726,1521,108,1,1,1629,12974
koewuzhere,2,12972,6959,6013,946,172,2,1,1118,12973
kookoo831,1,12971,7064,5907,1157,137,1,1,1294,12972
volatile_llama,1,12962,7493,5469,2024,208,1,0,2232,12962
AvalancheCollapse,5,12954,8008,4946,3062,214,5,5,3276,12959
Goobz24,2,12955,6991,5964,1027,104,2,2,1131,12957
zeroism,1,12956,7204,5752,1452,84,1,0,1536,12956
Tr0user,2,12951,6970,5981,989,294,1,2,1283,12953
SirDeeSeven,2,12951,7025,5926,1099,130,1,2,1229,12953
zeug666,2,12950,7646,5304,2342,84,2,2,2426,12952
ajames336,1,12951,7040,5911,1129,77,1,1,1206,12952
PictureHelper,1,12951,7878,5073,2805,151,1,0,2956,12951
otttertm,3,12948,7202,5746,1456,180,3,1,1636,12949
Nicklaus_JS,2,12944,7089,5855,1234,57,2,2,1291,12946
teryxc,1,12943,7148,5795,1353,159,1,1,1512,12944
numeroprimo,1,12942,7358,5584,1774,715,1,1,2489,12943
Britches_and_Hose,3,12938,7036,5902,1134,115,3,3,1249,12941
intheballpark,2,12938,7214,5724,1490,134,2,2,1624,12940
harriswill,1,12937,7272,5665,1607,685,1,1,2292,12938
xinuclear,1,12937,7206,5731,1475,112,1,1,1587,12938
MrMustang,1,12937,6881,6056,825,113,1,0,938,12937
Eustace__Bagge,1,12932,7627,5305,2322,466,1,1,2788,12933
iksworbeZ,7,12925,8120,4805,3315,310,5,6,3625,12931
LesterDukeEsq,1,12929,7209,5720,1489,354,1,0,1843,12929
MisterGayUnicorn,1,12927,7496,5431,2065,220,1,1,2285,12928
theNumberTwelve,1,12926,6861,6065,796,210,1,1,1006,12927
DocBenzedrine,1,12925,7034,5891,1143,123,1,1,1266,12926
airbeach,1,12923,6982,5941,1041,105,0,1,1146,12924
SpunkingCorgi,2,12922,6834,6088,746,291,2,2,1037,12924
yasisterstwat,1,12920,7076,5844,1232,138,1,1,1370,12921
bimmer843,1,12915,7285,5630,1655,120,1,1,1775,12916
Oli3217,1,12915,7112,5803,1309,94,1,1,1403,12916
Eyke21,1,12910,7028,5882,1146,40,1,1,1186,12911
fonduck,2,12900,7300,5600,1700,128,2,2,1828,12902
KingSparky,1,12901,6887,6014,873,252,1,1,1125,12902
vazzaroth,1,12895,6996,5899,1097,260,1,1,1357,12896
Chrisisawarmgun,4,12891,7473,5418,2055,89,4,4,2144,12895
HappyNihilist,2,12893,6958,5935,1023,607,2,2,1630,12895
bowledover,1,12894,7099,5795,1304,118,1,0,1422,12894
Twitcher77,3,12890,7894,4996,2898,181,2,2,3079,12892
refinedbear351,1,12890,7111,5779,1332,133,1,0,1465,12890
scramblesnbits,1,12888,6917,5971,946,115,1,1,1061,12889
carolinam12_1,1,12887,7107,5780,1327,125,1,1,1452,12888
macdaddypierce,3,12885,7004,5881,1123,135,2,3,1258,12888
the_new_allante,1,12885,7248,5637,1611,44,0,0,1655,12885
Plasketify,2,12880,7151,5729,1422,169,1,2,1591,12882
Birch_Tree,1,12878,7402,5476,1926,75,1,1,2001,12879
TittiesOfTheBigKind,1,12878,7149,5729,1420,60,1,1,1480,12879
UpwindSPAZOID,1,12873,6828,6045,783,85,1,1,868,12874
SlayingEnnui,1,12872,6936,5936,1000,140,1,0,1140,12872
Lettucex,3,12867,6881,5986,895,145,3,3,1040,12870
ravewickly,1,12867,6911,5956,955,126,1,1,1081,12868
LordSatin,1,12865,7027,5838,1189,212,1,1,1401,12866
heypeaches,1,12860,7231,5629,1602,139,0,1,1741,12861
phasez,1,12858,7327,5531,1796,136,1,1,1932,12859
pupababyjunior,1,12857,6957,5900,1057,222,1,1,1279,12858
Drgntrnr,1,12857,6983,5874,1109,138,1,0,1247,12857
exoendo,7,12850,8007,4843,3164,340,6,4,3504,12854
needmathelp,1,12853,7230,5623,1607,209,1,1,1816,12854
Givemeahippo,1,12850,7142,5708,1434,107,1,1,1541,12851
AlCap0wned,1,12850,7014,5836,1178,262,1,1,1440,12851
ewren3,2,12849,7028,5821,1207,131,2,2,1338,12851
toris2611,1,12850,6779,6071,708,259,0,1,967,12851
Understandably3,2,12847,7895,4952,2943,214,2,1,3157,12848
midnightbacon24,1,12848,7125,5723,1402,422,1,0,1824,12848
MrClownyBubbles,1,12843,6969,5874,1095,248,1,0,1343,12843
Cirlcejerktothetop,1,12842,7000,5842,1158,66,1,1,1224,12843
someredditorguy,1,12837,6782,6055,727,150,1,1,877,12838
coldestcap,6,12832,7483,5349,2134,226,6,5,2360,12837
ThatBurntToast,8,12826,7388,5438,1950,177,8,8,2127,12834
nate81,2,12832,7062,5770,1292,496,2,1,1788,12833
123fakerusty,1,12830,6981,5849,1132,99,1,1,1231,12831
letrstotheprez,1,12830,7019,5811,1208,62,1,0,1270,12830
TheUnknownAsian,6,12825,7353,5472,1881,253,5,3,2134,12828
cleveland4813,1,12827,6944,5883,1061,142,1,0,1203,12827
Keane1522,1,12822,7135,5687,1448,1140,1,1,2588,12823
DogRancher,1,12819,6808,6011,797,232,1,1,1029,12820
JessicaMaple,5,12816,7579,5237,2342,311,5,2,2653,12818
barbie_museum,9,12811,7427,5384,2043,163,4,7,2206,12818
gnarly_carly,1,12817,7328,5489,1839,155,1,1,1994,12818
mmazzariol,4,12816,7301,5515,1786,316,3,1,2102,12817
Russbear,1,12814,6805,6009,796,236,1,1,1032,12815
xhunter94s,5,12811,7285,5526,1759,142,5,3,1901,12814
HashHound,2,12810,6970,5840,1130,110,2,2,1240,12812
pugskreationz,1,12810,7027,5783,1244,77,1,1,1321,12811
lesinge311,2,12808,6832,5976,856,170,2,2,1026,12810
lostPixels,1,12805,7067,5738,1329,2420,1,0,3749,12805
IBaconAtBreakfast,1,12797,7220,5577,1643,242,1,0,1885,12797
auchim,1,12796,6707,6089,618,85,1,1,703,12797
quarianjellybeans,1,12794,6945,5849,1096,84,1,0,1180,12794
kuypers125,4,12787,7037,5750,1287,116,4,4,1403,12791
CandyManatee,2,12788,7280,5508,1772,874,1,0,2646,12788
Jcraft01,1,12782,6984,5798,1186,218,1,0,1404,12782
frequencity,1,12778,6979,5799,1180,233,1,0,1413,12778
killer-fel,1,12777,6881,5896,985,280,1,1,1265,12778
CTypo,12,12765,7944,4821,3123,250,11,12,3373,12777
nestlequik,2,12772,7119,5653,1466,443,2,1,1909,12773
bloodypancakes1122,10,12764,7723,5041,2682,181,10,8,2863,12772
Raichu93,2,12769,7114,5655,1459,142,2,1,1601,12770
ajgz,1,12769,7729,5040,2689,65,1,0,2754,12769
Onawire,1,12767,7150,5617,1533,49,1,0,1582,12767
DrEsteban,1,12766,6884,5882,1002,156,1,0,1158,12766
jackowe,1,12760,6904,5856,1048,84,1,1,1132,12761
diarrhedditor,1,12759,7168,5591,1577,489,1,0,2066,12759
ThatZedWord,4,12755,7831,4924,2907,228,4,1,3135,12756
Goniloc,4,12753,7030,5723,1307,86,1,3,1393,12756
ibnz1009,2,12752,7125,5627,1498,76,2,2,1574,12754
HighInAK,4,12745,7418,5327,2091,117,3,4,2208,12749
munchmacooch,1,12748,7273,5475,1798,70,1,1,1868,12749
neverpostsoc,1,12745,7467,5278,2189,166,1,0,2355,12745
omgwhokilledme,1,12743,6858,5885,973,273,1,1,1246,12744
KurtAlder,3,12740,7017,5723,1294,106,3,2,1400,12742
ZosoCub,1,12739,6932,5807,1125,354,1,1,1479,12740
thesavant,1,12737,7093,5644,1449,419,1,1,1868,12738
TheAmazingSeagull,1,12736,6937,5799,1138,136,1,1,1274,12737
Cas3man,7,12725,7560,5165,2395,76,6,7,2471,12732
anotherbozo,1,12730,6861,5869,992,1408,1,0,2400,12730
DildoDanceParty,1,12729,6943,5786,1157,319,1,1,1476,12730
GnomishMight,2,12728,7041,5687,1354,95,1,0,1449,12728
SilentEdge,7,12720,6990,5730,1260,631,7,7,1891,12727
thethirstypretzel,1,12725,7298,5427,1871,156,1,1,2027,12726
p222,1,12722,6852,5870,982,325,1,1,1307,12723
rahul777777,3,12720,7192,5528,1664,368,3,2,2032,12722
Poeticink626,2,12719,6913,5806,1107,105,2,1,1212,12720
Whitezine,3,12715,7090,5625,1465,665,3,0,2130,12715
BubblewrapRizla,5,12707,6925,5782,1143,204,2,5,1347,12712
emorescue,1,12710,7051,5659,1392,197,1,1,1589,12711
sccerfrk26,2,12702,6812,5890,922,99,1,2,1021,12704
Hollenderli,1,12702,6757,5945,812,136,1,1,948,12703
Crunch_Almond,1,12695,6953,5742,1211,735,1,1,1946,12696
stupernan,1,12696,7121,5575,1546,286,1,0,1832,12696
freddybear,6,12687,6879,5808,1071,263,4,3,1334,12690
brutusthedinglefairy,1,12685,7003,5682,1321,58,1,1,1379,12686
polopidowxus,9,12678,7921,4757,3164,135,5,7,3299,12685
fuszybear,1,12683,6736,5947,789,89,1,1,878,12684
MimsyBorogove,2,12682,7035,5647,1388,217,2,1,1605,12683
gnomemania,1,12680,7313,5367,1946,103,1,0,2049,12680
Dafko,1,12676,6932,5744,1188,121,1,1,1309,12677
miniflip,2,12668,6961,5707,1254,55,1,2,1309,12670
Arctorius,1,12669,6769,5900,869,139,1,0,1008,12669
theinfluencexpaul,1,12665,6869,5796,1073,180,1,0,1253,12665
RichzeBitch,2,12660,7086,5574,1512,86,2,2,1598,12662
sivirbot,2,12660,6646,6014,632,240,0,1,872,12661
redonculous,10,12651,7851,4800,3051,508,9,8,3559,12659
rossotron,1,12657,6788,5869,919,605,1,1,1524,12658
Injustpotato,2,12656,6947,5709,1238,226,2,0,1464,12656
abig7nakedx,1,12655,6785,5870,915,164,1,0,1079,12655
Jinxy_Minx,3,12650,7175,5475,1700,197,3,2,1897,12652
algo,1,12652,6946,5706,1240,292,1,0,1532,12652
Lebal,18,12637,9386,3251,6135,1090,12,11,7225,12648
Dielawn91,4,12642,7166,5476,1690,100,3,4,1790,12646
Vifee,1,12643,7007,5636,1371,226,1,1,1597,12644
jaywillythe1st,1,12642,6752,5890,862,190,1,1,1052,12643
vegasapril17,1,12640,6590,6050,540,60,1,1,600,12641
PooveyFarmsRacer,1,12639,7146,5493,1653,107,0,1,1760,12640
emale27,1,12639,6835,5804,1031,110,1,0,1141,12639
dumanyac,1,12634,6862,5772,1090,116,1,1,1206,12635
ElanRosenfeld,5,12629,7332,5297,2035,178,5,4,2213,12633
georgeresch,10,12619,6801,5818,983,126,8,8,1109,12627
HackingDolphin,3,12620,7061,5559,1502,165,2,3,1667,12623
Uziwood,1,12622,6862,5760,1102,145,1,1,1247,12623
DeanOnFire,1,12621,7311,5310,2001,743,1,1,2744,12622
Leadboy,1,12616,6957,5659,1298,258,1,1,1556,12617
Bobiego,4,12612,6973,5639,1334,154,2,4,1488,12616
lord_gif,2,12611,6812,5799,1013,235,1,2,1248,12613
scottishmoors,3,12604,7036,5568,1468,90,3,3,1558,12607
MichaelMJBMJB,1,12602,6778,5824,954,112,1,1,1066,12603
AerialBreakfast,1,12599,6985,5614,1371,174,1,1,1545,12600
kittentears11,1,12598,7180,5418,1762,150,0,1,1912,12599
gltovar,1,12589,7010,5579,1431,116,1,1,1547,12590
forgotmyaccount3,1,12587,7150,5437,1713,681,1,1,2394,12588
Cortesana,2,12586,7422,5164,2258,190,2,1,2448,12587
iRottenEgg,2,12583,7064,5519,1545,391,2,1,1936,12584
jewmanman,1,12580,6681,5899,782,132,1,0,914,12580
UndeadRage,3,12578,6918,5660,1258,326,3,1,1584,12579
little_boodah,3,12573,6972,5601,1371,71,3,2,1442,12575
hookahey,4,12572,7985,4587,3398,915,4,2,4313,12574
fezbeast,9,12565,8209,4356,3853,453,6,9,4306,12574
IsomorphicAlgorithm,9,12563,7792,4771,3021,214,9,7,3235,12570
BananaJams,1,12570,7479,5091,2388,393,1,0,2781,12570
PinusPondo,10,12565,7454,5111,2343,2232,10,2,4575,12567
Alias28,10,12556,7815,4741,3074,226,5,9,3300,12565
Bacon_Hero,3,12561,7420,5141,2279,954,3,3,3233,12564
Kastenbrot,1,12563,6721,5842,879,82,1,1,961,12564
jahseal,1,12563,7027,5536,1491,97,1,0,1588,12563
bloed,3,12559,6946,5613,1333,660,3,3,1993,12562
hannascock,1,12559,6926,5633,1293,125,1,0,1418,12559
cookiee93,1,12558,6659,5899,760,199,1,1,959,12559
Psyducks,4,12555,7143,5412,1731,273,4,2,2004,12557
revolvingdoor,3,12555,6863,5692,1171,128,2,2,1299,12557
scottsimsa,1,12556,6723,5833,890,56,0,1,946,12557
Buildingkick,2,12552,6723,5829,894,213,2,2,1107,12554
the_real_dray,1,12552,7209,5343,1866,177,1,1,2043,12553
mdm1231,1,12551,6708,5843,865,114,1,1,979,12552
elige23,8,12542,6737,5805,932,138,5,8,1070,12550
Horseahead,2,12545,6861,5684,1177,601,2,2,1778,12547
Atruefact,1,12545,6633,5912,721,386,1,1,1107,12546
GuyTheTerrible,3,12542,6975,5567,1408,271,2,3,1679,12545
Troiseme,1,12543,7321,5222,2099,231,0,1,2330,12544
GaryLOL,4,12540,6952,5588,1364,313,2,4,1677,12544
harryyplopper,1,12543,6955,5588,1367,200,1,1,1567,12544
prtyfly4awytguy9,2,12542,6629,5913,716,230,2,2,946,12544
tswaves,4,12539,6682,5857,825,415,4,3,1240,12542
Kyle_Skinner,1,12538,6821,5717,1104,74,1,1,1178,12539
mackk,1,12536,6830,5706,1124,294,1,1,1418,12537
SomeBloke,1,12534,7366,5168,2198,230,1,0,2428,12534
Insomniac7,2,12524,7120,5404,1716,48,2,2,1764,12526
apatheticbirds05,1,12526,6625,5901,724,134,1,0,858,12526
jimd11,2,12523,7029,5494,1535,113,1,2,1648,12525
TakeMyMoneyPlz,5,12514,7414,5100,2314,457,1,4,2771,12518
M3tzgerM3ister,1,12512,6793,5719,1074,188,1,1,1262,12513
Toppguy,7,12507,6854,5653,1201,441,6,5,1642,12512
csulla,5,12509,6968,5541,1427,136,5,3,1563,12512
kixxx_troll,5,12506,7519,4987,2532,119,5,5,2651,12511
SaveKenny,3,12508,6818,5690,1128,59,3,3,1187,12511
32568,1,12507,6848,5659,1189,196,1,1,1385,12508
nriopel,1,12508,6808,5700,1108,121,1,0,1229,12508
buffalopundit,1,12507,6472,6035,437,255,1,1,692,12508
bossbreadmaker,12,12495,7270,5225,2045,269,11,11,2314,12506
jaggre,2,12502,7185,5317,1868,98,1,2,1966,12504
ara_p,4,12498,7091,5407,1684,279,4,4,1963,12502
WhyYoMad,1,12500,6988,5512,1476,73,0,1,1549,12501
slimjuvie,1,12498,7774,4724,3050,458,1,0,3508,12498
sparperetor,1,12488,6607,5881,726,546,1,1,1272,12489
aislandlies,10,12481,7932,4549,3383,191,10,7,3574,12488
avacadoe,1,12486,6928,5558,1370,756,1,1,2126,12487
Charblarger,1,12483,6875,5608,1267,221,1,1,1488,12484
elephantate,1,12479,6836,5643,1193,134,1,1,1327,12480
carefaces,1,12479,6684,5795,889,135,1,1,1024,12480
somesortof,2,12476,6664,5812,852,148,2,2,1000,12478
egran,1,12476,7033,5443,1590,92,1,1,1682,12477
junoh,1,12473,6856,5617,1239,105,1,1,1344,12474
Undercover_Jesus,2,12466,6729,5737,992,140,2,2,1132,12468
totemair,1,12466,7290,5176,2114,352,0,1,2466,12467
swaglikemine,1,12464,7084,5380,1704,272,1,0,1976,12464
Subject2Change,1,12462,7149,5313,1836,138,1,0,1974,12462
zombiehunter_tx,3,12454,7097,5357,1740,161,3,3,1901,12457
Made_in_the_Shade,1,12454,6947,5507,1440,130,1,0,1570,12454
N4N4KI,7,12448,7392,5056,2336,657,6,5,2993,12453
CrossEyedPanda,2,12448,6814,5634,1180,272,2,2,1452,12450
finkton,1,12446,6644,5802,842,54,1,1,896,12447
TravistyyXD,1,12446,6589,5857,732,128,1,1,860,12447
turkletonmagii,2,12444,6802,5642,1160,119,2,2,1279,12446
Izick,1,12444,6750,5694,1056,205,1,1,1261,12445
penguin113,2,12442,7698,4744,2954,234,2,2,3188,12444
LigerWizard,1,12444,6696,5748,948,171,1,0,1119,12444
Intoxicated_Imp,1,12442,6541,5901,640,80,1,1,720,12443
GlassesAndGloss,1,12442,6646,5796,850,1276,1,0,2126,12442
lehypnotic,5,12434,6750,5684,1066,99,5,5,1165,12439
TasteMySadMichael,1,12438,6857,5581,1276,130,1,0,1406,12438
wrong_game,4,12435,6531,5904,627,171,4,3,798,12438
JBFRESHSKILLS,7,12427,6909,5518,1391,409,7,6,1800,12433
Rocusfite,1,12431,6802,5629,1173,694,1,1,1867,12432
brosenstock8,1,12431,6980,5451,1529,404,1,0,1933,12431
soweallgrow,3,12428,6552,5876,676,147,3,1,823,12429
salemnov20,1,12427,7001,5426,1575,76,1,0,1651,12427
CaptainSoapMac,1,12424,6882,5542,1340,140,1,1,1480,12425
NoCommenting,1,12423,6649,5774,875,478,1,1,1353,12424
skenny009,2,12422,6738,5684,1054,137,2,2,1191,12424
vectormessiah,3,12423,7154,5269,1885,321,3,0,2206,12423
crypticaldude,1,12422,6794,5628,1166,154,1,0,1320,12422
iharmfulxx,1,12420,6477,5943,534,276,1,1,810,12421
olibird978,5,12413,7691,4722,2969,152,5,4,3121,12417
don_majik_juan,3,12408,6720,5688,1032,167,2,2,1199,12410
seanbear,7,12397,7147,5250,1897,266,6,6,2163,12403
Roosvall,1,12400,6844,5556,1288,154,1,0,1442,12400
HJD1104,1,12399,6676,5723,953,109,1,1,1062,12400
AnthAttack,2,12397,6984,5413,1571,62,2,2,1633,12399
Lusaka92,1,12398,6669,5729,940,97,1,1,1037,12399
wateravenuecoffee,1,12398,6671,5727,944,89,1,0,1033,12398
bubblydragon,1,12394,6962,5432,1530,51,1,1,1581,12395
allonzy,2,12391,6639,5752,887,125,2,1,1012,12392
Alamlion,1,12390,6774,5616,1158,104,1,1,1262,12391
fapstooldpeople,2,12388,6935,5453,1482,560,2,2,2042,12390
worthlessliars,1,12387,6927,5460,1467,117,1,1,1584,12388
MurderousMoth,1,12387,6761,5626,1135,566,1,0,1701,12387
vulgarkitty,1,12382,6577,5805,772,419,1,1,1191,12383
sumoboi,1,12381,6653,5728,925,430,1,1,1355,12382
The_Colonel1292,3,12375,6924,5451,1473,59,2,2,1532,12377
JBHxC420,1,12376,6963,5413,1550,92,1,0,1642,12376
ZacSimmo,1,12375,6760,5615,1145,108,1,1,1253,12376
HeyzeusLove,1,12364,6661,5703,958,463,1,1,1421,12365
MrSmite,1,12364,6732,5632,1100,247,1,0,1347,12364
branbragg,5,12358,7133,5225,1908,171,5,5,2079,12363
Tits_mmp,1,12360,6565,5795,770,53,1,1,823,12361
charmer_,2,12358,7385,4973,2412,207,1,2,2619,12360
Neyubin,1,12360,6662,5698,964,184,1,0,1148,12360
UsuallyHonest,2,12352,6888,5464,1424,157,2,1,1581,12353
newtownkid,6,12347,7792,4555,3237,199,5,5,3436,12352
mgbhx,1,12350,6911,5439,1472,105,1,1,1577,12351
thefrogman,1,12348,6828,5520,1308,283,1,0,1591,12348
pyrosheep,7,12340,7038,5302,1736,214,5,7,1950,12347
cpennington,1,12346,6672,5674,998,275,1,1,1273,12347
iMythD,1,12344,6979,5365,1614,164,1,1,1778,12345
RedditingReptar,1,12342,6607,5735,872,99,0,1,971,12343
DanCrippen,1,12342,6418,5924,494,194,1,0,688,12342
Rocanator,2,12332,6828,5504,1324,40,2,2,1364,12334
Jaatz,1,12332,6894,5438,1456,56,1,1,1512,12333
Bama2089,1,12332,6697,5635,1062,121,1,1,1183,12333
therealtomgreen,5,12327,6808,5519,1289,374,5,5,1663,12332
ruffledavenger,1,12331,6637,5694,943,223,1,1,1166,12332
velodrama,2,12326,7069,5257,1812,233,2,1,2045,12327
peacebob,1,12323,7290,5033,2257,897,1,0,3154,12323
sisterjo,3,12321,6755,5566,1189,150,3,2,1339,12323
BlatantyReposting,3,12314,6935,5379,1556,151,3,3,1707,12317
T0b3,1,12313,6802,5511,1291,124,1,1,1415,12314
dosequisxx,3,12312,6909,5403,1506,187,3,1,1693,12313
memeaddictedchick,1,12306,6502,5804,698,197,1,1,895,12307
poop_locker,10,12293,6932,5361,1571,71,3,10,1642,12303
gojirra,1,12300,6684,5616,1068,192,1,1,1260,12301
MrTeaKup,2,12297,6550,5747,803,82,2,2,885,12299
Deckacheck,1,12299,6507,5792,715,109,1,0,824,12299
justgrant2009,4,12294,6701,5593,1108,354,3,4,1462,12298
martee_mar,5,12290,7073,5217,1856,111,1,4,1967,12294
krispinwah,2,12290,7048,5242,1806,124,0,2,1930,12292
ShwinMan,1,12292,6738,5554,1184,617,0,0,1801,12292
obox,2,12289,7263,5026,2237,255,2,2,2492,12291
xDMK,3,12288,7154,5134,2020,186,3,3,2206,12291
lemon_loaf,28,12264,6815,5449,1366,122,6,27,1488,12291
Kaldea,1,12289,6449,5840,609,119,1,1,728,12290
jandalofdoom,2,12284,6860,5424,1436,107,2,1,1543,12285
fodtp,4,12279,6608,5671,937,159,3,4,1096,12283
Faruep,1,12282,6545,5737,808,220,1,1,1028,12283
donutmanZ,1,12280,6429,5851,578,179,1,0,757,12280
Toolazytolink,2,12276,7278,4998,2280,209,2,1,2489,12277
fish_tacos,4,12273,6832,5441,1391,206,4,3,1597,12276
walkingtheriver,2,12272,7100,5172,1928,343,2,1,2271,12273
McBurger,4,12269,6410,5859,551,400,2,4,951,12273
TwentyPullups,2,12270,6617,5653,964,89,2,2,1053,12272
TrollRob,1,12268,6622,5646,976,70,1,1,1046,12269
jesusonadinosaur,1,12262,6638,5624,1014,758,1,1,1772,12263
OHhokie1,1,12260,6539,5721,818,236,1,1,1054,12261
TheHudJoben,1,12260,6829,5431,1398,518,1,0,1916,12260
astronautcock,2,12253,6925,5328,1597,107,1,0,1704,12253
zfavaro,3,12248,6917,5331,1586,209,3,3,1795,12251
agentcoco,2,12249,6820,5429,1391,300,2,2,1691,12251
O5iri5,2,12249,6722,5527,1195,167,2,2,1362,12251
arickel,1,12249,6634,5615,1019,112,1,0,1131,12249
Lemonjellykitten,3,12245,6895,5350,1545,275,3,3,1820,12248
jfarmer-kk,2,12246,6916,5330,1586,69,2,2,1655,12248
Few_days_b4_death,1,12245,6767,5478,1289,254,1,0,1543,12245
HAPPYBEN,2,12243,6826,5417,1409,53,2,2,1462,12245
Bonewrench,1,12242,6762,5480,1282,145,1,1,1427,12243
IAmNotJoshua,4,12237,7460,4777,2683,238,3,3,2921,12240
Thatguy209,1,12236,6653,5583,1070,61,1,1,1131,12237
tspaghetti,4,12233,7169,5064,2105,363,4,3,2468,12236
DinoJames,1,12235,6950,5285,1665,403,1,0,2068,12235
Henry132,1,12231,6611,5620,991,370,1,0,1361,12231
BoneSeer,2,12226,6569,5657,912,231,2,2,1143,12228
JamBug,1,12226,6697,5529,1168,376,1,1,1544,12227
jmWaka25,3,12223,6972,5251,1721,409,3,2,2130,12225
SpaceManAndy,1,12224,6721,5503,1218,74,1,0,1292,12224
drgergen,1,12224,6331,5893,438,443,1,0,881,12224
iamstandingbehindyou,2,12220,6775,5445,1330,234,2,2,1564,12222
IAMAhippoAMA,3,12213,6670,5543,1127,227,1,3,1354,12216
RandomExcess,4,12210,7213,4997,2216,576,3,2,2792,12212
jackmeeker,1,12207,6333,5874,459,81,1,1,540,12208
LongRun1,2,12203,6607,5596,1011,127,2,2,1138,12205
jdeliverer,2,12203,6510,5693,817,106,2,2,923,12205
mistalazer,2,12202,6675,5527,1148,144,2,2,1292,12204
zdownes,2,12197,6621,5576,1045,52,2,2,1097,12199
Android4,2,12196,7306,4890,2416,180,2,2,2596,12198
Dr_Dippy,2,12193,6634,5559,1075,97,2,2,1172,12195
sjcokc,1,12188,6640,5548,1092,163,1,1,1255,12189
Nihilism0,1,12186,6650,5536,1114,118,0,1,1232,12187
A_Slow_Descent,11,12171,7032,5139,1893,320,11,6,2213,12177
OhioUPilot12,2,12176,7014,5162,1852,267,2,1,2119,12177
Admiral_Amsterdam,1,12176,6553,5623,930,137,1,1,1067,12177
DaGambino56,1,12174,6757,5417,1340,81,1,1,1421,12175
Bigj45,1,12175,6580,5595,985,358,1,0,1343,12175
STEADy_TOKErX,1,12171,6760,5411,1349,586,1,1,1935,12172
jonatfuckdotorg,1,12172,6766,5406,1360,73,1,0,1433,12172
TheEpicBlasian,1,12164,7077,5087,1990,56,0,0,2046,12164
Backhorn,1,12163,6500,5663,837,79,1,1,916,12164
CSmkII,2,12162,6535,5627,908,381,2,1,1289,12163
Ungeiist,3,12160,6718,5442,1276,64,2,2,1340,12162
TwistedSteelSky,6,12155,6422,5733,689,114,2,6,803,12161
tita75,1,12158,6585,5573,1012,106,1,1,1118,12159
MicrowaveChef,1,12155,6689,5466,1223,101,1,1,1324,12156
DrPiranha,2,12150,6599,5551,1048,107,2,2,1155,12152
ramathorne,1,12151,6455,5696,759,214,1,1,973,12152
11dirtbag11,1,12150,6553,5597,956,119,1,1,1075,12151
immaownyou,1,12146,6709,5437,1272,187,1,1,1459,12147
Scarlettadipity,1,12144,6658,5486,1172,91,1,1,1263,12145
Kapao,1,12144,6687,5457,1230,619,1,0,1849,12144
gavilanpollero,12,12134,6902,5232,1670,247,12,7,1917,12141
Helenax,2,12138,7192,4946,2246,131,2,2,2377,12140
Pusciferrr,4,12134,7040,5094,1946,164,3,3,2110,12137
dashkkk,1,12137,6809,5328,1481,116,1,0,1597,12137
flyingbuddha,1,12134,6980,5154,1826,177,1,0,2003,12134
Beastmonger,2,12132,7495,4637,2858,195,2,1,3053,12133
mynameisugly,1,12131,6481,5650,831,216,1,1,1047,12132
Naysar,2,12126,6583,5543,1040,222,2,2,1262,12128
fatdinosaur,2,12123,6775,5348,1427,1497,2,2,2924,12125
kassandra92,1,12124,6585,5539,1046,66,1,1,1112,12125
ODL,1,12123,7021,5102,1919,81,1,0,2000,12123
FenrirIII,5,12119,6634,5485,1149,185,4,4,1334,12123
SwiftJonathan,1,12123,6627,5496,1131,76,1,0,1207,12123
DeviousRetard,1,12120,6444,5676,768,592,1,1,1360,12121
Commandante_,1,12118,6553,5565,988,77,1,0,1065,12118
J-Holm,1,12115,6788,5327,1461,220,1,1,1681,12116
epicbluebird1,6,12109,6705,5404,1301,158,3,6,1459,12115
foxholepervert,1,12108,6718,5390,1328,336,1,1,1664,12109
4mnesi4,3,12105,6824,5281,1543,169,3,3,1712,12108
RawrPenguin,2,12100,6588,5512,1076,101,2,1,1177,12101
dragoncrazyxp,5,12096,7022,5074,1948,99,4,4,2047,12100
youtubehead,9,12098,7171,4927,2244,680,9,1,2924,12099
SupperZombie,1,12098,6679,5419,1260,233,1,1,1493,12099
Ban_,1,12096,8636,3460,5176,1841,1,0,7017,12096
DynixX,5,12090,7229,4861,2368,175,5,5,2543,12095
Boonlink,1,12093,7122,4971,2151,126,0,1,2277,12094
KrunkSplein,1,12078,6963,5115,1848,615,1,0,2463,12078
adamrabalais,1,12078,6819,5259,1560,606,1,0,2166,12078
samanthasimmons20,2,12075,6948,5127,1821,95,2,2,1916,12077
yabbadabbaderp,1,12075,6359,5716,643,172,1,1,815,12076
missmichellini,2,12074,6720,5354,1366,291,2,1,1657,12075
0range_marmalade,1,12075,6584,5491,1093,129,1,0,1222,12075
stickyourshtick,1,12073,6444,5629,815,74,1,0,889,12073
squirrrel,4,12060,6981,5079,1902,105,3,4,2007,12064
dpin42,1,12061,6420,5641,779,460,1,1,1239,12062
babab007,1,12059,6677,5382,1295,628,1,0,1923,12059
1DsNtSimplyMkeUsrNme,1,12055,6856,5199,1657,669,1,1,2326,12056
Sumbeat,1,12054,6832,5222,1610,623,1,0,2233,12054
saaalvy,2,12050,6974,5076,1898,339,2,1,2237,12051
Eviscerator007,4,12049,6584,5465,1119,187,4,2,1306,12051
rhammoud09,4,12043,7644,4399,3245,128,1,4,3373,12047
SimplyAmusing,1,12044,6448,5596,852,131,1,0,983,12044
Ihvnoideawatsgoingon,1,12043,6848,5195,1653,122,1,0,1775,12043
Wexel,1,12040,7116,4924,2192,303,1,1,2495,12041
Kate1124,5,12036,6713,5323,1390,216,4,4,1606,12040
Leanador,2,12035,6600,5435,1165,198,2,2,1363,12037
guerarenegada,1,12036,6816,5220,1596,168,1,0,1764,12036
LarperPro,5,12021,6585,5436,1149,191,5,5,1340,12026
SniperTheUnicorn,1,12024,6578,5446,1132,123,1,1,1255,12025
tramp_stamp,1,12020,6868,5152,1716,524,0,1,2240,12021
KlumzyNinja,2,12018,6545,5473,1072,394,2,2,1466,12020
el_pistolero,2,12017,6885,5132,1753,81,2,1,1834,12018
butwhymom,23,11995,7716,4279,3437,149,23,21,3586,12016
DrugOutlet,1,12016,6852,5164,1688,417,1,0,2105,12016
actualsnow,1,12014,6504,5510,994,439,1,1,1433,12015
Meowsthetime,2,12008,6717,5291,1426,43,1,2,1469,12010
megamoose4,3,12004,6819,5185,1634,558,3,3,2192,12007
jonscotch,14,11994,7053,4941,2112,235,13,12,2347,12006
NoBoundaries19,1,12006,6694,5312,1382,446,1,0,1828,12006
RedditShmedit,1,12004,6489,5515,974,858,1,1,1832,12005
ShantRising,2,12004,6814,5190,1624,193,1,1,1817,12005
PantsHasPockets,1,12003,6569,5434,1135,133,1,1,1268,12004
cowardcork,1,12003,6289,5714,575,77,1,1,652,12004
grandfatherbrooks,1,11999,6608,5391,1217,84,1,0,1301,11999
Mexican_Beluga,3,11994,6654,5340,1314,612,2,3,1926,11997
Temporarily__Alone,3,11993,7299,4694,2605,183,3,2,2788,11995
ev1ltje,6,11983,6840,5143,1697,293,6,6,1990,11989
MyWorkHereIsDone,3,11984,6780,5204,1576,116,3,2,1692,11986
cdea,1,11985,6656,5329,1327,69,1,1,1396,11986
hotrice123,2,11978,6641,5337,1304,162,1,1,1466,11979
ArthursHallShat,3,11969,6782,5187,1595,291,3,2,1886,11971
kramman1,2,11970,6626,5344,1282,518,2,1,1800,11971
lAbsolutel,1,11967,6580,5387,1193,303,1,1,1496,11968
ollyk1,1,11967,6584,5383,1201,215,1,0,1416,11967
Adadasas,4,11962,7184,4778,2406,96,2,4,2502,11966
vwatson,2,11964,6572,5392,1180,174,2,0,1354,11964
ScratchBomb,2,11962,6516,5446,1070,184,2,2,1254,11964
truepain,1,11961,6252,5709,543,271,1,1,814,11962
BipolarBear0,1,11960,6887,5073,1814,461,0,1,2275,11961
anderpson,2,11959,6397,5562,835,142,2,1,977,11960
thewonderkind,1,11959,6239,5720,519,88,1,1,607,11960
yurakuNec,1,11958,6480,5478,1002,226,1,1,1228,11959
Sharpmanexe,1,11956,6684,5272,1412,386,1,1,1798,11957
djtim546,1,11956,6577,5379,1198,206,1,1,1404,11957
xmelior,6,11950,7286,4664,2622,295,5,5,2917,11955
Bowenwww,1,11952,6561,5391,1170,233,1,1,1403,11953
StreetPeteGrindin,1,11950,6530,5420,1110,198,1,1,1308,11951
Nezmet,1,11947,6545,5402,1143,82,1,1,1225,11948
PrancingPudu,1,11946,6573,5373,1200,146,1,1,1346,11947
BeatlesHaveTheTARDIS,1,11937,6959,4978,1981,97,1,1,2078,11938
H1Javelin,1,11936,6660,5276,1384,232,1,1,1616,11937
NotYourMothersDildo,1,11934,7787,4147,3640,585,1,0,4225,11934
freecandy_van,1,11934,6346,5588,758,203,1,0,961,11934
skeed,1,11932,6607,5325,1282,185,1,0,1467,11932
maquila,1,11930,6464,5466,998,243,1,1,1241,11931
sonQUAALUDE,2,11930,7546,4384,3162,280,1,0,3442,11930
MasterPolka,1,11925,6401,5524,877,204,1,1,1081,11926
Hokusai_kun,1,11924,6669,5255,1414,457,1,0,1871,11924
Lord_Kinbote,1,11921,6489,5432,1057,810,1,1,1867,11922
Tenstone,2,11920,6627,5293,1334,156,2,1,1490,11921
xolieo,1,11920,6755,5165,1590,163,1,0,1753,11920
ravecave88,1,11919,6612,5307,1305,137,1,1,1442,11920
MLo19,1,11917,6514,5403,1111,167,1,1,1278,11918
WhatTheFhtagn,1,11916,6815,5101,1714,429,0,1,2143,11917
dutchboiz,4,11913,6699,5214,1485,468,4,3,1953,11916
pidgeonwat,3,11912,6531,5381,1150,111,2,3,1261,11915
sexdrugswine89,1,11914,6604,5310,1294,146,1,0,1440,11914
gromace,2,11911,6366,5545,821,139,1,2,960,11913
BennyLavaa,1,11910,6519,5391,1128,99,1,1,1227,11911
Wikmeister,1,11909,6586,5323,1263,207,1,0,1470,11909
PolkSMASH,1,11902,6727,5175,1552,186,1,1,1738,11903
AnOwlOfSorts,2,11899,6294,5605,689,151,2,2,840,11901
teamweasly18,1,11896,6290,5606,684,171,1,1,855,11897
dorianp,1,11893,6534,5359,1175,203,1,1,1378,11894
bruvark,1,11891,6841,5050,1791,113,1,0,1904,11891
MiraP,2,11886,6347,5539,808,346,2,2,1154,11888
Petrildo,1,11887,6444,5443,1001,107,1,1,1108,11888
davidempoleon10,1,11884,6996,4888,2108,231,0,1,2339,11885
Cerulian,1,11884,6846,5038,1808,103,1,0,1911,11884
Bencool,6,11879,6565,5314,1251,474,6,5,1725,11884
Von32,3,11878,6820,5058,1762,286,3,3,2048,11881
GusIsBored,1,11879,6760,5119,1641,260,0,1,1901,11880
Vocalkiller,1,11875,6852,5023,1829,112,1,1,1941,11876
smackabeaver,2,11867,6564,5303,1261,243,1,2,1504,11869
guaczilla,1,11868,6411,5457,954,127,1,1,1081,11869
jzzsxm,1,11867,6914,4953,1961,151,0,1,2112,11868
AireX,2,11864,6557,5307,1250,187,1,2,1437,11866
TheBroAbides,1,11864,6884,4980,1904,314,0,1,2218,11865
Nebkheperure,2,11864,6468,5396,1072,180,2,1,1252,11865
kay8,2,11861,7002,4859,2143,121,2,2,2264,11863
sincewedidthedo,2,11857,6681,5176,1505,517,2,2,2022,11859
T2112,1,11856,6665,5191,1474,181,0,1,1655,11857
dominantbunny,1,11856,6345,5511,834,124,1,1,958,11857
Jewddha,2,11855,6500,5355,1145,109,2,1,1254,11856
GoddardMike,8,11849,6289,5560,729,111,7,6,840,11855
Questmuncher332,2,11849,6434,5415,1019,192,2,2,1211,11851
thexton,1,11847,6481,5366,1115,131,1,1,1246,11848
AculticFly,4,11844,6559,5285,1274,86,4,3,1360,11847
godisanatheist69,1,11845,6573,5272,1301,426,1,1,1727,11846
DoucheBagMD,1,11845,6607,5238,1369,45,1,0,1414,11845
OnlyReposts,2,11843,6481,5362,1119,137,2,1,1256,11844
finn141,5,11836,6690,5146,1544,82,5,3,1626,11839
asianpop,2,11838,7235,4603,2632,127,2,0,2759,11838
HumpHumpHump,1,11831,6613,5218,1395,101,1,0,1496,11831
rando99,2,11828,6886,4942,1944,95,1,2,2039,11830
winnythepah,1,11829,6802,5027,1775,58,1,1,1833,11830
matap821,1,11828,6667,5161,1506,77,1,1,1583,11829
dirtyjeep,1,11829,6433,5396,1037,192,1,0,1229,11829
HonestCupcake,1,11824,6361,5463,898,103,1,0,1001,11824
Wikon,1,11822,6549,5273,1276,191,1,1,1467,11823
bythebytheby,1,11820,6635,5185,1450,76,1,1,1526,11821
thatcouldvegonebette,5,11813,6659,5154,1505,569,5,4,2074,11817
Greneath,1,11812,6667,5145,1522,263,1,0,1785,11812
aikbix,1,11811,6515,5296,1219,1549,1,0,2768,11811
BwasseR,1,11810,6720,5090,1630,65,1,0,1695,11810
NorkaTastesBetter,1,11799,6069,5730,339,327,1,1,666,11800
agnos85,1,11799,7133,4666,2467,125,1,0,2592,11799
slippinghalo,1,11791,6300,5491,809,230,1,1,1039,11792
thehoody46,1,11789,6163,5626,537,119,1,1,656,11790
napster2k6,3,11783,7264,4519,2745,212,2,3,2957,11786
metchill,1,11783,6543,5240,1303,81,1,1,1384,11784
Tomarse,1,11783,6351,5432,919,106,1,1,1025,11784
moscheles,1,11777,6747,5030,1717,1175,0,1,2892,11778
DarwinDanger,2,11775,6337,5438,899,118,2,2,1017,11777
djmordigal,2,11775,6300,5475,825,76,2,2,901,11777
thebeloved,1,11773,6815,4958,1857,160,1,0,2017,11773
CaptainMidget,1,11771,6166,5605,561,349,1,0,910,11771
Kittlesauras,1,11767,6324,5443,881,53,1,1,934,11768
Freethinker4life,1,11767,6581,5186,1395,366,0,0,1761,11767
nestix_1093,6,11761,6652,5109,1543,159,6,5,1702,11766
ZeroGSpaceCow,1,11763,6644,5119,1525,457,1,1,1982,11764
TheCosmicWhale,2,11762,6309,5453,856,78,2,2,934,11764
staffofthegods,1,11763,6322,5441,881,142,1,0,1023,11763
thetacticalpanda,2,11760,6624,5136,1488,58,2,2,1546,11762
Xisayg,2,11757,6431,5326,1105,99,2,2,1204,11759
xWaffleBunnyx,1,11757,6697,5060,1637,67,1,0,1704,11757
MyLittleFrend,1,11756,6215,5541,674,165,1,1,839,11757
Moosebomber,1,11756,6673,5083,1590,492,1,0,2082,11756
allven434,2,11750,6366,5384,982,583,2,1,1565,11751
chrono1465,6,11744,7030,4714,2316,416,5,3,2732,11747
healthfood,2,11746,6654,5092,1562,189,2,0,1751,11746
ConTully,2,11744,6766,4978,1788,155,2,1,1943,11745
scotchtape93,1,11742,6695,5047,1648,98,1,1,1746,11743
AndyDwyer,2,11739,6539,5200,1339,635,2,1,1974,11740
bokbok,4,11736,6358,5378,980,211,4,4,1191,11740
dsmith88,2,11727,6746,4981,1765,115,2,1,1880,11728
drock4vu,1,11728,6713,5015,1698,165,1,0,1863,11728
pungsvett,2,11727,6639,5088,1551,56,2,1,1607,11728
TheNickHurst,2,11721,6241,5480,761,133,2,2,894,11723
AllDueRespect,3,11720,6511,5209,1302,558,3,2,1860,11722
nathanskates,1,11714,6595,5119,1476,52,0,1,1528,11715
reemusk,15,11700,7339,4361,2978,254,11,13,3232,11713
RetardedSeagull,1,11710,6379,5331,1048,211,1,1,1259,11711
legendairycockamouse,1,11708,6366,5342,1024,146,1,0,1170,11708
murraygf35,3,11706,6863,4843,2020,162,3,0,2182,11706
paulfromatlanta,3,11705,6448,5257,1191,520,3,1,1711,11706
Binibaby86,2,11703,6620,5083,1537,99,2,1,1636,11704
Zorbick,1,11701,6884,4817,2067,171,0,1,2238,11702
sidekicket,1,11701,6441,5260,1181,96,1,0,1277,11701
hilbilly,1,11699,6487,5212,1275,150,1,1,1425,11700
shmimsy,1,11696,6436,5260,1176,175,1,0,1351,11696
diediemydarling,4,11685,7139,4546,2593,160,4,3,2753,11688
remember2breathe,5,11688,6933,4755,2178,259,5,0,2437,11688
MrRoutine,1,11687,6616,5071,1545,112,1,1,1657,11688
wolfhound27,1,11687,6749,4938,1811,177,1,0,1988,11687
taipro,1,11682,6732,4950,1782,224,1,1,2006,11683
Tru3lagg,7,11675,6687,4988,1699,121,3,7,1820,11682
girafewithanerection,3,11680,6581,5099,1482,136,2,2,1618,11682
ownworldman,5,11676,6558,5118,1440,224,5,2,1664,11678
swagmatic,1,11676,6247,5429,818,570,1,1,1388,11677
njoshi318,2,11672,6389,5283,1106,38,2,2,1144,11674
SoggySeaWaffle,4,11667,6484,5183,1301,342,1,3,1643,11670
Im_Troy_McClure,1,11667,6164,5503,661,174,1,0,835,11667
Bunny_Fluff,2,11664,6575,5089,1486,134,1,2,1620,11666
MrSquiggle,1,11665,6635,5030,1605,88,1,0,1693,11665
useafuckingcoaster,2,11663,6465,5198,1267,310,2,1,1577,11664
macknife66,1,11659,6654,5005,1649,356,1,0,2005,11659
xixer,1,11658,6403,5255,1148,344,1,0,1492,11658
swaymasterflash,1,11655,6463,5192,1271,100,1,1,1371,11656
Gratlofatic,1,11654,6532,5122,1410,149,1,1,1559,11655
PhilMcKrackin,1,11646,6895,4751,2144,235,1,0,2379,11646
brebrefosheezie,1,11641,6652,4989,1663,139,1,0,1802,11641
ladysmann1177,3,11638,6576,5062,1514,228,1,3,1742,11641
theCarryAll,1,11639,6434,5205,1229,76,1,1,1305,11640
theknot_caligrl,1,11639,6345,5294,1051,93,1,1,1144,11640
TheAlbionKing,1,11638,6607,5031,1576,117,1,0,1693,11638
cj122,1,11635,6622,5013,1609,43,1,0,1652,11635
handofdave,1,11631,6474,5157,1317,208,0,1,1525,11632
NattyBat,1,11626,6521,5105,1416,442,1,0,1858,11626
publicinfo,1,11623,6188,5435,753,88,0,1,841,11624
coach_styles,1,11622,6379,5243,1136,196,1,1,1332,11623
sorepheet,3,11618,6641,4977,1664,58,2,2,1722,11620
badmanlaffan,1,11617,6298,5319,979,140,1,1,1119,11618
pyro1991337,2,11615,6808,4807,2001,152,2,2,2153,11617
Phoequinox,3,11611,6301,5310,991,168,3,2,1159,11613
taylorconnell,3,11609,6915,4694,2221,182,3,1,2403,11610
Spicy_Tac0,2,11608,6591,5017,1574,131,2,2,1705,11610
newtoreddit247,2,11603,6880,4723,2157,169,1,0,2326,11603
indrora,1,11602,6646,4956,1690,430,1,1,2120,11603
EvilCyborg10,5,11598,6866,4732,2134,497,5,3,2631,11601
SirCaptain,3,11597,6968,4629,2339,177,3,3,2516,11600
robocop12,6,11586,6445,5141,1304,210,5,6,1514,11592
Ezequielp,2,11588,6737,4851,1886,107,1,2,1993,11590
thatguy80bye,2,11588,6287,5301,986,77,1,2,1063,11590
MitchConor,4,11587,6503,5084,1419,101,4,2,1520,11589
FleshlightAficionado,1,11588,6230,5358,872,277,1,1,1149,11589
efrance1,1,11583,6301,5282,1019,559,1,1,1578,11584
ImplyingImplicati0ns,5,11577,6517,5060,1457,265,3,4,1722,11581
charles_kafka,1,11581,6079,5502,577,68,1,0,645,11581
pwnd3r,1,11580,6127,5453,674,702,1,0,1376,11580
t_zidd,5,11568,6410,5158,1252,66,5,5,1318,11573
previously_fisted,1,11570,6312,5258,1054,473,1,1,1527,11571
Mataharii,2,11566,6408,5158,1250,56,1,2,1306,11568
jwitt90,1,11562,6544,5018,1526,93,1,1,1619,11563
Electri,2,11561,6247,5314,933,360,2,2,1293,11563
Outtie_5000,1,11562,6252,5310,942,800,1,0,1742,11562
itsaTravisT,2,11558,6623,4935,1688,572,1,2,2260,11560
thesevmancometh,7,11553,6344,5209,1135,73,7,7,1208,11560
F4nta,1,11554,6409,5145,1264,120,1,0,1384,11554
Pimp_nation,1,11552,6400,5152,1248,672,1,0,1920,11552
abe22g,3,11548,6516,5032,1484,385,3,2,1869,11550
sSamoo,1,11548,6562,4986,1576,81,1,0,1657,11548
carrot0101,3,11547,6011,5536,475,135,1,1,610,11548
Alphare,1,11546,6288,5258,1030,96,1,1,1126,11547
mwaf,1,11545,6417,5128,1289,115,1,1,1404,11546
supsky,3,11543,6451,5092,1359,279,3,2,1638,11545
Complications,1,11544,6234,5310,924,196,1,0,1120,11544
swiftjab,2,11538,6327,5211,1116,226,2,2,1342,11540
Gold-Cat,1,11533,6264,5269,995,216,1,1,1211,11534
dvno4,4,11530,6544,4986,1558,101,4,3,1659,11533
thetwobecomeone,1,11528,6041,5487,554,233,1,1,787,11529
jiwa,2,11525,6749,4776,1973,242,2,2,2215,11527
what_thedouche,5,11523,6170,5353,817,479,5,4,1296,11527
politicaldan,7,11520,6634,4886,1748,60,7,6,1808,11526
CLSmith15,1,11523,6245,5278,967,73,1,1,1040,11524
Slamchops,1,11521,6607,4914,1693,122,1,0,1815,11521
aaamarie,1,11520,6523,4997,1526,71,1,1,1597,11521
boogdd,1,11519,6315,5204,1111,175,1,1,1286,11520
DuckingTape,1,11517,6356,5161,1195,148,0,0,1343,11517
jeaton,2,11512,6720,4792,1928,427,2,1,2355,11513
ViolentBabyDoll,1,11511,6304,5207,1097,533,0,1,1630,11512
bcn_dbl_chz_brgr,1,11510,6571,4939,1632,460,1,1,2092,11511
drummerguyoc,2,11502,5933,5569,364,730,2,2,1094,11504
marcodls,2,11501,6267,5234,1033,187,2,2,1220,11503
Sephiroth7,5,11498,7221,4277,2944,178,5,2,3122,11500
SirThom,1,11499,6474,5025,1449,242,0,1,1691,11500
TopBadge,1,11499,6257,5242,1015,190,1,1,1205,11500
SaberHound,2,11496,6615,4881,1734,394,1,2,2128,11498
ddmaleria,1,11495,6138,5357,781,363,1,1,1144,11496
Charantais,2,11493,6786,4707,2079,251,2,1,2330,11494
exatorp,3,11488,7159,4329,2830,118,2,3,2948,11491
Chickens_dont_clap,16,11477,9033,2444,6589,331,9,12,6920,11489
Soirtemed,2,11477,6070,5407,663,68,2,2,731,11479
waxiestapple,2,11477,6537,4940,1597,57,1,1,1654,11478
melvintink15,2,11474,6179,5295,884,303,1,2,1187,11476
Chantytheboss,1,11472,6308,5164,1144,43,0,1,1187,11473
bruce656,3,11470,6332,5138,1194,148,2,1,1342,11471
Estoye,1,11470,7220,4250,2970,410,1,0,3380,11470
Skweril,1,11465,6280,5185,1095,319,1,1,1414,11466
MickeyRooneyy,10,11456,6696,4760,1936,112,9,8,2048,11464
E30M320,1,11462,6187,5275,912,332,1,0,1244,11462
super_dave_cares,2,11458,6029,5429,600,501,2,2,1101,11460
asdfghjklkipz,3,11456,6226,5230,996,112,3,3,1108,11459
danielxleet,6,11457,7021,4436,2585,200,6,1,2785,11458
Quizchris,5,11451,6262,5189,1073,253,5,4,1326,11455
Garrettishere,2,11452,7173,4279,2894,144,2,1,3038,11453
AFewSecondsAgoDouche,2,11448,6538,4910,1628,70,2,2,1698,11450
MrBKilcoyne,5,11445,6311,5134,1177,89,5,5,1266,11450
mazhas,1,11448,6010,5438,572,89,1,1,661,11449
reluctant-upvote,7,11441,7066,4375,2691,171,7,5,2862,11446
jolo213,1,11445,6550,4895,1655,104,1,1,1759,11446
TheDerivation,1,11440,6312,5128,1184,279,1,1,1463,11441
Hydroweedmancer,2,11438,6226,5212,1014,180,2,2,1194,11440
Captunawsum,2,11436,6443,4993,1450,94,2,2,1544,11438
rhythmic-nipples,12,11428,6329,5099,1230,139,9,9,1369,11437
l3roly,5,11431,6381,5050,1331,499,5,4,1830,11435
european_son,1,11433,6442,4991,1451,335,1,0,1786,11433
Agent_41,1,11432,6411,5021,1390,38,0,1,1428,11433
Jurss,1,11432,6090,5342,748,216,1,1,964,11433
cr1spybacon,4,11427,6439,4988,1451,209,3,4,1660,11431
Hellothereawesome,3,11429,6116,5313,803,129,3,2,932,11431
Lovely_Comment,1,11429,6307,5122,1185,104,1,1,1289,11430
stumpfenheimer,3,11424,6421,5003,1418,123,3,3,1541,11427
LordOfAll,3,11420,6466,4954,1512,265,3,1,1777,11421
14ldouglass,1,11416,6385,5031,1354,177,0,1,1531,11417
jonshungry,1,11416,6219,5197,1022,569,1,0,1591,11416
Mustard317,1,11415,6549,4866,1683,248,1,0,1931,11415
kane926,2,11406,6396,5010,1386,140,1,1,1526,11407
Chardok,2,11406,6185,5221,964,66,1,1,1030,11407
eumoria,2,11404,6479,4925,1554,317,1,1,1871,11405
coconutwaters,1,11401,6529,4872,1657,135,1,1,1792,11402
kulhajs,2,11398,6512,4886,1626,99,2,2,1725,11400
cheesey_ball,2,11399,6488,4911,1577,142,2,1,1719,11400
Martianmellow12,1,11398,6307,5091,1216,105,1,0,1321,11398
Cody605,4,11388,6414,4974,1440,188,4,4,1628,11392
SmellinBenj,2,11389,6155,5234,921,72,2,1,993,11390
BettinOnTheMuse,1,11384,6502,4882,1620,65,1,0,1685,11384
unsatisfyingpleasure,1,11383,6304,5079,1225,241,1,1,1466,11384
Merkurlicht,1,11384,6214,5170,1044,334,1,0,1378,11384
MUcomedy,1,11382,6109,5273,836,317,1,1,1153,11383
UpvotesOrBust,11,11371,6697,4674,2023,88,7,10,2111,11381
p_U_c_K,11,11370,6425,4945,1480,449,9,11,1929,11381
Winterhouse,1,11378,6145,5233,912,119,1,1,1031,11379
GreatName,2,11373,6093,5280,813,399,2,2,1212,11375
Diablo_En_Musica,2,11371,6251,5120,1131,223,1,2,1354,11373
blaspheminCapn,4,11371,6556,4815,1741,266,4,1,2007,11372
Phantomsplit,1,11370,6352,5018,1334,138,1,1,1472,11371
tengquen,1,11370,6237,5133,1104,67,1,0,1171,11370
obsidiannight21,1,11369,6024,5345,679,89,1,1,768,11370
baileyhope,1,11368,6416,4952,1464,164,1,0,1628,11368
darkseamus,3,11365,6366,4999,1367,94,2,2,1461,11367
jakedemian,1,11363,6159,5204,955,840,1,1,1795,11364
moomoocow88,1,11362,6167,5195,972,478,1,1,1450,11363
Falazar,4,11358,6507,4851,1656,99,4,4,1755,11362
NobleSwift,2,11360,6710,4650,2060,154,2,1,2214,11361
ImASlaveForKarma,3,11359,6284,5075,1209,65,2,2,1274,11361
toodiefroodie,1,11360,6075,5285,790,192,1,1,982,11361
mmx64,6,11355,6931,4424,2507,337,6,5,2844,11360
UsernameIsTekken,3,11356,6198,5158,1040,250,2,2,1290,11358
HEYYEYAAEYAAAEYAEYA,1,11356,6248,5108,1140,268,1,1,1408,11357
zombozo,1,11356,6423,4933,1490,236,1,0,1726,11356
Seedy-E,2,11353,6413,4940,1473,205,2,1,1678,11354
sambatt99,1,11353,6307,5046,1261,132,1,1,1393,11354
ElysiumTan,1,11353,6332,5021,1311,386,1,0,1697,11353
Pkthunder419,1,11347,6249,5098,1151,172,1,1,1323,11348
wookienuts,1,11345,6242,5103,1139,251,1,0,1390,11345
herpinderp,1,11344,6074,5270,804,72,1,1,876,11345
michifedler,1,11340,6642,4698,1944,106,1,1,2050,11341
FreelanceBadass,5,11334,6559,4775,1784,237,4,5,2021,11339
StuffHobbes,1,11336,6299,5037,1262,174,1,1,1436,11337
agagydal13,2,11333,6000,5333,667,498,2,2,1165,11335
Swede_Babe,2,11333,6283,5050,1233,81,2,1,1314,11334
THENOOBLER,1,11332,6197,5135,1062,52,1,1,1114,11333
PleaseBeSerious,7,11324,7440,3884,3556,194,5,7,3750,11331
DominicDom,10,11321,6645,4676,1969,254,10,8,2223,11329
Sunshine_Bag,2,11324,6328,4996,1332,357,2,2,1689,11326
Cambuchi,1,11323,6688,4635,2053,135,1,0,2188,11323
aramis1,2,11317,6445,4872,1573,133,2,2,1706,11319
utopiaonmars,2,11317,6305,5012,1293,53,1,2,1346,11319
rowsdowr,2,11318,6473,4845,1628,116,2,0,1744,11318
RageQZBass,1,11317,6342,4975,1367,122,1,1,1489,11318
manmalade,7,11309,6739,4570,2169,332,7,6,2501,11315
CreaminFreeman,4,11308,7003,4305,2698,63,3,4,2761,11312
Dirty_Dingus_McGee,1,11311,6261,5050,1211,129,1,0,1340,11311
Holychrono,4,11306,6274,5032,1242,194,4,4,1436,11310
lotsoflube,1,11307,6382,4925,1457,186,1,1,1643,11308
i_cry_evrytim_,4,11304,5967,5337,630,54,3,4,684,11308
raggistan,4,11305,6087,5218,869,334,4,0,1203,11305
TheDarkishKnight,65,11244,10175,1069,9106,436,51,60,9542,11304
TheVinjack,3,11301,5840,5461,379,291,3,3,670,11304
cucco,1,11301,6270,5031,1239,319,1,1,1558,11302
virtualpj,3,11299,6113,5186,927,67,3,1,994,11300
mokadude1,1,11298,6362,4936,1426,125,0,1,1551,11299
GrannySmacker,1,11299,6394,4905,1489,55,1,0,1544,11299
BlockoManWINS,1,11297,6284,5013,1271,301,1,1,1572,11298
TheDarefulDerp,2,11295,5954,5341,613,403,2,1,1016,11296
Lavalampalana,1,11287,6003,5284,719,311,1,1,1030,11288
this_is_not_HERE,1,11284,6106,5178,928,319,1,1,1247,11285
cllphone09,5,11280,6171,5109,1062,268,5,4,1330,11284
RootsmanSam,1,11282,6491,4791,1700,905,1,0,2605,11282
dwightschrute518,5,11276,6603,4673,1930,171,4,5,2101,11281
BILL_MURRAYS_COCK,7,11275,6492,4783,1709,159,3,6,1868,11281
FuckingLoveBacon,3,11278,6343,4935,1408,269,3,3,1677,11281
iamlugash,4,11278,6181,5097,1084,257,4,3,1341,11281
SoyBeanExplosion,1,11280,6018,5262,756,123,1,1,879,11281
camperjohn64,2,11279,6662,4617,2045,258,1,0,2303,11279
amayernican,3,11276,6445,4831,1614,324,3,3,1938,11279
imneonian,1,11278,6789,4489,2300,423,0,0,2723,11278
TimeLordOfTheRings,2,11276,6096,5180,916,229,2,2,1145,11278
jbg89,1,11274,6126,5148,978,105,1,1,1083,11275
crocomut,1,11273,6371,4902,1469,288,1,1,1757,11274
SmokehTheBear,2,11267,6096,5171,925,142,2,1,1067,11268
jag0007,2,11266,6106,5160,946,1112,2,1,2058,11267
adamater,7,11257,7362,3895,3467,361,7,7,3828,11264
sushib89,1,11262,6447,4815,1632,427,1,0,2059,11262
RichiH,1,11261,5829,5432,397,213,1,0,610,11261
iwanttogotohell,1,11260,6731,4529,2202,137,1,0,2339,11260
HMRN_SWNG,1,11259,6373,4886,1487,189,1,1,1676,11260
Agrilon,2,11255,6218,5037,1181,116,2,2,1297,11257
garydee119,1,11256,6093,5163,930,202,1,0,1132,11256
GraJame,5,11248,6463,4785,1678,115,4,5,1793,11253
ofsinope,1,11249,6287,4962,1325,162,1,1,1487,11250
bigheavyshoe,1,11249,6002,5247,755,80,1,1,835,11250
iamhusband,3,11245,6130,5115,1015,286,3,3,1301,11248
Willson50,3,11242,6579,4663,1916,144,1,2,2060,11244
Vehnn,2,11240,6178,5062,1116,360,2,2,1476,11242
eire1228,8,11231,7899,3332,4567,672,7,8,5239,11239
redlantern2814,1,11235,6461,4774,1687,351,1,1,2038,11236
I_Photoshop_Movies,2,11232,6952,4280,2672,281,1,2,2953,11234
Midnight0616,4,11231,6209,5022,1187,98,3,3,1285,11234
ChocolateStorm,1,11232,6096,5136,960,156,1,0,1116,11232
notonanyFBIwatchlist,1,11230,5974,5256,718,371,1,1,1089,11231
Josh_Lyman,6,11225,6968,4257,2711,221,5,5,2932,11230
dizeazdgoat,3,11226,6576,4650,1926,158,3,2,2084,11228
Doctor_Watson,1,11225,6850,4375,2475,673,1,0,3148,11225
Sushisunshine,1,11221,6253,4968,1285,66,1,1,1351,11222
well_uhh_yeah,3,11219,6930,4289,2641,234,3,0,2875,11219
purplepain13,6,11207,6305,4902,1403,116,5,6,1519,11213
sirenayka,1,11209,5952,5257,695,219,1,1,914,11210
Willcagney313,3,11205,6400,4805,1595,260,3,3,1855,11208
KidShowtime,2,11206,5994,5212,782,210,1,2,992,11208
transcendentalmilk,1,11207,5922,5285,637,74,1,1,711,11208
Likonium,1,11206,6583,4623,1960,459,1,0,2419,11206
NuclearJesus,1,11202,6070,5132,938,38,1,1,976,11203
wisyf,2,11200,6164,5036,1128,361,2,2,1489,11202
RobSchwieb,2,11202,6080,5122,958,100,2,0,1058,11202
LivingLovingMaid,1,11200,6334,4866,1468,89,1,1,1557,11201
ReadyForWar,1,11199,6250,4949,1301,235,1,1,1536,11200
spikyness,2,11198,6175,5023,1152,156,2,1,1308,11199
SonicWafflez,3,11196,6851,4345,2506,357,3,2,2863,11198
New002,1,11198,6088,5110,978,70,1,0,1048,11198
pickoneforme,9,11191,6575,4616,1959,574,8,5,2533,11196
Awsaim,5,11187,7061,4126,2935,145,5,4,3080,11191
modzierman,1,11188,6094,5094,1000,283,1,1,1283,11189
jman077,1,11186,6798,4388,2410,118,1,0,2528,11186
rabidpugx5x,2,11181,6023,5158,865,112,2,1,977,11182
swampsparrow,3,11181,8791,2390,6401,993,3,0,7394,11181
Fresh2727,2,11179,6664,4515,2149,149,1,1,2298,11180
flashbom27,1,11175,6242,4933,1309,54,0,1,1363,11176
josh7743,2,11173,6513,4660,1853,341,2,2,2194,11175
Apollo_O,1,11173,6160,5013,1147,238,1,1,1385,11174
sheep_go_baa,2,11170,6117,5053,1064,82,2,1,1146,11171
eddyc411,6,11165,6308,4857,1451,68,4,5,1519,11170
Cyraidz,2,11165,6306,4859,1447,181,2,2,1628,11167
-Kilgore_Trout-,1,11166,5999,5167,832,88,1,1,920,11167
darkness0falls,1,11164,6300,4864,1436,358,1,0,1794,11164
Bromog,1,11161,5978,5183,795,48,1,1,843,11162
joeknowswhoiam,1,11160,6312,4848,1464,62,1,0,1526,11160
Lincis,5,11156,6221,4935,1286,477,5,3,1763,11159
Jewish1944,1,11158,6116,5042,1074,222,0,1,1296,11159
Tabea,1,11157,6550,4607,1943,188,1,1,2131,11158
kallekro,2,11154,5981,5173,808,82,2,1,890,11155
desql,1,11153,6575,4578,1997,159,0,1,2156,11154
chewydajew,1,11153,6036,5117,919,128,1,1,1047,11154
igotahugedick,4,11150,6820,4330,2490,103,4,3,2593,11153
NewportPyramid,1,11152,6297,4855,1442,96,0,1,1538,11153
raggedwood,2,11151,5987,5164,823,344,2,2,1167,11153
jwoffor2,2,11150,6162,4988,1174,588,2,2,1762,11152
Samwholivesathome,1,11148,6292,4856,1436,98,1,1,1534,11149
NoJowk,4,11144,6840,4304,2536,256,4,4,2792,11148
technographie,1,11147,6300,4847,1453,59,1,1,1512,11148
giantchar20,1,11144,5867,5277,590,292,1,1,882,11145
check-1-2,1,11144,6394,4750,1644,246,1,0,1890,11144
PrimeRadiant,1,11143,6233,4910,1323,103,1,1,1426,11144
Anotherocean,8,11136,6644,4492,2152,107,5,4,2259,11140
gunkokoko,3,11137,6326,4811,1515,130,3,2,1645,11139
Thankspumpkin,2,11136,6023,5113,910,199,1,2,1109,11138
Tvox,1,11134,6093,5041,1052,67,1,1,1119,11135
flyingorange,1,11134,6010,5124,886,157,1,1,1043,11135
dbbelvo,2,11131,6078,5053,1025,79,2,2,1104,11133
phab3k,8,11126,6096,5030,1066,236,7,6,1302,11132
ARMZY,1,11131,6117,5014,1103,137,1,1,1240,11132
TheGenerico,5,11126,6735,4391,2344,70,3,5,2414,11131
Drumking00,5,11127,6174,4953,1221,112,5,4,1333,11131
exjentric,1,11129,6106,5023,1083,378,1,0,1461,11129
FiP,1,11125,6397,4728,1669,619,1,0,2288,11125
bravesball,1,11123,5902,5221,681,128,1,1,809,11124
ProfessionalExtemper,2,11113,6113,5000,1113,143,2,2,1256,11115
donownsyou,4,11107,5954,5153,801,81,4,4,882,11111
uk2knerf,8,11100,7102,3998,3104,170,7,7,3274,11107
bradanomics,4,11102,6128,4974,1154,317,2,3,1471,11105
likeBruceSpringsteen,5,11099,6409,4690,1719,153,3,5,1872,11104
my100nick,2,11104,6363,4741,1622,81,2,0,1703,11104
dannynudds,2,11101,6112,4989,1123,668,2,1,1791,11102
Jenewein,6,11093,6265,4828,1437,176,6,6,1613,11099
timmyhunter3,1,11098,5922,5176,746,109,1,1,855,11099
katastraphi,1,11097,6300,4797,1503,210,1,0,1713,11097
da_man_made_of_bread,6,11089,6530,4559,1971,328,4,6,2299,11095
hedgomatic,1,11091,6182,4909,1273,122,1,0,1395,11091
Mysteriousbucket,8,11082,6259,4823,1436,104,8,7,1540,11089
B1Gpimpin,1,11085,5907,5178,729,211,1,1,940,11086
jebus01,2,11082,6452,4630,1822,591,2,0,2413,11082
foofy89,2,11081,6023,5058,965,108,2,1,1073,11082
Sawgon,1,11079,6161,4918,1243,282,1,1,1525,11080
JimCarreysFace,2,11071,6084,4987,1097,226,2,2,1323,11073
Azzurus,1,11071,6018,5053,965,80,1,1,1045,11072
whoops1995,1,11066,6009,5057,952,219,1,1,1171,11067
Walker131,1,11061,6524,4537,1987,290,0,1,2277,11062
TheSnufking,5,11058,6336,4722,1614,209,5,4,1823,11062
DreadfulMoi,1,11058,6158,4900,1258,214,1,1,1472,11059
Zeoxult,1,11057,6243,4814,1429,304,1,1,1733,11058
Reddit_Zephyr,1,11057,6085,4972,1113,93,1,1,1206,11058
abimushh,1,11058,5883,5175,708,97,1,0,805,11058
ZombieWeinerDog,1,11055,5975,5080,895,419,1,1,1314,11056
genron1111,4,11049,6189,4860,1329,384,3,4,1713,11053
Gorthunder,1,11052,6207,4845,1362,62,1,1,1424,11053
istan_not_constan,2,11051,6180,4871,1309,102,2,1,1411,11052
Dismiss,1,11048,6180,4868,1312,218,1,1,1530,11049
mynameisrichandiama,3,11042,6321,4721,1600,379,2,3,1979,11045
speptobie,2,11044,6372,4672,1700,52,2,1,1752,11045
DanTheRip,2,11041,6141,4900,1241,245,1,2,1486,11043
dscream,5,11037,6377,4660,1717,86,3,5,1803,11042
zhs,3,11038,6566,4472,2094,256,1,2,2350,11040
boomboomboomerang,1,11038,6093,4945,1148,100,1,1,1248,11039
ultimatesweettitties,1,11037,5872,5165,707,235,0,1,942,11038
anyonebutme,2,11031,6466,4565,1901,269,2,1,2170,11032
letimewizard,2,11029,5948,5081,867,105,2,0,972,11029
ogSPLICE,3,11022,6139,4883,1256,91,2,1,1347,11023
AntiSOPA,2,11018,5997,5021,976,177,2,2,1153,11020
thelastczarnian,2,11019,5945,5074,871,118,2,1,989,11020
popopop123,1,11017,5865,5152,713,76,1,1,789,11018
tha_funkee_redditor,1,11016,6347,4669,1678,109,1,1,1787,11017
mammals,1,11016,6828,4188,2640,473,1,0,3113,11016
TheOrangeBanana,1,11013,5776,5237,539,102,1,1,641,11014
monkeysentinel,1,11010,6365,4645,1720,130,1,1,1850,11011
hildiri,4,11003,6641,4362,2279,305,4,3,2584,11006
Youdatebitches,2,11002,5964,5038,926,126,0,2,1052,11004
Varyter,3,11000,6842,4158,2684,113,3,2,2797,11002
Chalupa112,1,11001,6120,4881,1239,191,1,1,1430,11002
StellarHero,2,10999,5872,5127,745,120,0,1,865,11000
redditadrian,2,10997,6286,4711,1575,203,1,2,1778,10999
survum,6,10993,6323,4670,1653,193,6,3,1846,10996
autogeneratedreply,1,10994,5919,5075,844,354,1,1,1198,10995
Travorisnobody,1,10994,5824,5170,654,47,1,1,701,10995
nupoorsa,4,10990,6100,4890,1210,155,4,1,1365,10991
beethy,2,10986,6560,4426,2134,190,2,2,2324,10988
finnished,4,10983,5939,5044,895,209,4,4,1104,10987
KoldStatic,2,10986,5852,5134,718,197,2,1,915,10987
Sigourney_Weaver,1,10983,6049,4934,1115,267,1,1,1382,10984
zalecot,2,10983,6636,4347,2289,438,1,0,2727,10983
jrdsctt,1,10981,6276,4705,1571,247,1,0,1818,10981
BeezAweez,2,10978,6576,4402,2174,92,2,2,2266,10980
4starkid21,4,10972,6236,4736,1500,323,4,4,1823,10976
daisydinos,1,10975,5832,5143,689,272,1,0,961,10975
iheartkids,1,10972,5977,4995,982,94,1,1,1076,10973
theangeleswolfe,2,10971,6789,4182,2607,263,1,1,2870,10972
orionshmorion,2,10970,6087,4883,1204,124,2,2,1328,10972
5dagCVO,2,10968,6090,4878,1212,183,2,2,1395,10970
simpsono,1,10969,5911,5058,853,160,1,1,1013,10970
skullbeats,9,10960,7130,3830,3300,218,8,9,3518,10969
sethboy67,4,10966,6223,4743,1480,146,4,3,1626,10969
bayank,2,10966,6162,4804,1358,265,2,1,1623,10967
febrezey,2,10966,5799,5167,632,116,2,1,748,10967
hellokittyj,3,10961,6662,4299,2363,111,3,2,2474,10963
JonnyBeanBag,1,10960,6022,4938,1084,382,1,1,1466,10961
troling_is_a_art,5,10956,5946,5010,936,146,5,4,1082,10960
thesnazzler,1,10957,6106,4851,1255,332,1,0,1587,10957
facility_in_2m05s,1,10954,5954,5000,954,60,1,1,1014,10955
lilcheap2,2,10951,5787,5164,623,116,1,2,739,10953
CGrevlos,1,10947,5907,5040,867,193,1,1,1060,10948
tikkio93,1,10946,6028,4918,1110,41,1,1,1151,10947
deluxe_polar_bear,4,10941,6021,4920,1101,1310,2,3,2411,10944
antifolkhero,2,10941,6093,4848,1245,301,2,2,1546,10943
Reamx,1,10943,5969,4974,995,255,1,0,1250,10943
aalliecat,2,10941,5816,5125,691,104,2,2,795,10943
inmate2,4,10934,6744,4190,2554,299,4,3,2853,10937
Fiberfreak,1,10935,5894,5041,853,475,1,1,1328,10936
zhaoseph,1,10932,6207,4725,1482,138,1,0,1620,10932
easy_Money,2,10924,5926,4998,928,212,1,2,1140,10926
GravCat,4,10921,6307,4614,1693,97,4,4,1790,10925
DashFerLev,5,10918,6119,4799,1320,224,4,4,1544,10922
AlyRae,1,10921,5960,4961,999,114,1,1,1113,10922
LurkerByChoice,1,10917,6068,4849,1219,411,1,1,1630,10918
Harry_Bladder,1,10911,5843,5068,775,460,1,1,1235,10912
amantaban,2,10908,5979,4929,1050,54,1,2,1104,10910
i-k-andy,2,10904,6308,4596,1712,147,0,2,1859,10906
Lokipokie504,1,10902,6002,4900,1102,561,1,1,1663,10903
Habeeblol,2,10900,6102,4798,1304,114,2,2,1418,10902
elephantpoop,1,10897,5820,5077,743,80,1,0,823,10897
Mojorizen2,4,10893,6565,4328,2237,293,4,3,2530,10896
FRONT_PAGE_FAGGOT,5,10891,5831,5060,771,124,3,5,895,10896
dasnice,2,10889,6056,4833,1223,99,2,2,1322,10891
You_tried_your_best,3,10882,6123,4759,1364,149,2,3,1513,10885
lexyloowho,1,10883,6017,4866,1151,316,1,0,1467,10883
That0neGuyy,2,10878,6109,4769,1340,52,0,2,1392,10880
CompilerK,1,10877,6494,4383,2111,80,1,1,2191,10878
CornyComedy,1,10875,5764,5111,653,100,1,1,753,10876
BitchesLove,2,10873,6359,4514,1845,376,1,1,2221,10874
jegreeny,2,10872,6043,4829,1214,80,2,2,1294,10874
Shiftyze,7,10868,6657,4211,2446,185,7,4,2631,10872
gabesheff,1,10872,6147,4725,1422,86,1,0,1508,10872
ohhaayreddit,1,10869,6395,4474,1921,287,0,1,2208,10870
Big_Tuna22,1,10863,5867,4996,871,71,0,1,942,10864
slaterslatin,2,10858,5964,4894,1070,138,2,2,1208,10860
PureVain,1,10857,5918,4939,979,308,1,1,1287,10858
CorrectionGoodSir,1,10855,6039,4816,1223,537,0,1,1760,10856
1stDownSyndrome,1,10851,5950,4901,1049,85,1,0,1134,10851
rodgerjm,1,10850,5790,5060,730,174,1,0,904,10850
sillyallie,1,10849,5833,5016,817,39,1,1,856,10850
Sjuk86,1,10848,5866,4982,884,201,1,1,1085,10849
morethanless,3,10845,6418,4427,1991,135,2,3,2126,10848
Drisix454,1,10845,5752,5093,659,156,1,1,815,10846
MajorStever,1,10843,6094,4749,1345,320,1,1,1665,10844
TexasFight,2,10840,5688,5152,536,211,2,0,747,10840
PsychoTurtle,24,10818,9050,1768,7282,179,20,20,7461,10838
TempestBlayze,1,10830,5738,5092,646,188,1,1,834,10831
socraincha,2,10826,6283,4543,1740,189,2,2,1929,10828
knudow,1,10824,5836,4988,848,333,1,1,1181,10825
Leonsguns,1,10824,5818,5006,812,116,1,1,928,10825
Alaukik,1,10824,6811,4013,2798,367,1,0,3165,10824
AnEmpireOfCoins,1,10823,6265,4558,1707,42,1,1,1749,10824
Vehemence0,1,10819,6047,4772,1275,165,1,1,1440,10820
Ryndaar,3,10817,6049,4768,1281,92,3,1,1373,10818
MPLS_MN,2,10813,5903,4910,993,183,2,2,1176,10815
denijt,1,10813,5879,4934,945,119,1,1,1064,10814
dontcarebear,2,10810,5986,4824,1162,311,2,2,1473,10812
worff,4,10808,6429,4379,2050,282,4,3,2332,10811
ninjarific,1,10803,5937,4866,1071,145,1,1,1216,10804
Zarryfication,1,10800,6012,4788,1224,170,1,1,1394,10801
VickyPieper,1,10800,6026,4774,1252,50,0,1,1302,10801
Dicktremain,1,10798,5861,4937,924,60,1,1,984,10799
onetoomanyvoweels,1,10798,5727,5071,656,164,1,1,820,10799
donthemagicjuan,1,10793,5920,4873,1047,141,1,0,1188,10793
im_probably_tripping,2,10789,6125,4664,1461,75,2,2,1536,10791
Lil_ninja_lad,5,10786,5779,5007,772,306,4,5,1078,10791
ohmyorangejuice,2,10788,6072,4716,1356,185,1,2,1541,10790
Lonever,1,10789,6142,4647,1495,216,1,0,1711,10789
youngsailor,2,10787,5894,4893,1001,122,2,1,1123,10788
Chuzzle,1,10787,5706,5081,625,349,1,1,974,10788
gweebah,1,10784,5943,4841,1102,45,1,1,1147,10785
qianman,1,10784,5800,4984,816,262,1,1,1078,10785
OldGray,1,10783,6077,4706,1371,152,1,0,1523,10783
averad,3,10780,6185,4595,1590,154,3,2,1744,10782
hypnojunkey,2,10780,5794,4986,808,291,2,2,1099,10782
Led-Zeppelin,2,10779,6062,4717,1345,144,1,2,1489,10781
jayhawkai,1,10772,6118,4654,1464,117,1,1,1581,10773
coolhandlucas,2,10771,5908,4863,1045,80,2,2,1125,10773
L0-Ki,3,10769,6412,4357,2055,211,3,2,2266,10771
ENTertain_Me,2,10769,5983,4786,1197,139,2,2,1336,10771
oracle_is_dead,1,10770,5769,5001,768,217,1,1,985,10771
cheesyguy278,1,10764,6033,4731,1302,135,1,1,1437,10765
Matlopsa37,2,10765,5768,4997,771,218,2,0,989,10765
Wilberforth,1,10760,6252,4508,1744,124,1,1,1868,10761
gamerwithnoname,2,10757,6459,4298,2161,140,1,2,2301,10759
rubberband2008,1,10754,5762,4992,770,71,1,1,841,10755
cosmicdandy,1,10749,5894,4855,1039,45,1,1,1084,10750
Zlynkyx,8,10740,7010,3730,3280,257,6,8,3537,10748
patrizio33,4,10742,6803,3939,2864,123,3,4,2987,10746
KhalilRavanna,2,10744,5873,4871,1002,194,2,2,1196,10746
ThatFyeWhiteGuy,3,10735,6071,4664,1407,111,3,3,1518,10738
nedniederlaender,1,10736,5980,4756,1224,372,1,0,1596,10736
Ryssen,1,10735,5939,4796,1143,77,1,1,1220,10736
picbandit,1,10735,5767,4968,799,367,0,1,1166,10736
A-Fellow,1,10733,6210,4523,1687,54,1,1,1741,10734
xebero,1,10733,5777,4956,821,141,1,1,962,10734
Amiziras,1,10732,6241,4491,1750,279,1,0,2029,10732
MrLeekspin,1,10731,6266,4465,1801,214,1,1,2015,10732
Supaah,2,10732,6238,4494,1744,49,1,0,1793,10732
MattyKG,5,10724,6583,4141,2442,209,4,4,2651,10728
vveksuvarna,2,10725,6018,4707,1311,141,2,2,1452,10727
HOOAH51,1,10722,5786,4936,850,79,1,1,929,10723
boitch,1,10721,5980,4741,1239,73,1,1,1312,10722
Goofyface,2,10718,6494,4224,2270,161,2,2,2431,10720
TheYuppieWord,2,10717,5817,4900,917,253,2,2,1170,10719
mingtastic,3,10715,5885,4830,1055,338,3,2,1393,10717
BlGMAC,4,10714,5995,4719,1276,55,4,3,1331,10717
Ntony,1,10716,6028,4688,1340,57,1,0,1397,10716
EoinHarnett,1,10713,6226,4487,1739,251,1,0,1990,10713
omgl0lz,4,10710,6176,4534,1642,206,4,3,1848,10713
shbap,1,10712,5662,5050,612,328,1,1,940,10713
Smile_Y,4,10707,5836,4871,965,184,4,4,1149,10711
gnome_champion,1,10706,5923,4783,1140,192,1,0,1332,10706
screwyluey,1,10705,5877,4828,1049,162,1,0,1211,10705
liezuvelis,1,10703,5918,4785,1133,87,1,1,1220,10704
nancykatherine,1,10700,5732,4968,764,253,1,1,1017,10701
neoadamsmith,5,10696,5579,5117,462,185,5,5,647,10701
FrolfinManpris,4,10696,5736,4960,776,144,4,4,920,10700
Big_Brick,2,10695,6054,4641,1413,188,2,2,1601,10697
Brandinoftw,1,10695,5761,4934,827,155,1,1,982,10696
Knowle-z,1,10695,6279,4416,1863,116,1,0,1979,10695
TheGazingShoe,1,10694,6031,4663,1368,39,1,1,1407,10695
Bodie1550,4,10690,6137,4553,1584,111,2,3,1695,10693
massiebeck,1,10692,5741,4951,790,98,1,1,888,10693
just_saiyan_bro,1,10691,5944,4747,1197,62,1,1,1259,10692
bheinks,1,10689,6028,4661,1367,176,1,1,1543,10690
I_AM_LAMP,1,10686,5789,4897,892,773,1,0,1665,10686
weebz,3,10677,5942,4735,1207,235,2,3,1442,10680
Aluminum_zirconium,1,10672,5885,4787,1098,99,1,1,1197,10673
TanGyAppleSauce,1,10667,6149,4518,1631,100,1,1,1731,10668
fouack07,1,10666,5849,4817,1032,673,0,1,1705,10667
ruebelle,1,10660,6084,4576,1508,31,0,1,1539,10661
saimeng,1,10649,6080,4569,1511,115,1,1,1626,10650
PickyConnor,2,10649,5898,4751,1147,155,2,1,1302,10650
DrMidnight,1,10645,5784,4861,923,107,1,1,1030,10646
lookatmeme,2,10640,5733,4907,826,196,2,2,1022,10642
gnu4life,1,10639,6087,4552,1535,105,1,1,1640,10640
Ardesawr,2,10637,5909,4728,1181,77,2,1,1258,10638
SkinnyLove1,1,10636,6362,4274,2088,1364,1,0,3452,10636
Zoorun,3,10633,6111,4522,1589,281,3,3,1870,10636
tostarsiwillreturn,5,10627,6316,4311,2005,279,4,3,2284,10630
dezert,1,10625,6005,4620,1385,230,1,1,1615,10626
Goldbear,3,10621,6395,4226,2169,179,3,3,2348,10624
haunchu,2,10617,5782,4835,947,334,2,2,1281,10619
aetherflux1231237,1,10617,5578,5039,539,314,1,1,853,10618
IllusoryCorrelation,3,10612,6095,4517,1578,204,2,0,1782,10612
icommentwithgifs,3,10608,6602,4006,2596,129,3,2,2725,10610
bluewhat,1,10604,5684,4920,764,147,1,1,911,10605
Dr_Sandvich,1,10599,5773,4826,947,110,1,1,1057,10600
willief,1,10598,6046,4552,1494,687,1,0,2181,10598
BioReaper38,1,10597,5688,4909,779,66,1,1,845,10598
neverfails,1,10596,6250,4346,1904,139,1,1,2043,10597
red_drank,1,10596,6419,4177,2242,698,1,0,2940,10596
ColinAllCarz,2,10594,5972,4622,1350,101,2,2,1451,10596
goofball6792,1,10595,5921,4674,1247,146,1,1,1393,10596
JakeSanchard,1,10593,5862,4731,1131,87,1,1,1218,10594
Esteam,2,10588,5790,4798,992,342,2,1,1334,10589
Scotchya_12,1,10586,5611,4975,636,98,1,1,734,10587
yalion,1,10582,5537,5045,492,106,1,1,598,10583
flotilla-the-hun,1,10582,6572,4010,2562,58,1,0,2620,10582
your_fortune_cookie,2,10581,6129,4452,1677,53,1,1,1730,10582
Loki4089,1,10582,6045,4537,1508,111,1,0,1619,10582
aclose78,1,10581,5722,4859,863,36,1,1,899,10582
kirbee,2,10579,5960,4619,1341,54,2,2,1395,10581
Sevilst,9,10572,5805,4767,1038,264,9,7,1302,10579
chazzz77,3,10575,6064,4511,1553,89,1,3,1642,10578
PyroSpark,2,10576,5879,4697,1182,88,2,2,1270,10578
XanderSlay,1,10574,6016,4558,1458,77,1,1,1535,10575
BleedAmerican,1,10572,5785,4787,998,158,1,1,1156,10573
UnkzDomain,1,10570,5671,4899,772,263,1,0,1035,10570
nklotz,3,10566,5700,4866,834,93,3,3,927,10569
parles,3,10565,5851,4714,1137,105,2,3,1242,10568
justanothercommenter,5,10563,6017,4546,1471,98,4,4,1569,10567
ArkayicBoss,16,10546,6632,3914,2718,135,12,15,2853,10561
Dipak11,7,10556,6030,4526,1504,367,5,5,1871,10561
Skywatermelon,1,10558,6185,4373,1812,144,0,1,1956,10559
faux_larmes,1,10558,6077,4481,1596,122,0,1,1718,10559
machpe,1,10559,5906,4653,1253,397,1,0,1650,10559
escabeloved,2,10557,6238,4319,1919,212,2,1,2131,10558
darkstar107,2,10558,5789,4769,1020,417,2,0,1437,10558
tropicalrainforest,1,10556,5878,4678,1200,93,0,1,1293,10557
Vickd,1,10553,5391,5162,229,260,1,1,489,10554
hisfriendjames,1,10552,5992,4560,1432,111,1,1,1543,10553
TheLastCzar,1,10552,5771,4781,990,256,1,1,1246,10553
Withnails,2,10551,6042,4509,1533,972,2,0,2505,10551
KiD_NaPper,1,10550,6218,4332,1886,320,0,1,2206,10551
sninapeters,3,10548,5495,5053,442,80,3,2,522,10550
Gnurx,3,10545,5922,4623,1299,136,2,3,1435,10548
PrimaxAUS,1,10541,5696,4845,851,200,1,1,1051,10542
MJFP13,3,10535,6129,4406,1723,238,3,3,1961,10538
Cactrot911,1,10535,6149,4386,1763,66,1,1,1829,10536
serenchi,1,10535,5859,4676,1183,133,1,1,1316,10536
bulletproof_tiger,2,10532,5647,4885,762,91,2,2,853,10534
analcarbomb,1,10533,6043,4490,1553,215,1,0,1768,10533
Morfsplat,2,10529,5665,4864,801,207,2,2,1008,10531
Tapatun,1,10529,5825,4704,1121,49,1,0,1170,10529
margoferrsure,1,10526,5752,4774,978,76,1,1,1054,10527
rtirado,3,10524,5899,4625,1274,64,3,2,1338,10526
UB3RHAX0RZ,1,10525,5841,4684,1157,72,1,1,1229,10526
Liamh101,1,10523,5978,4545,1433,200,0,0,1633,10523
hansmelb,1,10520,6067,4453,1614,512,1,1,2126,10521
lolspHD,2,10520,5543,4977,566,224,1,1,790,10521
thegreattimics,1,10519,5737,4782,955,50,1,1,1005,10520
shaggybeer,9,10511,6501,4010,2491,73,6,8,2564,10519
luffy747,1,10517,5739,4778,961,648,1,1,1609,10518
Phwomp,1,10515,5987,4528,1459,61,1,1,1520,10516
ryan067,1,10515,5705,4810,895,98,1,1,993,10516
bluetidepro,1,10512,5599,4913,686,94,1,1,780,10513
Protuhj,2,10510,6075,4435,1640,100,2,1,1740,10511
Gandalfthegreygoose,1,10509,5794,4715,1079,116,1,1,1195,10510
highway_patrol69,2,10504,5836,4668,1168,186,2,2,1354,10506
iworkat76,1,10503,5741,4762,979,132,1,0,1111,10503
FAPSLOCK,5,10501,6949,3552,3397,537,1,1,3934,10502
energymassc2,1,10502,5791,4711,1080,429,1,0,1509,10502
fancypants73,2,10497,5919,4578,1341,126,2,2,1467,10499
tsfrederick,6,10493,6148,4345,1803,149,6,3,1952,10496
fiftydowrar,1,10493,5637,4856,781,192,1,1,973,10494
MizJekyll,1,10494,5426,5068,358,134,1,0,492,10494
Eyger,3,10487,5936,4551,1385,87,3,2,1472,10489
jaraed,1,10487,5865,4622,1243,96,1,0,1339,10487
redditmonsta32,2,10486,5793,4693,1100,209,2,0,1309,10486
phisch27,1,10484,5832,4652,1180,62,1,1,1242,10485
Shammy1260,3,10480,5790,4690,1100,143,1,3,1243,10483
HeavensNight,1,10481,6108,4373,1735,245,1,0,1980,10481
Cutsman3,1,10480,5802,4678,1124,110,1,1,1234,10481
kratoz0r,2,10478,5710,4768,942,158,1,2,1100,10480
newforaday,1,10480,5590,4890,700,178,1,0,878,10480
brew17,1,10475,5623,4852,771,156,1,1,927,10476
RenzoFrenzo,3,10472,5588,4884,704,49,2,3,753,10475
Theydontsaynuthin,4,10473,5896,4577,1319,648,4,1,1967,10474
Chairhead,2,10473,5928,4545,1383,125,2,1,1508,10474
electric_rattlesnake,1,10471,5858,4613,1245,61,1,1,1306,10472
kvn2,2,10469,6118,4351,1767,100,2,2,1867,10471
R3volte,3,10468,5779,4689,1090,151,1,3,1241,10471
NoLimit028,1,10470,5807,4663,1144,69,1,1,1213,10471
rosalita828,1,10469,5810,4659,1151,40,1,1,1191,10470
HeadPikachu,2,10466,5708,4758,950,120,2,2,1070,10468
partycentral,1,10467,5645,4822,823,273,1,0,1096,10467
kittyclawson,3,10460,6021,4439,1582,498,2,3,2080,10463
ClaptonIsTheGodMan,1,10463,5877,4586,1291,426,1,0,1717,10463
mikevic,1,10462,5727,4735,992,362,1,0,1354,10462
warpedsenseofhumour,1,10461,5608,4853,755,255,1,1,1010,10462
rmulv12,1,10461,5491,4970,521,148,1,1,669,10462
imalreadyinyourhead,4,10456,5909,4547,1362,103,4,4,1465,10460
chrisooo,1,10457,5928,4529,1399,113,1,1,1512,10458
AMF042708,1,10455,5622,4833,789,157,1,1,946,10456
BlueRazors,1,10454,5895,4559,1336,50,1,1,1386,10455
FructoseFetus,1,10454,5664,4790,874,79,1,1,953,10455
OrtizKid,1,10448,5694,4754,940,209,1,1,1149,10449
ToXicmunky,1,10446,5681,4765,916,98,1,1,1014,10447
Hezpez,1,10446,5699,4747,952,51,0,1,1003,10447
zeldrian,1,10442,5825,4617,1208,159,1,0,1367,10442
justinetime,1,10439,5462,4977,485,68,1,1,553,10440
takennickname,2,10438,5833,4605,1228,284,2,1,1512,10439
Psybolt,1,10437,5990,4447,1543,119,0,1,1662,10438
bob2342,1,10436,5793,4643,1150,116,1,1,1266,10437
TheNorwegianViking,2,10434,5863,4571,1292,61,2,2,1353,10436
appycapterr,1,10434,5814,4620,1194,215,1,0,1409,10434
xopar,1,10434,5718,4716,1002,115,1,0,1117,10434
MicksMasterMike,1,10432,6103,4329,1774,550,1,0,2324,10432
poobicus,1,10431,5401,5030,371,359,1,1,730,10432
stepsxahead,5,10427,6490,3937,2553,153,4,4,2706,10431
kris919,2,10427,5695,4732,963,61,2,2,1024,10429
Bob_Erski,1,10427,5996,4431,1565,370,1,0,1935,10427
MrGuitarfancy,1,10425,5889,4536,1353,98,1,1,1451,10426
ChaseENT,2,10423,6030,4393,1637,160,0,2,1797,10425
Cupcake_in_Acid,3,10420,5905,4515,1390,77,3,3,1467,10423
Cricetus,1,10419,6100,4319,1781,204,1,1,1985,10420
gk306,1,10419,5667,4752,915,151,1,1,1066,10420
rawflsaurus,1,10415,5648,4767,881,97,1,1,978,10416
NewUSSR,4,10411,5935,4476,1459,511,4,4,1970,10415
chaso21,4,10412,6540,3872,2668,180,4,2,2848,10414
thegoodlifeofmusic,2,10409,5675,4734,941,140,1,2,1081,10411
jimmyjules153,1,10409,5748,4661,1087,119,1,1,1206,10410
wastedchick3n,2,10407,5632,4775,857,193,2,0,1050,10407
PhoenixSongFawkes,1,10406,6205,4201,2004,2743,1,0,4747,10406
nitrocatz,1,10405,5848,4557,1291,482,1,1,1773,10406
AAAAAWWW_YYYEEEEAAAA,1,10402,5758,4644,1114,111,1,1,1225,10403
Plastikrokk,1,10401,5705,4696,1009,28,1,1,1037,10402
lolwut19,2,10399,5827,4572,1255,216,2,2,1471,10401
panama66,1,10400,5609,4791,818,63,1,1,881,10401
IBoopYourNose,15,10375,7011,3364,3647,381,14,15,4028,10390
holyerthanthou,1,10389,5583,4806,777,313,1,0,1090,10389
P2000Camaro,4,10382,5939,4443,1496,91,4,2,1587,10384
Brillians,1,10384,5753,4631,1122,135,1,0,1257,10384
Lobo2ffs,1,10382,5740,4642,1098,71,0,1,1169,10383
develdevil,3,10381,6126,4255,1871,295,3,0,2166,10381
cooliehawk,1,10380,5942,4438,1504,402,1,0,1906,10380
alotofsand,1,10379,5912,4467,1445,144,1,1,1589,10380
GlF,13,10367,6835,3532,3303,337,13,9,3640,10376
metal_bird,1,10374,5555,4819,736,145,1,1,881,10375
khuyasse,2,10365,5955,4410,1545,200,2,2,1745,10367
794613825,1,10366,5621,4745,876,56,1,1,932,10367
DoctorRobot,1,10366,6259,4107,2152,127,1,0,2279,10366
begentlewithme,1,10365,5904,4461,1443,400,1,0,1843,10365
galacticpastry,1,10364,5732,4632,1100,57,1,1,1157,10365
sunnyfunny,4,10358,5571,4787,784,104,4,4,888,10362
meatcurtins,2,10357,5761,4596,1165,546,2,2,1711,10359
Alexm920,1,10359,5709,4650,1059,641,1,0,1700,10359
Curll,9,10352,6073,4279,1794,223,5,6,2017,10358
ReallyObvious,1,10355,5772,4583,1189,274,1,0,1463,10355
tsunad,1,10354,5763,4591,1172,80,1,1,1252,10355
tonypotenza,4,10351,6185,4166,2019,128,3,3,2147,10354
zymoticspade,1,10353,5834,4519,1315,238,1,1,1553,10354
arghnard,2,10350,5685,4665,1020,134,2,1,1154,10351
theamehzingsam,2,10348,6248,4100,2148,770,2,0,2918,10348
kcirtap_mi,2,10346,5974,4372,1602,167,1,1,1769,10347
vish4l,1,10346,5619,4727,892,236,1,1,1128,10347
bubblejuice121,1,10346,5573,4773,800,69,1,1,869,10347
CopperKat,1,10345,5643,4702,941,198,1,1,1139,10346
DucoNihilum,2,10344,5831,4513,1318,329,2,1,1647,10345
Lanezy,7,10340,6147,4193,1954,215,5,3,2169,10343
andy98725,4,10336,5691,4645,1046,98,3,3,1144,10339
rageaboutsugar,1,10334,5637,4697,940,318,1,1,1258,10335
Boomshakkalakka,2,10333,6298,4035,2263,57,1,1,2320,10334
RobertsStupid,1,10331,5454,4877,577,114,1,1,691,10332
meowjessicat,1,10331,5723,4608,1115,192,1,0,1307,10331
robot_ben,1,10331,5743,4588,1155,126,1,0,1281,10331
nachonacho666,2,10329,5339,4990,349,772,1,2,1121,10331
givindabees,1,10323,5577,4746,831,475,1,1,1306,10324
Da_Fuck,3,10320,5833,4487,1346,129,3,3,1475,10323
operator_isaac,3,10321,5610,4711,899,189,3,1,1088,10322
tsuchinokoDemon,1,10318,5657,4661,996,87,1,1,1083,10319
ddh228,2,10317,6231,4086,2145,176,2,1,2321,10318
tzr,5,10314,5935,4379,1556,288,4,4,1844,10318
iKidCudi,2,10317,5873,4444,1429,55,1,1,1484,10318
CInquexxx,1,10312,5607,4705,902,352,1,1,1254,10313
extra_repost,1,10312,5643,4669,974,237,1,1,1211,10313
JiuJitsu4L,1,10312,5557,4755,802,47,1,0,849,10312
RapeSquadKillaa,2,10307,5669,4638,1031,314,2,2,1345,10309
MrSmee77,2,10302,6039,4263,1776,149,2,2,1925,10304
wisehunter,1,10299,5446,4853,593,279,1,1,872,10300
davismm85,2,10298,5379,4919,460,496,1,1,956,10299
Loserd,2,10292,5702,4590,1112,274,2,2,1386,10294
sowemeetagain,1,10294,5742,4552,1190,53,1,0,1243,10294
Bunyardz,3,10285,6055,4230,1825,459,3,3,2284,10288
zestywaffles,2,10284,5517,4767,750,107,2,2,857,10286
seligerasmus,1,10284,5658,4626,1032,360,1,0,1392,10284
Devavres,1,10283,5681,4602,1079,292,1,0,1371,10283
akaicewolf,3,10280,5734,4546,1188,154,3,2,1342,10282
surette,1,10281,5545,4736,809,150,1,1,959,10282
GFandango,3,10278,5871,4407,1464,121,3,3,1585,10281
Wendy14618,1,10280,5485,4795,690,139,1,1,829,10281
chaon93,2,10274,5889,4385,1504,129,0,2,1633,10276
txbob22,1,10270,5661,4609,1052,289,0,1,1341,10271
callummarch,1,10269,5849,4420,1429,172,1,0,1601,10269
FurryCake,1,10267,5569,4698,871,278,1,1,1149,10268
filemeaway,1,10264,6218,4046,2172,434,1,0,2606,10264
twocentsdaily,1,10262,5691,4571,1120,100,1,1,1220,10263
Bixnoodles,1,10261,5683,4578,1105,171,0,1,1276,10262
jumbo-shrimp,13,10252,6986,3266,3720,186,13,8,3906,10260
pandashpace,6,10255,5703,4552,1151,110,6,4,1261,10259
SleepyMouse,1,10258,5918,4340,1578,496,1,0,2074,10258
CylonOven,1,10253,5806,4447,1359,41,1,0,1400,10253
ascholar,1,10252,5638,4614,1024,155,1,1,1179,10253
Vackalak,1,10248,5469,4779,690,97,1,1,787,10249
Bobic2,7,10240,5476,4764,712,164,5,7,876,10247
Schnaps,3,10244,5494,4750,744,121,3,3,865,10247
Paid_for_WinRar,2,10243,5885,4358,1527,56,1,2,1583,10245
Aramgutang,1,10238,5797,4441,1356,137,1,1,1493,10239
cameronrs0,1,10237,5994,4243,1751,47,0,1,1798,10238
showmeaction,1,10238,5884,4354,1530,72,1,0,1602,10238
BeautifulBard,3,10236,5865,4371,1494,107,3,1,1601,10237
posananer,5,10227,6250,3977,2273,166,3,4,2439,10231
tinparrot,1,10224,5677,4547,1130,129,1,1,1259,10225
doctorlust,1,10224,5901,4323,1578,129,1,0,1707,10224
ralighthall,1,10223,5696,4527,1169,99,1,1,1268,10224
aubgrad11,1,10223,5870,4353,1517,122,1,0,1639,10223
ryehighsam,1,10223,5630,4593,1037,170,1,0,1207,10223
botguy,1,10221,5460,4761,699,113,1,1,812,10222
lepremier,1,10220,5842,4378,1464,344,1,0,1808,10220
we_got_this,1,10216,5520,4696,824,227,1,1,1051,10217
jingansi,4,10210,5715,4495,1220,64,4,3,1284,10213
ddelrymple,1,10212,6207,4005,2202,92,1,0,2294,10212
Oskario,11,10195,5917,4278,1639,747,2,11,2386,10206
brodudealot,1,10202,5859,4343,1516,75,1,0,1591,10202
KoulMomo,1,10201,5728,4473,1255,95,1,0,1350,10201
narcolepsyinc,1,10198,6351,3847,2504,129,1,0,2633,10198
Bronze_Bear,1,10197,5679,4518,1161,57,1,1,1218,10198
tusharchutani,7,10191,6204,3987,2217,63,5,6,2280,10197
dvbret,1,10196,5721,4475,1246,290,1,1,1536,10197
ProbableCause,1,10195,5885,4310,1575,195,1,0,1770,10195
bluelupus,1,10193,5880,4313,1567,202,1,1,1769,10194
evandavis7,1,10193,5457,4736,721,169,1,0,890,10193
Humble_Link_Guy,3,10189,5987,4202,1785,121,3,3,1906,10192
Le0Regulus,8,10185,6006,4179,1827,264,8,6,2091,10191
jmkeeley14,1,10189,5852,4337,1515,158,1,1,1673,10190
squeeky_shark2342,1,10189,5747,4442,1305,68,1,1,1373,10190
GODDAMN_FARM_SHAMAN,3,10187,5872,4315,1557,1231,3,2,2788,10189
poTATEohhh,1,10188,5449,4739,710,70,1,1,780,10189
popofcolor,2,10186,5607,4579,1028,190,2,2,1218,10188
checkenginelight,1,10187,5552,4635,917,293,1,0,1210,10187
odysseus88,2,10184,5835,4349,1486,91,2,2,1577,10186
xaq123,3,10183,5628,4555,1073,74,3,1,1147,10184
SnaketaiI,1,10183,5483,4700,783,85,1,0,868,10183
naker_virus,2,10181,6095,4086,2009,101,1,1,2110,10182
RandomFlotsam,1,10182,6018,4164,1854,192,1,0,2046,10182
TheHatman9,2,10180,5696,4484,1212,103,2,2,1315,10182
wolfgang5feet,5,10176,5971,4205,1766,45,0,5,1811,10181
Arcade_West,1,10179,5849,4330,1519,98,1,0,1617,10179
felleese,1,10173,5576,4597,979,160,1,0,1139,10173
iancheeseburger,1,10172,6011,4161,1850,397,0,0,2247,10172
theyellowpuppet,3,10169,6001,4168,1833,458,3,2,2291,10171
gridiron_nick,2,10169,6266,3903,2363,110,2,1,2473,10170
gaop,2,10166,5844,4322,1522,112,2,2,1634,10168
atlas44,3,10163,5883,4280,1603,272,3,3,1875,10166
macefacemace,1,10162,5587,4575,1012,128,1,1,1140,10163
dempeppers,1,10160,5557,4603,954,167,1,1,1121,10161
SURFERjames,2,10154,5937,4217,1720,83,2,2,1803,10156
poopinlikeagypsy,2,10155,5679,4476,1203,101,2,1,1304,10156
MajorasFlask404,1,10155,5627,4528,1099,83,0,1,1182,10156
Zrk2,2,10150,5509,4641,868,150,2,2,1018,10152
danwoj45,1,10150,5704,4446,1258,82,1,1,1340,10151
ShostInTheGhell,1,10148,5541,4607,934,101,1,1,1035,10149
euletide,7,10141,5727,4414,1313,279,4,7,1592,10148
ziadgotmehooked,2,10137,5730,4407,1323,141,2,2,1464,10139
XMPPwocky,1,10138,5612,4526,1086,46,1,1,1132,10139
madzanta,1,10137,5418,4719,699,227,1,1,926,10138
workingdankoch,1,10135,5753,4382,1371,140,1,0,1511,10135
kastorslump,4,10130,5503,4627,876,121,4,3,997,10133
PonyParkour,2,10129,5691,4438,1253,57,1,2,1310,10131
misterraider,1,10130,5441,4689,752,132,1,1,884,10131
mctanuki,1,10129,5762,4367,1395,82,1,1,1477,10130
elevenothree,1,10127,5902,4225,1677,111,1,1,1788,10128
Semen-Thrower,1,10125,6062,4063,1999,133,1,1,2132,10126
Mankrel,5,10121,5637,4484,1153,135,5,5,1288,10126
nick4444,1,10125,5488,4637,851,30,1,1,881,10126
D0DW377,3,10118,5951,4167,1784,144,3,3,1928,10121
RocketRobinhood,2,10119,6084,4035,2049,291,2,1,2340,10120
Littlebud1234,5,10114,5940,4174,1766,196,3,5,1962,10119
hockeykid949,4,10112,5806,4306,1500,76,3,3,1576,10115
ktxbai,4,10111,5806,4305,1501,444,4,2,1945,10113
BeefPieSoup,6,10104,6111,3993,2118,171,6,3,2289,10107
Raufio,1,10099,5518,4581,937,116,1,0,1053,10099
DjROOOOMBAAAAA,2,10097,5724,4373,1351,71,2,1,1422,10098
sassybananas,6,10090,5497,4593,904,194,5,6,1098,10096
WhitneyRobbens,3,10093,6109,3984,2125,359,3,2,2484,10095
highcommand,2,10093,5797,4296,1501,125,2,2,1626,10095
HINL2,4,10091,5727,4364,1363,126,3,4,1489,10095
goingTofu,2,10088,5836,4252,1584,103,2,2,1687,10090
Harro65,2,10087,5572,4515,1057,90,2,1,1147,10088
Unsinkablesam,1,10086,5474,4612,862,72,1,1,934,10087
sassyonassass,1,10084,5536,4548,988,247,1,1,1235,10085
TheInternetBrit,2,10083,5734,4349,1385,342,2,1,1727,10084
Aromaz,1,10080,5205,4875,330,859,1,1,1189,10081
1ST_LETTER_EACH_WORD,3,10077,5416,4661,755,458,3,3,1213,10080
IwazFrozen2day,3,10071,5736,4335,1401,652,3,3,2053,10074
MrRhymestyle,4,10066,5324,4742,582,291,3,4,873,10070
KneeGrowPlees,3,10064,5739,4325,1414,144,3,3,1558,10067
WILDCOX,1,10064,5671,4393,1278,57,1,1,1335,10065
wtfisdisreal,1,10062,5722,4340,1382,88,1,1,1470,10063
sweevo,1,10061,6122,3939,2183,188,1,1,2371,10062
DeathStarDriveBy,1,10056,5611,4445,1166,148,0,1,1314,10057
Worryaboutstuff,2,10053,5666,4387,1279,288,1,2,1567,10055
crashedpumpkin,1,10051,5421,4630,791,203,0,1,994,10052
Pedro105,1,10049,5809,4240,1569,44,1,0,1613,10049
wootitsbobby,6,10042,5754,4288,1466,159,6,6,1625,10048
DuckTapeDiva,1,10044,5861,4183,1678,135,1,1,1813,10045
MysT_DooM,1,10042,5852,4190,1662,198,1,1,1860,10043
iwatchyoupee,1,10043,5578,4465,1113,527,1,0,1640,10043
Benjamin1160,5,10041,5430,4611,819,188,3,2,1007,10043
HKWill,1,10042,5876,4166,1710,176,1,0,1886,10042
junk_radio,1,10041,5672,4369,1303,66,1,1,1369,10042
Achlies,2,10039,5916,4123,1793,278,2,2,2071,10041
pootytangg,1,10040,5780,4260,1520,262,1,1,1782,10041
hurajktron,1,10041,5664,4377,1287,262,1,0,1549,10041
theschmugest,2,10039,5168,4871,297,386,2,2,683,10041
Phill_shiffley,1,10039,5996,4043,1953,185,1,0,2138,10039
mahpton,1,10033,5485,4548,937,740,1,1,1677,10034
greyblok,1,10032,5437,4595,842,211,1,1,1053,10033
MyGod_ItsBeautiful,9,10023,6375,3648,2727,366,9,3,3093,10026
wcb231,3,10024,5811,4213,1598,101,3,2,1699,10026
FourteenHatch,2,10025,5558,4467,1091,215,2,1,1306,10026
thaginganinja,2,10023,5436,4587,849,829,2,2,1678,10025
gang_snowman,4,10022,5678,4344,1334,870,4,2,2204,10024
freakinbob,1,10022,5530,4492,1038,76,1,0,1114,10022
two2tone22,1,10021,5734,4287,1447,232,1,0,1679,10021
GotItCoach,4,10018,5332,4686,646,958,4,3,1604,10021
ajf0007,1,10021,5635,4386,1249,203,1,0,1452,10021
chewtality,3,10018,6055,3963,2092,242,3,2,2334,10020
JacobYEah,5,10017,5446,4571,875,91,5,3,966,10020
stealthyninj5,2,10009,5465,4544,921,55,2,2,976,10011
ThizzardofOz,1,10004,5567,4437,1130,240,1,1,1370,10005
cooljt56,2,10003,5639,4364,1275,180,2,1,1455,10004
auralvance,2,10002,5370,4632,738,172,2,1,910,10003
jogleby,1,9998,5767,4231,1536,352,1,0,1888,9998
ek_minute,3,9996,6111,3885,2226,120,0,1,2346,9997
EweMad,1,9993,5576,4417,1159,430,1,0,1589,9993
pmann10,3,9991,5562,4429,1133,226,2,2,1359,9993
TROPiCALRUBi,1,9991,5664,4327,1337,224,1,1,1561,9992
RoarBoat,2,9989,5704,4285,1419,93,2,2,1512,9991
DefinatelyNotACheese,4,9989,5572,4417,1155,69,3,2,1224,9991
I_am_not_angry,3,9987,5957,4030,1927,162,2,3,2089,9990
phillythebeaut,1,9987,5633,4354,1279,153,1,1,1432,9988
zakarm22,1,9987,5431,4556,875,72,1,1,947,9988
Retawtrams,2,9984,5318,4666,652,108,2,2,760,9986
IAMA_SWEET,8,9978,5926,4052,1874,134,5,7,2008,9985
zzman1490,3,9980,5447,4533,914,148,3,3,1062,9983
F1Yafghan,7,9977,5398,4579,819,176,3,6,995,9983
claudesoph,1,9981,5718,4263,1455,63,0,1,1518,9982
Strel-chan,1,9981,5245,4736,509,198,1,0,707,9981
rockstar107,2,9978,5923,4055,1868,133,1,2,2001,9980
Cennoreth,1,9978,5645,4333,1312,197,1,1,1509,9979
Shannogins115,3,9977,5523,4454,1069,124,3,2,1193,9979
Hollistar,1,9978,5409,4569,840,162,1,1,1002,9979
bluenightlight,1,9977,5233,4744,489,75,1,1,564,9978
ChrisWalker1,3,9971,5638,4333,1305,60,1,3,1365,9974
dandello,1,9972,5537,4435,1102,307,1,1,1409,9973
rountrey,3,9969,5639,4330,1309,300,2,3,1609,9972
cr5315,1,9966,5454,4512,942,59,1,1,1001,9967
travis-of-the-cosmos,1,9965,5933,4032,1901,199,1,1,2100,9966
cancerik5,4,9956,6028,3928,2100,153,3,4,2253,9960
jtl914,2,9946,5469,4477,992,138,1,1,1130,9947
bspeenz,1,9947,5355,4592,763,193,1,0,956,9947
Hahn_Solo,1,9945,5317,4628,689,1595,1,1,2284,9946
mobpolitics,1,9940,5463,4477,986,269,1,1,1255,9941
jlab89,2,9939,5542,4397,1145,103,2,2,1248,9941
Vist34,6,9934,5568,4366,1202,102,6,5,1304,9939
TheUSARMY45,1,9938,5269,4669,600,101,1,0,701,9938
eisgeburt,2,9933,5453,4480,973,179,2,2,1152,9935
doremiabc123,1,9934,5382,4552,830,66,1,1,896,9935
Pansenmann,2,9932,5672,4260,1412,143,2,2,1555,9934
polymathicManiac,1,9933,5557,4376,1181,305,1,1,1486,9934
witt19,1,9932,5792,4140,1652,218,0,1,1870,9933
rouge321,1,9929,5529,4400,1129,138,1,1,1267,9930
Mrexcellent,1,9921,5273,4648,625,103,1,1,728,9922
kwizzle14,1,9920,5535,4385,1150,100,1,0,1250,9920
JollyGreen37,2,9917,6205,3712,2493,212,2,2,2705,9919
MollyBloom11,2,9919,5757,4162,1595,195,1,0,1790,9919
kaax,2,9916,5723,4193,1530,171,2,2,1701,9918
Kuonji,1,9917,6900,3017,3883,1702,1,0,5585,9917
alisonst,1,9916,5508,4408,1100,130,1,1,1230,9917
bloughme,1,9915,5506,4409,1097,89,1,1,1186,9916
fixthecopier,5,9910,5982,3928,2054,207,5,5,2261,9915
wa-zoo,1,9914,5447,4467,980,39,1,1,1019,9915
0mar1267,4,9909,5591,4318,1273,72,3,4,1345,9913
ALLCAPSBROO,2,9910,5269,4641,628,98,2,2,726,9912
Brosephius12,1,9910,5536,4374,1162,39,0,1,1201,9911
Redwing330,1,9906,5392,4514,878,173,1,0,1051,9906
--TacoLoco--,3,9901,5317,4584,733,115,2,2,848,9903
Jfigz,1,9897,5715,4182,1533,268,1,1,1801,9898
WinkMe,2,9895,5425,4470,955,48,2,2,1003,9897
TheSunAlsoRises,3,9896,6441,3455,2986,295,3,0,3281,9896
brodesto,8,9889,6045,3844,2201,149,7,5,2350,9894
admiralgringo,1,9894,5409,4485,924,140,1,0,1064,9894
dhaadh,1,9891,6390,3501,2889,419,1,0,3308,9891
jingoblingo,2,9889,5470,4419,1051,333,2,2,1384,9891
ryugan,1,9887,5784,4103,1681,524,1,0,2205,9887
Reichcommander,2,9885,5788,4097,1691,68,2,1,1759,9886
JustinBizzloads,1,9885,5879,4006,1873,500,1,0,2373,9885
5secsofpleasure,1,9885,5806,4079,1727,38,1,0,1765,9885
Gorillaz2189,1,9881,5518,4363,1155,217,1,1,1372,9882
yahtz33,2,9880,5432,4448,984,229,2,2,1213,9882
westin_majors,3,9878,5740,4138,1602,103,3,3,1705,9881
soundofmissing,1,9878,5301,4577,724,127,1,0,851,9878
smoti,3,9876,5785,4091,1694,120,1,1,1814,9877
sot13,1,9874,5549,4325,1224,127,1,0,1351,9874
Deathh,7,9865,6212,3653,2559,121,7,6,2680,9871
beirbua,1,9869,5398,4471,927,76,1,1,1003,9870
ryang209,2,9865,5601,4264,1337,133,2,2,1470,9867
floppyfluke44,1,9865,5768,4097,1671,59,1,1,1730,9866
CrackHeadRodeo,8,9857,6104,3753,2351,323,5,8,2674,9865
TheYellowWombat,1,9862,5365,4497,868,378,1,1,1246,9863
Immaculate_Pasta,1,9861,5517,4344,1173,124,1,1,1297,9862
hopperr,5,9856,5875,3981,1894,51,1,5,1945,9861
The_Abe_Froman,1,9861,5662,4199,1463,173,1,0,1636,9861
ThatsACross,1,9860,5963,3897,2066,90,1,0,2156,9860
TipsTheJust,2,9859,5525,4334,1191,89,2,1,1280,9860
AdmirableAckbar,3,9855,5872,3983,1889,320,3,3,2209,9858
mdhockey9,3,9853,5539,4314,1225,130,3,3,1355,9856
14152928247,2,9855,5572,4283,1289,58,1,1,1347,9856
xBlackfox,2,9853,5615,4238,1377,451,2,2,1828,9855
Wootens,3,9852,5702,4150,1552,60,3,2,1612,9854
preciouses,1,9852,5655,4197,1458,243,1,0,1701,9852
pieanger,1,9849,5420,4429,991,268,1,1,1259,9850
ShoMeTheMoney,1,9841,5445,4396,1049,141,1,0,1190,9841
Jonathan-O,3,9838,5386,4452,934,58,3,2,992,9840
relapse524,1,9838,5418,4420,998,208,1,1,1206,9839
prometheusjptr,6,9828,6163,3665,2498,82,5,6,2580,9834
mathiasbynens,1,9833,5386,4447,939,271,1,1,1210,9834
Kracadon,1,9832,5844,3988,1856,368,1,1,2224,9833
link14,3,9830,5454,4376,1078,154,3,2,1232,9832
-mcp-,1,9832,5295,4537,758,116,1,0,874,9832
DAV3Y,1,9831,5779,4052,1727,298,1,0,2025,9831
DumbUsername420,3,9828,5748,4080,1668,454,2,2,2122,9830
SadSmile,1,9830,5870,3960,1910,72,1,0,1982,9830
LaughLoudLiveProud,2,9828,5756,4072,1684,30,0,2,1714,9830
scnavi,1,9830,5547,4283,1264,156,1,0,1420,9830
skeeto,1,9830,5487,4343,1144,194,1,0,1338,9830
fozz1982,3,9824,5843,3981,1862,113,3,3,1975,9827
viceman99,2,9825,5954,3871,2083,94,2,1,2177,9826
ruinedme,2,9824,5568,4256,1312,164,2,2,1476,9826
causeproblems,3,9824,5418,4406,1012,134,3,1,1146,9825
billmalarky,3,9824,5278,4546,732,398,3,1,1130,9825
KillaPeas,3,9818,5541,4277,1264,67,3,3,1331,9821
chandria,5,9814,5780,4034,1746,75,3,5,1821,9819
ilovenose,1,9814,5445,4369,1076,65,1,1,1141,9815
adawg58,1,9813,5386,4427,959,81,1,1,1040,9814
Gougeru,1,9811,5310,4501,809,74,1,0,883,9811
uhLOL,1,9810,6587,3223,3364,108,1,0,3472,9810
SemenTheDemon,3,9806,5611,4195,1416,72,3,2,1488,9808
toast_toast9,2,9805,5623,4182,1441,69,2,2,1510,9807
AngryTomato,1,9799,5617,4182,1435,46,1,1,1481,9800
strakyites,1,9798,5601,4197,1404,521,1,0,1925,9798
Chapeaux,1,9797,5261,4536,725,93,1,1,818,9798
cncwd,2,9795,5537,4258,1279,157,2,1,1436,9796
SparkleLush,1,9793,5452,4341,1111,150,1,0,1261,9793
Twizzler26,3,9790,5788,4002,1786,254,3,2,2040,9792
awinnarisyou,2,9790,6088,3702,2386,327,2,1,2713,9791
veritasxe,2,9789,5292,4497,795,337,2,1,1132,9790
siebiscuit,1,9789,5199,4590,609,75,1,1,684,9790
lauderdalepat,2,9786,5383,4403,980,132,2,2,1112,9788
Destos,1,9787,6285,3502,2783,1172,1,0,3955,9787
ArmandH4mmer,2,9782,5418,4364,1054,266,2,2,1320,9784
santisanti,2,9783,6209,3574,2635,141,1,0,2776,9783
ZargoX,2,9781,5690,4091,1599,104,2,2,1703,9783
therealdohr,1,9782,5374,4408,966,120,1,1,1086,9783
PaperSoviet,1,9782,5561,4221,1340,72,1,0,1412,9782
LaurenSauce,1,9781,5405,4376,1029,132,0,1,1161,9782
OutOfApplesauce,3,9779,5406,4373,1033,76,3,3,1109,9782
trolling_at_work,1,9779,5506,4273,1233,44,1,1,1277,9780
KuntFu,4,9776,5438,4338,1100,115,4,4,1215,9780
iBlameBlue,1,9776,5587,4189,1398,287,1,1,1685,9777
NickWasHere09,2,9768,5210,4558,652,198,2,2,850,9770
PleaseObeyMeThanks,2,9767,5533,4234,1299,107,2,2,1406,9769
Mindwraith,1,9768,5372,4396,976,86,1,1,1062,9769
dukebd2010,1,9767,5358,4409,949,115,1,1,1064,9768
Luqq,1,9766,5333,4433,900,71,1,1,971,9767
TheCakeDayLie,1,9762,5622,4140,1482,131,1,1,1613,9763
nikkioh,2,9762,5537,4225,1312,108,2,1,1420,9763
monoliths,1,9760,6251,3509,2742,467,1,1,3209,9761
wetbudha,3,9758,5562,4196,1366,97,3,1,1463,9759
vladutzmihai,4,9754,6376,3378,2998,78,4,4,3076,9758
sekret_identity,1,9758,5479,4279,1200,593,1,0,1793,9758
TheGizmojo,2,9757,5512,4245,1267,99,2,1,1366,9758
Secres,7,9752,6035,3717,2318,149,5,5,2467,9757
bashobt,2,9755,5397,4358,1039,485,2,2,1524,9757
HarryFrickinPotter,1,9756,5522,4234,1288,89,1,1,1377,9757
shinyhappyhead,1,9750,5690,4060,1630,125,0,0,1755,9750
LaceVentura,1,9750,5260,4490,770,510,1,0,1280,9750
MacMameraZombie69,1,9749,5328,4421,907,156,1,1,1063,9750
Nick_12,1,9747,5880,3867,2013,419,1,0,2432,9747
Jordansnbb,1,9746,5399,4347,1052,77,1,0,1129,9746
itsnaftis,1,9744,5734,4010,1724,186,1,1,1910,9745
hanneken,3,9742,5682,4060,1622,135,3,3,1757,9745
krauser1,1,9743,5209,4534,675,69,1,1,744,9744
starstufft,1,9742,5524,4218,1306,78,1,0,1384,9742
A1e,1,9737,5588,4149,1439,350,1,1,1789,9738
swiftpants,1,9738,5689,4049,1640,90,1,0,1730,9738
Rjk836,4,9732,5419,4313,1106,150,4,2,1256,9734
MicheleFedler,1,9729,5220,4509,711,210,1,1,921,9730
LeadOn,4,9726,5415,4311,1104,61,4,3,1165,9729
captainoldspice,1,9727,5317,4410,907,80,1,1,987,9728
IwaveAtBuses,1,9728,5192,4536,656,126,1,0,782,9728
HipHoppAnonymous,2,9725,5594,4131,1463,178,2,2,1641,9727
fuzzydunloblaw,1,9725,5352,4373,979,174,1,1,1153,9726
Kaiuk,2,9722,5194,4528,666,58,2,1,724,9723
btotherahim,1,9721,5517,4204,1313,171,1,1,1484,9722
FlashFreezer,9,9710,5707,4003,1704,97,9,8,1801,9718
bergeasy,1,9713,5704,4009,1695,161,1,1,1856,9714
cousinrayray,1,9712,5821,3891,1930,195,1,1,2125,9713
amazeballss,1,9708,5386,4322,1064,142,1,1,1206,9709
thebahalo,1,9708,5347,4361,986,127,1,1,1113,9709
moe2395,3,9705,5431,4274,1157,246,2,3,1403,9708
kronos22,1,9705,5865,3840,2025,103,1,1,2128,9706
terrible20somethings,1,9705,5508,4197,1311,167,1,1,1478,9706
SomeStayDry,1,9705,5337,4368,969,101,1,0,1070,9705
slylibel,1,9700,5077,4623,454,473,1,1,927,9701
connor321,5,9695,5815,3880,1935,47,3,4,1982,9699
superwaiter,3,9697,5566,4131,1435,115,3,2,1550,9699
duemenotre,4,9696,5772,3924,1848,116,4,2,1964,9698
iamportal,1,9697,5310,4387,923,205,1,1,1128,9698
Benjigga,9,9689,5521,4168,1353,459,8,8,1812,9697
pyroman136,1,9697,5266,4431,835,191,1,0,1026,9697
minimegadoodle,5,9694,5721,3973,1748,245,5,2,1993,9696
DirtDog13,1,9692,5426,4266,1160,69,1,1,1229,9693
wtf_economics,1,9692,4956,4736,220,635,1,1,855,9693
MindF_ck,1,9691,6002,3689,2313,202,1,0,2515,9691
link1910,1,9689,5174,4515,659,104,1,1,763,9690
rktfuel,1,9687,5976,3711,2265,324,1,0,2589,9687
LazyEights,1,9686,5336,4350,986,185,1,1,1171,9687
Super_Pie,5,9680,6415,3265,3150,104,4,4,3254,9684
moonhead,1,9682,5310,4372,938,1155,1,1,2093,9683
intsevious,1,9683,5416,4267,1149,98,1,0,1247,9683
Vanderloulou,1,9676,5597,4079,1518,169,0,1,1687,9677
HandfulOfPeter,1,9675,5394,4281,1113,73,1,1,1186,9676
mrbazooka,1,9674,5329,4345,984,111,0,1,1095,9675
GuysTheName,1,9670,5539,4131,1408,35,1,1,1443,9671
phasers_to_stun,3,9670,5419,4251,1168,86,3,1,1254,9671
HerperDerpingham,1,9669,5355,4314,1041,827,1,1,1868,9670
lhk91,2,9667,5454,4213,1241,91,2,1,1332,9668
Frankeh,1,9666,5504,4162,1342,839,1,0,2181,9666
Rmoddifier,1,9664,5498,4166,1332,381,1,0,1713,9664
zero9625,1,9663,5667,3996,1671,138,1,0,1809,9663
dudelsac,3,9658,5216,4442,774,257,3,2,1031,9660
papasconqueso,1,9656,5306,4350,956,571,1,1,1527,9657
Vaginal_Tractor,2,9655,5142,4513,629,143,2,2,772,9657
frickfrock99,3,9653,6072,3581,2491,176,2,1,2667,9654
Doovid97,1,9651,5322,4329,993,215,1,1,1208,9652
DirtyBojanglez,3,9648,5509,4139,1370,121,2,2,1491,9650
RunawayPope,1,9646,5247,4399,848,253,1,1,1101,9647
mangipng,1,9644,5373,4271,1102,114,1,0,1216,9644
Heaps_Flacid,1,9639,5688,3951,1737,404,1,0,2141,9639
GSGReddits,3,9638,5694,3944,1750,777,3,0,2527,9638
Derpster123,14,9624,5228,4396,832,170,5,14,1002,9638
cubemaster21,1,9636,5735,3901,1834,178,1,0,2012,9636
AllTheZoltans,1,9635,5374,4261,1113,96,1,1,1209,9636
Cathbar,1,9635,5435,4200,1235,324,1,0,1559,9635
j_juggernaut,2,9631,5450,4181,1269,84,0,1,1353,9632
janre75,1,9629,5460,4169,1291,83,1,1,1374,9630
D3cker,2,9627,6076,3551,2525,113,2,2,2638,9629
MultiPassFE,2,9627,5408,4219,1189,65,2,2,1254,9629
Nlelith,1,9627,5210,4417,793,282,1,1,1075,9628
Rook14,3,9624,5353,4271,1082,162,3,3,1244,9627
ChSean,1,9626,5403,4223,1180,182,1,0,1362,9626
Xenophon1,7,9617,7460,2157,5303,707,6,6,6010,9623
Shazaam613,2,9620,5717,3903,1814,134,1,2,1948,9622
Atrain009,1,9621,5129,4492,637,294,1,1,931,9622
k-relly,1,9620,5245,4375,870,138,1,1,1008,9621
Erected_Dispenser,3,9615,5470,4145,1325,67,2,3,1392,9618
scaryballoonman,2,9616,5557,4059,1498,590,2,1,2088,9617
Rkeenan12,2,9616,5548,4068,1480,151,2,1,1631,9617
TylerRBack,2,9615,5361,4254,1107,95,2,2,1202,9617
Lonely_child15,1,9614,5443,4171,1272,62,1,1,1334,9615
magister0,9,9607,6065,3542,2523,201,8,6,2724,9613
crackersinmadrid,1,9612,5926,3686,2240,344,1,0,2584,9612
bedsomt,2,9609,5360,4249,1111,45,2,1,1156,9610
StarlightxUK,1,9610,5273,4337,936,67,1,0,1003,9610
lmnop6789,1,9606,5379,4227,1152,130,0,1,1282,9607
fuckingwatertemple,1,9605,5234,4371,863,128,1,1,991,9606
Suzie157,2,9603,5733,3870,1863,852,2,1,2715,9604
MileHighBarfly,5,9594,5897,3697,2200,103,4,5,2303,9599
dwreckk,1,9597,5510,4087,1423,924,1,0,2347,9597
GetKenny,1,9594,5432,4162,1270,71,1,1,1341,9595
baconnator500,1,9593,5308,4285,1023,45,1,1,1068,9594
Who-cares,2,9591,5368,4223,1145,180,2,2,1325,9593
sojalemmi,2,9590,5093,4497,596,226,2,1,822,9591
-jimmyjack-,1,9591,4996,4595,401,92,1,0,493,9591
mike8902,2,9588,5388,4200,1188,174,2,2,1362,9590
Mansonmansonmanson,2,9588,5347,4241,1106,30,1,2,1136,9590
Diachy,7,9582,5467,4115,1352,138,6,7,1490,9589
keats360,2,9584,5305,4279,1026,89,1,2,1115,9586
laescondida,1,9583,5627,3956,1671,48,1,0,1719,9583
Panda_De_Guerre,4,9576,5550,4026,1524,132,4,4,1656,9580
SexySalim,1,9578,5487,4091,1396,54,1,1,1450,9579
kateums,1,9578,5242,4336,906,68,1,1,974,9579
idraj,1,9578,4956,4622,334,265,1,1,599,9579
Xeta8,1,9574,5968,3606,2362,79,1,1,2441,9575
fandabidozichu,1,9571,5417,4154,1263,150,1,1,1413,9572
conadiakes,2,9567,5310,4257,1053,91,2,2,1144,9569
XxArbalestxX,1,9568,5215,4353,862,67,1,0,929,9568
MrBeary,1,9565,5376,4189,1187,196,1,0,1383,9565
tuesdays_,1,9565,5175,4390,785,131,1,0,916,9565
milz4897,1,9564,5187,4377,810,68,1,1,878,9565
Cowwars28,1,9564,5274,4290,984,374,1,0,1358,9564
dobee2002,1,9564,5082,4482,600,173,0,0,773,9564
THeShinyHObbiest,1,9561,5149,4412,737,97,1,1,834,9562
schmitee27,1,9555,5344,4211,1133,752,1,0,1885,9555
Navalon,1,9554,5262,4292,970,206,1,1,1176,9555
reallygood,3,9548,5200,4348,852,101,2,2,953,9550
Rilgin,1,9548,5468,4080,1388,82,1,1,1470,9549
EricksA2,1,9546,5231,4315,916,49,1,1,965,9547
SrAomoh,1,9544,5289,4255,1034,143,1,1,1177,9545
Archonium,2,9543,5397,4146,1251,301,2,0,1552,9543
ChurnedIntoButter,1,9542,5377,4165,1212,257,1,0,1469,9542
brelkor,1,9540,5281,4259,1022,305,1,1,1327,9541
okneil,4,9536,5576,3960,1616,221,4,4,1837,9540
edwartica,1,9529,5465,4064,1401,93,0,1,1494,9530
Condhor,2,9526,5521,4005,1516,61,2,2,1577,9528
Slayner,1,9527,5314,4213,1101,220,1,1,1321,9528
WhyIsTheNamesGone,2,9525,5445,4080,1365,28,2,2,1393,9527
dobbi,1,9525,5732,3793,1939,223,1,0,2162,9525
Sofee,1,9524,5122,4402,720,77,1,1,797,9525
CaptainKotatsu,1,9524,5436,4088,1348,35,1,0,1383,9524
TheNightMan5000,1,9521,5273,4248,1025,161,1,0,1186,9521
knewtt05,1,9520,5177,4343,834,166,1,1,1000,9521
rcrd,1,9520,5243,4277,966,34,1,1,1000,9521
1nfam0us,1,9519,5292,4227,1065,319,1,1,1384,9520
ProfessorDiablo,1,9518,5279,4239,1040,284,1,0,1324,9518
beeper917,1,9514,5425,4089,1336,227,0,1,1563,9515
yoitsmeab,1,9513,5342,4171,1171,55,1,1,1226,9514
hey_hey_you,1,9513,5196,4317,879,92,1,1,971,9514
FancyPillow,3,9508,5062,4446,616,70,3,3,686,9511
mr_forever,1,9509,5157,4352,805,99,0,1,904,9510
carter3413,1,9507,5488,4019,1469,109,1,1,1578,9508
RighteousMan,2,9504,5296,4208,1088,110,2,2,1198,9506
jwilsonjx,1,9502,5445,4057,1388,291,1,0,1679,9502
aliasdenied,1,9499,5788,3711,2077,41,1,1,2118,9500
EmoryV,1,9496,5275,4221,1054,39,1,1,1093,9497
munny1997,3,9489,5616,3873,1743,56,3,3,1799,9492
kidclutch,1,9490,5613,3877,1736,532,1,1,2268,9491
varys,2,9488,5490,3998,1492,38,0,2,1530,9490
iRunLikeObama08,1,9486,5427,4059,1368,37,1,0,1405,9486
quinncyjones,16,9472,6197,3275,2922,141,11,12,3063,9484
starfishboy123,5,9479,5689,3790,1899,66,1,5,1965,9484
Artector,3,9481,6072,3409,2663,132,2,0,2795,9481
ceh19219,1,9479,5165,4314,851,168,1,1,1019,9480
cokeandhoes,1,9477,5983,3494,2489,160,1,0,2649,9477
cconrad0825,1,9476,5422,4054,1368,227,1,1,1595,9477
Bangaa,3,9474,5271,4203,1068,42,3,2,1110,9476
Braach_of_None,2,9468,5381,4087,1294,507,1,2,1801,9470
TheOriginalSamBell,2,9461,5490,3971,1519,101,2,1,1620,9462
jacksonmorg,1,9460,5242,4218,1024,79,1,1,1103,9461
Jaymo24,1,9457,5230,4227,1003,196,1,1,1199,9458
GhostalMedia,4,9453,5397,4056,1341,200,3,4,1541,9457
Tehsoupman12,2,9455,5491,3964,1527,69,1,1,1596,9456
Grizeldabowski,1,9454,5248,4206,1042,102,1,0,1144,9454
bigbenecu,1,9452,5389,4063,1326,209,1,1,1535,9453
99-LS1-SS,4,9448,5659,3789,1870,79,3,4,1949,9452
myzenthing,1,9450,5420,4030,1390,78,1,1,1468,9451
xBaddie,5,9443,5327,4116,1211,191,5,3,1402,9446
chrismelba,1,9444,5035,4409,626,1138,1,0,1764,9444
Cozza24,1,9443,5497,3946,1551,42,1,1,1593,9444
sidewaysplanet,1,9443,5261,4182,1079,377,1,1,1456,9444
guerillatwang,5,9432,5882,3550,2332,444,2,5,2776,9437
Clabel,1,9433,5211,4222,989,78,1,1,1067,9434
mathetesc,1,9427,5191,4236,955,330,1,1,1285,9428
frosty731,1,9427,5077,4350,727,331,1,0,1058,9427
blunt_hound,10,9414,5151,4263,888,119,10,10,1007,9424
free_beer,3,9420,5568,3852,1716,91,3,2,1807,9422
Cactuar18,1,9420,5082,4338,744,285,1,1,1029,9421
EHoffman922,3,9418,4957,4461,496,73,3,3,569,9421
MadyLcbeth,2,9420,5432,3988,1444,55,2,0,1499,9420
Tom_Bombadillo,1,9419,5203,4216,987,353,1,1,1340,9420
laceystarr,1,9413,5148,4265,883,95,1,0,978,9413
mymainmanmoney,1,9410,5100,4310,790,138,1,1,928,9411
amijot,1,9407,6369,3038,3331,88,1,0,3419,9407
th0mesen,1,9402,5786,3616,2170,211,1,1,2381,9403
Kkleinsorge,3,9399,5634,3765,1869,250,3,3,2119,9402
TheBaconator15,2,9397,5587,3810,1777,151,0,2,1928,9399
Jamzkurl,2,9398,5051,4347,704,110,1,1,814,9399
flabbergasted1,4,9394,5664,3730,1934,69,4,4,2003,9398
Dogfish120ipay,1,9398,5089,4309,780,154,1,0,934,9398
Totallynotgee,1,9396,5090,4306,784,62,1,1,846,9397
brasscaribou,2,9394,5468,3926,1542,112,2,2,1654,9396
barro1cn,1,9394,5295,4099,1196,291,1,1,1487,9395
berv,3,9392,4977,4415,562,91,3,3,653,9395
grossgirl,1,9392,5819,3573,2246,435,1,0,2681,9392
GiggleAtTheGoatse,1,9390,5259,4131,1128,70,1,1,1198,9391
ahm107,3,9385,5173,4212,961,60,2,2,1021,9387
Proto_ent,1,9384,5260,4124,1136,42,1,1,1178,9385
SuperWalter,3,9381,5425,3956,1469,346,3,3,1815,9384
GSoviet306,1,9383,5282,4101,1181,137,1,0,1318,9383
meepmarshmallow,1,9382,5251,4131,1120,51,1,1,1171,9383
CalebisReal,2,9380,5364,4016,1348,124,2,2,1472,9382
justbrowsingreddit,2,9380,5369,4011,1358,120,2,1,1478,9381
mome_rath,2,9379,5317,4062,1255,64,2,2,1319,9381
j2theosh1,1,9378,5105,4273,832,247,1,1,1079,9379
echoscreen,1,9377,5435,3942,1493,708,1,0,2201,9377
way2bored,2,9375,5283,4092,1191,100,1,2,1291,9377
drunkenpineapple,2,9376,5106,4270,836,107,2,1,943,9377
MiBaGi,1,9373,5242,4131,1111,210,1,1,1321,9374
cludvic,1,9369,5213,4156,1057,253,1,1,1310,9370
dizzylizzy4,1,9369,5171,4198,973,149,1,1,1122,9370
TheKingy1991,4,9367,6095,3272,2823,77,2,2,2900,9369
slobiwan,2,9366,5853,3513,2340,139,2,2,2479,9368
aaMeerkat,2,9367,5287,4080,1207,124,2,1,1331,9368
jfrosty42,1,9366,5476,3890,1586,111,1,1,1697,9367
endproof,1,9367,5446,3921,1525,89,1,0,1614,9367
mercurialsaliva,1,9366,5737,3629,2108,210,1,0,2318,9366
sativaa,1,9365,5239,4126,1113,149,1,1,1262,9366
BlakeFrank,1,9366,5105,4261,844,230,1,0,1074,9366
VOOK64,1,9364,5400,3964,1436,111,1,1,1547,9365
brianmkelly14,1,9362,5058,4304,754,84,1,0,838,9362
ewolf132,1,9358,5498,3860,1638,162,0,1,1800,9359
owendt74,2,9356,5301,4055,1246,67,1,2,1313,9358
Neverdie2012,5,9355,5574,3781,1793,182,5,2,1975,9357
dogislove99,1,9357,5287,4070,1217,52,1,0,1269,9357
resik_307,4,9354,4989,4365,624,76,4,3,700,9357
commentsurfer,2,9353,5278,4075,1203,96,2,2,1299,9355
sirberus,1,9353,5570,3783,1787,450,1,1,2237,9354
rockonpal,2,9351,4937,4414,523,119,2,0,642,9351
BootManHands,1,9349,5533,3816,1717,369,1,0,2086,9349
Jzck,1,9348,5283,4065,1218,224,1,1,1442,9349
coryh,3,9341,5438,3903,1535,112,2,3,1647,9344
NFLBLitz20002,1,9339,5031,4308,723,97,1,1,820,9340
singleguntheory,2,9336,5664,3672,1992,456,2,0,2448,9336
happywaffle,2,9332,5488,3844,1644,271,2,2,1915,9334
milesawayfromthesun,2,9332,5412,3920,1492,73,2,2,1565,9334
massey909,1,9333,5250,4083,1167,171,1,1,1338,9334
ClankyInk,3,9331,5410,3921,1489,52,3,2,1541,9333
probablynotaperv,5,9327,5664,3663,2001,78,5,5,2079,9332
ZOMGitsRadimus,1,9332,5412,3920,1492,59,1,0,1551,9332
buildingwithclay,2,9330,5316,4014,1302,101,2,2,1403,9332
silversniper01,1,9331,5121,4210,911,470,1,0,1381,9331
stignordas,7,9325,5724,3601,2123,366,7,4,2489,9329
m00nty,1,9328,5062,4266,796,665,1,1,1461,9329
Foxprowl,1,9325,5117,4208,909,167,1,1,1076,9326
dogs_cant_look_up,2,9322,5387,3935,1452,111,2,2,1563,9324
unicornkiller,1,9323,5118,4205,913,180,1,1,1093,9324
FellKnight,1,9323,4797,4526,271,58,1,1,329,9324
FakePlasticShrimp,1,9320,5349,3971,1378,356,1,1,1734,9321
waywardchicken,1,9320,5402,3918,1484,130,1,0,1614,9320
win-win,2,9317,5395,3922,1473,102,1,1,1575,9318
Platinum1211,1,9315,5392,3923,1469,729,1,0,2198,9315
Lakailb87,4,9311,5598,3713,1885,132,4,2,2017,9313
j4yj4ys3z,1,9312,5384,3928,1456,245,1,1,1701,9313
Browniemac85,12,9300,6040,3260,2780,240,10,12,3020,9312
orichalcos,1,9311,4998,4313,685,39,1,1,724,9312
vivalanation734,1,9309,5337,3972,1365,114,1,1,1479,9310
meilings,1,9306,5013,4293,720,69,1,1,789,9307
RealAnthonyL,3,9306,4970,4336,634,88,3,1,722,9307
sambt5,4,9303,5990,3313,2677,252,4,2,2929,9305
sodypop,13,9293,7902,1391,6511,445,12,11,6956,9304
XtcWorkout,1,9303,5330,3973,1357,281,1,1,1638,9304
TheSimonToUrGarfunkl,3,9302,5182,4120,1062,179,1,2,1241,9304
ceyendy,4,9300,5076,4224,852,83,4,3,935,9303
LordAlpaca,1,9301,5665,3636,2029,73,1,0,2102,9301
TaylorTotFTW,2,9300,5138,4162,976,187,2,1,1163,9301
i_dont-get_it,3,9296,5376,3920,1456,179,3,3,1635,9299
FlyingNarwhal68,2,9296,5040,4256,784,75,1,2,859,9298
Enlightenment777,1,9293,5089,4204,885,580,0,1,1465,9294
harpalt,3,9285,5708,3577,2131,122,3,2,2253,9287
sfacs,1,9286,4886,4400,486,60,1,1,546,9287
goodnightmistertom,1,9284,5253,4031,1222,437,1,0,1659,9284
tigreblo,1,9283,5380,3903,1477,65,0,1,1542,9284
technokitty,1,9281,5128,4153,975,274,1,0,1249,9281
mrjevans33,2,9279,5080,4199,881,56,2,2,937,9281
Cromax,3,9278,5602,3676,1926,579,3,1,2505,9279
goodalan,4,9274,5331,3943,1388,114,4,4,1502,9278
_emordnilaP,1,9276,5308,3968,1340,129,0,1,1469,9277
Artzee,1,9274,5086,4188,898,163,1,1,1061,9275
humblemoley,1,9272,5321,3951,1370,286,1,1,1656,9273
will22296,2,9267,5277,3990,1287,169,1,2,1456,9269
kfed1,1,9267,5208,4059,1149,114,0,1,1263,9268
Thriftx,2,9263,5145,4118,1027,124,2,2,1151,9265
gotsnow,1,9261,5452,3809,1643,493,1,1,2136,9262
davetronic,2,9257,5306,3951,1355,42,1,2,1397,9259
WTFRAWL,1,9258,6613,2645,3968,897,1,0,4865,9258
Vegeta11,1,9257,5226,4031,1195,151,1,1,1346,9258
bitterorca,1,9256,5122,4134,988,172,1,1,1160,9257
fumanchuprimus,3,9250,5375,3875,1500,123,2,3,1623,9253
woodyboogie,1,9252,5207,4045,1162,106,1,1,1268,9253
GreatGroupOfGuy,1,9250,5323,3927,1396,121,1,1,1517,9251
meupsta,1,9249,4958,4291,667,837,1,1,1504,9250
jellyfishes,1,9247,6068,3179,2889,562,1,0,3451,9247
Intolight,2,9244,5095,4149,946,178,2,2,1124,9246
sirkablaam,2,9240,4866,4374,492,108,2,2,600,9242
RoRulon,1,9239,5203,4036,1167,1385,1,1,2552,9240
jstohler,6,9234,5377,3857,1520,78,5,6,1598,9240
SidewaysGoldfish,4,9236,5236,4000,1236,127,4,4,1363,9240
jquad666,2,9233,5181,4052,1129,220,2,2,1349,9235
biodrones,1,9233,5091,4142,949,611,1,0,1560,9233
ussr577,4,9227,6043,3184,2859,184,2,4,3043,9231
xdudeson17x,4,9223,5405,3818,1587,74,4,4,1661,9227
IamChicharon,1,9226,5093,4133,960,175,1,0,1135,9226
Firewolf44,2,9225,5111,4114,997,90,2,1,1087,9226
tulipsilon,8,9215,5467,3748,1719,220,6,6,1939,9221
Pockets6794,1,9220,5424,3796,1628,38,1,1,1666,9221
runnergunner,1,9219,5054,4165,889,54,1,0,943,9219
Shiv_,1,9218,5201,4017,1184,130,1,0,1314,9218
Hiscore,5,9211,5542,3669,1873,248,4,5,2121,9216
tryshapepper,1,9213,5239,3974,1265,241,1,0,1506,9213
justincrazyeyes,2,9211,5458,3753,1705,90,1,1,1795,9212
UFBaseball,1,9211,4962,4249,713,114,1,1,827,9212
PluralisMajestatis,3,9200,5437,3763,1674,53,3,3,1727,9203
Peter_Espinal,2,9200,5112,4088,1024,195,2,2,1219,9202
JHole04,49,9191,7228,1963,5265,207,8,10,5472,9201
Magnum45,1,9201,4833,4368,465,190,1,0,655,9201
dexxter67,2,9198,5170,4028,1142,176,2,2,1318,9200
jremz,1,9198,5238,3960,1278,85,1,1,1363,9199
shitastrophe,1,9197,4997,4200,797,86,1,1,883,9198
Uncle-Dads-Whistle,1,9197,5319,3878,1441,187,1,0,1628,9197
Pivien,1,9196,5101,4095,1006,70,1,1,1076,9197
schuanky,1,9196,5052,4144,908,156,1,1,1064,9197
C_IsForCookie,1,9192,5350,3842,1508,46,1,1,1554,9193
dubs2317,1,9192,4967,4225,742,375,1,1,1117,9193
xoxoyoyo,2,9191,5012,4179,833,52,2,2,885,9193
laimonel,2,9189,5125,4064,1061,129,2,2,1190,9191
Sonnyisemo,3,9187,6233,2954,3279,169,3,3,3448,9190
TamaleJohnson,1,9188,5029,4159,870,137,1,0,1007,9188
Forever_Flaccid,4,9183,5697,3486,2211,138,4,3,2349,9186
Ryankelly1412,1,9181,5274,3907,1367,160,1,1,1527,9182
Mike_Ditka,1,9180,4866,4314,552,147,1,1,699,9181
Uhumuh,7,9175,5700,3475,2225,115,6,5,2340,9180
bosco_boom,3,9176,5129,4047,1082,116,3,2,1198,9178
lukewarm2,1,9178,4834,4344,490,201,1,0,691,9178
ShortWhiteFriend,3,9175,5110,4065,1045,140,3,2,1185,9177
carter0133,7,9171,5035,4136,899,156,5,6,1055,9177
suscida,1,9175,5329,3846,1483,178,1,1,1661,9176
Gawdzilla,1,9174,5225,3949,1276,71,1,1,1347,9175
fap-the-potato,3,9166,5501,3665,1836,75,2,3,1911,9169
playsinpaint,1,9166,4964,4202,762,117,1,1,879,9167
MakingPuppies,15,9152,5642,3510,2132,223,12,14,2355,9166
phoenixprince,1,9163,5636,3527,2109,168,1,1,2277,9164
mrmoogshoes,1,9161,5182,3979,1203,897,1,0,2100,9161
closenough231,1,9159,5129,4030,1099,173,1,1,1272,9160
kick_in_the_door,1,9157,5155,4002,1153,384,1,1,1537,9158
falcorbeam,2,9156,4942,4214,728,119,2,2,847,9158
TheSaltySlug87,7,9150,5430,3720,1710,119,2,7,1829,9157
jakers,1,9157,5418,3739,1679,65,1,0,1744,9157
jammasterdj,19,9141,6222,2919,3303,276,19,13,3579,9154
Zero_of_Potential,3,9150,5242,3908,1334,57,3,3,1391,9153
jrgoode,2,9150,5201,3949,1252,53,2,2,1305,9152
mightbetrolling,2,9150,4855,4295,560,60,2,2,620,9152
BurntPanda,2,9149,5762,3387,2375,114,2,2,2489,9151
Falsehoedje,2,9150,5234,3916,1318,41,2,1,1359,9151
gondolli,2,9147,4794,4353,441,135,1,2,576,9149
Pnooms,3,9146,5766,3380,2386,148,2,1,2534,9147
alec801,1,9147,5218,3929,1289,112,1,0,1401,9147
HiImGarrett,3,9144,4905,4239,666,91,3,3,757,9147
glschoen,1,9146,4858,4288,570,166,1,1,736,9147
AANDREAS,1,9143,5138,4005,1133,76,0,1,1209,9144
Glaliz,3,9135,5472,3663,1809,170,1,3,1979,9138
Copps,1,9130,5140,3990,1150,239,1,0,1389,9130
phill0,3,9128,5117,4011,1106,128,3,1,1234,9129
iheartnotsees,2,9124,5407,3717,1690,204,0,2,1894,9126
thekingbarron,1,9126,5164,3962,1202,114,1,0,1316,9126
McSlurry,2,9123,5412,3711,1701,87,2,2,1788,9125
observantone,1,9125,5152,3973,1179,124,1,0,1303,9125
ab103630,1,9123,5054,4069,985,86,1,1,1071,9124
Zzzonkedx,1,9123,5394,3729,1665,71,1,0,1736,9123
verbality,4,9118,6026,3092,2934,98,3,3,3032,9121
morajic,3,9114,5221,3893,1328,142,3,2,1470,9116
MadnessTheory,1,9115,5058,4057,1001,192,1,1,1193,9116
HAWKK13,2,9113,4851,4262,589,125,1,2,714,9115
ConwayPA,2,9113,5379,3734,1645,334,2,0,1979,9113
springsten,3,9111,4960,4151,809,82,3,2,891,9113
blackwhale92,1,9111,5062,4049,1013,76,1,1,1089,9112
barksmith,1,9111,5799,3312,2487,439,1,0,2926,9111
razrblde,1,9110,4839,4271,568,179,1,1,747,9111
pHD47,1,9109,5246,3863,1383,58,1,1,1441,9110
imbecileAmoeba,1,9107,4926,4181,745,58,1,1,803,9108
boringboreddude,3,9105,5148,3957,1191,313,3,1,1504,9106
chumprock,1,9105,5071,4034,1037,45,1,1,1082,9106
Hxtra,3,9101,5135,3966,1169,119,3,2,1288,9103
TeazleDiesel,4,9097,5507,3590,1917,342,4,4,2259,9101
crajon,1,9099,4852,4247,605,727,1,1,1332,9100
TwinkiePinkie,1,9095,4742,4353,389,175,1,1,564,9096
KarmaAndExile,1,9095,5078,4017,1061,252,1,0,1313,9095
ninjastar3,1,9090,4974,4116,858,73,1,0,931,9090
TheAmazingMelon,1,9085,5258,3827,1431,723,1,1,2154,9086
micray,1,9074,5145,3929,1216,54,1,1,1270,9075
Justintime233,3,9072,5206,3866,1340,149,3,2,1489,9074
karma_tits,1,9072,4977,4095,882,267,1,1,1149,9073
rep-,1,9072,5045,4027,1018,96,1,1,1114,9073
Server969,1,9073,4950,4123,827,178,1,0,1005,9073
xdivinelyfex,2,9071,5152,3919,1233,150,2,1,1383,9072
amorpheus,1,9070,5845,3225,2620,180,1,1,2800,9071
omega0male,1,9070,5040,4030,1010,102,1,1,1112,9071
knismesis,2,9068,5132,3936,1196,672,2,0,1868,9068
WaxyPumpkin72,5,9062,5809,3253,2556,89,5,5,2645,9067
behind-the-lines,6,9060,5295,3765,1530,668,4,5,2198,9065
catalyticcracker,1,9063,5395,3668,1727,144,1,0,1871,9063
toThe9thPower,2,9058,5270,3788,1482,103,2,2,1585,9060
ziper1221,2,9059,5402,3657,1745,141,2,0,1886,9059
physicsishotsauce,1,9056,4980,4076,904,106,1,1,1010,9057
ANAL_QUEEN,5,9051,5607,3444,2163,159,3,5,2322,9056
theothernewguy,3,9051,5425,3626,1799,229,2,3,2028,9054
hiyhello,1,9054,4946,4108,838,152,1,0,990,9054
lost_ground,1,9049,5145,3904,1241,219,1,1,1460,9050
Lonetrek,1,9050,4884,4166,718,64,1,0,782,9050
cderry,1,9049,4949,4100,849,75,1,0,924,9049
Coaltrain2371,1,9047,5245,3802,1443,120,1,1,1563,9048
dr_dickhead,2,9047,4974,4073,901,304,2,1,1205,9048
Dalonger,1,9046,5081,3965,1116,535,1,0,1651,9046
xIrish,1,9044,5038,4006,1032,200,1,1,1232,9045
n1k096xxx,1,9041,5005,4036,969,145,1,1,1114,9042
peachykaren,2,9041,5443,3598,1845,239,2,0,2084,9041
upvoteforboobs,4,9036,5553,3483,2070,181,3,2,2251,9038
Mrdrob675,5,9030,5357,3673,1684,125,3,5,1809,9035
mentalmystics09,1,9034,5035,3999,1036,61,1,1,1097,9035
pute,2,9033,5015,4018,997,63,2,2,1060,9035
CFA213,2,9029,4964,4065,899,70,2,2,969,9031
dpayne41,1,9029,5091,3938,1153,124,1,1,1277,9030
adamschulte,1,9029,4866,4163,703,81,1,1,784,9030
CornFedHonky,12,9021,5562,3459,2103,135,10,8,2238,9029
fbfriendsarecrazy,1,9027,5365,3662,1703,81,1,0,1784,9027
JuliaPikachu,1,9026,4871,4155,716,48,1,1,764,9027
jpacheco94,1,9026,4926,4100,826,94,1,0,920,9026
TeamLaws,3,9021,5633,3388,2245,58,3,3,2303,9024
Blastface,3,9021,5030,3991,1039,96,3,3,1135,9024
dancebeats,1,9019,5225,3794,1431,236,1,1,1667,9020
Connorj95,1,9020,5174,3846,1328,75,1,0,1403,9020
tidderIT,1,9018,5163,3855,1308,70,1,1,1378,9019
nholiver,15,9003,6019,2984,3035,331,14,13,3366,9016
TheMartinConan,1,9015,4791,4224,567,976,0,1,1543,9016
lahwran0,1,9015,5470,3545,1925,478,1,0,2403,9015
vent543,1,9013,5022,3991,1031,211,1,1,1242,9014
frozencoke,1,9012,4916,4096,820,382,1,1,1202,9013
vapur,1,9007,4672,4335,337,211,0,1,548,9008
RollerDerby88,2,9004,5102,3902,1200,428,2,2,1628,9006
workingat7,1,9006,5062,3944,1118,254,1,0,1372,9006
JLHarvHarv,2,9004,5139,3865,1274,66,2,1,1340,9005
bokimble,1,9001,5670,3331,2339,332,1,0,2671,9001
BruschiOnTap,9,8993,5209,3784,1425,235,8,7,1660,9000
dossier,1,8999,5133,3866,1267,273,1,1,1540,9000
lastresort09,2,8995,5580,3415,2165,180,2,2,2345,8997
Josiahx,4,8994,5014,3980,1034,150,4,3,1184,8997
ell595,1,8996,4958,4038,920,141,1,1,1061,8997
Space-Dementia,2,8995,4944,4051,893,51,2,2,944,8997
GumbySloth,1,8995,4778,4217,561,147,1,1,708,8996
punkrockdanny,1,8994,5046,3948,1098,116,1,1,1214,8995
SmellsLikeBootFeet,1,8993,5047,3946,1101,65,1,1,1166,8994
RonBurgundy449,1,8989,5189,3800,1389,87,1,1,1476,8990
spaeth455,2,8988,4779,4209,570,389,2,2,959,8990
frequent_pliers,1,8987,5287,3700,1587,125,1,1,1712,8988
BigTayTay,1,8986,4947,4039,908,91,1,1,999,8987
xdarkwatch,1,8985,5115,3870,1245,119,1,1,1364,8986
Pilot824,5,8981,5058,3923,1135,152,5,5,1287,8986
theantisocialnetwork,1,8985,5003,3982,1021,250,1,0,1271,8985
RainbowsAndSparkles,4,8977,5304,3673,1631,112,4,4,1743,8981
killerwin,1,8980,4870,4110,760,66,1,1,826,8981
Littlelouie,1,8979,5022,3957,1065,127,1,1,1192,8980
IsSocca,1,8977,5159,3818,1341,452,1,1,1793,8978
KaptainKarmel,1,8976,5187,3789,1398,447,1,0,1845,8976
nontamopiu,1,8966,4873,4093,780,138,1,1,918,8967
humblerodent8,3,8962,5109,3853,1256,42,1,3,1298,8965
leet_hacksaw,1,8962,5020,3942,1078,174,1,1,1252,8963
blackhemi,1,8962,4751,4211,540,64,1,1,604,8963
Godlovingatheist,1,8962,5206,3756,1450,70,1,0,1520,8962
Forceskin,1,8960,5166,3794,1372,70,1,1,1442,8961
theogpburdell,1,8961,5093,3868,1225,209,1,0,1434,8961
Blodbaronen,1,8960,5153,3807,1346,22,1,1,1368,8961
hiding_from_my_gf,2,8957,5265,3692,1573,110,2,2,1683,8959
Dworkstein,1,8958,5140,3818,1322,50,1,0,1372,8958
Nugget2468,1,8955,5264,3691,1573,61,1,1,1634,8956
magicaldung,2,8954,5028,3926,1102,162,2,1,1264,8955
crashinburn,2,8954,4825,4129,696,79,2,1,775,8955
JeffScott63,2,8950,5369,3581,1788,52,2,1,1840,8951
hasai185,1,8950,4928,4022,906,47,1,1,953,8951
nuclearblaster,2,8949,4925,4024,901,125,2,1,1026,8950
cptncabinet,2,8946,5051,3895,1156,398,2,2,1554,8948
ninedogger88,1,8947,5083,3864,1219,150,1,1,1369,8948
Sumanis,4,8942,5426,3516,1910,250,4,3,2160,8945
illis3,2,8944,4964,3980,984,291,2,1,1275,8945
emptyoffice,1,8941,4836,4105,731,100,1,1,831,8942
holycheddar,1,8940,4915,4025,890,107,1,1,997,8941
Longfeller,1,8939,5518,3421,2097,325,0,1,2422,8940
wallj,1,8939,5110,3829,1281,66,1,0,1347,8939
Storming,6,8934,5521,3413,2108,306,6,4,2414,8938
katcruise,1,8937,5037,3900,1137,40,1,1,1177,8938
gddc33,1,8934,5901,3033,2868,253,1,1,3121,8935
Kapoloo,1,8932,5040,3892,1148,58,1,1,1206,8933
drunkentortis,1,8928,4812,4116,696,297,1,1,993,8929
asmosdeus,1,8926,4804,4122,682,63,1,1,745,8927
DeathByMagnets,1,8921,5572,3349,2223,396,1,0,2619,8921
Alkzn,1,8920,4923,3997,926,147,1,1,1073,8921
mr92,1,8919,4970,3949,1021,52,1,0,1073,8919
cadelllast,2,8918,4724,4194,530,245,2,1,775,8919
dombili,1,8917,5861,3056,2805,271,1,0,3076,8917
longbo007,3,8914,5265,3649,1616,237,2,1,1853,8915
AmazingOrigami,1,8909,4962,3947,1015,280,1,1,1295,8910
MGdaGR8,1,8908,4906,4002,904,254,1,1,1158,8909
bitch_puddin,4,8902,5265,3637,1628,270,4,4,1898,8906
Metrologyy,1,8906,5055,3851,1204,81,1,0,1285,8906
theshoegoblin,1,8901,5114,3787,1327,83,1,0,1410,8901
3lain3,2,8899,4932,3967,965,285,2,2,1250,8901
Try_it,4,8897,5062,3835,1227,203,3,3,1430,8900
neoneo185,1,8899,6115,2784,3331,697,1,0,4028,8899
kyhe06,3,8896,5043,3853,1190,105,3,2,1295,8898
charlieq46,1,8895,5072,3823,1249,100,1,1,1349,8896
closetkid,1,8895,4891,4004,887,165,1,1,1052,8896
Fckforever,1,8894,4888,4006,882,44,1,1,926,8895
MurtiTehApache,1,8893,5089,3804,1285,61,1,0,1346,8893
artgames,1,8893,4849,4044,805,102,1,0,907,8893
zuperman219,5,8889,5338,3551,1787,91,4,3,1878,8892
baticrease,4,8888,5205,3683,1522,592,4,3,2114,8891
jayfabric,3,8889,5391,3498,1893,171,3,2,2064,8891
kratosgranola,1,8890,5025,3865,1160,281,1,1,1441,8891
eamonster,1,8888,4914,3974,940,35,1,1,975,8889
tom_oconnell8,7,8880,5683,3197,2486,192,7,4,2678,8884
Replibacon,14,8874,5705,3169,2536,224,14,8,2760,8882
ceillonely,3,8879,4701,4178,523,182,3,3,705,8882
nessx007,4,8880,6240,2640,3600,98,4,1,3698,8881
supersymond,1,8880,5075,3805,1270,219,1,1,1489,8881
CChevdogg,1,8878,5245,3633,1612,202,1,1,1814,8879
PeopleEaters,1,8878,4894,3984,910,106,1,1,1016,8879
exo48,1,8877,5099,3778,1321,263,1,1,1584,8878
ftedwin,1,8874,4694,4180,514,289,1,0,803,8874
tandtroll,1,8872,5270,3602,1668,56,1,0,1724,8872
livie4892,1,8865,4766,4099,667,85,1,1,752,8866
someb0dy,2,8865,4962,3903,1059,668,2,0,1727,8865
djrage,1,8864,5231,3633,1598,36,1,1,1634,8865
nerdturd,1,8865,4828,4037,791,182,1,0,973,8865
Drdee08,1,8862,5272,3590,1682,224,1,1,1906,8863
Loffski,1,8862,5251,3611,1640,43,1,1,1683,8863
topdawg312,1,8860,4870,3990,880,121,1,1,1001,8861
TheInquisitorofSouls,1,8861,4778,4083,695,278,1,0,973,8861
lolitsaj,11,8848,7801,1047,6754,460,10,9,7214,8857
aepac,3,8854,5340,3514,1826,55,3,3,1881,8857
Mind_Uranus,1,8856,5075,3781,1294,278,1,1,1572,8857
maddy2712,2,8854,5275,3579,1696,23,2,1,1719,8855
shadmere,1,8849,5234,3615,1619,151,0,1,1770,8850
Nitropig,1,8850,5053,3797,1256,110,1,0,1366,8850
Fusc,1,8849,4866,3983,883,86,1,1,969,8850
officernasty13,3,8846,5333,3513,1820,235,3,3,2055,8849
TheRikRoll,1,8847,4967,3880,1087,189,1,1,1276,8848
bolaxao,4,8844,4987,3857,1130,112,4,3,1242,8847
Reptile_,3,8840,4928,3912,1016,127,3,2,1143,8842
flsrukufog,1,8841,4696,4145,551,72,1,1,623,8842
newt92,1,8839,4876,3963,913,189,1,1,1102,8840
1368JM,2,8839,5275,3564,1711,86,2,0,1797,8839
camgasm,2,8833,5057,3776,1281,350,2,2,1631,8835
plankingwithwords,2,8835,4958,3877,1081,107,2,0,1188,8835
THATlSWHATSHESAlD,1,8832,4947,3885,1062,345,1,0,1407,8832
Thaislip,1,8831,4940,3891,1049,245,1,1,1294,8832
fahawley,4,8827,4963,3864,1099,76,4,4,1175,8831
Mr_Cardholder,1,8829,4992,3837,1155,606,1,0,1761,8829
Wormsy,2,8827,5671,3156,2515,835,2,1,3350,8828
Tomposs,2,8826,5258,3568,1690,55,1,2,1745,8828
l33pi3p3r,7,8821,4883,3938,945,73,5,7,1018,8828
GargamelCuntSnarf,1,8826,5059,3767,1292,100,1,1,1392,8827
Lawyar,1,8827,4627,4200,427,100,1,0,527,8827
dannylandulf,1,8822,4691,4131,560,204,1,1,764,8823
enigma91,1,8819,4857,3962,895,103,1,0,998,8819
onelonefrog,1,8816,5132,3684,1448,89,1,0,1537,8816
whatthefuckguys,1,8815,5051,3764,1287,109,1,1,1396,8816
fauxnom,1,8811,5319,3492,1827,338,1,1,2165,8812
toriar,1,8810,4858,3952,906,75,1,1,981,8811
pede_pullermann,2,8804,5143,3661,1482,22,0,2,1504,8806
dmassey91,1,8805,5080,3725,1355,45,1,1,1400,8806
Basmentmon,1,8805,4669,4136,533,84,1,1,617,8806
bladefinor,2,8802,5184,3618,1566,80,0,2,1646,8804
hmdog,1,8803,4847,3956,891,109,1,0,1000,8803
looneylupin,1,8803,4809,3994,815,56,1,0,871,8803
monroebot1,1,8801,4762,4039,723,90,1,1,813,8802
Ohmec,2,8798,5228,3570,1658,129,2,1,1787,8799
punchdrunkdevil,1,8794,5137,3657,1480,94,1,0,1574,8794
gmnitsua,5,8788,5448,3340,2108,127,5,4,2235,8792
Clarkey10,3,8789,4910,3879,1031,108,3,3,1139,8792
LerithXanatos,1,8790,4828,3962,866,116,1,1,982,8791
sickillness,1,8790,4761,4029,732,204,1,0,936,8790
Zyzienzergling,1,8788,4820,3968,852,183,1,0,1035,8788
sepulchure1197,3,8786,4700,4086,614,113,3,2,727,8788
UtahGetMe2,1,8786,4941,3845,1096,128,0,0,1224,8786
marley_the_cat,3,8784,4907,3877,1030,60,2,1,1090,8785
Sunflower_Fortunado,1,8783,4950,3833,1117,144,1,1,1261,8784
joegetto,1,8781,5195,3586,1609,298,1,0,1907,8781
TheBeckwithSays,2,8778,5003,3775,1228,130,2,1,1358,8779
eatmorepossum,1,8777,5288,3489,1799,108,1,1,1907,8778
DRD3ATH78,4,8775,5115,3660,1455,125,4,3,1580,8778
INFEKTEK,3,8773,4826,3947,879,26,3,3,905,8776
DaFinest,1,8774,4763,4011,752,66,1,1,818,8775
mosso911,1,8772,4943,3829,1114,49,0,1,1163,8773
maxpowerpie,2,8771,4840,3931,909,51,1,1,960,8772
Wandt,1,8769,4888,3881,1007,79,1,1,1086,8770
suzed,2,8768,4793,3975,818,91,2,2,909,8770
Ikinhaszkarmakplx,2,8768,4900,3868,1032,253,2,1,1285,8769
automatic_bazooti,1,8766,5078,3688,1390,234,1,1,1624,8767
hure,1,8765,5369,3396,1973,42,1,1,2015,8766
BeBenNova,3,8762,4866,3896,970,380,2,3,1350,8765
Matika7,5,8757,4996,3761,1235,339,5,3,1574,8760
Dekanuva,2,8757,4889,3868,1021,156,2,2,1177,8759
tehassmanz,1,8757,5247,3510,1737,557,1,0,2294,8757
helvete1337,2,8754,4764,3990,774,270,2,2,1044,8756
frank5228,1,8753,4962,3791,1171,99,1,1,1270,8754
Summarizes_NSFW,1,8753,4792,3961,831,107,1,1,938,8754
hi-liter22,1,8751,5093,3658,1435,53,1,1,1488,8752
YellowF3v3r,2,8750,4914,3836,1078,165,2,2,1243,8752
M00nduck,1,8749,4797,3952,845,97,1,1,942,8750
munchauzen,4,8745,5210,3535,1675,126,3,1,1801,8746
2vulgar,1,8742,5357,3385,1972,771,1,0,2743,8742
microjew2,1,8740,4839,3901,938,56,1,1,994,8741
internetsanta,1,8740,4748,3992,756,144,1,1,900,8741
fourg,1,8739,4880,3859,1021,61,1,1,1082,8740
floridamike,1,8738,5287,3451,1836,292,1,1,2128,8739
bigmak40,2,8739,5023,3716,1307,210,1,0,1517,8739
FatalMalice,1,8737,5139,3598,1541,58,1,1,1599,8738
okayyeah,4,8736,4945,3791,1154,72,4,2,1226,8738
dewie68,3,8736,4708,4028,680,160,3,2,840,8738
GHJ417,2,8735,5128,3607,1521,38,0,2,1559,8737
Pooh_Bear,1,8736,5387,3349,2038,93,1,0,2131,8736
surefire88,2,8734,5094,3640,1454,123,1,2,1577,8736
EpicTheileTime,1,8734,4843,3891,952,47,1,1,999,8735
xRobinShrbatskyx,2,8728,4701,4027,674,196,2,2,870,8730
GoodLuckLetsFuck,1,8727,5205,3522,1683,333,1,1,2016,8728
ViviGruenblatt,1,8726,5003,3723,1280,90,1,0,1370,8726
yumagamo,3,8722,4659,4063,596,92,3,3,688,8725
Alekij,1,8723,4697,4026,671,121,1,0,792,8723
muggleeater,1,8718,4925,3793,1132,51,0,1,1183,8719
mightymudkip,3,8717,4843,3874,969,100,3,2,1069,8719
anatheischy,1,8718,4618,4100,518,166,1,1,684,8719
bombombtom,1,8718,5215,3503,1712,65,1,0,1777,8718
ArchersTest910,4,8713,4974,3739,1235,73,4,4,1308,8717
DFA831,1,8715,4705,4010,695,109,1,0,804,8715
Iamurcouch,5,8706,5191,3515,1676,197,5,4,1873,8710
erinkay641,3,8706,4823,3883,940,93,2,2,1033,8708
SkinnyDipRoger,1,8706,4874,3832,1042,222,1,1,1264,8707
isspecialist,1,8704,4828,3876,952,682,1,0,1634,8704
burnitalldown,1,8704,4863,3841,1022,95,1,0,1117,8704
Billy_droptables,1,8703,4813,3890,923,374,1,0,1297,8703
RedditMartian,2,8699,5041,3658,1383,62,2,1,1445,8700
a_grape_eater,1,8697,4879,3818,1061,134,1,1,1195,8698
kirschbaum,1,8696,4817,3879,938,431,1,1,1369,8697
HardAnders,1,8692,4728,3964,764,87,0,1,851,8693
bushwickbill,2,8685,5413,3272,2141,1180,1,1,3321,8686
nyxin,1,8685,5241,3444,1797,318,1,1,2115,8686
YM_CMB,1,8685,4784,3901,883,131,1,1,1014,8686
DasWeasel,2,8683,4951,3732,1219,61,2,2,1280,8685
Competere,2,8683,4866,3817,1049,149,1,2,1198,8685
leonmeh,1,8684,4585,4099,486,188,1,1,674,8685
mumblethesilent,1,8682,4688,3994,694,342,1,1,1036,8683
iminthinkermode,4,8679,5472,3207,2265,106,3,3,2371,8682
pbandjilly92,1,8681,4755,3926,829,295,1,1,1124,8682
aronblue,1,8675,4669,4006,663,71,1,1,734,8676
koknesis,2,8673,5108,3565,1543,274,2,2,1817,8675
Jazzyrevenge,1,8671,5022,3649,1373,112,1,0,1485,8671
animal40,2,8668,5153,3515,1638,126,2,2,1764,8670
FireworksAreCool,1,8669,5031,3638,1393,41,1,1,1434,8670
impasto,1,8667,5132,3535,1597,157,1,0,1754,8667
luis0232,3,8666,4739,3927,812,81,3,1,893,8667
SkirtII,1,8664,4660,4004,656,320,1,1,976,8665
smithkody23,2,8660,5179,3481,1698,159,2,2,1857,8662
byzantium_,2,8657,5372,3285,2087,557,1,0,2644,8657
Trax,1,8655,5038,3617,1421,328,1,0,1749,8655
Pippenz,1,8654,4946,3708,1238,50,1,1,1288,8655
bigben94,4,8651,4861,3790,1071,100,4,4,1171,8655
happyman91,2,8654,4676,3978,698,73,1,1,771,8655
jeb223,2,8651,5077,3574,1503,124,2,1,1627,8652
slayer23,1,8650,4710,3940,770,89,1,1,859,8651
brutalproduct,11,8640,6024,2616,3408,402,10,10,3810,8650
spikeboyslim,2,8649,4740,3909,831,47,2,1,878,8650
TheCuntDestroyer,1,8648,4759,3889,870,79,1,1,949,8649
Jacksondee,3,8644,5000,3644,1356,330,3,2,1686,8646
dzadnik,2,8643,4971,3672,1299,147,2,2,1446,8645
buckeyegold,1,8639,4750,3889,861,148,1,0,1009,8639
SpaceyKraken,2,8636,4753,3883,870,129,2,2,999,8638
Flucks,1,8636,4716,3920,796,72,1,1,868,8637
Desando,27,8611,5849,2762,3087,208,9,25,3295,8636
spartanhockey,1,8635,4739,3896,843,262,1,0,1105,8635
DrUnderdog,1,8632,4851,3781,1070,228,1,1,1298,8633
pksellsw,1,8632,4810,3822,988,37,1,1,1025,8633
krukzlip,3,8632,4718,3914,804,131,3,1,935,8633
arindia556,1,8631,4966,3665,1301,234,1,1,1535,8632
Sepsis08,1,8631,4914,3717,1197,102,1,0,1299,8631
KingBullshiter,4,8629,4532,4097,435,65,3,2,500,8631
durmania,1,8629,4609,4020,589,113,1,1,702,8630
jolp92,1,8628,5145,3483,1662,81,1,1,1743,8629
lalalalands,1,8627,4884,3743,1141,80,1,1,1221,8628
aged_monkey,1,8625,4903,3722,1181,158,1,1,1339,8626
stovenly,2,8622,4560,4062,498,202,2,2,700,8624
dannyhan727,3,8619,4825,3794,1031,84,1,2,1115,8621
RobertDobbs,1,8619,4773,3846,927,123,1,1,1050,8620
nalavi100,3,8618,4719,3899,820,58,2,2,878,8620
tattool,2,8614,4831,3783,1048,108,2,2,1156,8616
stupidgroupie,1,8615,4773,3842,931,70,1,0,1001,8615
jedesto,4,8608,5297,3311,1986,87,4,2,2073,8610
VDr4g0n,1,8609,4827,3782,1045,36,1,1,1081,8610
YouMad,1,8608,4764,3844,920,198,1,1,1118,8609
thedoorlatch,1,8609,4742,3867,875,90,1,0,965,8609
Rebound,1,8607,5498,3109,2389,199,1,0,2588,8607
matthewskin,4,8602,4913,3689,1224,49,0,4,1273,8606
imphatic,1,8604,4731,3873,858,89,1,1,947,8605
CrazyManJohn,2,8601,4781,3820,961,168,2,2,1129,8603
flashbackhumour,5,8597,4912,3685,1227,40,4,5,1267,8602
stkidd,1,8601,4669,3932,737,67,1,1,804,8602
thiefinthe,1,8598,5058,3540,1518,543,1,0,2061,8598
Bandalo,1,8597,4737,3860,877,60,1,1,937,8598
madbear3320,10,8585,5001,3584,1417,102,7,10,1519,8595
studlywonder,2,8592,4698,3894,804,102,2,2,906,8594
KermitJagger,1,8592,4840,3752,1088,139,1,1,1227,8593
danisykes,2,8592,4832,3760,1072,66,2,1,1138,8593
NzStormDragon,1,8592,4691,3901,790,201,1,1,991,8593
Incoherent-Person,2,8585,4814,3771,1043,173,2,1,1216,8586
vrode,1,8585,4994,3591,1403,474,1,0,1877,8585
Kingofskillz,1,8581,5235,3346,1889,71,1,1,1960,8582
crepusculum,1,8577,5146,3431,1715,394,1,1,2109,8578
dunno92,1,8577,4498,4079,419,107,1,1,526,8578
CJMilli,2,8577,4899,3678,1221,141,2,0,1362,8577
corockies,3,8574,5073,3501,1572,342,3,2,1914,8576
NLDcerex,2,8571,4625,3946,679,83,2,2,762,8573
kravitzz,2,8569,4956,3613,1343,190,1,2,1533,8571
Kaname,2,8569,4895,3674,1221,143,2,0,1364,8569
meftical,1,8567,5015,3552,1463,33,1,0,1496,8567
djaphill,1,8566,4726,3840,886,129,1,0,1015,8566
sexoffenderssuck,1,8565,4871,3694,1177,643,1,0,1820,8565
Smashinator,9,8557,5092,3465,1627,67,6,8,1694,8565
AnyRudeJerk,5,8558,4676,3882,794,277,5,5,1071,8563
imthepoolguy,2,8560,4844,3716,1128,108,2,2,1236,8562
brettthatcher,2,8559,4923,3636,1287,76,1,2,1363,8561
Akromane,2,8560,4688,3872,816,435,2,1,1251,8561
ConfusedWeasel,1,8560,4901,3659,1242,123,1,0,1365,8560
whateveryouvag,2,8557,5102,3455,1647,130,2,2,1777,8559
cube_agree,1,8557,5016,3541,1475,97,1,1,1572,8558
stevenwalters,2,8555,4766,3789,977,44,2,2,1021,8557
BobbyKennedy,1,8555,4745,3810,935,216,1,1,1151,8556
bboyink,1,8556,4595,3961,634,134,1,0,768,8556
tharju,1,8555,5069,3486,1583,196,1,0,1779,8555
naive_springwater,3,8552,4995,3557,1438,230,3,3,1668,8555
BlackNut,6,8548,4930,3618,1312,77,1,6,1389,8554
perkvan,1,8550,4586,3964,622,84,1,0,706,8550
darmog,22,8529,7016,1513,5503,130,18,20,5633,8549
Sefph,1,8545,5010,3535,1475,186,1,1,1661,8546
hot_farts,1,8544,4870,3674,1196,511,1,1,1707,8545
ItsBettyWhiteFuckers,2,8544,4926,3618,1308,50,2,1,1358,8545
Generic_Review,1,8542,4855,3687,1168,310,1,1,1478,8543
Plixxle,1,8542,4941,3601,1340,64,1,1,1404,8543
palmenator,1,8541,4611,3930,681,73,1,1,754,8542
jokor,3,8538,5064,3474,1590,122,3,3,1712,8541
rosendito,1,8539,5355,3184,2171,407,0,1,2578,8540
embryo,2,8538,4585,3953,632,1088,2,1,1720,8539
GhettoBhoy,2,8535,4696,3839,857,81,2,2,938,8537
Spruxy,1,8534,4815,3719,1096,141,1,1,1237,8535
guitarhero23,2,8529,4693,3836,857,76,2,2,933,8531
jbond98,3,8527,5246,3281,1965,114,3,3,2079,8530
darkxmoon,4,8527,5102,3425,1677,201,2,3,1878,8530
katd987,2,8525,4876,3649,1227,220,2,2,1447,8527
pm1001,1,8525,4848,3677,1171,135,1,1,1306,8526
Rambo_11,4,8520,4937,3583,1354,95,4,4,1449,8524
TerraRyan11,8,8515,5182,3333,1849,98,7,8,1947,8523
sawitwice,5,8518,5310,3208,2102,212,5,4,2314,8522
Rsrulesusuk,4,8518,4764,3754,1010,56,4,3,1066,8521
Daft_Paul,1,8521,4646,3875,771,107,1,0,878,8521
SpiffyGecko,1,8520,5123,3397,1726,84,1,0,1810,8520
Cohtoh,6,8512,5112,3400,1712,29,5,6,1741,8518
flipzmode,1,8517,4890,3627,1263,45,1,1,1308,8518
InsatiableDesire,1,8514,4707,3807,900,194,1,0,1094,8514
Labelmeblonde,1,8512,4568,3944,624,105,1,1,729,8513
bssmx,3,8505,4991,3514,1477,63,1,3,1540,8508
Troll_In_The_Dungeon,2,8507,4764,3743,1021,100,1,0,1121,8507
dorkmanchu,3,8503,4779,3724,1055,99,3,2,1154,8505
BiggusDikus,2,8497,4915,3582,1333,51,2,2,1384,8499
sdtacoma,1,8498,4656,3842,814,133,1,1,947,8499
SanchoRodriguez,2,8495,4757,3738,1019,90,2,1,1109,8496
noiche,4,8493,5314,3179,2135,214,4,2,2349,8495
Pazzaz,1,8494,4612,3882,730,64,1,1,794,8495
Treecutie,2,8492,5243,3249,1994,105,2,2,2099,8494
Redpin,1,8492,6114,2378,3736,611,1,0,4347,8492
liht3,1,8487,4845,3642,1203,537,1,1,1740,8488
chocobro,1,8486,4895,3591,1304,533,1,0,1837,8486
uhlolwut,1,8485,4588,3897,691,27,1,1,718,8486
VAI3064,1,8484,4801,3683,1118,151,1,1,1269,8485
lou-reeds-jew-fro,1,8483,4673,3810,863,172,1,1,1035,8484
wontstoptalking,2,8481,4766,3715,1051,253,2,0,1304,8481
lazy_p,1,8480,4646,3834,812,72,1,1,884,8481
TomYoungg,1,8479,4487,3992,495,79,1,0,574,8479
SweetNeo85,3,8475,5138,3337,1801,624,2,3,2425,8478
teekay101,1,8473,4784,3689,1095,432,1,1,1527,8474
pasmeme,4,8472,4797,3675,1122,60,3,2,1182,8474
Zafiada,3,8471,4705,3766,939,228,2,3,1167,8474
thesuccessfultroll,5,8467,4944,3523,1421,80,4,5,1501,8472
jannatulhusna,4,8471,4838,3633,1205,188,4,1,1393,8472
grapesandmilk,1,8470,4854,3616,1238,308,1,1,1546,8471
stefkuhb,2,8469,4830,3639,1191,331,1,2,1522,8471
supercrossed,1,8470,4745,3725,1020,95,1,1,1115,8471
pasiden,1,8469,4790,3679,1111,216,1,1,1327,8470
Anindoorcat,4,8465,4977,3488,1489,70,2,4,1559,8469
Gallowwolf,4,8466,4830,3636,1194,146,2,3,1340,8469
kapherine,1,8468,4453,4015,438,85,1,1,523,8469
xStimorolx,3,8466,5008,3458,1550,88,2,2,1638,8468
oopsjuice88,1,8467,4775,3692,1083,58,1,1,1141,8468
Mista_Redditor,2,8462,4897,3565,1332,55,2,2,1387,8464
thetacolord,1,8464,4850,3614,1236,115,1,0,1351,8464
ugnaught,1,8463,4640,3823,817,422,1,1,1239,8464
HopeGrenade,1,8463,4939,3524,1415,358,1,0,1773,8463
devil-girl,2,8460,4944,3516,1428,86,2,2,1514,8462
bobfnord,1,8461,4726,3735,991,143,1,0,1134,8461
lukep34,1,8459,4889,3570,1319,336,1,1,1655,8460
TheMightyZander,1,8457,5245,3212,2033,69,1,0,2102,8457
B0und,4,8447,5581,2866,2715,106,3,4,2821,8451
SolomonGomes,2,8450,5119,3331,1788,864,2,1,2652,8451
aardvark_jubilation,2,8449,5125,3324,1801,73,0,2,1874,8451
Mikulicious,2,8449,4961,3488,1473,83,1,2,1556,8451
Jarthos1234,2,8450,4746,3704,1042,131,2,1,1173,8451
Tytru,5,8447,4721,3726,995,134,5,3,1129,8450
MrCandid,2,8445,4869,3576,1293,217,2,1,1510,8446
nevertotwice,1,8441,4995,3446,1549,319,1,0,1868,8441
JEWiebe,1,8439,4577,3862,715,110,1,0,825,8439
Poesidom,1,8437,4884,3553,1331,69,1,1,1400,8438
blandz87,4,8434,5282,3152,2130,205,4,3,2335,8437
HeiYu,2,8436,4389,4047,342,141,2,1,483,8437
Bichofelix,3,8434,4532,3902,630,149,3,2,779,8436
BRBwifeaggro,1,8434,4695,3739,956,197,1,0,1153,8434
McMichael,1,8432,4909,3523,1386,119,0,1,1505,8433
AnasAbdin,6,8428,4851,3577,1274,131,4,5,1405,8433
Zephine,1,8429,4382,4047,335,132,1,1,467,8430
elspacebandito,1,8428,4751,3677,1074,614,1,1,1688,8429
sultan_drops,1,8427,4505,3922,583,90,1,1,673,8428
scribbling_des,1,8426,4800,3626,1174,334,1,1,1508,8427
kemme,1,8426,5057,3369,1688,82,1,0,1770,8426
snidget,1,8422,5240,3182,2058,81,1,0,2139,8422
zach2093,8,8413,4840,3573,1267,56,7,8,1323,8421
Kama_Blue,1,8419,4827,3592,1235,220,1,1,1455,8420
Klondike307,1,8416,4824,3592,1232,112,1,1,1344,8417
frumpi,2,8414,5262,3152,2110,703,2,1,2813,8415
unicorn_derp,1,8414,4783,3631,1152,105,1,1,1257,8415
Dat_Redox,1,8410,4380,4030,350,122,1,1,472,8411
SatisfiedLion,1,8408,4626,3782,844,237,1,1,1081,8409
InHaloBlack,1,8406,4939,3467,1472,45,1,1,1517,8407
Power_of_Pi,2,8405,4741,3664,1077,76,2,2,1153,8407
TheRealestOne,1,8405,5113,3292,1821,82,1,1,1903,8406
justsurfingsome,2,8404,4668,3736,932,250,1,2,1182,8406
Eschaffer,3,8403,4590,3813,777,135,2,3,912,8406
JerWah,1,8403,5199,3204,1995,409,0,1,2404,8404
VA1KYR13,8,8395,4788,3607,1181,85,7,8,1266,8403
Highboi,2,8402,4616,3786,830,43,2,1,873,8403
a_p0ptart,1,8401,4775,3626,1149,348,1,1,1497,8402
processors,1,8400,4710,3690,1020,100,1,1,1120,8401
ne0lithic,2,8398,4686,3712,974,99,2,2,1073,8400
VanLocke,1,8399,4732,3667,1065,103,0,0,1168,8399
ElectricD,1,8397,4770,3627,1143,629,1,1,1772,8398
tomeyo,1,8398,4823,3575,1248,96,1,0,1344,8398
Numbchicken,2,8396,4615,3781,834,93,2,2,927,8398
Scott_MacGregor,2,8391,4755,3636,1119,313,2,2,1432,8393
senor_fuego,2,8392,4425,3967,458,139,2,1,597,8393
Carsonlt,1,8384,4860,3524,1336,128,1,1,1464,8385
BrownishBag,1,8384,4738,3646,1092,76,1,1,1168,8385
Geno098,2,8384,4737,3647,1090,645,2,0,1735,8384
voip,1,8382,4521,3861,660,81,1,0,741,8382
LascielCoin,3,8377,5058,3319,1739,92,3,3,1831,8380
Desidiosus,1,8380,4875,3505,1370,245,1,0,1615,8380
m_staf,1,8379,4843,3536,1307,133,1,1,1440,8380
Tubatenor,2,8374,5267,3107,2160,125,0,2,2285,8376
amosko,2,8374,4765,3609,1156,76,1,1,1232,8375
ThePlunge,1,8371,4579,3792,787,60,1,0,847,8371
Dandude99,3,8367,5014,3353,1661,34,1,3,1695,8370
forsstromftw,3,8367,4866,3501,1365,112,3,2,1477,8369
Doty152,1,8368,4552,3816,736,156,1,1,892,8369
PunksandWaffles,1,8367,4456,3911,545,131,0,1,676,8368
evilep0ptart,1,8363,4692,3671,1021,90,1,0,1111,8363
DerpinNinjaa,2,8360,4879,3481,1398,75,1,1,1473,8361
t_j_k,1,8359,4710,3649,1061,199,1,1,1260,8360
ItsDare,1,8358,4756,3602,1154,131,0,1,1285,8359
DirtyStringsTheory,1,8357,4723,3634,1089,105,1,0,1194,8357
goo6,1,8353,4621,3732,889,71,1,0,960,8353
behindthebushes0,3,8350,4557,3793,764,56,3,3,820,8353
isitlateenough,1,8351,4980,3371,1609,37,1,1,1646,8352
bigredgecko,7,8346,4869,3477,1392,339,7,4,1731,8350
Prodigyz,1,8348,4627,3721,906,127,1,1,1033,8349
RedPandaMediaGroup,1,8344,5138,3206,1932,154,1,0,2086,8344
TwoSwords,11,8332,5431,2901,2530,131,8,10,2661,8342
bobbydillon22,1,8342,4704,3638,1066,411,1,0,1477,8342
digitalife,1,8340,5018,3322,1696,54,1,1,1750,8341
Blake_AKA_Blake,1,8339,4703,3636,1067,113,1,1,1180,8340
shuaiw96,1,8335,4552,3783,769,333,1,1,1102,8336
gwk326,2,8334,4549,3785,764,92,2,2,856,8336
mouschibequiet,1,8335,4755,3580,1175,293,1,0,1468,8335
real_life_corgi,1,8333,4677,3656,1021,89,1,1,1110,8334
I_poop_internets,1,8333,4434,3899,535,113,1,1,648,8334
zero000,1,8331,5105,3226,1879,697,1,0,2576,8331
Illah,4,8329,4810,3519,1291,374,4,2,1665,8331
irawwwr,2,8328,4819,3509,1310,52,1,1,1362,8329
wilbur2010,2,8325,4644,3681,963,68,2,2,1031,8327
Monkeyduck,1,8325,4448,3877,571,447,1,0,1018,8325
shinaku,1,8321,5465,2856,2609,347,1,1,2956,8322
getlaidanddie,1,8322,4642,3680,962,87,1,0,1049,8322
Entity420,1,8321,4547,3774,773,132,1,1,905,8322
musicmann,1,8317,4724,3593,1131,37,1,1,1168,8318
nzleet,1,8307,4424,3883,541,229,1,1,770,8308
tideisgone,1,8306,4662,3644,1018,115,1,0,1133,8306
moshthecows,3,8303,5157,3146,2011,74,2,2,2085,8305
__Whitey__,1,8304,4877,3427,1450,114,1,0,1564,8304
Halbrad,1,8304,4706,3598,1108,291,1,0,1399,8304
Doctor_Candy,2,8302,4936,3366,1570,142,2,1,1712,8303
CorbinMontego,2,8300,4886,3414,1472,443,1,1,1915,8301
wilburton,1,8300,4434,3866,568,146,1,1,714,8301
RedCoatsForever,1,8299,4966,3333,1633,293,1,0,1926,8299
Streuhund,16,8282,7241,1041,6200,201,14,14,6401,8296
acore8604,8,8287,4856,3431,1425,73,3,6,1498,8293
jigatone,2,8292,4753,3539,1214,94,2,1,1308,8293
cobrophy,1,8291,5367,2924,2443,201,1,0,2644,8291
PowwaOfLove,1,8290,4600,3690,910,137,1,1,1047,8291
theswader,1,8287,4911,3376,1535,61,1,1,1596,8288
SaggyBallsHD,3,8281,4730,3551,1179,234,3,3,1413,8284
Bulverde,25,8257,7239,1018,6221,313,23,24,6534,8281
und3feated,1,8281,4365,3916,449,413,1,0,862,8281
chasechase44,5,8275,4779,3496,1283,139,2,5,1422,8280
somethingaboutfire,1,8280,4517,3763,754,214,1,0,968,8280
TheNoKarmaComment,1,8279,4643,3636,1007,653,1,0,1660,8279
TurboGrundle,3,8274,4528,3746,782,108,2,3,890,8277
tehjeff,1,8276,4717,3559,1158,289,1,0,1447,8276
2parties1cup,1,8273,4351,3922,429,830,1,1,1259,8274
PlasmaWhore,12,8259,6756,1503,5253,170,9,10,5423,8269
medartlov,1,8267,4777,3490,1287,81,1,0,1368,8267
scapris,1,8264,4614,3650,964,373,0,0,1337,8264
RhythmZ,1,8263,4595,3668,927,85,1,1,1012,8264
maxerlee,1,8262,4548,3714,834,322,1,1,1156,8263
Not_Me_But_A_Friend,1,8262,4745,3517,1228,165,1,0,1393,8262
natejont,1,8261,4647,3614,1033,57,1,1,1090,8262
EmiTheCheese,2,8259,5011,3248,1763,53,0,2,1816,8261
MasterStevans,5,8255,4815,3440,1375,327,5,4,1702,8259
shawnz_got_this,2,8256,4999,3257,1742,69,1,2,1811,8258
BrooklynLions,1,8256,4449,3807,642,135,1,1,777,8257
NorthArrow,1,8256,5038,3218,1820,307,1,0,2127,8256
Viscolucci,5,8251,4846,3405,1441,244,5,5,1685,8256
paintitblue,1,8255,4605,3650,955,134,1,0,1089,8255
win2j,2,8252,4393,3859,534,130,2,1,664,8253
serino561,1,8252,4692,3560,1132,159,1,0,1291,8252
ZoeSimpson,1,8250,4924,3326,1598,44,0,1,1642,8251
Fleshflayer,1,8248,4419,3829,590,115,1,1,705,8249
movinonup2east,2,8245,4554,3691,863,84,2,1,947,8246
aaronScooby,2,8241,4561,3680,881,84,2,2,965,8243
YellowBatman,3,8238,4869,3369,1500,139,3,3,1639,8241
Makalu,1,8232,4959,3273,1686,51,0,1,1737,8233
noroom,6,8231,6705,1526,5179,293,5,1,5472,8232
Jux_,3,8227,4739,3488,1251,95,3,3,1346,8230
Captain_Quaffle,1,8226,4824,3402,1422,278,1,1,1700,8227
JaydenD93,1,8225,4945,3280,1665,44,1,1,1709,8226
Dynamitekyle,1,8225,4657,3568,1089,45,1,1,1134,8226
kirbyfood,1,8224,5275,2949,2326,264,1,0,2590,8224
Quaxi,1,8224,4716,3508,1208,105,1,0,1313,8224
Gurkenbaum,1,8223,4565,3658,907,129,1,1,1036,8224
alecb,3,8221,5113,3108,2005,525,3,1,2530,8222
mattzildjian,3,8219,4719,3500,1219,74,2,3,1293,8222
Dr_Trollington,3,8218,4813,3405,1408,124,3,3,1532,8221
itsmekai,4,8216,4994,3222,1772,487,4,1,2259,8217
CosmicCube,1,8216,4521,3695,826,121,1,0,947,8216
max13007,2,8213,4630,3583,1047,336,2,2,1383,8215
fireballturnover,3,8212,4474,3738,736,228,3,3,964,8215
snuffelbox,1,8214,4763,3451,1312,82,1,0,1394,8214
Pwime_Wib,1,8214,4290,3924,366,101,1,0,467,8214
Feisl,1,8210,4954,3256,1698,129,1,0,1827,8210
V_for_VinceVega,1,8208,4514,3694,820,135,0,1,955,8209
brownfield84,1,8208,4715,3493,1222,351,1,0,1573,8208
Arienrhod,1,8207,4611,3596,1015,136,1,0,1151,8207
brokenviolins,2,8204,4547,3657,890,118,2,1,1008,8205
peanutsrock,1,8203,4661,3542,1119,77,1,1,1196,8204
telephonecompany,1,8203,4485,3718,767,50,1,1,817,8204
BriEnos,1,8201,4811,3390,1421,110,1,1,1531,8202
enazatol,2,8199,4894,3305,1589,148,2,1,1737,8200
und3rtow623,1,8197,4837,3360,1477,78,1,0,1555,8197
listentobillyzane,2,8195,4970,3225,1745,123,2,1,1868,8196
DivineIntervention88,2,8193,4611,3582,1029,102,2,2,1131,8195
Sam_Mack,1,8192,5042,3150,1892,876,1,0,2768,8192
robin_david,1,8187,4920,3267,1653,291,1,1,1944,8188
marthmallow,1,8187,5002,3185,1817,80,0,1,1897,8188
dubski,1,8186,4594,3592,1002,82,1,1,1084,8187
RaceBaiter,1,8185,4387,3798,589,484,1,1,1073,8186
B-Jamz,1,8183,4375,3808,567,238,1,1,805,8184
Socially_awkward_pen,1,8181,4560,3621,939,88,1,1,1027,8182
prem5077,1,8180,4658,3522,1136,33,1,0,1169,8180
Skippamuffin,3,8175,4727,3448,1279,223,1,3,1502,8178
Dragonsta,1,8177,4739,3438,1301,87,0,1,1388,8178
odigo2020,1,8178,4283,3895,388,659,1,0,1047,8178
strawberryCaffe,1,8173,4545,3628,917,70,1,0,987,8173
johndoz,1,8170,4826,3344,1482,56,1,1,1538,8171
j1mtones,1,8170,4898,3272,1626,397,1,0,2023,8170
McD_Z,1,8168,4622,3546,1076,375,0,1,1451,8169
lannimasz,2,8167,5332,2835,2497,83,2,1,2580,8168
crnerthling,1,8165,4806,3359,1447,80,1,1,1527,8166
JacksAreWild,1,8165,4774,3391,1383,139,1,1,1522,8166
Phanerozoic,1,8161,4761,3400,1361,184,1,1,1545,8162
mr_z06,4,8158,4653,3505,1148,136,3,3,1284,8161
bud_dha,1,8161,4362,3799,563,490,1,0,1053,8161
Jofuzz,3,8160,4679,3481,1198,543,3,0,1741,8160
Melhunk,1,8154,4663,3491,1172,93,0,1,1265,8155
Hypercore,1,8152,4701,3451,1250,249,1,1,1499,8153
cayghost,1,8152,4414,3738,676,61,1,1,737,8153
srilz60,1,8151,4526,3625,901,64,1,1,965,8152
Noobasdfjkl,1,8150,4518,3632,886,381,1,0,1267,8150
MrTentacletitzz,2,8148,4434,3714,720,82,1,2,802,8150
dershodan,2,8147,4477,3670,807,180,2,1,987,8148
TeggyBear95,2,8146,4473,3673,800,87,2,2,887,8148
the_clipartist,3,8145,4379,3766,613,143,3,3,756,8148
ABasketOfKittens,1,8146,4601,3545,1056,151,1,1,1207,8147
MuckSavage,9,8137,5246,2891,2355,281,9,9,2636,8146
ahoyhoy,1,8146,4495,3651,844,187,1,0,1031,8146
Ninsha,2,8142,4633,3509,1124,289,1,1,1413,8143
supermeatman,1,8142,4348,3794,554,147,1,1,701,8143
never_mind_sir,1,8142,4180,3962,218,273,1,1,491,8143
Katuriankaturian,2,8140,4554,3586,968,109,2,2,1077,8142
imadepoopies,4,8136,5069,3067,2002,103,4,4,2105,8140
Shamble355,1,8140,4467,3673,794,237,1,0,1031,8140
Aspel,1,8136,4513,3623,890,80,1,1,970,8137
blackpixel,4,8133,5309,2824,2485,64,4,2,2549,8135
erjoten,1,8135,4485,3650,835,100,1,0,935,8135
exmuslimthrowaway,1,8134,4458,3676,782,41,1,1,823,8135
Eaglesfan815,7,8127,4864,3263,1601,144,4,7,1745,8134
Creakier,4,8128,4529,3599,930,118,3,4,1048,8132
realredbaron,5,8127,4504,3623,881,179,4,4,1060,8131
0xdeadc0d3,1,8126,4645,3481,1164,77,1,1,1241,8127
macksy007,3,8124,4555,3569,986,113,2,3,1099,8127
ChrisH117,1,8126,4237,3889,348,126,1,1,474,8127
arctic_giraffe,1,8124,4950,3174,1776,992,1,1,2768,8125
PublicRestroom,2,8123,4354,3769,585,377,2,1,962,8124
kingstonabood,3,8120,4628,3492,1136,111,2,3,1247,8123
VanellieIce,3,8120,4938,3182,1756,212,2,2,1968,8122
davidghetto,5,8118,4744,3374,1370,61,2,4,1431,8122
pierpont123,2,8120,4515,3605,910,89,2,2,999,8122
SwissFamilyRonminson,5,8115,5509,2606,2903,98,5,5,3001,8120
trauma_kmart,2,8117,4620,3497,1123,103,1,2,1226,8119
djdimensions,2,8117,4395,3722,673,52,2,2,725,8119
Sarrrre,1,8117,4595,3522,1073,136,1,1,1209,8118
DangerMouse_11,1,8116,4624,3492,1132,51,1,1,1183,8117
Vanto,1,8116,4419,3697,722,190,1,1,912,8117
artdirect76,2,8115,4795,3320,1475,208,2,0,1683,8115
gunny16,1,8110,4288,3822,466,314,1,1,780,8111
CrystalFlame,2,8108,4829,3279,1550,286,2,2,1836,8110
teheranaway,2,8107,5044,3063,1981,672,1,0,2653,8107
domnation,3,8104,5099,3005,2094,121,0,3,2215,8107
Agnia_Barto,1,8104,4612,3492,1120,566,1,0,1686,8104
missnati,1,8104,4343,3761,582,98,1,0,680,8104
Better_Than_Homework,5,8098,4910,3188,1722,64,5,5,1786,8103
MysteryLiminator,1,8100,4758,3342,1416,120,1,1,1536,8101
notverymanly,1,8101,4422,3679,743,343,1,0,1086,8101
wildporn,2,8099,4282,3817,465,226,2,2,691,8101
ReDyP,4,8099,4676,3423,1253,183,4,1,1436,8100
ENTirelyHigh,1,8098,4603,3495,1108,78,1,1,1186,8099
howie_23,1,8096,4497,3599,898,50,1,1,948,8097
kur1,1,8095,4443,3652,791,67,1,1,858,8096
zero_fold,1,8093,4560,3533,1027,48,1,1,1075,8094
xPowerTrain,4,8089,4743,3346,1397,168,4,4,1565,8093
cmg0033,1,8092,4478,3614,864,301,1,1,1165,8093
Pyrodius,1,8091,4359,3732,627,63,1,1,690,8092
newman_justin40,1,8090,4556,3534,1022,98,1,1,1120,8091
Wecky,1,8089,4416,3673,743,59,0,1,802,8090
sequinbikini,1,8086,4674,3412,1262,149,1,1,1411,8087
vorin,5,8084,4643,3441,1202,104,5,3,1306,8087
notlupus,1,8085,4975,3110,1865,121,1,0,1986,8085
Sufficientrobotics,1,8082,4621,3461,1160,126,1,1,1286,8083
sluRRd,1,8082,4517,3565,952,82,1,0,1034,8082
YouCantBeSeirous,2,8078,4674,3404,1270,78,1,2,1348,8080
andrewp628,2,8074,4600,3474,1126,90,0,2,1216,8076
genrewhore,2,8075,4624,3451,1173,251,2,0,1424,8075
Nvance,3,8072,4638,3434,1204,85,3,3,1289,8075
PistoleroEmpleado,1,8073,4644,3429,1215,50,1,0,1265,8073
taughtmonk,1,8070,4162,3908,254,68,1,1,322,8071
SIVILIZATIOUS,14,8061,5624,2437,3187,260,10,9,3447,8070
Solum96,1,8069,4387,3682,705,102,1,1,807,8070
Insanitys_shadow,2,8067,4495,3572,923,282,1,2,1205,8069
pandajim01,2,8067,4358,3709,649,76,2,2,725,8069
whales_are_shit,1,8065,4806,3259,1547,34,1,1,1581,8066
lionlake,2,8064,5011,3053,1958,179,1,1,2137,8065
generalguyz,4,8060,4920,3140,1780,192,4,4,1972,8064
masonG18,2,8061,4655,3406,1249,144,2,2,1393,8063
peanutsfan1995,1,8062,5030,3032,1998,415,1,0,2413,8062
explodr,7,8056,4977,3079,1898,144,7,6,2042,8062
Shoopalapa,1,8061,4397,3664,733,129,1,1,862,8062
LogicaRex,1,8051,4566,3485,1081,526,1,1,1607,8052
lealeaballerina,1,8049,4661,3388,1273,116,0,1,1389,8050
themonkeymademedoit,2,8046,4450,3596,854,179,2,2,1033,8048
ImThePictureMan,8,8045,4776,3269,1507,296,8,2,1803,8047
TheRemo2469,2,8045,4649,3396,1253,91,2,2,1344,8047
MySperm,6,8039,4855,3184,1671,434,6,6,2105,8045
Petryz,1,8044,4719,3325,1394,88,1,1,1482,8045
so_inebriated,1,8045,4531,3514,1017,166,1,0,1183,8045
guitarbee,1,8044,4369,3675,694,406,1,1,1100,8045
Supervixen007,1,8043,4627,3416,1211,140,1,1,1351,8044
Jackal0pe,6,8037,4745,3292,1453,263,6,6,1716,8043
LilJimmyNordin,1,8040,4535,3505,1030,241,1,1,1271,8041
thedeadhipster,4,8037,5010,3027,1983,120,3,3,2103,8040
Ahjema,6,8035,4726,3309,1417,156,6,4,1573,8039
foyamoon,2,8036,4363,3673,690,203,2,1,893,8037
Phaque1285,4,8032,4369,3663,706,128,3,4,834,8036
duckley,1,8035,4434,3601,833,139,1,0,972,8035
Tomasuin,1,8033,5123,2910,2213,197,1,1,2410,8034
shawtysnap,1,8033,4548,3485,1063,324,1,1,1387,8034
Birthfriction,1,8032,4476,3556,920,161,1,1,1081,8033
ClericalNinja,2,8030,4578,3452,1126,125,2,2,1251,8032
dolphinhj,1,8031,5110,2921,2189,152,1,0,2341,8031
Edje09,1,8030,4696,3334,1362,68,1,1,1430,8031
Steameffekt,3,8028,4286,3742,544,207,3,3,751,8031
J_Sto,1,8030,4721,3309,1412,129,1,0,1541,8030
CaptainInternets,1,8029,4461,3568,893,256,1,1,1149,8030
Wuodan,1,8027,4770,3257,1513,48,1,1,1561,8028
BadgerOps,1,8028,4523,3505,1018,129,1,0,1147,8028
rawhide22,2,8025,4598,3427,1171,252,2,2,1423,8027
4alex6,2,8022,4662,3360,1302,121,0,2,1423,8024
Edyrem0,1,8022,4512,3510,1002,56,1,1,1058,8023
Andrewnopoulos,1,8022,4269,3753,516,82,1,1,598,8023
kartoffelheinz,1,8022,6136,1886,4250,574,1,0,4824,8022
oAngelFireo,1,8021,4472,3549,923,102,1,1,1025,8022
jonisforjon,1,8016,4465,3551,914,40,1,1,954,8017
ReDocter17,3,8012,4593,3419,1174,73,3,3,1247,8015
sid2112,1,8012,4399,3613,786,107,0,1,893,8013
misssmeg,1,8011,4574,3437,1137,333,1,1,1470,8012
pdcollins,1,8010,4133,3877,256,92,1,1,348,8011
bige693,1,8010,5017,2993,2024,161,1,0,2185,8010
Lbj1212,1,8010,4497,3513,984,385,1,0,1369,8010
Facepuncher,2,8007,6598,1409,5189,469,2,1,5658,8008
samrac,1,8008,4390,3618,772,1234,1,0,2006,8008
AlCuMgPb,1,8004,4539,3465,1074,81,1,1,1155,8005
thewookieempire,3,8000,4810,3190,1620,106,2,3,1726,8003
Sir_George,3,8000,4350,3650,700,94,3,2,794,8002
rythmless,2,8000,4362,3638,724,38,2,2,762,8002
Soadfan12025,2,7999,4519,3480,1039,877,2,2,1916,8001
KilgoreTroutQQ,1,7998,4577,3421,1156,76,1,1,1232,7999
QuantumGamingPancake,1,7998,4393,3605,788,45,1,1,833,7999
nickn07,2,7996,4949,3047,1902,74,2,2,1976,7998
billotron,1,7997,4338,3659,679,182,1,0,861,7997
nevona,1,7993,6009,1984,4025,352,1,0,4377,7993
bigafricanhat,1,7992,4491,3501,990,123,1,1,1113,7993
imposter22,1,7991,4566,3425,1141,313,1,1,1454,7992
RedHerringxx,1,7991,4528,3463,1065,127,1,1,1192,7992
KarmaKing2006,2,7988,4639,3349,1290,53,2,2,1343,7990
toastercookie,2,7989,4558,3431,1127,142,2,0,1269,7989
CuriosoJorge,1,7988,4385,3603,782,245,1,1,1027,7989
berniew91,1,7988,4198,3790,408,122,1,1,530,7989
shanemuir,2,7986,4846,3140,1706,61,1,2,1767,7988
pleiades9,1,7987,4744,3243,1501,59,1,1,1560,7988
ktool,7,7983,4765,3218,1547,422,7,2,1969,7985
fiestadelsalsa,1,7984,4696,3288,1408,54,1,1,1462,7985
Bosstiality,2,7982,4569,3413,1156,25,1,2,1181,7984
goodtimes96,1,7982,4404,3578,826,109,1,1,935,7983
Enigma88,1,7980,4402,3578,824,37,1,1,861,7981
theduckmilker,1,7979,4225,3754,471,39,1,1,510,7980
stubborn_icecube,1,7978,4582,3396,1186,173,1,1,1359,7979
done8989,1,7979,4418,3561,857,325,1,0,1182,7979
I_APPROVE_THINGS,4,7974,4474,3500,974,352,4,4,1326,7978
Antares_,5,7970,5075,2895,2180,85,5,5,2265,7975
InfiniteInsaniti,1,7974,4251,3723,528,114,1,1,642,7975
projectiontheart,1,7974,4723,3251,1472,32,1,0,1504,7974
Billobatch,3,7970,5864,2106,3758,206,2,3,3964,7973
esghalis,1,7973,4411,3562,849,372,1,0,1221,7973
MundoNotPleased,3,7970,4796,3174,1622,85,2,2,1707,7972
kayden0000,16,7959,5648,2311,3337,767,10,12,4104,7971
Xemeriba,3,7968,4758,3210,1548,170,3,3,1718,7971
jelly_filled,1,7970,4361,3609,752,137,0,1,889,7971
attentionallshoppers,1,7970,4350,3620,730,59,1,1,789,7971
nesquiksand,1,7967,4389,3578,811,153,1,1,964,7968
inyou329,1,7966,4328,3638,690,59,1,1,749,7967
antojoso,1,7965,4382,3583,799,785,1,0,1584,7965
one_among_the_fence,1,7964,4581,3383,1198,108,1,0,1306,7964
gifrific,1,7963,4884,3079,1805,140,1,0,1945,7963
oooohitsakitty,3,7959,5354,2605,2749,43,3,2,2792,7961
the_nacho,1,7957,4298,3659,639,119,1,1,758,7958
ILoveTrance,1,7956,4541,3415,1126,120,0,1,1246,7957
MrPachrick,12,7946,5416,2530,2886,167,11,9,3053,7955
schnarly24,1,7954,4610,3344,1266,138,1,1,1404,7955
eezma,1,7954,4233,3721,512,121,1,1,633,7955
FlizmFlazm,4,7949,4895,3054,1841,256,3,3,2097,7952
Trollinaintdead,2,7952,4663,3289,1374,294,2,0,1668,7952
I_want_this,1,7950,4350,3600,750,64,1,1,814,7951
Kiecatt,1,7949,4597,3352,1245,25,1,1,1270,7950
Kiwicheezer,1,7949,4513,3436,1077,76,1,1,1153,7950
BrokenZen,1,7949,4319,3630,689,36,1,1,725,7950
pmmckee,3,7944,4869,3075,1794,113,3,3,1907,7947
FrankBluth,1,7944,4600,3344,1256,70,1,1,1326,7945
HighAllTheTime,1,7944,4571,3373,1198,106,1,1,1304,7945
SilverRequiem,1,7944,4326,3618,708,190,1,1,898,7945
Tragedy_Doll,1,7942,4416,3526,890,363,1,1,1253,7943
MedSchoolOrBust,4,7939,4565,3374,1191,58,2,3,1249,7942
PC_LOAD_LETTER,1,7940,4542,3398,1144,120,1,0,1264,7940
I_Repost_From_4chan,2,7938,4336,3602,734,110,2,2,844,7940
CharlieBear26,1,7938,4461,3477,984,56,1,1,1040,7939
FUCKING_FUCK,1,7939,4306,3633,673,125,1,0,798,7939
randall_a,2,7934,4372,3562,810,162,2,2,972,7936
mai_teri_majh_kholti,2,7930,4313,3617,696,125,2,1,821,7931
senorcartgage,2,7929,4422,3507,915,462,1,1,1377,7930
hacopaug,1,7927,4457,3470,987,36,1,0,1023,7927
sefgray,1,7927,4207,3720,487,44,1,0,531,7927
Whybanme,5,7920,4620,3300,1320,139,4,5,1459,7925
size15s,2,7920,4391,3529,862,137,0,2,999,7922
spungypirate,1,7920,5016,2904,2112,102,1,1,2214,7921
Overglock,1,7920,4560,3360,1200,24,0,1,1224,7921
pippofin,2,7919,4409,3510,899,114,2,0,1013,7919
lean_on_sheena,1,7917,4623,3294,1329,103,1,1,1432,7918
Nekrocvlt,2,7917,4551,3366,1185,95,0,1,1280,7918
Xinjin,8,7909,4677,3232,1445,251,3,7,1696,7916
Skilliam,1,7915,4283,3632,651,172,1,1,823,7916
Christoando,2,7914,4659,3255,1404,29,2,1,1433,7915
chiv,1,7913,4423,3490,933,109,1,0,1042,7913
flyingmonkeysinspace,1,7911,4553,3358,1195,69,1,1,1264,7912
duckstaped,1,7911,4467,3444,1023,62,1,1,1085,7912
Fritoontheradio,1,7908,4718,3190,1528,127,1,0,1655,7908
Fishes_101,2,7906,4324,3582,742,72,2,2,814,7908
bakerie,2,7905,4342,3563,779,149,2,2,928,7907
vierte,1,7903,4209,3694,515,114,1,0,629,7903
alexvillegas2321,3,7898,4616,3282,1334,581,2,3,1915,7901
DrumRobC,6,7894,5005,2889,2116,237,6,6,2353,7900
WillowRosenberg,1,7899,4518,3381,1137,378,1,0,1515,7899
Artegan,1,7899,4555,3344,1211,82,1,0,1293,7899
Ajay88,1,7897,4502,3395,1107,180,1,1,1287,7898
HGleoz,1,7897,4562,3335,1227,47,1,1,1274,7898
Sophiemorgen,1,7893,4946,2947,1999,88,1,1,2087,7894
Kuggis,1,7893,4775,3118,1657,351,0,1,2008,7894
Lunershot,1,7894,4536,3358,1178,54,1,0,1232,7894
xUnderoath,1,7893,4373,3520,853,61,1,1,914,7894
Fanta-Taco,3,7889,4693,3196,1497,70,3,1,1567,7890
jalvarado,2,7880,4411,3469,942,211,2,1,1153,7881
charliem251,4,7877,4321,3556,765,114,4,3,879,7880
dcsnutz,3,7875,4706,3169,1537,61,3,3,1598,7878
crazymuffin,2,7876,4532,3344,1188,92,2,2,1280,7878
Tekstiviesti,2,7874,5146,2728,2418,76,1,1,2494,7875
WhatsAMeeMee,1,7875,4338,3537,801,67,1,0,868,7875
mitchnasty22,1,7874,4269,3605,664,72,1,1,736,7875
longtimeisland,1,7873,4527,3346,1181,82,1,1,1263,7874
Ignore-Rant,1,7871,4374,3497,877,281,1,0,1158,7871
nvincible,1,7868,4547,3321,1226,161,1,1,1387,7869
treebog,2,7866,4646,3220,1426,288,2,2,1714,7868
scfd524,2,7866,4318,3548,770,442,1,2,1212,7868
bigchina408,1,7866,4508,3358,1150,76,1,1,1226,7867
bugeyedbaggins,2,7863,4369,3494,875,728,2,1,1603,7864
zfusfeld,1,7863,4523,3340,1183,84,1,1,1267,7864
humptydumptyfall,1,7864,4368,3496,872,257,1,0,1129,7864
occupyfacebook,2,7862,4450,3412,1038,452,2,1,1490,7863
DancingBacon,1,7862,4482,3380,1102,92,1,0,1194,7862
CeRipH,2,7859,4327,3532,795,96,2,2,891,7861
tyrroi,1,7859,4444,3415,1029,77,1,1,1106,7860
drodg141,1,7856,4497,3359,1138,104,1,1,1242,7857
HolidaySHRIMP,1,7856,4415,3441,974,48,1,1,1022,7857
ninjaface,3,7855,4539,3316,1223,200,2,1,1423,7856
iLiekBoxes,1,7853,4635,3218,1417,51,1,1,1468,7854
zorder,1,7853,4277,3576,701,67,1,1,768,7854
Jet_Age_of_Tomorrow,2,7853,4801,3052,1749,241,2,0,1990,7853
TrevorSarazin,1,7849,4321,3528,793,174,1,1,967,7850
Rlphyg,1,7847,4410,3437,973,80,1,1,1053,7848
Nathal71,7,7840,4710,3130,1580,266,7,6,1846,7846
FurRaw,1,7845,4464,3381,1083,68,1,0,1151,7845
swinegums,1,7842,4450,3392,1058,88,1,1,1146,7843
tomasziam,2,7836,4345,3491,854,114,2,2,968,7838
seen1tb4,2,7834,4655,3179,1476,62,2,1,1538,7835
celticmagnum,4,7828,4460,3368,1092,338,4,3,1430,7831
ibanezrocks21,1,7828,4700,3128,1572,61,0,1,1633,7829
timisblue,1,7829,4388,3441,947,104,1,0,1051,7829
xphateslater,1,7828,4054,3774,280,100,1,1,380,7829
mmcheesee,1,7826,4669,3157,1512,31,0,1,1543,7827
cincy_rob,1,7823,4255,3568,687,114,1,1,801,7824
mcgroobber,2,7821,4579,3242,1337,115,2,2,1452,7823
CactusFractus,1,7822,4579,3243,1336,39,1,1,1375,7823
Saxfiend0513,1,7821,4118,3703,415,92,1,1,507,7822
sorevajaja,1,7819,4130,3689,441,241,1,1,682,7820
leddirkson,1,7818,4393,3425,968,152,0,1,1120,7819
Appleseed_,1,7816,4415,3401,1014,390,1,0,1404,7816
devenasaurous,2,7815,4261,3554,707,228,2,0,935,7815
kthxbyee,7,7808,5131,2677,2454,129,7,6,2583,7814
Soschaustaus,1,7811,4588,3223,1365,240,1,1,1605,7812
dofo458,3,7807,4511,3296,1215,172,3,3,1387,7810
WhatTheMustard,2,7808,4330,3478,852,352,2,2,1204,7810
mec05160,1,7809,4349,3460,889,170,1,1,1059,7810
Ayushables,2,7805,4425,3380,1045,127,2,1,1172,7806
mcdeaglesandwich,1,7803,4810,2993,1817,198,1,0,2015,7803
snecko,1,7800,4369,3431,938,493,1,1,1431,7801
thirstytiger,1,7798,4212,3586,626,129,1,1,755,7799
Hax_,3,7796,4485,3311,1174,140,3,2,1314,7798
FruityPeebils,1,7795,4236,3559,677,87,1,1,764,7796
adrenaline786,4,7792,4721,3071,1650,296,4,2,1946,7794
CackWallop,1,7794,4275,3519,756,210,1,0,966,7794
ramin987,2,7792,4336,3456,880,72,2,2,952,7794
TracyEid,1,7792,4337,3455,882,138,1,1,1020,7793
0alien,1,7791,4300,3491,809,90,1,1,899,7792
massivecoiler,9,7782,4781,3001,1780,318,9,8,2098,7790
christos1709,2,7788,4350,3438,912,52,1,2,964,7790
Meades_Loves_Memes,9,7780,6182,1598,4584,609,9,9,5193,7789
thegreatbrah,2,7784,4566,3218,1348,69,2,2,1417,7786
skiingbeing,1,7785,4285,3500,785,42,1,1,827,7786
willowisps,1,7784,4420,3364,1056,332,1,1,1388,7785
NaziRedditor13,1,7783,4318,3465,853,85,1,1,938,7784
czoey11,2,7781,4578,3203,1375,33,2,2,1408,7783
SniperFists,1,7783,4327,3456,871,239,1,0,1110,7783
Mbosco80,7,7776,4775,3001,1774,161,4,6,1935,7782
RoofToilet87,2,7780,4285,3495,790,145,2,1,935,7781
fragtore,2,7778,4811,2967,1844,102,2,2,1946,7780
Username1138,1,7778,4496,3282,1214,154,1,0,1368,7778
chaplain_iktinos,2,7775,4248,3527,721,97,2,2,818,7777
dawdex,1,7771,4455,3316,1139,75,1,1,1214,7772
all_reposts,3,7768,4562,3206,1356,235,3,3,1591,7771
Appa_YipYip,5,7766,4596,3170,1426,113,5,5,1539,7771
ptrostli,2,7770,4315,3455,860,200,2,1,1060,7771
andreweihausen,1,7768,4434,3334,1100,71,1,1,1171,7769
JudgeBishop,1,7767,4662,3105,1557,176,0,1,1733,7768
threeduckies,1,7764,4499,3265,1234,111,1,1,1345,7765
xxunicornxprincessxx,3,7762,4684,3078,1606,151,3,2,1757,7764
pitahsee,1,7763,4472,3291,1181,153,0,1,1334,7764
Lieutenant-Reddit,1,7762,4436,3326,1110,200,1,1,1310,7763
dmoore253,1,7760,4440,3320,1120,42,1,1,1162,7761
barkley1993,2,7753,4144,3609,535,66,2,2,601,7755
Complexified,1,7753,4390,3363,1027,194,1,1,1221,7754
SW4506,1,7752,4491,3261,1230,501,1,1,1731,7753
ermanderz,1,7748,4345,3403,942,123,1,1,1065,7749
membersonlyjacket01,1,7747,4394,3353,1041,79,1,1,1120,7748
Chuck898,1,7747,4362,3385,977,66,0,1,1043,7748
Pomegranate_Juice,1,7746,4393,3353,1040,923,1,1,1963,7747
ElDubardo,1,7745,4355,3390,965,109,1,1,1074,7746
Souldier,2,7746,4305,3441,864,68,2,0,932,7746
Canadian_2,1,7742,4445,3297,1148,99,1,1,1247,7743
wormwood_pearl,1,7739,4706,3033,1673,81,1,1,1754,7740
wumbologist_,1,7738,4559,3179,1380,81,1,0,1461,7738
Neoseer,1,7737,4501,3236,1265,119,1,1,1384,7738
bigboltrules,2,7736,4155,3581,574,69,2,1,643,7737
EpicPickle,1,7733,4387,3346,1041,90,1,1,1131,7734
JinandJuice,1,7733,4891,2842,2049,319,1,0,2368,7733
lapamannen,1,7730,4384,3346,1038,33,1,0,1071,7730
blueberrywine,1,7728,4258,3470,788,55,1,1,843,7729
DFGdanger,2,7725,5031,2694,2337,122,2,2,2459,7727
KuKluxPlan,1,7727,4701,3026,1675,133,1,0,1808,7727
ListenChump,6,7724,5262,2462,2800,113,2,2,2913,7726
hobo_shinobi,1,7724,4480,3244,1236,224,1,1,1460,7725
LumberJill23,1,7724,4314,3410,904,54,1,1,958,7725
TheMinks,1,7724,4289,3435,854,61,1,1,915,7725
wirette,1,7723,4400,3323,1077,553,1,0,1630,7723
hdadeathly,1,7723,4439,3284,1155,347,1,0,1502,7723
ArchmageJesus,1,7722,4524,3198,1326,162,1,1,1488,7723
RonPaulFTW12,1,7717,4368,3349,1019,85,1,1,1104,7718
swansong74,2,7715,4414,3301,1113,64,2,2,1177,7717
ncroller,2,7714,4452,3262,1190,255,2,2,1445,7716
delvolta,1,7715,4414,3301,1113,170,1,1,1283,7716
StinsonBarney,1,7715,4102,3613,489,84,1,1,573,7716
Atreyucrzy,1,7714,4391,3323,1068,142,1,1,1210,7715
sirfudg,1,7711,4428,3283,1145,21,1,1,1166,7712
OozingPie,1,7711,4251,3460,791,78,1,1,869,7712
TeslaDroid,2,7709,4183,3526,657,69,2,1,726,7710
chrismikehunt,4,7707,5197,2510,2687,283,3,2,2970,7709
tika_b,1,7708,4315,3393,922,187,1,1,1109,7709
CleverPrimate,3,7704,4232,3472,760,88,3,3,848,7707
Catnip_Tea,5,7701,5038,2663,2375,130,4,5,2505,7706
the_seeker_who,1,7705,4516,3189,1327,83,1,1,1410,7706
BastardtheGreen,2,7703,4390,3313,1077,73,2,2,1150,7705
EgoDeathTLAT,1,7704,4327,3377,950,43,1,0,993,7704
pumpkynluvr,1,7703,5093,2610,2483,546,1,0,3029,7703
Namwen69,5,7696,4651,3045,1606,42,3,5,1648,7701
factor591,1,7700,4971,2729,2242,109,1,0,2351,7700
thetruckert,3,7696,4550,3146,1404,142,3,2,1546,7698
worstluckever,2,7696,4452,3244,1208,269,2,0,1477,7696
SassyKoala,1,7693,4404,3289,1115,64,1,1,1179,7694
oOYokersOo,1,7692,4741,2951,1790,139,1,1,1929,7693
draynen,1,7693,4584,3109,1475,405,1,0,1880,7693
jinnyjuice,3,7690,4610,3080,1530,91,3,3,1621,7693
MadT25,4,7688,4536,3152,1384,74,1,4,1458,7692
jalexgray4,2,7690,4437,3253,1184,40,2,2,1224,7692
Sandcrabsailor,4,7685,4666,3019,1647,265,4,4,1912,7689
StorySoFar,1,7686,4226,3460,766,33,1,1,799,7687
WoodyPaige26,2,7685,4169,3516,653,68,1,1,721,7686
mindfood84,1,7684,4686,2998,1688,117,1,1,1805,7685
ThriceD,1,7683,4248,3435,813,108,1,1,921,7684
Unicornholio,1,7680,4494,3186,1308,108,1,0,1416,7680
charlie145,1,7680,4324,3356,968,63,1,0,1031,7680
blore40,1,7680,4216,3464,752,89,1,0,841,7680
Abe21599,5,7677,4513,3164,1349,147,5,2,1496,7679
Willspencerdoe,1,7677,4205,3472,733,54,1,1,787,7678
Th3InnocentBystander,1,7675,4380,3295,1085,234,1,1,1319,7676
scaramanga1,1,7675,4522,3153,1369,158,1,0,1527,7675
Wyrmshadow,3,7671,4787,2884,1903,91,2,2,1994,7673
jdfulp,1,7670,4384,3286,1098,44,1,1,1142,7671
ButtEncounter,3,7669,4307,3362,945,71,3,2,1016,7671
markpom,1,7666,4328,3338,990,107,1,1,1097,7667
davidhill366,1,7661,4296,3365,931,56,0,1,987,7662
desaparecid0s,2,7658,4870,2788,2082,88,0,2,2170,7660
SonOfObed89,2,7658,4879,2779,2100,228,2,1,2328,7659
CyanogenHacker,6,7653,4518,3135,1383,62,5,4,1445,7657
mattoftheD,1,7654,4953,2701,2252,345,1,1,2597,7655
tcs7,1,7652,4140,3512,628,373,1,1,1001,7653
neutralino,1,7652,4198,3454,744,76,1,1,820,7653
topmaster99,2,7651,4012,3639,373,157,2,2,530,7653
MemeDozer,1,7651,4199,3452,747,48,1,1,795,7652
foxtrot666,1,7651,4529,3122,1407,106,1,0,1513,7651
Geachh,1,7649,4400,3249,1151,213,1,1,1364,7650
guadalupespongebob,1,7649,4504,3145,1359,57,1,0,1416,7649
Strid,3,7641,4351,3290,1061,170,2,3,1231,7644
DangerNGrayce,1,7641,5632,2009,3623,494,1,0,4117,7641
jmarks7448,3,7637,4397,3240,1157,95,2,3,1252,7640
Rubb3rDucky,1,7638,4154,3484,670,129,1,1,799,7639
Larursa,1,7637,4951,2686,2265,207,1,1,2472,7638
klavierwerke,2,7635,4777,2858,1919,289,2,2,2208,7637
nickkaleb,2,7635,4645,2990,1655,89,0,2,1744,7637
jubbing,3,7633,4861,2772,2089,299,3,3,2388,7636
Dolby259,6,7627,4732,2895,1837,342,6,6,2179,7633
Bjarnir,1,7632,4175,3457,718,87,1,0,805,7632
AdamBake,5,7628,4641,2987,1654,89,5,3,1743,7631
lasombra007,1,7626,4334,3292,1042,43,1,1,1085,7627
leafstripe,1,7623,4632,2991,1641,65,0,1,1706,7624
WestCoastAmbitions,1,7623,4212,3411,801,69,1,1,870,7624
Bukowski89,1,7620,4357,3263,1094,103,1,1,1197,7621
darktreader7,4,7616,4235,3381,854,102,4,4,956,7620
imasif,2,7614,4386,3228,1158,318,2,2,1476,7616
DatsNos,1,7614,4420,3194,1226,107,1,0,1333,7614
HEINEKEN_F_THAT,3,7613,4140,3473,667,62,3,1,729,7614
fuckme8989,1,7612,4164,3448,716,46,1,1,762,7613
iConfessor,1,7610,4409,3201,1208,82,1,0,1290,7610
lessonplan,3,7605,4529,3076,1453,252,3,2,1705,7607
Robdigity,1,7605,4349,3256,1093,392,1,0,1485,7605
tyROCKER417,1,7603,4446,3157,1289,37,1,1,1326,7604
Leviperseusmaxx,2,7602,4536,3066,1470,867,0,0,2337,7602
The_Soul_King_Pirate,1,7601,4083,3518,565,122,1,1,687,7602
eb4k,1,7600,4386,3214,1172,380,1,1,1552,7601
NeverLooksLeft,1,7601,4516,3085,1431,97,1,0,1528,7601
Redgun421,5,7597,4213,3384,829,90,5,3,919,7600
WickedTexan,1,7598,4577,3021,1556,268,1,1,1824,7599
trollzor117,1,7597,4416,3181,1235,45,1,1,1280,7598
EoTg_TheH,1,7596,4582,3014,1568,161,1,1,1729,7597
TrollsJustWantLove,1,7597,4270,3327,943,139,1,0,1082,7597
brodie21,1,7596,4152,3444,708,70,1,1,778,7597
PrizeGenius_dot_com,1,7597,3933,3664,269,50,1,0,319,7597
ricardoduelos,4,7591,4913,2678,2235,726,4,4,2961,7595
SELINA999,2,7593,4128,3465,663,440,2,2,1103,7595
eternallylearning,1,7591,4258,3333,925,75,1,1,1000,7592
new_atheist94,1,7589,4436,3153,1283,356,0,1,1639,7590
baudday,1,7588,4494,3094,1400,224,1,1,1624,7589
zakik88,1,7589,4340,3249,1091,484,1,0,1575,7589
Javamonsoon,4,7582,4299,3283,1016,78,4,4,1094,7586
lvlobius1,1,7584,4255,3329,926,168,1,1,1094,7585
Johnfromwork,3,7581,4555,3026,1529,38,3,3,1567,7584
JamesCady,1,7580,4537,3043,1494,27,0,1,1521,7581
fredalbob,3,7578,4325,3253,1072,150,2,3,1222,7581
vlhobbs,1,7579,4239,3340,899,56,1,1,955,7580
BetterThanOP,1,7579,4110,3469,641,75,1,1,716,7580
TrololoTrol,1,7577,4295,3282,1013,76,1,1,1089,7578
InanimateSkies,2,7576,4188,3388,800,146,1,2,946,7578
ballabrad,1,7572,4145,3427,718,89,1,1,807,7573
ChrisMcKee,1,7571,4614,2957,1657,156,0,0,1813,7571
halogen1212,2,7571,4217,3354,863,793,2,0,1656,7571
MalevolentOnez,3,7567,4195,3372,823,89,2,3,912,7570
smokethtsht,1,7569,4162,3407,755,60,1,1,815,7570
jr98664,1,7566,4137,3429,708,74,1,1,782,7567
kymosabei,1,7565,5036,2529,2507,67,1,1,2574,7566
ImurderREALITY,4,7561,4861,2700,2161,105,4,4,2266,7565
cassieee,1,7563,4499,3064,1435,105,1,0,1540,7563
Jessicaxoxo,2,7560,4494,3066,1428,124,2,1,1552,7561
TheFryinScotsman,1,7560,4387,3173,1214,112,1,1,1326,7561
bethy08,4,7558,4767,2791,1976,138,4,2,2114,7560
chifunkera,1,7559,4207,3352,855,574,1,1,1429,7560
mkeogh22,1,7560,4198,3362,836,39,1,0,875,7560
flugtard,1,7559,4247,3312,935,117,1,0,1052,7559
Escinsel,1,7557,4303,3254,1049,53,1,1,1102,7558
adsoosda,2,7554,4281,3273,1008,60,1,2,1068,7556
Anguish801,1,7554,4353,3201,1152,136,1,1,1288,7555
Dark_Matrix,2,7553,4268,3285,983,61,2,2,1044,7555
GerstoodJope,1,7553,4562,2991,1571,34,1,1,1605,7554
Blumaj,7,7548,4470,3078,1392,112,7,4,1504,7552
ginganija,1,7551,4302,3249,1053,131,1,1,1184,7552
lleeeeeoo,1,7551,4343,3208,1135,99,1,0,1234,7551
5hinycat,1,7547,4124,3423,701,317,1,1,1018,7548
kiriller,3,7542,4745,2797,1948,63,2,3,2011,7545
gloomdoom,2,7542,4460,3082,1378,257,2,1,1635,7543
noriyasuu,3,7540,5420,2120,3300,89,2,2,3389,7542
greyrainbow,1,7541,4245,3296,949,31,1,1,980,7542
Amaterasu56,1,7539,4205,3334,871,166,1,1,1037,7540
jk20,4,7535,4601,2934,1667,138,3,4,1805,7539
darkpwnage,1,7537,4648,2889,1759,54,1,1,1813,7538
FrostWalkers,2,7532,4104,3428,676,125,2,1,801,7533
mmmmmmeshy,1,7531,4513,3018,1495,91,1,0,1586,7531
hairyfluff,2,7529,4337,3192,1145,53,2,2,1198,7531
anzacbear,1,7530,4769,2761,2008,205,1,0,2213,7530
Thor-V2,1,7530,4198,3332,866,94,1,0,960,7530
HostaMahogey,1,7530,3982,3548,434,86,1,0,520,7530
regesc,1,7529,4555,2974,1581,171,1,0,1752,7529
Kendogg1013,1,7528,4324,3204,1120,44,1,1,1164,7529
furlerer,1,7527,4386,3141,1245,132,1,1,1377,7528
ThePracticalJoker,11,7514,4947,2567,2380,77,8,11,2457,7525
itzjamesftw,2,7522,4400,3122,1278,75,2,2,1353,7524
jhp58,2,7521,4854,2667,2187,83,1,0,2270,7521
quantised,3,7521,4091,3430,661,90,3,0,751,7521
blakhlsn07,1,7518,4222,3296,926,300,1,1,1226,7519
MADI5ON,1,7514,4452,3062,1390,84,0,1,1474,7515
arfcom,1,7515,4137,3378,759,39,1,0,798,7515
scubasteve23,1,7512,4097,3415,682,419,1,0,1101,7512
BabyBananaTree,1,7511,4102,3409,693,192,1,1,885,7512
MandyJones,1,7510,4373,3137,1236,103,0,1,1339,7511
IcookTacos,1,7509,4262,3247,1015,102,1,1,1117,7510
Steve_J0bs,1,7507,5101,2406,2695,1052,1,0,3747,7507
johnthedrunk,1,7504,4481,3023,1458,342,0,1,1800,7505
WTS_BRIDGE,1,7503,4347,3156,1191,173,1,1,1364,7504
ascua,1,7503,4329,3174,1155,36,0,0,1191,7503
AustinHiggs,1,7501,4245,3256,989,30,1,1,1019,7502
pyronarwhal,1,7500,4126,3374,752,40,1,1,792,7501
denmikeval,1,7500,4450,3050,1400,130,1,0,1530,7500
prboi,4,7497,4484,3013,1471,95,4,2,1566,7499
Bregothehorse,2,7496,4518,2978,1540,106,2,2,1646,7498
cse621,1,7498,4299,3199,1100,151,1,0,1251,7498
ReadBetweenMyLines,1,7493,4346,3147,1199,221,1,1,1420,7494
walky_talky,3,7491,4294,3197,1097,264,3,3,1361,7494
ep623,2,7491,4220,3271,949,918,1,2,1867,7493
grassologist,2,7491,4446,3045,1401,57,2,2,1458,7493
paulsboyfriend,1,7492,4349,3143,1206,229,1,1,1435,7493
Asshound,4,7488,4546,2942,1604,91,1,3,1695,7491
You_Only_Live_Once,3,7490,4324,3166,1158,126,2,1,1284,7491
Taodyn,1,7488,4287,3201,1086,59,1,1,1145,7489
NoOriginality,2,7487,4181,3306,875,170,2,2,1045,7489
Bill_Clintons_Choad,2,7486,4273,3213,1060,101,2,2,1161,7488
ThatGuyWithTheHarp,1,7486,4330,3156,1174,92,1,1,1266,7487
Gardettos,1,7485,4317,3168,1149,274,1,1,1423,7486
BigRelic,1,7485,4133,3352,781,213,1,1,994,7486
JJTropea,7,7479,5204,2275,2929,102,4,6,3031,7485
soupy37,1,7484,4207,3277,930,50,1,1,980,7485
krunkpunk,3,7481,5104,2377,2727,143,3,3,2870,7484
vickie9,1,7482,4202,3280,922,76,0,1,998,7483
usualghost,4,7478,4362,3116,1246,128,4,3,1374,7481
LaseredMalty,2,7480,4251,3229,1022,101,2,1,1123,7481
CptSteveZissou,1,7480,4515,2965,1550,89,1,0,1639,7480
thepony88,2,7478,4382,3096,1286,157,2,2,1443,7480
ggreyson,1,7479,4216,3263,953,45,1,1,998,7480
34Heartstach,2,7478,4656,2822,1834,288,2,1,2122,7479
Alyeska2112,3,7475,4434,3041,1393,251,2,3,1644,7478
gingycakes,2,7472,4312,3160,1152,208,2,1,1360,7473
Qlockwork,1,7470,4500,2970,1530,173,0,1,1703,7471
meta011,1,7465,4209,3256,953,145,1,1,1098,7466
ShinOniNezumi,1,7465,4496,2969,1527,101,1,0,1628,7465
liagibba,1,7464,4130,3334,796,306,1,0,1102,7464
TheRuler123,2,7462,4105,3357,748,78,2,2,826,7464
kevinchewy,2,7462,4065,3397,668,146,2,2,814,7464
pretzelzetzel,2,7462,4316,3146,1170,102,1,1,1272,7463
aaryn101,2,7461,4150,3311,839,106,2,2,945,7463
ynotme2,1,7462,4098,3364,734,35,1,1,769,7463
seni0r,1,7462,4351,3111,1240,190,1,0,1430,7462
Funnyguy17,3,7459,4109,3350,759,137,2,3,896,7462
stevaughan,2,7458,4230,3228,1002,96,1,2,1098,7460
cheezburglar,1,7459,4281,3178,1103,118,1,0,1221,7459
L2attler,14,7445,4194,3251,943,162,11,14,1105,7459
Pickle_Jr,1,7458,3954,3504,450,126,1,1,576,7459
akmlr,1,7456,4218,3238,980,150,1,1,1130,7457
coley12154,1,7456,4164,3292,872,70,1,1,942,7457
jjplatypus,1,7455,4333,3122,1211,121,1,1,1332,7456
Roddick_Is_Amazing,2,7454,4074,3380,694,73,2,2,767,7456
asafi2,1,7453,4019,3434,585,71,1,1,656,7454
Larwood,1,7449,4188,3261,927,351,1,1,1278,7450
Halaku,2,7446,4639,2807,1832,274,1,1,2106,7447
Archit33ct,1,7447,4566,2881,1685,146,1,0,1831,7447
DutchMastar,2,7443,4372,3071,1301,88,0,1,1389,7444
alchemist23,4,7442,4924,2518,2406,300,4,1,2706,7443
Frightlin,2,7440,4166,3274,892,72,2,1,964,7441
GameMackeral,7,7434,4015,3419,596,155,7,7,751,7441
Ozymandias12,1,7439,4351,3088,1263,158,1,0,1421,7439
redops47,1,7438,4533,2905,1628,85,1,0,1713,7438
Devinator117,3,7434,4675,2759,1916,186,3,3,2102,7437
peacespeech,1,7434,4187,3247,940,69,1,0,1009,7434
MattJ016,1,7433,4016,3417,599,284,1,1,883,7434
manbro2000,1,7433,4607,2826,1781,381,1,0,2162,7433
PandaSixx,2,7431,4062,3369,693,46,2,2,739,7433
SantosLHalper23,1,7427,4211,3216,995,95,0,1,1090,7428
tpnviking,3,7422,4725,2697,2028,96,3,3,2124,7425
alonandon,1,7424,3933,3491,442,79,1,1,521,7425
GwendolynShea,1,7423,4468,2955,1513,92,1,0,1605,7423
secret_goldfish,1,7423,4318,3105,1213,115,1,0,1328,7423
Universus,1,7421,4690,2731,1959,452,1,0,2411,7421
devilbird99,4,7417,4370,3047,1323,280,4,4,1603,7421
danger_mcboom,1,7421,4179,3242,937,66,1,0,1003,7421
faggybuttlove,1,7419,4114,3305,809,66,1,1,875,7420
kitchlol,2,7418,4033,3385,648,94,2,2,742,7420
AndersonCoopersDick,2,7415,4335,3080,1255,167,2,2,1422,7417
claytonneves,2,7413,4483,2930,1553,146,2,2,1699,7415
raddlesnake,4,7411,4175,3236,939,79,4,4,1018,7415
wilhel1002,1,7415,4102,3313,789,93,1,0,882,7415
gingkoed,1,7413,3955,3458,497,83,1,1,580,7414
HawkFood,1,7411,4198,3213,985,140,1,1,1125,7412
spencerawr,1,7410,4322,3088,1234,105,1,1,1339,7411
caress_medown,1,7410,3990,3420,570,175,1,1,745,7411
buttbutts,2,7408,3967,3441,526,159,2,2,685,7410
marshallrode,1,7409,3999,3410,589,73,1,1,662,7410
Dysbit,2,7406,4544,2862,1682,75,1,2,1757,7408
mightybird,1,7407,4177,3230,947,502,1,1,1449,7408
compactpussycat,6,7397,4560,2837,1723,44,4,6,1767,7403
JustHavinAGoodTime,1,7401,4395,3006,1389,70,1,0,1459,7401
Yereno,2,7400,4075,3325,750,31,2,0,781,7400
weaselbeef,1,7398,4145,3253,892,63,1,1,955,7399
eucalyptso,1,7396,4260,3136,1124,71,1,1,1195,7397
alrij,3,7394,3970,3424,546,146,2,3,692,7397
SpunkyLM,1,7395,4423,2972,1451,122,1,1,1573,7396
Funkmeistr,1,7394,4302,3092,1210,78,1,1,1288,7395
Uncoolio,12,7391,6260,1131,5129,145,9,3,5274,7394
Caseycrowe,1,7392,4192,3200,992,260,1,1,1252,7393
closelurk,1,7388,4101,3287,814,135,1,1,949,7389
pursuingpursued,1,7384,4101,3283,818,116,1,0,934,7384
jolleyho,3,7380,4325,3055,1270,224,3,2,1494,7382
Chunkeeboi,2,7378,4648,2730,1918,105,2,1,2023,7379
eleventhourcamber,2,7373,4199,3174,1025,224,2,0,1249,7373
Richard_Gere_Etc,1,7372,4023,3349,674,181,1,1,855,7373
DoesWhatSimonSays,6,7367,4542,2825,1717,137,6,5,1854,7372
ire_post,8,7368,4196,3172,1024,173,6,4,1197,7372
OddFUTUREalltheway,1,7365,4290,3075,1215,243,1,0,1458,7365
heartwrenchedchick,1,7356,4382,2974,1408,224,1,1,1632,7357
st3v3n,1,7354,4304,3050,1254,395,1,0,1649,7354
elitexemnas,1,7353,4028,3325,703,214,1,0,917,7353
SNOWFaKING,3,7349,4329,3020,1309,72,3,3,1381,7352
AlexHealey,1,7350,4586,2764,1822,126,1,0,1948,7350
Bravoguy41,2,7346,4117,3229,888,136,1,2,1024,7348
tuckerjames97,4,7343,4111,3232,879,52,4,4,931,7347
Gemcat74,1,7342,4247,3095,1152,165,1,0,1317,7342
CanadaBlue,3,7337,4413,2924,1489,183,2,3,1672,7340
gasung617,3,7336,4305,3031,1274,235,2,3,1509,7339
Thirsty_Pickle,1,7338,4492,2846,1646,72,1,0,1718,7338
TONY-PERFECT,2,7336,4247,3089,1158,90,2,1,1248,7337
HybridAssassination,1,7335,4046,3289,757,78,1,1,835,7336
MortifiedPuppy,1,7333,3783,3550,233,380,1,1,613,7334
oakles,2,7330,4022,3308,714,74,1,2,788,7332
oblomovx,2,7330,4505,2825,1680,119,2,1,1799,7331
MerryMortician,1,7328,4301,3027,1274,473,1,0,1747,7328
ohcontraire,7,7319,4578,2741,1837,86,3,7,1923,7326
foreverthinkingofyou,1,7324,4746,2578,2168,133,1,1,2301,7325
timmytron,5,7318,4790,2528,2262,285,5,4,2547,7322
NaughtyChips,1,7320,3841,3479,362,108,1,1,470,7321
SstereoSanctity,1,7319,4208,3111,1097,32,0,1,1129,7320
morris309,1,7319,4126,3193,933,67,1,1,1000,7320
DonMasta,1,7318,5481,1837,3644,339,1,0,3983,7318
PotatoBased,1,7317,4235,3082,1153,130,1,1,1283,7318
I_AM_THE_NIGGLIEST,2,7316,4229,3087,1142,29,0,2,1171,7318
hollaballa,1,7315,4292,3023,1269,137,1,1,1406,7316
JustinRyanClark,1,7314,4353,2961,1392,186,1,1,1578,7315
kellymcneill,1,7313,4097,3216,881,113,1,1,994,7314
shoodbworking,2,7311,4165,3146,1019,264,2,2,1283,7313
LordSparkles,5,7311,4370,2941,1429,279,4,1,1708,7312
HKfCA,1,7311,4295,3016,1279,430,1,0,1709,7311
hbob82,2,7309,4048,3261,787,451,2,2,1238,7311
LiEWneeK,1,7307,4206,3101,1105,83,1,1,1188,7308
A_for_Anonymous,1,7306,4403,2903,1500,220,1,1,1720,7307
Warpigpen,1,7305,4136,3169,967,174,1,1,1141,7306
Aequorea,1,7306,4100,3206,894,171,1,0,1065,7306
raoulnotraul,1,7304,3882,3422,460,403,1,1,863,7305
english_dog,1,7304,3994,3310,684,108,1,0,792,7304
chris789,30,7279,5946,1333,4613,383,29,23,4996,7302
bobojoe,1,7301,4333,2968,1365,349,1,0,1714,7301
triad,1,7300,4338,2962,1376,199,1,0,1575,7300
Tripleseven,1,7298,4064,3234,830,198,1,1,1028,7299
efren2791,5,7294,4811,2483,2328,287,3,4,2615,7298
STJRedstorm,3,7295,4537,2758,1779,148,2,3,1927,7298
raithxx0,2,7296,4256,3040,1216,24,2,2,1240,7298
HonziPonzi,1,7297,4205,3092,1113,73,1,1,1186,7298
supasuit3,1,7294,4193,3101,1092,123,0,1,1215,7295
Raazzuls,6,7285,4730,2555,2175,332,5,6,2507,7291
solidwhetstone,11,7280,5056,2224,2832,154,11,10,2986,7290
smellsmell1,1,7289,3910,3379,531,379,1,1,910,7290
penaent,4,7286,4237,3049,1188,267,4,3,1455,7289
andreasgtr,2,7283,4642,2641,2001,32,1,2,2033,7285
elliotderp,2,7283,4066,3217,849,222,2,2,1071,7285
Undergroundpyro,1,7283,4533,2750,1783,502,1,0,2285,7283
Braden22,14,7268,5411,1857,3554,172,9,14,3726,7282
IdahoSucks,1,7282,4170,3112,1058,186,1,0,1244,7282
reidhasguitar,1,7281,4079,3202,877,64,1,1,941,7282
xXWinchell23Xx,2,7278,4002,3276,726,35,2,1,761,7279
lalablah,2,7270,4055,3215,840,182,2,2,1022,7272
SaintJewdas,3,7268,4443,2825,1618,178,3,2,1796,7270
FrenchieSmalls,3,7267,4123,3144,979,125,3,3,1104,7270
Therefor3,1,7263,4594,2669,1925,295,1,1,2220,7264
Morktorknak,1,7263,4462,2801,1661,58,1,1,1719,7264
iquill,2,7260,4162,3098,1064,285,2,2,1349,7262
Websterr,1,7261,4147,3114,1033,105,1,1,1138,7262
mondot64,3,7255,4329,2926,1403,29,0,3,1432,7258
robynnehay,2,7255,4253,3002,1251,75,2,2,1326,7257
Oh-em-jiggleohs,2,7251,4249,3002,1247,95,2,2,1342,7253
kaisuteq,1,7251,4218,3033,1185,127,1,0,1312,7251
zupman86,4,7245,4373,2872,1501,616,3,4,2117,7249
nizar25,3,7242,4202,3040,1162,103,2,2,1265,7244
kfomofo,1,7243,4013,3230,783,36,1,1,819,7244
Zoomerlawns,1,7242,4509,2733,1776,117,1,0,1893,7242
scattyckot,1,7241,4447,2794,1653,212,1,0,1865,7241
wolfguardian72,6,7236,4148,3088,1060,50,3,5,1110,7241
polysemous_entelechy,1,7240,4233,3007,1226,101,1,0,1327,7240
dcu5001,2,7239,4147,3092,1055,163,2,1,1218,7240
XiamTheFox,5,7232,4418,2814,1604,123,3,5,1727,7237
xChaoZ,1,7236,3964,3272,692,37,1,1,729,7237
TehBoredHobo,2,7232,4139,3093,1046,105,2,2,1151,7234
x86-JD,1,7234,3914,3320,594,64,1,0,658,7234
jettj12,3,7231,5061,2170,2891,264,3,2,3155,7233
kiwimonster21,2,7231,4797,2434,2363,167,2,2,2530,7233
Sentenced,1,7230,4353,2877,1476,313,1,1,1789,7231
bubba_shubba,4,7228,3948,3280,668,99,4,3,767,7231
Bitemarkz,1,7231,3929,3302,627,66,1,0,693,7231
phazoir,2,7227,4147,3080,1067,101,2,1,1168,7228
deathreaper96,1,7227,3877,3350,527,97,1,1,624,7228
LINUXSWAG,6,7217,4391,2826,1565,118,6,6,1683,7223
theguywhodidthething,6,7217,4262,2955,1307,81,6,6,1388,7223
shikyosword,1,7219,4046,3173,873,108,1,1,981,7220
EABACA,1,7218,4841,2377,2464,299,1,1,2763,7219
string97bean,2,7215,4056,3159,897,64,2,2,961,7217
Luke_Hero,5,7211,4157,3054,1103,74,5,5,1177,7216
Veritas28,1,7214,3936,3278,658,27,1,1,685,7215
mcabbas1,4,7205,4133,3072,1061,51,4,4,1112,7209
modcaleb,1,7208,4181,3027,1154,68,1,0,1222,7208
1500pushups,1,7207,4088,3119,969,46,1,1,1015,7208
drumcowski,6,7200,5569,1631,3938,651,6,5,4589,7205
skortt,1,7204,3980,3224,756,72,1,1,828,7205
_anonimoose_,1,7204,3834,3370,464,54,1,1,518,7205
iskiran,4,7198,4318,2880,1438,135,3,3,1573,7201
Ginx13,1,7199,4258,2941,1317,99,1,0,1416,7199
harrypl0tter,3,7197,4252,2945,1307,92,3,2,1399,7199
agentdom,1,7197,3986,3211,775,230,1,1,1005,7198
Parthanax,1,7194,3818,3376,442,138,1,1,580,7195
ImminentRegret,1,7193,3970,3223,747,95,1,1,842,7194
ArPak,3,7191,4096,3095,1001,75,3,1,1076,7192
zeroman73089,3,7186,4210,2976,1234,50,2,3,1284,7189
Orbixx,1,7188,3872,3316,556,118,1,1,674,7189
Foxxy11,1,7187,4220,2967,1253,40,1,1,1293,7188
I_LOVE_HOTPOCKETS,5,7183,4168,3015,1153,87,3,5,1240,7188
Fluffyboots,1,7186,4452,2734,1718,44,0,1,1762,7187
sleepysnowboarder,3,7185,4351,2834,1517,43,1,1,1560,7186
posseadesse,1,7183,4156,3027,1129,106,1,1,1235,7184
Haxgart,1,7183,4026,3157,869,102,1,1,971,7184
N-I-C,9,7168,5794,1374,4420,136,7,8,4556,7176
sey123,2,7172,4451,2721,1730,90,2,2,1820,7174
Killerrobotjews,1,7174,3954,3220,734,94,1,0,828,7174
buttercuprehab,1,7173,4383,2790,1593,47,1,0,1640,7173
TooLazyToSleep,1,7172,3856,3316,540,425,1,1,965,7173
oneeyedpenguin,1,7172,3959,3213,746,50,1,0,796,7172
WrongWayKid,1,7170,3935,3235,700,59,0,1,759,7171
Hooch93,1,7167,4147,3020,1127,109,1,1,1236,7168
aaronrobot,1,7167,4142,3025,1117,71,1,0,1188,7167
n3rf,1,7166,4000,3166,834,62,1,1,896,7167
rodion_vs_rodion,1,7165,4123,3042,1081,71,1,1,1152,7166
LlamaMall,1,7165,3918,3247,671,135,1,1,806,7166
MrSmexy,1,7161,4109,3052,1057,187,1,1,1244,7162
ajbatac,1,7160,4249,2911,1338,127,1,1,1465,7161
andrew650,1,7159,4354,2805,1549,200,1,1,1749,7160
Fezziiwig,1,7159,4291,2868,1423,209,1,1,1632,7160
darin_gleada,1,7158,4300,2858,1442,62,1,1,1504,7159
MuffinBoss,3,7156,4012,3144,868,223,3,3,1091,7159
KnightOfNew91,1,7154,4241,2913,1328,118,1,1,1446,7155
DenshiKenshi,1,7153,4541,2612,1929,62,1,0,1991,7153
Ashanmaril,1,7152,4283,2869,1414,73,1,1,1487,7153
Howie_Feltersnatch__,2,7151,4054,3097,957,399,2,2,1356,7153
geotagger,2,7152,4617,2535,2082,454,2,0,2536,7152
dja0794,2,7149,4308,2841,1467,160,2,2,1627,7151
madmat121,1,7150,4287,2863,1424,103,1,1,1527,7151
strawhatmenace,13,7139,3970,3169,801,68,10,12,869,7151
throwawayacunted4,1,7149,4015,3134,881,189,1,1,1070,7150
nezdi,2,7146,3885,3261,624,87,1,2,711,7148
tazcel,3,7147,4242,2905,1337,108,3,0,1445,7147
auntie_matter,3,7141,4398,2743,1655,99,3,3,1754,7144
downwithxpc,4,7141,4139,3002,1137,57,4,3,1194,7144
Mr_B_real_,1,7141,4000,3141,859,382,1,1,1241,7142
joshlamb619,5,7135,4633,2502,2131,147,3,5,2278,7140
ac_slat3r,2,7135,3910,3225,685,175,2,2,860,7137
GingerStu,2,7134,4304,2830,1474,186,2,2,1660,7136
SnyggNicke,1,7135,4053,3082,971,76,1,1,1047,7136
Scrunchomatic,3,7132,4872,2260,2612,203,3,2,2815,7134
ShinisterRaptor,1,7133,3826,3307,519,101,1,1,620,7134
DarthOtter,1,7132,4746,2386,2360,169,1,1,2529,7133
SleepDeprivedPegasus,1,7132,4006,3126,880,59,1,1,939,7133
runfunnyman,1,7130,4000,3130,870,265,1,0,1135,7130
JustBuzzin,1,7128,4072,3056,1016,106,1,1,1122,7129
sistersa1vation,1,7128,4033,3095,938,98,1,0,1036,7128
bogoaa,1,7127,4330,2797,1533,115,1,0,1648,7127
IamTh3Walrus,1,7123,3950,3173,777,211,1,1,988,7124
madmonkeymud,1,7124,3916,3208,708,82,1,0,790,7124
jca2u,1,7121,3952,3169,783,162,1,1,945,7122
aridebono,1,7120,4208,2912,1296,44,0,1,1340,7121
loricasegmentata,1,7120,3913,3207,706,326,1,0,1032,7120
IDe-,1,7118,4067,3051,1016,625,1,1,1641,7119
gingersdoitbest,2,7117,4248,2869,1379,34,2,2,1413,7119
MateriaLLo,2,7117,4134,2983,1151,87,2,0,1238,7117
IncyWincyPotato,4,7108,3822,3286,536,144,1,4,680,7112
amoeba_incognito,2,7107,4403,2704,1699,364,2,1,2063,7108
DoctorOrEngineer,1,7105,4152,2953,1199,270,1,0,1469,7105
ahoky8,2,7103,4012,3091,921,67,2,2,988,7105
Tallain,4,7103,4618,2485,2133,138,4,0,2271,7103
mariannemao,1,7103,4254,2849,1405,216,1,0,1621,7103
rupeshjoy852,1,7098,4528,2570,1958,90,1,1,2048,7099
Casstastophie,1,7097,4132,2965,1167,76,1,1,1243,7098
StockmanBaxter,2,7095,3790,3305,485,790,2,2,1275,7097
Guilty_Spark_117,1,7096,4242,2854,1388,128,1,0,1516,7096
ChelseaRC,5,7089,4168,2921,1247,149,5,5,1396,7094
pacoiam,1,7093,4059,3034,1025,622,1,0,1647,7093
FluffyCactus,2,7091,4170,2921,1249,77,0,2,1326,7093
wildmate,2,7091,4072,3019,1053,121,2,2,1174,7093
Prizoner35,1,7090,4447,2643,1804,275,1,1,2079,7091
menicknick,2,7089,4065,3024,1041,247,2,1,1288,7090
ChinesePhil,1,7089,3834,3255,579,51,1,1,630,7090
Taco_Gutierrez,1,7087,3847,3240,607,227,1,1,834,7088
Ohlawd12,1,7085,3987,3098,889,106,1,1,995,7086
AlexFahrenheit,7,7076,4285,2791,1494,193,7,7,1687,7083
dishie,1,7079,3944,3135,809,67,1,1,876,7080
pottrpupptpals,4,7076,3919,3157,762,62,2,4,824,7080
ChuckSpears,2,7075,4301,2774,1527,219,2,1,1746,7076
Improbable_Cause,1,7075,3926,3149,777,55,1,1,832,7076
Biglos079,6,7070,3973,3097,876,91,4,5,967,7075
curt_schilli,1,7073,4062,3011,1051,74,1,1,1125,7074
huttonmademedothis,1,7071,3658,3413,245,88,1,1,333,7072
aland323,3,7068,4208,2860,1348,123,1,2,1471,7070
I_like_kebabs,1,7068,4334,2734,1600,23,1,1,1623,7069
Y2Kmaster,1,7069,3979,3090,889,134,1,0,1023,7069
ej18,1,7068,3882,3186,696,207,1,1,903,7069
highruleking,1,7066,4000,3066,934,390,1,1,1324,7067
solidsharkey,1,7065,4131,2934,1197,141,1,0,1338,7065
lugabs11,1,7063,4197,2866,1331,332,1,0,1663,7063
karmacousteau,2,7062,4136,2926,1210,214,2,1,1424,7063
austin713,3,7062,3786,3276,510,75,3,1,585,7063
darkon,3,7059,4119,2940,1179,165,2,3,1344,7062
statusmalus,1,7061,3862,3199,663,142,1,1,805,7062
CapnFran,2,7059,4024,3035,989,64,2,2,1053,7061
theonly1ne,3,7059,3892,3167,725,44,3,2,769,7061
MadLarkin,10,7052,4053,2999,1054,85,7,8,1139,7060
Stonelocomotief,1,7056,4472,2584,1888,141,1,0,2029,7056
sameolpimp,1,7055,5134,1921,3213,383,1,0,3596,7055
Muscles_McGeee,1,7055,4006,3049,957,187,1,0,1144,7055
ne_ziggy,3,7051,4307,2744,1563,133,3,3,1696,7054
batimus,1,7051,4200,2851,1349,170,1,1,1519,7052
ravnistic,1,7051,4080,2971,1109,266,1,1,1375,7052
starsspinningdizzy,1,7050,3967,3083,884,199,1,0,1083,7050
slash1890,5,7044,3894,3150,744,69,5,5,813,7049
brkn613,1,7046,3990,3056,934,32,1,1,966,7047
vergi,1,7045,4241,2804,1437,124,1,1,1561,7046
Elizachase,1,7045,4385,2660,1725,76,1,0,1801,7045
eblingdp,4,7042,4336,2706,1630,125,3,3,1755,7045
4lien,2,7043,3921,3122,799,100,2,2,899,7045
screenshotted,1,7043,3975,3068,907,80,1,1,987,7044
Schottladen,2,7042,4248,2794,1454,103,2,1,1557,7043
peyz123,1,7043,4174,2869,1305,51,1,0,1356,7043
HarryJamesDotUk,1,7039,3907,3132,775,180,1,1,955,7040
owwz,1,7039,4180,2859,1321,33,1,0,1354,7039
pw868500,1,7037,4101,2936,1165,69,1,1,1234,7038
bitcheslovecheezwhiz,3,7034,4147,2887,1260,228,3,3,1488,7037
sharmander3,7,7030,4085,2945,1140,361,7,6,1501,7036
isis010,1,7033,4171,2862,1309,94,1,1,1403,7034
Vgore762,3,7030,3998,3032,966,95,2,3,1061,7033
tromboner123,1,7030,3976,3054,922,56,1,1,978,7031
SpinalZeD,1,7025,3856,3169,687,46,1,0,733,7025
toefer,1,7024,5537,1487,4050,430,1,0,4480,7024
UofMtigers2014,1,7020,4170,2850,1320,355,1,1,1675,7021
Fir3,2,7017,4008,3009,999,88,2,1,1087,7018
TrickinVixen,3,7015,4080,2935,1145,109,3,2,1254,7017
Purp1e,3,7014,4155,2859,1296,133,3,2,1429,7016
IntoTheMystic,2,7013,4184,2829,1355,512,2,1,1867,7014
google_me_95,2,7011,4095,2916,1179,71,1,2,1250,7013
just_go_with_it,1,7012,3998,3014,984,274,1,0,1258,7012
Scarmanz,12,7002,3675,3327,348,266,5,10,614,7012
veryAggressiveNapkin,2,7010,4358,2652,1706,25,2,1,1731,7011
sforzhangdo,2,7005,3942,3063,879,213,2,2,1092,7007
bmhart17,1,7006,3921,3085,836,47,1,1,883,7007
Knaten_,2,7003,4098,2905,1193,53,1,2,1246,7005
MarkBentley,2,7002,4132,2870,1262,110,2,2,1372,7004
otsoko,1,7002,3959,3043,916,64,1,0,980,7002
TheDood715,1,6999,4063,2936,1127,185,1,0,1312,6999
wincraft71,1,6998,3752,3246,506,133,1,0,639,6998
rangers24,1,6996,3899,3097,802,32,1,1,834,6997
urarthur,2,6993,3999,2994,1005,82,2,2,1087,6995
ThatGreekGuy,2,6992,3665,3327,338,78,2,2,416,6994
SwolbyNelson,2,6993,4179,2814,1365,77,1,0,1442,6993
jk3000bot,3,6986,4069,2917,1152,37,3,2,1189,6988
wardser,2,6984,4782,2202,2580,271,2,2,2851,6986
timmaeus,2,6985,3800,3185,615,336,2,1,951,6986
chomblebrown,3,6981,4476,2505,1971,92,3,2,2063,6983
BeMoreChill,4,6979,4142,2837,1305,145,3,3,1450,6982
wutO_o,1,6979,3715,3264,451,47,1,1,498,6980
Vxzjhx,5,6974,4017,2957,1060,228,5,4,1288,6978
AriaLakota,1,6976,4220,2756,1464,87,1,1,1551,6977
GriftyGrifter,1,6976,4023,2953,1070,155,1,1,1225,6977
grdlock,5,6972,4072,2900,1172,280,5,3,1452,6975
0rionPax,1,6974,3803,3171,632,232,1,1,864,6975
Gothmogx,1,6974,4086,2888,1198,58,1,0,1256,6974
spoatnik,3,6969,4127,2842,1285,220,3,3,1505,6972
GladPost,2,6972,3672,3300,372,166,1,0,538,6972
etbeepbeep,1,6969,4068,2901,1167,320,1,1,1487,6970
Beaglepower,1,6968,3906,3062,844,58,1,1,902,6969
LetsBeFerns,2,6964,4231,2733,1498,44,2,2,1542,6966
OnePumpJump,1,6965,3958,3007,951,49,1,1,1000,6966
SOwED,7,6960,4361,2599,1762,248,6,4,2010,6964
FUCK_WIZARD,1,6963,3965,2998,967,98,1,1,1065,6964
summerkc,1,6963,3793,3170,623,105,1,1,728,6964
LHeeezy,3,6960,4371,2589,1782,80,3,3,1862,6963
TomatosauceTheMessia,4,6960,3983,2977,1006,548,3,3,1554,6963
SleepRC,2,6961,3838,3123,715,194,2,2,909,6963
aayushi_jain,2,6957,4079,2878,1201,101,2,2,1302,6959
heffalumps_woozles,1,6956,3686,3270,416,89,1,0,505,6956
briabobia,1,6953,3893,3060,833,52,1,1,885,6954
dannycalamity,1,6953,4138,2815,1323,444,1,0,1767,6953
TobyG123,3,6949,4087,2862,1225,121,3,3,1346,6952
JT_Brosiak,2,6947,4081,2866,1215,104,2,2,1319,6949
billynomates1,1,6945,3926,3019,907,258,1,1,1165,6946
Fragment212,4,6941,4235,2706,1529,60,4,4,1589,6945
HoldMaahDick,14,6930,4154,2776,1378,223,13,14,1601,6944
chuknora,1,6941,4193,2748,1445,61,1,1,1506,6942
hahaha_oh,3,6938,4051,2887,1164,109,3,3,1273,6941
Bojingo,2,6940,4021,2919,1102,156,2,1,1258,6941
parloop,1,6938,3901,3037,864,125,1,1,989,6939
Caiopia,2,6937,3908,3029,879,82,1,1,961,6938
Kenshin_Himura,1,6936,4052,2884,1168,163,0,1,1331,6937
bwebb1,1,6935,3755,3180,575,51,1,1,626,6936
cantfindone,4,6932,3926,3006,920,195,4,2,1115,6934
psybermonkey15,5,6929,4126,2803,1323,173,3,4,1496,6933
rycokamoore,1,6931,4220,2711,1509,216,1,1,1725,6932
afewseekhay,7,6923,5493,1430,4063,124,7,7,4187,6930
achildcalledit,2,6928,3921,3007,914,204,2,2,1118,6930
mcmonky,1,6929,4272,2657,1615,289,1,0,1904,6929
daylatefriend88,2,6926,4311,2615,1696,120,1,2,1816,6928
rpaxtonmartin,1,6928,3956,2972,984,84,1,0,1068,6928
levine2112,4,6923,3938,2985,953,232,4,3,1185,6926
nyydan,2,6920,4032,2888,1144,60,2,2,1204,6922
otariid,2,6920,3829,3091,738,427,2,2,1165,6922
yookalyptus,1,6921,3952,2969,983,62,1,1,1045,6922
TheDingalingKing,2,6919,4128,2791,1337,181,2,2,1518,6921
CattleSkatePark,1,6920,3924,2996,928,137,1,1,1065,6921
redbottlecapbeercan,1,6920,3802,3118,684,373,1,1,1057,6921
whoneedsmeme,7,6916,3866,3050,816,151,5,3,967,6919
SomnusRS,1,6911,3705,3206,499,229,1,1,728,6912
pavaratta,1,6909,3834,3075,759,164,1,1,923,6910
maddawg579,1,6910,3752,3158,594,90,1,0,684,6910
mermaidhairnoocares,3,6907,4173,2734,1439,111,3,2,1550,6909
NoShameRepost,2,6906,4129,2777,1352,26,1,2,1378,6908
estyjabs,1,6907,3967,2940,1027,102,1,1,1129,6908
darthobgyn,1,6903,4217,2686,1531,129,1,0,1660,6903
jamesonbar,2,6900,3945,2955,990,62,2,1,1052,6901
para-dox,2,6898,3832,3066,766,53,2,2,819,6900
FatManTinyCoat,1,6898,4525,2373,2152,59,1,1,2211,6899
ThatGuy210,8,6889,4724,2165,2559,111,8,7,2670,6896
meagies,2,6895,3829,3066,763,128,2,1,891,6896
union_pacific,4,6892,4038,2854,1184,132,2,3,1316,6895
jst3w,1,6894,3729,3165,564,156,1,1,720,6895
Black__Mamba,2,6892,4008,2884,1124,67,2,1,1191,6893
Explosives,2,6890,3778,3112,666,80,0,2,746,6892
xxLurker,6,6887,4125,2762,1363,102,4,4,1465,6891
DerekBrighten,1,6885,4011,2874,1137,266,1,1,1403,6886
francesc0,2,6884,3957,2927,1030,114,2,2,1144,6886
mikefromcanmore,1,6884,3938,2946,992,48,1,1,1040,6885
carleeraea,1,6882,3704,3178,526,31,1,1,557,6883
screwmaths,2,6881,3881,3000,881,72,2,1,953,6882
haypenny,1,6880,3773,3107,666,64,1,1,730,6881
JaiDubs,1,6879,4443,2436,2007,252,0,1,2259,6880
dzavacki,1,6878,4176,2702,1474,124,1,1,1598,6879
bobbaphet,1,6878,3889,2989,900,56,1,1,956,6879
Ankorage,4,6876,3951,2925,1026,68,3,2,1094,6878
iDunn0h,1,6877,3753,3124,629,116,1,1,745,6878
Tubebaum,1,6876,3987,2889,1098,323,1,1,1421,6877
RODVA,1,6874,4099,2775,1324,78,1,1,1402,6875
fuzzy_dunnlop,6,6871,3892,2979,913,258,6,4,1171,6875
elle-igator,1,6873,4201,2672,1529,118,0,1,1647,6874
Robbiesstool,1,6873,4003,2870,1133,58,1,1,1191,6874
boardingpass10,1,6870,4170,2700,1470,38,1,1,1508,6871
AnonymouserRedditor,1,6869,3946,2923,1023,127,1,0,1150,6869
irishyank,1,6868,3607,3261,346,100,1,1,446,6869
Ultravod,1,6867,4074,2793,1281,758,1,0,2039,6867
Liammm,1,6863,5063,1800,3263,179,1,1,3442,6864
seannnnnn,10,6853,4548,2305,2243,191,10,9,2434,6862
Rayala,1,6858,3673,3185,488,67,1,1,555,6859
smellybogan98,2,6855,4136,2719,1417,47,2,2,1464,6857
Parkmayn,1,6856,3634,3222,412,113,1,1,525,6857
NumblyBumbly,1,6856,4078,2778,1300,74,1,0,1374,6856
Wintersc,2,6854,3974,2880,1094,74,1,2,1168,6856
ShoottheJ,2,6852,3964,2888,1076,92,2,2,1168,6854
oenoneshore,1,6853,3940,2913,1027,46,1,1,1073,6854
kingsleyzissou23,1,6853,3708,3145,563,67,1,1,630,6854
smakka,1,6852,3647,3205,442,82,1,1,524,6853
Badlay,2,6850,4100,2750,1350,198,1,2,1548,6852
ClydeFrogOnetyOne,1,6851,4027,2824,1203,79,1,1,1282,6852
omgmanatees,1,6852,3856,2996,860,111,1,0,971,6852
rockerman500,1,6851,3888,2963,925,55,1,0,980,6851
Zanhana,1,6848,4917,1931,2986,53,1,0,3039,6848
EgbertAttrick,1,6846,3923,2923,1000,468,1,1,1468,6847
vinesauce,1,6847,3981,2866,1115,220,1,0,1335,6847
KamehameHanSolo,1,6846,3946,2900,1046,80,1,1,1126,6847
rcm21,4,6844,4270,2574,1696,168,4,2,1864,6846
PopeReptarXII,2,6844,4144,2700,1444,31,2,2,1475,6846
TheOnlyNameAvailable,1,6845,4035,2810,1225,101,1,1,1326,6846
sylviaallex,1,6841,3860,2981,879,184,1,1,1063,6842
zEncLave,3,6839,3810,3029,781,28,3,3,809,6842
NedimHusic,3,6834,3911,2923,988,113,2,2,1101,6836
qulp,1,6834,3718,3116,602,65,1,1,667,6835
Klausarn,1,6833,3877,2956,921,50,1,1,971,6834
nadiaface,1,6832,3850,2982,868,282,1,1,1150,6833
TEEHEEman,2,6830,3856,2974,882,53,2,2,935,6832
AutVeniam,1,6830,4038,2792,1246,74,1,1,1320,6831
moony_toons,1,6829,3857,2972,885,126,1,1,1011,6830
JayoxD,5,6827,4031,2796,1235,249,5,2,1484,6829
AdmiralMacralAckbar,1,6828,4105,2723,1382,36,1,0,1418,6828
HmmNoWays,1,6828,3800,3028,772,41,1,0,813,6828
kdbfh,2,6826,4225,2601,1624,223,1,0,1847,6826
makenzie71,5,6822,3888,2934,954,200,5,4,1154,6826
Carl92,1,6825,3835,2990,845,111,1,1,956,6826
hooshtin,1,6824,3959,2865,1094,52,1,1,1146,6825
revolgod9987,1,6824,3933,2891,1042,62,1,1,1104,6825
JrtheWriter,1,6820,4079,2741,1338,180,1,1,1518,6821
brionic76,1,6820,3783,3037,746,44,1,1,790,6821
lipboy,1,6819,3601,3218,383,73,1,1,456,6820
takamata,2,6814,3787,3027,760,62,2,2,822,6816
Ramijiman,3,6812,4022,2790,1232,155,3,3,1387,6815
lollypopkid,4,6812,4031,2781,1250,113,4,3,1363,6815
Moishaha,1,6813,4003,2810,1193,415,1,0,1608,6813
InfamousSkill,2,6811,3970,2841,1129,57,1,2,1186,6813
beauseph,1,6809,4108,2701,1407,370,0,1,1777,6810
The_Nigger_General,2,6808,4084,2724,1360,237,1,1,1597,6809
DJBlum89,1,6808,3784,3024,760,54,1,1,814,6809
Mattxy8,7,6800,4116,2684,1432,71,5,7,1503,6807
ikfotsur,4,6803,3765,3038,727,104,4,3,831,6806
A_Texas_Toaster,2,6803,3511,3292,219,224,2,2,443,6805
impulsinator,2,6803,3800,3003,797,88,2,1,885,6804
soapgoat,2,6802,3726,3076,650,43,2,2,693,6804
Sybock-,1,6802,3701,3101,600,66,1,0,666,6802
Kyuto4900,1,6800,3931,2869,1062,77,1,1,1139,6801
InfiniteSource,17,6785,4987,1798,3189,236,7,15,3425,6800
narwhalsatmidnight,1,6799,4096,2703,1393,102,1,0,1495,6799
ssilver77,1,6798,3797,3001,796,58,1,1,854,6799
cpawho,1,6797,3961,2836,1125,28,0,1,1153,6798
_qtwerp_,2,6795,3959,2836,1123,128,2,2,1251,6797
Shiranaru,1,6795,3854,2941,913,65,1,1,978,6796
wupfunk,2,6794,4023,2771,1252,161,2,1,1413,6795
SargeMacLethal,2,6790,4099,2691,1408,142,1,2,1550,6792
LarryTheSatelliteGuy,2,6786,4719,2067,2652,96,2,2,2748,6788
titan413,3,6787,3982,2805,1177,351,2,1,1528,6788
meistergeister,4,6783,4135,2648,1487,94,3,4,1581,6787
flyersfan018,3,6784,4097,2687,1410,62,2,3,1472,6787
garkes,2,6784,4836,1948,2888,191,1,2,3079,6786
NerdBoy_,2,6786,3920,2866,1054,328,2,0,1382,6786
Double-O_N7,2,6785,4275,2510,1765,43,1,0,1808,6785
PetrolHeadF,1,6784,3900,2884,1016,55,1,1,1071,6785
suchfresht,1,6781,4107,2674,1433,92,1,0,1525,6781
MrFlagg,1,6781,4064,2717,1347,40,1,0,1387,6781
IsMaithLiom,1,6779,3990,2789,1201,131,1,1,1332,6780
likwitsnake,8,6770,4331,2439,1892,324,5,8,2216,6778
a_waffle,1,6777,3870,2907,963,73,1,1,1036,6778
HotJoint,1,6775,4503,2272,2231,304,0,1,2535,6776
squireofrnew,4,6772,3838,2934,904,595,4,4,1499,6776
brballer42,2,6774,3631,3143,488,102,1,1,590,6775
Melodic_692,10,6764,4077,2687,1390,183,7,10,1573,6774
CartmansBoobs,1,6772,3965,2807,1158,144,1,1,1302,6773
Kosta_One_635,1,6772,3640,3132,508,149,1,1,657,6773
rexmons,4,6768,4117,2651,1466,227,1,3,1693,6771
RomanGlvac,1,6768,4011,2757,1254,29,1,1,1283,6769
JOEY2X,4,6765,3919,2846,1073,90,4,4,1163,6769
plkds,1,6767,3926,2841,1085,122,1,0,1207,6767
MisterGhost,17,6751,5693,1058,4635,680,15,15,5315,6766
Madzooks,1,6766,3635,3131,504,361,1,0,865,6766
zacharybab,1,6765,4005,2760,1245,158,1,0,1403,6765
OuterShpongolia,1,6763,4002,2761,1241,305,1,0,1546,6763
Upvote_AllTheShit,1,6763,3751,3012,739,71,1,0,810,6763
bonneau,2,6761,4042,2719,1323,54,2,0,1377,6761
JamesWillson22,1,6761,3811,2950,861,44,1,0,905,6761
TheMightyCE,1,6759,4105,2654,1451,100,1,1,1551,6760
specialistrock,1,6760,4005,2755,1250,62,1,0,1312,6760
JuanTaco69,1,6759,3761,2998,763,52,1,1,815,6760
NullPoint84,1,6758,3852,2906,946,205,0,1,1151,6759
SquishyWizard,1,6758,3717,3041,676,285,1,1,961,6759
rags5903,3,6750,4022,2728,1294,90,3,2,1384,6752
Roofbacon,2,6750,3919,2831,1088,102,2,2,1190,6752
atticusfunk,1,6751,3913,2838,1075,107,1,1,1182,6752
weakcoder,5,6747,4092,2655,1437,270,5,3,1707,6750
Aviator8989,3,6747,3969,2778,1191,410,3,2,1601,6749
abrickofclay,1,6748,4014,2734,1280,156,1,0,1436,6748
ejhaile,8,6740,4298,2442,1856,128,7,5,1984,6745
FiercePeople,1,6737,3653,3084,569,66,1,1,635,6738
Saint_Gut-Free,3,6732,4509,2223,2286,159,3,3,2445,6735
stlunatic15,3,6733,3920,2813,1107,191,3,2,1298,6735
tapdathoe,2,6733,3692,3041,651,78,2,2,729,6735
Salsadips,4,6730,3594,3136,458,110,4,4,568,6734
rorschach95,1,6732,3999,2733,1266,81,0,1,1347,6733
frogmander,2,6731,5416,1315,4101,1359,2,1,5460,6732
FuTRoN,18,6715,3932,2783,1149,99,14,16,1248,6731
dchelix,1,6729,3850,2879,971,333,1,1,1304,6730
thriftyhipster,1,6728,3774,2954,820,287,1,0,1107,6728
Chumpanator,1,6728,3852,2876,976,52,1,0,1028,6728
PrincessRarity,4,6725,4368,2357,2011,219,3,1,2230,6726
ejolson,1,6723,4112,2611,1501,146,1,1,1647,6724
rondango,4,6718,4174,2544,1630,45,3,2,1675,6720
Ibby238,7,6710,4163,2547,1616,135,5,6,1751,6716
moosedenied,1,6715,3694,3021,673,91,1,1,764,6716
Zol74n,1,6714,4110,2604,1506,48,1,1,1554,6715
Grays42,1,6714,3728,2986,742,233,1,1,975,6715
meatfriend,1,6715,3667,3048,619,93,1,0,712,6715
CanIGetaHellYeah,6,6709,4357,2352,2005,243,4,5,2248,6714
prisonstrength,3,6708,4064,2644,1420,68,1,3,1488,6711
Michael_J_Fucks,1,6710,3771,2939,832,116,1,1,948,6711
Doctor_Zee,1,6708,3674,3034,640,183,1,1,823,6709
missantimacy,1,6707,4191,2516,1675,492,1,1,2167,6708
Nelo20043,3,6707,3834,2873,961,160,3,1,1121,6708
Ed_is_on_Reddit,1,6706,4501,2205,2296,518,1,1,2814,6707
emacna1,1,6705,3814,2891,923,65,1,0,988,6705
Watawkichaw,5,6700,3735,2965,770,77,5,5,847,6705
largetoes,3,6701,3874,2827,1047,73,1,3,1120,6704
ThEgg,1,6702,4019,2683,1336,31,1,0,1367,6702
TheHeirOfHope,1,6700,3762,2938,824,131,1,1,955,6701
mellowmonk,1,6700,4304,2396,1908,450,1,0,2358,6700
BIAATTCH,1,6699,3897,2802,1095,41,1,1,1136,6700
Codicosica,5,6695,3942,2753,1189,98,5,4,1287,6699
Hot_Soup,1,6698,3813,2885,928,127,1,1,1055,6699
oh_god_derp,1,6697,3854,2843,1011,93,1,1,1104,6698
jgstate1,2,6694,3956,2738,1218,37,2,2,1255,6696
Voxratio,2,6694,3879,2815,1064,84,2,2,1148,6696
rebelpride,3,6693,3667,3026,641,128,3,3,769,6696
grimmless,2,6690,3871,2819,1052,86,2,1,1138,6691
thatshowwedoit,1,6690,3750,2940,810,122,1,1,932,6691
NeanderStaal,1,6690,4057,2633,1424,118,1,0,1542,6690
Rantsicle,2,6688,4149,2539,1610,228,0,1,1838,6689
LOLumad1013,3,6687,3685,3002,683,59,3,2,742,6689
DeadlySphinx,1,6687,3930,2757,1173,71,0,1,1244,6688
RepostResearch,2,6686,3643,3043,600,69,1,2,669,6688
juiceboxheero,2,6685,3954,2731,1223,560,2,2,1783,6687
OshawaConnection,1,6685,3936,2749,1187,464,1,1,1651,6686
Brodo__Faggins,1,6683,3825,2858,967,216,1,1,1183,6684
AcidKing,3,6681,3990,2691,1299,139,3,2,1438,6683
Waterfountainmelon,3,6679,4262,2417,1845,21,2,3,1866,6682
Frokage,2,6678,3905,2773,1132,192,2,2,1324,6680
BoseRud,1,6675,3714,2961,753,85,1,0,838,6675
FrugleZ,1,6672,4058,2614,1444,52,1,0,1496,6672
ShmuelJudak,1,6671,3859,2812,1047,102,1,1,1149,6672
speedyleedy,2,6671,3701,2970,731,83,2,1,814,6672
Yondee,1,6671,3630,3041,589,79,1,1,668,6672
Victoria080411,1,6666,3785,2881,904,266,1,1,1170,6667
thekarachiite,6,6664,3757,2907,850,252,6,3,1102,6667
Rocker13666,2,6664,3944,2720,1224,36,1,1,1260,6665
OsamaBinBatman,1,6664,3868,2796,1072,93,1,0,1165,6664
DeadBent,1,6663,4984,1679,3305,563,1,0,3868,6663
cagoBHuK,1,6661,4136,2525,1611,121,1,0,1732,6661
eyes_of_disapproval,1,6661,3784,2877,907,100,1,0,1007,6661
Okami23,2,6658,3952,2706,1246,115,2,2,1361,6660
hanginwitmrcoopa,1,6658,4271,2387,1884,23,1,1,1907,6659
postman2448,3,6655,3835,2820,1015,67,2,3,1082,6658
evand4567,4,6652,4081,2571,1510,54,3,4,1564,6656
FraggotMan,2,6654,3948,2706,1242,98,2,2,1340,6656
taozero,5,6650,3887,2763,1124,99,5,5,1223,6655
sabermo,1,6654,3893,2761,1132,84,1,0,1216,6654
PatAunces,1,6653,3774,2879,895,76,1,1,971,6654
HeyLookARepost,2,6652,3736,2916,820,62,2,2,882,6654
gcmlek,1,6652,3620,3032,588,59,1,1,647,6653
laurenfay87,1,6649,3942,2707,1235,206,1,1,1441,6650
WarsawwasraW_,2,6649,3761,2888,873,88,2,1,961,6650
ClownsInJumpsuits,11,6637,4252,2385,1867,118,10,11,1985,6648
DaVinci44,3,6645,4082,2563,1519,86,3,3,1605,6648
We_are_the_Odd,2,6647,3647,3000,647,73,2,1,720,6648
Scottfra,1,6646,3808,2838,970,259,0,1,1229,6647
Scrambo,1,6645,3975,2670,1305,121,1,1,1426,6646
Calleroo,1,6645,3516,3129,387,401,1,1,788,6646
davo_nz,1,6643,4049,2594,1455,179,1,1,1634,6644
DRINKSPISSFORMONEY,2,6643,3858,2785,1073,65,2,1,1138,6644
theMEEKwillRULE,1,6643,3886,2757,1129,626,1,0,1755,6643
theshanimal16,1,6641,3945,2696,1249,33,1,1,1282,6642
Dairish,5,6636,4341,2295,2046,70,5,5,2116,6641
wdejr,11,6632,3822,2810,1012,101,11,8,1113,6640
wick36,1,6638,3753,2885,868,58,1,1,926,6639
That_guy_derp,1,6637,4085,2552,1533,361,1,0,1894,6637
Twixamot,2,6635,3769,2866,903,173,2,2,1076,6637
LiamHall,3,6633,4045,2588,1457,50,3,2,1507,6635
susejdotcom,2,6633,3839,2794,1045,67,1,1,1112,6634
WholeWheelofCheese,1,6631,3963,2668,1295,31,1,0,1326,6631
Alchemist95,1,6631,3600,3031,569,112,1,0,681,6631
lowisathesecond,1,6630,3578,3052,526,94,1,1,620,6631
ContactSc,1,6630,3540,3090,450,136,1,1,586,6631
cheetahlip,2,6629,3815,2814,1001,182,2,1,1183,6630
loldgaf,1,6628,3732,2896,836,136,1,1,972,6629
PerplexD,4,6621,3923,2698,1225,142,4,4,1367,6625
TravisDweeb,1,6621,3907,2714,1193,89,1,1,1282,6622
PartyMix,1,6617,3641,2976,665,228,1,1,893,6618
IvanKozlov,1,6613,3830,2783,1047,58,1,1,1105,6614
SXHarrasmentPanda,1,6613,3707,2906,801,52,1,1,853,6614
twoandonly,3,6611,3565,3046,519,264,3,3,783,6614
gburnaman,16,6600,5932,668,5264,168,13,13,5432,6613
angeldahl,1,6612,3710,2902,808,50,1,1,858,6613
ishraq7,3,6612,3489,3123,366,184,3,1,550,6613
LoveBreakupsnLife,1,6612,3649,2963,686,48,1,0,734,6612
Blix3r,3,6608,4138,2470,1668,77,2,1,1745,6609
MofiaGangster,1,6608,3872,2736,1136,34,0,1,1170,6609
soveryveryronery,2,6607,3728,2879,849,64,1,2,913,6609
kugai,7,6599,5197,1402,3795,323,7,5,4118,6604
vans178,1,6602,3978,2624,1354,61,1,1,1415,6603
ban3,1,6602,3680,2922,758,49,1,1,807,6603
coconutcookie7,1,6602,4041,2561,1480,229,1,0,1709,6602
CrowKaneII,3,6597,3787,2810,977,81,2,3,1058,6600
nookieman,1,6599,3734,2865,869,101,1,1,970,6600
lostlikeyou,1,6599,4309,2290,2019,223,1,0,2242,6599
_phedex,2,6597,4128,2469,1659,385,2,2,2044,6599
SchpartyOn,1,6598,3861,2737,1124,213,1,1,1337,6599
zev4n,4,6592,3872,2720,1152,102,4,3,1254,6595
NOACeulemans,6,6588,4522,2066,2456,253,5,5,2709,6593
granadoeric,1,6592,4109,2483,1626,77,1,1,1703,6593
aidsburger,1,6591,3808,2783,1025,61,1,0,1086,6591
RogerAlmighty,3,6587,3860,2727,1133,294,2,3,1427,6590
Larissa714,1,6589,3987,2602,1385,29,1,0,1414,6589
NovaDeez,1,6589,3780,2809,971,146,1,0,1117,6589
ldawg092498,1,6588,3983,2605,1378,102,1,0,1480,6588
shigdogg93,2,6586,3760,2826,934,39,2,2,973,6588
shimmerybee,1,6586,4013,2573,1440,73,1,1,1513,6587
Esplin,2,6585,3847,2738,1109,357,1,1,1466,6586
InfinityMinusOne,1,6585,3757,2828,929,49,1,1,978,6586
MyBean,1,6585,3720,2865,855,80,1,1,935,6586
fish619407,1,6584,4016,2568,1448,86,1,0,1534,6584
fon_tina,1,6583,3850,2733,1117,245,1,1,1362,6584
Dewbe,2,6577,3860,2717,1143,45,2,2,1188,6579
arthurdentxxxxii,2,6575,4155,2420,1735,76,2,2,1811,6577
bigbagofcoke,1,6576,3400,3176,224,151,1,1,375,6577
reisuke,1,6575,3751,2824,927,56,1,1,983,6576
wellihaveamonacle,3,6573,3989,2584,1405,47,1,2,1452,6575
gaseousshroud,1,6574,3914,2660,1254,106,1,0,1360,6574
Evankeller,1,6573,3679,2894,785,243,1,1,1028,6574
Saac,3,6566,4129,2437,1692,114,3,2,1806,6568
TheGalacticDonut,1,6567,3561,3006,555,62,1,1,617,6568
IOmNommedUrMom,1,6567,3966,2601,1365,67,1,0,1432,6567
thatoneguy249,1,6565,3647,2918,729,43,1,1,772,6566
F5ivedone,3,6561,3760,2801,959,307,3,3,1266,6564
StoopidMonkey20,1,6559,3873,2686,1187,104,1,1,1291,6560
BeatlesFREAK925,1,6560,3801,2759,1042,52,1,0,1094,6560
mrsblackberrykush,1,6558,4255,2303,1952,660,1,1,2612,6559
Twixhunta,1,6558,3714,2844,870,147,1,1,1017,6559
Wisdom_from_the_Ages,3,6556,4047,2509,1538,185,2,2,1723,6558
bernmaster,4,6556,3959,2597,1362,93,4,2,1455,6558
Exemus,1,6555,3409,3146,263,62,1,1,325,6556
8va,1,6554,3529,3025,504,59,1,0,563,6554
Th3DoughB0y,4,6549,4353,2196,2157,70,3,4,2227,6553
adinifinitum,1,6552,4012,2540,1472,39,1,1,1511,6553
Rushm00re,1,6553,3809,2744,1065,34,1,0,1099,6553
prodikl,1,6551,3876,2675,1201,100,1,0,1301,6551
soldiercrabs,1,6545,3787,2758,1029,1210,1,0,2239,6545
War_Machine,2,6544,3961,2583,1378,178,2,1,1556,6545
Sir_Dr_Dickface_IV,1,6544,4163,2381,1782,276,1,0,2058,6544
NamelessTryHard,1,6542,3854,2688,1166,111,1,1,1277,6543
AutumnStar,1,6542,3441,3101,340,68,1,0,408,6542
UncleTouchy1,2,6537,3708,2829,879,36,1,2,915,6539
Glorypants,1,6538,4332,2206,2126,118,1,0,2244,6538
lpounds,2,6537,4165,2372,1793,215,2,1,2008,6538
cavernph,1,6537,3948,2589,1359,78,1,0,1437,6537
Ryant433,1,6536,3818,2718,1100,161,1,1,1261,6537
SatinHandyWipe,1,6537,3450,3087,363,252,1,0,615,6537
kkurbs,2,6534,3943,2591,1352,101,2,2,1453,6536
BobLoblawFTW,3,6533,3893,2640,1253,112,2,3,1365,6536
Droxiav,1,6532,4013,2519,1494,131,1,1,1625,6533
Black_Sex_Eagle,2,6530,4159,2371,1788,121,2,1,1909,6531
eastrod,1,6531,3802,2729,1073,389,1,0,1462,6531
ablos,1,6531,3852,2679,1173,48,1,0,1221,6531
killeraxemannic,2,6527,3566,2961,605,79,2,2,684,6529
joenuck89,3,6523,3794,2729,1065,169,2,0,1234,6523
shadowdsfire,5,6519,3725,2794,931,268,5,0,1199,6519
AlphaTau169,1,6516,3602,2914,688,42,1,1,730,6517
Armonster,1,6514,3913,2601,1312,62,1,1,1374,6515
craig3010,3,6512,3503,3009,494,284,3,3,778,6515
slaya771,5,6510,4029,2481,1548,80,5,4,1628,6514
nhumensk,2,6511,4105,2406,1699,147,2,2,1846,6513
Yewbert,5,6509,3862,2647,1215,150,5,4,1365,6513
420chiefofZEP,2,6511,3688,2823,865,63,2,2,928,6513
sweatysack,1,6512,3526,2986,540,62,1,1,602,6513
supercerealguys,3,6508,3961,2547,1414,307,3,3,1721,6511
TurretOpera,1,6510,3699,2811,888,700,1,0,1588,6510
h3yMan,1,6509,3671,2838,833,41,0,1,874,6510
palijer,3,6508,3768,2740,1028,330,3,1,1358,6509
Rich_Cheese,2,6507,3540,2967,573,81,2,2,654,6509
syncwp,1,6507,3581,2926,655,88,1,1,743,6508
dont_yell_atME,2,6505,3752,2753,999,62,2,2,1061,6507
bob_newman,1,6502,3954,2548,1406,63,1,0,1469,6502
the-ginger-one,1,6502,3962,2540,1422,38,1,0,1460,6502
notcre8ive,1,6501,3817,2684,1133,48,1,1,1181,6502
Beartholomew,1,6501,3753,2748,1005,47,1,1,1052,6502
fancyrandy,2,6497,4050,2447,1603,75,2,2,1678,6499
DrossGnostic,1,6496,3814,2682,1132,120,1,1,1252,6497
rdfiii,4,6495,3630,2865,765,98,4,2,863,6497
secretssquirrel,1,6495,3768,2727,1041,42,1,1,1083,6496
Animedingo,1,6495,3568,2927,641,177,1,1,818,6496
Jobo50,5,6490,4172,2318,1854,73,4,5,1927,6495
Linone,1,6492,3856,2636,1220,355,1,1,1575,6493
WizardTrembyle,1,6487,3669,2818,851,133,1,1,984,6488
CopEatingDonut,4,6483,3938,2545,1393,126,3,4,1519,6487
Hryggo,1,6487,3859,2628,1231,258,1,0,1489,6487
hiphoprising,6,6481,3997,2484,1513,280,6,4,1793,6485
HotLight,1,6483,3843,2640,1203,43,1,1,1246,6484
thorax3412,2,6479,3873,2606,1267,112,2,2,1379,6481
lastjohnnyboy,1,6480,3676,2804,872,160,1,1,1032,6481
gpto,1,6480,3551,2929,622,113,1,1,735,6481
cobrahh,2,6478,4111,2367,1744,141,2,2,1885,6480
ashyjakk,7,6477,3822,2655,1167,248,6,3,1415,6480
Reaper089,1,6479,3633,2846,787,102,1,1,889,6480
romantic_boy,1,6479,3561,2918,643,46,1,1,689,6480
theblank1,1,6476,3850,2626,1224,41,0,1,1265,6477
yoeyz,1,6477,3692,2785,907,166,1,0,1073,6477
333kyary,2,6474,3844,2630,1214,129,2,2,1343,6476
ALLTEHTHINGS2,1,6475,3713,2762,951,188,1,1,1139,6476
youlikedajuice,1,6476,3732,2744,988,145,1,0,1133,6476
Versatyle07,1,6474,3765,2709,1056,46,1,1,1102,6475
mafoo,1,6473,3823,2650,1173,79,1,1,1252,6474
Nebrasken,5,6468,3625,2843,782,266,5,3,1048,6471
InfectedSunshine,1,6469,3518,2951,567,157,1,1,724,6470
dkAll1,5,6463,3842,2621,1221,129,2,5,1350,6468
berthejew,2,6464,3707,2757,950,119,2,2,1069,6466
monkeybuttlove56,1,6466,3593,2873,720,81,1,0,801,6466
iBev,1,6463,3820,2643,1177,193,1,1,1370,6464
DEFENESTRATES_ALL,1,6463,3676,2787,889,95,1,1,984,6464
PocketRench,1,6462,3750,2712,1038,162,1,0,1200,6462
bowchickawowza,2,6459,3899,2560,1339,39,2,2,1378,6461
Tubums,1,6460,3492,2968,524,68,1,1,592,6461
myfajahas400children,3,6457,3808,2649,1159,99,3,2,1258,6459
IndecisiveDC,1,6459,3767,2692,1075,83,1,0,1158,6459
Scrot_Rot,1,6457,3569,2888,681,383,1,1,1064,6458
erutuFniatpaC,1,6454,3843,2611,1232,184,1,1,1416,6455
Axin13,4,6450,3807,2643,1164,239,4,4,1403,6454
heyitsConnorF,2,6449,3768,2681,1087,188,1,2,1275,6451
zaferk,1,6450,3488,2962,526,195,1,0,721,6450
fiona63,1,6446,4027,2419,1608,81,0,1,1689,6447
Nemizr,2,6443,3816,2627,1189,218,2,2,1407,6445
comporange,3,6440,3618,2822,796,107,3,3,903,6443
Three_Word_Guy,6,6437,3991,2446,1545,331,4,4,1876,6441
rubenredsox,1,6440,3709,2731,978,82,1,0,1060,6440
t-muns,4,6436,4207,2229,1978,78,3,3,2056,6439
KidB91,2,6437,3465,2972,493,336,2,0,829,6437
phantomfigure,2,6434,4115,2319,1796,676,2,1,2472,6435
FakeChowNumNum1,8,6433,3955,2478,1477,168,7,2,1645,6435
mitchesbehatin,2,6431,3817,2614,1203,49,1,2,1252,6433
DawnDroid,1,6432,3466,2966,500,82,1,1,582,6433
sankayu,1,6432,3600,2832,768,89,1,0,857,6432
Pinwurm,2,6429,3656,2773,883,151,1,2,1034,6431
david76,1,6429,5400,1029,4371,354,1,0,4725,6429
billows,1,6426,3711,2715,996,261,1,1,1257,6427
murdercedesbenz,2,6425,3728,2697,1031,46,2,1,1077,6426
how_to_hack,1,6424,3677,2747,930,59,1,1,989,6425
The_designer_pro,1,6423,3640,2783,857,110,0,1,967,6424
verydangerousasp,1,6422,3736,2686,1050,190,1,0,1240,6422
FredoPotato,1,6417,3852,2565,1287,219,1,1,1506,6418
LifelessOne,2,6414,3901,2513,1388,41,2,2,1429,6416
enigmanly,1,6415,3642,2773,869,99,1,1,968,6416
kingdavecako,1,6414,3662,2752,910,41,1,1,951,6415
cynischism,1,6414,3756,2658,1098,66,1,0,1164,6414
Cole3823,3,6410,3928,2482,1446,133,2,3,1579,6413
MisanthropeAndroid,1,6412,3513,2899,614,32,1,1,646,6413
Swoots,2,6409,3560,2849,711,56,2,2,767,6411
theboor,1,6405,3707,2698,1009,56,1,0,1065,6405
thesircuddles,1,6403,3880,2523,1357,63,1,1,1420,6404
king1037,1,6403,3315,3088,227,338,0,1,565,6404
burwhaletheavenger,1,6403,3794,2609,1185,120,1,0,1305,6403
fitzzay,1,6398,3546,2852,694,220,0,1,914,6399
MirakeshExpress,6,6390,4641,1749,2892,99,2,6,2991,6396
Galiath,1,6394,3459,2935,524,68,1,1,592,6395
walczyk,1,6393,3579,2814,765,97,1,1,862,6394
ballsonmywalls,1,6391,3599,2792,807,76,1,1,883,6392
kourogi,2,6390,3448,2942,506,252,2,2,758,6392
trevdak2,1,6389,3653,2736,917,50,1,0,967,6389
Awalrod,1,6386,3511,2875,636,70,1,1,706,6387
JohnChivez,1,6385,3475,2910,565,157,1,1,722,6386
xOGMUDBONE69,1,6384,3581,2803,778,566,1,1,1344,6385
m1w1,2,6383,3761,2622,1139,126,2,1,1265,6384
MrWink,3,6383,3452,2931,521,133,3,1,654,6384
Manatee_Mustache,2,6381,3873,2508,1365,28,2,2,1393,6383
themendacious,1,6383,3576,2807,769,249,1,0,1018,6383
rathe,1,6381,3860,2521,1339,88,1,0,1427,6381
angrychewie,1,6378,3718,2660,1058,34,1,1,1092,6379
hipnosister,2,6376,3866,2510,1356,71,2,2,1427,6378
CheapFreeCoupons,1,6376,3912,2464,1448,36,1,0,1484,6376
MentalArbitrage,1,6372,3689,2683,1006,99,1,1,1105,6373
stotle52,1,6371,4323,2048,2275,230,1,0,2505,6371
SolidSyco,5,6367,3523,2844,679,90,5,4,769,6371
Bjorn_Skjoldebrand,1,6370,3503,2867,636,55,1,1,691,6371
mokimadness,1,6369,3568,2801,767,126,1,1,893,6370
fish629,1,6368,4057,2311,1746,50,1,1,1796,6369
GuntherWheeler,1,6368,3714,2654,1060,40,1,1,1100,6369
KittyHoodie,3,6367,3612,2755,857,76,0,2,933,6369
Itchely,2,6366,3598,2768,830,42,2,1,872,6367
avian813,1,6365,3868,2497,1371,76,1,1,1447,6366
toodlenoodle,1,6364,3457,2907,550,80,1,1,630,6365
antipixel,1,6360,3436,2924,512,85,1,0,597,6360
Titjiggle,5,6355,4352,2003,2349,188,5,4,2537,6359
Lockpik,1,6358,3921,2437,1484,47,1,0,1531,6358
JohnnyChurlish,1,6357,3859,2498,1361,163,1,0,1524,6357
mcancill,1,6356,4078,2278,1800,270,1,0,2070,6356
rebenaba,1,6355,3846,2509,1337,51,1,1,1388,6356
jcbouche,1,6355,3828,2527,1301,73,1,1,1374,6356
StencilPrinter,11,6343,4233,2110,2123,202,11,11,2325,6354
bolago,1,6354,3608,2746,862,167,1,0,1029,6354
iUsedtoHadHerpes,2,6349,4344,2005,2339,207,2,1,2546,6350
monkeylking,2,6349,3971,2378,1593,75,2,1,1668,6350
kygroar,3,6347,3653,2694,959,83,2,3,1042,6350
GameLocks,1,6347,3432,2915,517,142,1,1,659,6348
iWatchNewGirlonFOX,5,6343,3999,2344,1655,303,5,4,1958,6347
fattdweeb,1,6345,3970,2375,1595,38,1,1,1633,6346
stupendousdragon,2,6344,3895,2449,1446,86,2,2,1532,6346
randomdebater,1,6344,3676,2668,1008,74,1,1,1082,6345
KantusThiss,5,6339,4802,1537,3265,132,5,4,3397,6343
Kitexlynn,1,6342,3815,2527,1288,60,1,1,1348,6343
IAmAlpharius,3,6339,3727,2612,1115,46,3,3,1161,6342
Capatown,1,6340,3322,3018,304,107,1,1,411,6341
ajaxwhat,1,6336,3583,2753,830,48,1,1,878,6337
newblueshoe,1,6333,3344,2989,355,395,1,1,750,6334
boaby_phet,1,6332,3923,2409,1514,150,0,1,1664,6333
BeTheQueen,1,6325,3765,2560,1205,104,1,1,1309,6326
SUMPDIDDLYUMP,2,6322,3548,2774,774,127,1,2,901,6324
fox64533,2,6321,3513,2808,705,282,2,2,987,6323
Untit13d,1,6321,3668,2653,1015,62,0,1,1077,6322
Killm360,2,6319,3394,2925,469,92,1,2,561,6321
ImAStupidBaby,1,6320,4073,2247,1826,178,1,0,2004,6320
MikeTheStone,1,6319,3745,2574,1171,249,1,0,1420,6319
tip2tip,1,6317,3603,2714,889,200,1,1,1089,6318
notBrit,5,6315,4107,2208,1899,179,5,2,2078,6317
Passion4Kitties,1,6314,3750,2564,1186,347,1,1,1533,6315
John_E_Canuck,1,6314,3540,2774,766,198,1,1,964,6315
Lookatme7,11,6306,4124,2182,1942,144,8,8,2086,6314
magtis,1,6314,3645,2669,976,256,1,0,1232,6314
orko1995,2,6312,3632,2680,952,112,2,1,1064,6313
cptnapalm,1,6311,3757,2554,1203,48,1,0,1251,6311
Chriscuits,2,6308,3850,2458,1392,82,1,1,1474,6309
funnar,6,6306,3795,2511,1284,143,6,3,1427,6309
DutchDustin,2,6307,3702,2605,1097,40,1,2,1137,6309
BlaziKenJennings,1,6305,3352,2953,399,109,1,1,508,6306
stud6987,1,6301,3516,2785,731,55,1,1,786,6302
Parrot-o-matic,1,6300,3580,2720,860,278,1,1,1138,6301
Novasry,1,6299,3602,2697,905,943,1,0,1848,6299
Iammattieee,2,6297,3910,2387,1523,74,2,2,1597,6299
Poopeverywhur,1,6298,3940,2358,1582,91,1,0,1673,6298
Pmonstah4,7,6292,3758,2534,1224,130,7,6,1354,6298
jackification,1,6296,4000,2296,1704,51,1,0,1755,6296
kittygod,2,6293,4009,2284,1725,75,2,2,1800,6295
Gdowling714,1,6294,3952,2342,1610,651,1,0,2261,6294
Liam_Neeeson,3,6290,3900,2390,1510,19,0,3,1529,6293
mikejhaze,1,6292,3719,2573,1146,31,1,1,1177,6293
crazywallnuts,3,6289,4020,2269,1751,87,3,3,1838,6292
Krazychick781,1,6291,3644,2647,997,199,1,1,1196,6292
Doomjelly,2,6288,3494,2794,700,80,2,2,780,6290
TjokzN,2,6287,3638,2649,989,119,2,1,1108,6288
webby_mc_webberson,3,6281,3539,2742,797,270,2,3,1067,6284
not_loubandy,1,6283,3483,2800,683,550,1,0,1233,6283
Animaniacs,2,6281,3628,2653,975,41,2,2,1016,6283
DanezTHEManez,1,6282,3630,2652,978,87,1,0,1065,6282
kalebiles,1,6280,3893,2387,1506,99,1,1,1605,6281
Caozao,2,6278,3730,2548,1182,65,2,2,1247,6280
bluebo,2,6277,3800,2477,1323,266,2,2,1589,6279
fizzywaters,1,6278,3704,2574,1130,190,1,1,1320,6279
acusticthoughts,3,6276,3557,2719,838,447,3,3,1285,6279
lester_s,4,6276,3718,2558,1160,70,4,2,1230,6278
Oigg,2,6275,3674,2601,1073,230,2,2,1303,6277
Grantbob,3,6272,3566,2706,860,373,3,3,1233,6275
TheFett32,4,6272,4320,1952,2368,128,4,2,2496,6274
BohnaFass,3,6271,4070,2201,1869,166,3,3,2035,6274
sugarfalcon,1,6272,3382,2890,492,47,1,1,539,6273
bunny_way,2,6270,3633,2637,996,39,2,2,1035,6272
CantFindFreeUsername,1,6271,3612,2659,953,41,1,1,994,6272
svane,2,6270,4064,2206,1858,154,2,1,2012,6271
Skwerl23,1,6270,3840,2430,1410,79,1,1,1489,6271
dont_throw_a_crisp,1,6270,3585,2685,900,44,1,0,944,6270
DucWolfe,1,6268,3492,2776,716,190,1,1,906,6269
Maddudeguy,1,6267,3605,2662,943,453,1,1,1396,6268
miss_tom_doobie,1,6265,3566,2699,867,83,1,1,950,6266
aonysllo,4,6263,3376,2887,489,141,1,3,630,6266
Skeletalbob,1,6264,3687,2577,1110,101,0,1,1211,6265
NickHerb,2,6264,3665,2599,1066,37,2,1,1103,6265
NothAU,1,6264,3543,2721,822,294,1,0,1116,6264
xjoefre,1,6260,3881,2379,1502,227,1,0,1729,6260
roastbeefcharlie,2,6259,3844,2415,1429,96,1,1,1525,6260
ExplosiveSex,1,6257,3791,2466,1325,92,1,1,1417,6258
wolfix,3,6254,3830,2424,1406,291,2,2,1697,6256
Native411,1,6254,3772,2482,1290,28,1,1,1318,6255
zero2dope,1,6253,3631,2622,1009,48,1,1,1057,6254
imadbagama,2,6250,3510,2740,770,106,2,2,876,6252
BigPostman,1,6250,3403,2847,556,105,1,1,661,6251
TehStoneyy,1,6249,3629,2620,1009,46,0,1,1055,6250
qjorn,1,6250,3483,2767,716,34,1,0,750,6250
Clumpy,1,6248,3503,2745,758,55,1,1,813,6249
T450,1,6247,3686,2561,1125,122,1,1,1247,6248
pjeckerd,4,6240,3990,2250,1740,307,4,4,2047,6244
Bobsutan,12,6235,3721,2514,1207,86,6,9,1293,6244
cranktheguy,1,6243,4041,2202,1839,249,1,0,2088,6243
thepyrodex,1,6242,3628,2614,1014,72,1,1,1086,6243
rawjr414,2,6240,3634,2606,1028,219,2,2,1247,6242
I_RACE_CATS,1,6241,3601,2640,961,306,1,0,1267,6241
atinyturtle,2,6238,4132,2106,2026,87,0,2,2113,6240
Ineedabeard,4,6236,4118,2118,2000,92,3,4,2092,6240
biggestballz,4,6236,3839,2397,1442,81,2,4,1523,6240
nd3r,3,6237,3829,2408,1421,245,3,2,1666,6239
LiveByTheGuN,1,6238,3308,2930,378,335,1,0,713,6238
tennz,1,6230,3478,2752,726,151,1,1,877,6231
Pawsword,1,6227,3428,2799,629,836,1,1,1465,6228
stanker4,2,6225,3697,2528,1169,123,2,2,1292,6227
za_varyag,2,6227,3496,2731,765,62,2,0,827,6227
sarahbianta,1,6225,3686,2539,1147,63,0,1,1210,6226
gourlek,1,6222,3804,2418,1386,67,1,1,1453,6223
witakr,8,6211,3768,2443,1325,69,4,8,1394,6219
tuck_fard,1,6218,3511,2707,804,71,1,1,875,6219
Dat_AlabamaSauce,1,6216,3709,2507,1202,140,1,1,1342,6217
88lit,1,6215,3463,2752,711,91,1,1,802,6216
wrinkled_penis,5,6211,3845,2366,1479,284,4,4,1763,6215
pandame,2,6210,3608,2602,1006,141,2,2,1147,6212
mybrochacho,1,6212,3489,2723,766,57,1,0,823,6212
Tayoke12,2,6210,3348,2862,486,249,2,2,735,6212
krazy_kat,1,6210,3491,2719,772,56,1,1,828,6211
Domoxrls,1,6211,3441,2770,671,114,1,0,785,6211
koryyyyytko,1,6210,3407,2803,604,32,1,1,636,6211
zombienick21,2,6208,3713,2495,1218,150,2,2,1368,6210
secondfiddle,1,6209,3598,2611,987,126,1,0,1113,6209
_Chantastic_,1,6206,3710,2496,1214,36,1,1,1250,6207
justind79,1,6203,3680,2523,1157,30,1,1,1187,6204
powerofuser,3,6202,3719,2483,1236,139,3,0,1375,6202
billlampley,1,6201,3352,2849,503,149,1,1,652,6202
siemdings,6,6196,3740,2456,1284,67,4,5,1351,6201
SluedEye,1,6200,3376,2824,552,165,1,1,717,6201
samantp,4,6196,4074,2122,1952,68,4,4,2020,6200
Lymoz,2,6198,3691,2507,1184,37,1,2,1221,6200
macrohatch,1,6197,3866,2331,1535,76,1,1,1611,6198
jackfirecracker,3,6198,3613,2585,1028,278,3,0,1306,6198
johnkong,1,6197,3663,2534,1129,49,1,1,1178,6198
Rouziys,1,6196,4082,2114,1968,79,1,1,2047,6197
frizzlefrazz,2,6193,3556,2637,919,40,2,2,959,6195
shadow3467,6,6189,3995,2194,1801,354,5,5,2155,6194
Gokias,1,6193,3774,2419,1355,245,1,1,1600,6194
junkyardking,1,6193,3825,2368,1457,66,1,1,1523,6194
MartinPedro,2,6193,3928,2265,1663,179,2,0,1842,6193
mirmir16,2,6191,3405,2786,619,54,2,2,673,6193
Romanator3000,1,6191,3736,2455,1281,17,1,1,1298,6192
JesseCatchatori,2,6190,3537,2653,884,152,2,1,1036,6191
scraps2point0,1,6187,3745,2442,1303,421,1,0,1724,6187
A_CUNTY_DOG,1,6186,3856,2330,1526,37,0,1,1563,6187
haavarl,4,6182,4081,2101,1980,225,4,4,2205,6186
_nghtmre,1,6185,3721,2464,1257,29,1,1,1286,6186
istalkyurmom,6,6180,3631,2549,1082,190,4,5,1272,6185
frecklefaced,1,6183,3677,2506,1171,38,1,0,1209,6183
mnelawar,4,6177,3445,2732,713,76,4,3,789,6180
kleopatra6tilde9,1,6173,4026,2147,1879,928,1,1,2807,6174
kyrenia014,1,6173,3858,2315,1543,51,1,1,1594,6174
Neuroticwhine,1,6170,3607,2563,1044,100,1,1,1144,6171
Ibanezltd,3,6167,3317,2850,467,107,3,3,574,6170
gazamcnulty,3,6166,3587,2579,1008,77,3,3,1085,6169
mass922,1,6169,3364,2805,559,40,1,0,599,6169
cosmickleanex,1,6165,4056,2109,1947,77,1,0,2024,6165
Notamouselover,1,6164,3706,2458,1248,34,1,1,1282,6165
h4wkeyepierce,4,6160,3708,2452,1256,132,4,4,1388,6164
stripedsuit,1,6163,3459,2704,755,73,1,1,828,6164
Hendrixm,1,6162,3411,2751,660,228,1,1,888,6163
haveIgotahandle,1,6161,4238,1923,2315,91,1,1,2406,6162
ColPow11,1,6160,3386,2774,612,162,1,1,774,6161
thritr3,2,6158,3351,2807,544,80,2,2,624,6160
TribalOlives,9,6151,3968,2183,1785,89,9,8,1874,6159
CGWLP,2,6156,3297,2859,438,110,2,2,548,6158
doug210,1,6156,3372,2784,588,84,1,1,672,6157
itsalwayslulzy,2,6154,3603,2551,1052,108,2,2,1160,6156
zbowman,2,6153,3779,2374,1405,227,2,2,1632,6155
Davel91,1,6154,3840,2314,1526,74,1,1,1600,6155
Shoemakb,2,6153,3786,2367,1419,118,2,2,1537,6155
Saiyaman,1,6155,3240,2915,325,272,1,0,597,6155
nyquiljunky,1,6153,3482,2671,811,251,1,1,1062,6154
Water-Bottler,4,6150,3740,2410,1330,77,2,3,1407,6153
misspolkadot,4,6151,3914,2237,1677,57,4,1,1734,6152
LilPewt,1,6149,3712,2437,1275,74,1,1,1349,6150
MrBoog,1,6146,3586,2560,1026,160,1,0,1186,6146
D371C19US,4,6139,3550,2589,961,58,3,4,1019,6143
Retawekaj,15,6130,5258,872,4386,158,12,12,4544,6142
filipha,1,6139,3602,2537,1065,96,1,0,1161,6139
goldemerald,1,6138,3432,2706,726,66,1,1,792,6139
RK79,1,6138,3336,2802,534,104,1,1,638,6139
shanabanana,2,6136,3515,2621,894,112,2,2,1006,6138
PetoholicPanda,1,6136,3459,2677,782,374,1,1,1156,6137
SlimyVagina,1,6136,3949,2187,1762,135,1,0,1897,6136
liltesla,1,6135,3681,2454,1227,93,1,1,1320,6136
eldesamparado,2,6133,3892,2241,1651,75,2,2,1726,6135
BankstersUnited,2,6133,3902,2231,1671,38,1,2,1709,6135
someshooter,3,6135,3638,2497,1141,106,3,0,1247,6135
batboygareth,2,6131,3413,2718,695,56,2,2,751,6133
villain717,5,6126,3514,2612,902,148,5,5,1050,6131
DuckDuckFU,1,6129,3556,2573,983,140,1,1,1123,6130
PacoTaco42,1,6127,3598,2529,1069,50,1,1,1119,6128
slimjames,2,6125,3529,2596,933,385,2,1,1318,6126
Koolaidstory,2,6124,3396,2728,668,171,2,2,839,6126
Princenarwhal,1,6125,3361,2764,597,52,1,0,649,6125
aridsnowball,1,6119,3592,2527,1065,130,1,0,1195,6119
spav95,2,6119,3539,2580,959,175,2,0,1134,6119
RedAnarchist,2,6118,3549,2569,980,91,2,1,1071,6119
thedurka,1,6117,3358,2759,599,246,1,1,845,6118
blakeready710,4,6113,3885,2228,1657,167,4,4,1824,6117
Milestoned,1,6116,3589,2527,1062,131,1,1,1193,6117
Buddha2Buddha,3,6115,3438,2677,761,212,3,2,973,6117
Creepy_Pig,1,6113,3597,2516,1081,117,0,1,1198,6114
Magellz,1,6110,3702,2408,1294,57,1,1,1351,6111
imaalien,5,6107,3387,2720,667,76,5,3,743,6110
jesusandhisbeard,9,6102,4096,2006,2090,164,8,7,2254,6109
capacitors,4,6106,3681,2425,1256,176,4,2,1432,6108
tescofresco,2,6106,3511,2595,916,91,2,2,1007,6108
ajcast5201,2,6103,3923,2180,1743,204,2,2,1947,6105
urine_denial,1,6104,3306,2798,508,505,1,1,1013,6105
jk526,1,6105,3459,2646,813,47,1,0,860,6105
FilthFlarnFilth,3,6103,3690,2413,1277,35,1,1,1312,6104
JeepTheBeep,1,6100,4046,2054,1992,141,1,1,2133,6101
wolff540,1,6101,3349,2752,597,157,1,0,754,6101
KevinSorboner,2,6098,3626,2472,1154,154,2,1,1308,6099
DearR3ddit,1,6097,3591,2506,1085,245,1,0,1330,6097
tdmonk,1,6097,3383,2714,669,133,1,0,802,6097
to_lazy_2_think6,2,6095,3371,2724,647,42,2,2,689,6097
lawlesskenny,5,6094,3627,2467,1160,50,3,2,1210,6096
Quiksilver737,1,6095,3553,2542,1011,77,1,1,1088,6096
BkTrack,3,6092,3559,2533,1026,181,2,3,1207,6095
takenusernameistaken,2,6092,3823,2269,1554,47,2,2,1601,6094
scaryhoboclown,2,6092,3711,2381,1330,96,2,1,1426,6093
VoLz,1,6088,3632,2456,1176,37,1,0,1213,6088
opoipo,9,6082,3951,2131,1820,139,8,5,1959,6087
iAmericA45,2,6085,3850,2235,1615,96,2,2,1711,6087
-Reddit_Ryan-,3,6085,3796,2289,1507,37,3,2,1544,6087
mossman314,1,6085,3772,2313,1459,45,1,0,1504,6085
upsidedownllama,1,6084,3962,2122,1840,134,1,0,1974,6084
cebbbb,2,6080,4365,1715,2650,73,2,2,2723,6082
silvernose,6,6076,3895,2181,1714,189,6,2,1903,6078
dzodzo,1,6078,3809,2269,1540,98,1,0,1638,6078
Jacquielonglegs,1,6078,3269,2809,460,361,1,0,821,6078
ShootinAload,1,6076,3485,2591,894,61,1,1,955,6077
mirrislegend,1,6074,3570,2504,1066,77,1,0,1143,6074
pohlsj,1,6072,3554,2518,1036,361,1,1,1397,6073
techagent,1,6068,3661,2407,1254,84,1,1,1338,6069
kyc8306,2,6066,3799,2267,1532,71,2,2,1603,6068
hempels_sofa,2,6065,3670,2395,1275,60,2,2,1335,6067
heyilookfunny,1,6067,3569,2498,1071,88,1,0,1159,6067
leapin_23,5,6061,3537,2524,1013,296,5,5,1309,6066
4everaTroll,7,6058,3716,2342,1374,33,5,7,1407,6065
povies,1,6064,3654,2410,1244,34,0,1,1278,6065
donlad,1,6063,3622,2441,1181,533,1,1,1714,6064
DMC_Hotness,2,6062,3414,2648,766,25,2,2,791,6064
cyber92,5,6059,3945,2114,1831,54,2,4,1885,6063
youngestoldman,4,6059,3730,2329,1401,87,4,4,1488,6063
bushibia,4,6061,3669,2392,1277,198,4,2,1475,6063
ColeTrainnn,1,6062,3593,2469,1124,29,1,0,1153,6062
reddotownzu,2,6058,3975,2083,1892,102,2,2,1994,6060
roland19d,1,6059,4543,1516,3027,590,1,0,3617,6059
Glancealot,2,6056,3679,2377,1302,94,2,2,1396,6058
ohmercy,3,6055,3302,2753,549,353,3,2,902,6057
noturtypicalredditor,1,6053,3424,2629,795,86,1,0,881,6053
baconstrip5,1,6050,3564,2486,1078,55,1,1,1133,6051
KrazyPhox,1,6048,3644,2404,1240,49,1,0,1289,6048
El_Rey_de_Reyes,13,6036,4135,1901,2234,323,9,10,2557,6046
HalfBakedBertie,1,6044,3862,2182,1680,323,1,1,2003,6045
Champdenguin,1,6041,3408,2633,775,106,1,1,881,6042
TheMusto,2,6040,3762,2278,1484,46,1,1,1530,6041
JUMANJIIIII,1,6040,3280,2760,520,211,1,1,731,6041
Mr_Mitt3ns,2,6037,3492,2545,947,139,2,2,1086,6039
goof-ballz,3,6035,3818,2217,1601,77,2,3,1678,6038
FallenCopter,1,6037,3471,2566,905,59,1,1,964,6038
BassMastaFlex,1,6037,3619,2418,1201,84,1,0,1285,6037
bebophile,1,6036,3423,2613,810,69,1,0,879,6036
ILikeReposting,1,6034,3488,2546,942,46,1,1,988,6035
zakificus,1,6033,3668,2365,1303,49,1,1,1352,6034
tonyflow,6,6026,3713,2313,1400,111,6,6,1511,6032
FasterThan_Light,2,6031,3598,2433,1165,178,1,1,1343,6032
jordancore,1,6031,3501,2530,971,19,1,1,990,6032
ohashi,3,6029,3407,2622,785,70,3,3,855,6032
Mmars21,1,6030,3471,2559,912,72,0,1,984,6031
G3m,5,6024,4580,1444,3136,289,5,5,3425,6029
Brammelam,3,6026,3837,2189,1648,68,3,3,1716,6029
JesusClausIsReal,1,6028,3560,2468,1092,345,1,0,1437,6028
Super_Ed,3,6025,3661,2364,1297,53,3,3,1350,6028
sparkydoomscat,3,6026,3544,2482,1062,60,3,2,1122,6028
amansec1,1,6027,3367,2660,707,77,1,1,784,6028
Shnittengruben,2,6025,3639,2386,1253,79,2,2,1332,6027
bb9496,1,6026,3364,2662,702,65,1,1,767,6027
ethics-,1,6024,3555,2469,1086,538,1,1,1624,6025
z_rabbit,1,6024,3275,2749,526,28,1,1,554,6025
donfuxx,1,6023,3769,2254,1515,181,1,0,1696,6023
AndyAndino,1,6022,3691,2331,1360,121,1,1,1481,6023
dirtspreader,1,6021,3524,2497,1027,209,1,1,1236,6022
mc57127,1,6022,3447,2575,872,90,1,0,962,6022
Sandi315,11,6011,4095,1916,2179,181,11,10,2360,6021
LexBubble,2,6019,3503,2516,987,105,2,2,1092,6021
spencer_,1,6019,4273,1746,2527,82,1,1,2609,6020
soupy_brooks,3,6016,3374,2642,732,46,1,3,778,6019
makemisteaks,1,6017,3440,2577,863,409,1,0,1272,6017
CAinDC84,1,6017,3346,2671,675,206,1,0,881,6017
ultracanery,4,6013,3411,2602,809,65,4,4,874,6017
BrookeWantsBaybuh,1,6012,3758,2254,1504,210,1,0,1714,6012
U_BE_LIKE_ME,5,6008,3597,2411,1186,103,5,4,1289,6012
abeLinkn,2,6009,3775,2234,1541,74,1,2,1615,6011
ViralFrost,1,6009,3329,2680,649,328,1,1,977,6010
seabasz,1,6008,3719,2289,1430,108,1,0,1538,6008
Projekt_Mayhem,3,6003,3404,2599,805,381,3,3,1186,6006
Blur05A,1,6006,3465,2541,924,73,1,0,997,6006
Jokamo,1,6004,3203,2801,402,119,1,1,521,6005
zyamada,1,6004,3172,2832,340,120,1,0,460,6004
Iamnotmolestingyouok,4,5999,3692,2307,1385,78,4,4,1463,6003
Cyrusis,2,5999,3766,2233,1533,90,0,2,1623,6001
Svimklubba,1,6001,3484,2517,967,58,1,0,1025,6001
watsonio,1,5998,3170,2828,342,138,1,1,480,5999
joepaulk7,3,5996,3865,2131,1734,374,3,2,2108,5998
Warwas,2,5997,3553,2444,1109,310,2,0,1419,5997
AlloftheEverythings,1,5996,3099,2897,202,117,1,1,319,5997
Rmrichards1385,2,5994,3591,2403,1188,75,2,1,1263,5995
swantonblk93,2,5992,3723,2269,1454,387,1,2,1841,5994
Walsy28,1,5992,3553,2439,1114,38,1,1,1152,5993
ghiiirocker1,1,5992,3434,2558,876,86,1,1,962,5993
soully,1,5988,3255,2733,522,109,1,1,631,5989
RandomAnnie84,3,5982,3599,2383,1216,80,3,3,1296,5985
Piggy-,2,5984,3312,2672,640,84,2,1,724,5985
Dildo_Ball_Baggins,4,5975,3947,2028,1919,83,4,2,2002,5977
InfamousBacon,10,5966,3814,2152,1662,586,5,9,2248,5975
Abita,5,5968,3684,2284,1400,87,1,4,1487,5972
Macaroniparty,1,5970,3395,2575,820,81,1,1,901,5971
thebestteamreddit,2,5968,3986,1982,2004,62,2,2,2066,5970
searchaskew,1,5969,3696,2273,1423,72,0,1,1495,5970
voxro,1,5969,3463,2506,957,77,1,1,1034,5970
hellomynamesbruce,1,5967,3556,2411,1145,53,1,0,1198,5967
Shabhira,1,5965,3691,2274,1417,44,1,1,1461,5966
queenelizabeththe2nd,3,5964,3484,2480,1004,149,2,1,1153,5965
Bejezus,1,5963,3599,2364,1235,136,1,1,1371,5964
PhilxBefore,3,5961,4018,1943,2075,321,3,2,2396,5963
StumpyGoblin,1,5963,3231,2732,499,70,1,0,569,5963
B4timeBegan,21,5942,3984,1958,2026,95,14,19,2121,5961
COOKIEEE,4,5957,3402,2555,847,146,4,4,993,5961
RATPIE,2,5958,3257,2701,556,101,2,1,657,5959
CrimsonGear,1,5956,3778,2178,1600,171,1,1,1771,5957
ArtsyKitty,2,5954,3781,2173,1608,40,1,2,1648,5956
DrPepperNozzle,2,5954,3593,2361,1232,105,2,1,1337,5955
simba80328,1,5954,3371,2583,788,42,1,1,830,5955
happyshapes,1,5954,3767,2187,1580,131,1,0,1711,5954
inferno719,1,5953,3571,2382,1189,295,1,1,1484,5954
stupidmelon13,2,5952,3539,2413,1126,53,2,2,1179,5954
MooshedPotatoes,2,5951,3819,2132,1687,178,1,1,1865,5952
Igotdembombs,2,5950,3314,2636,678,51,2,1,729,5951
hatsandhardcore,1,5949,3566,2383,1183,27,0,1,1210,5950
theevilempire,2,5946,3577,2369,1208,143,2,2,1351,5948
morgothmm,1,5947,3247,2700,547,173,1,1,720,5948
Banger91,1,5946,3418,2528,890,54,1,0,944,5946
mmofan,9,5939,3647,2292,1355,170,8,5,1525,5944
a7xlisa,1,5942,3373,2569,804,50,1,1,854,5943
entreprenerds,2,5941,3599,2342,1257,170,2,1,1427,5942
sirbernardbongington,2,5940,3298,2642,656,114,2,1,770,5941
aquabird,1,5940,3468,2472,996,165,1,0,1161,5940
jokes_on_you,6,5935,4114,1821,2293,105,5,4,2398,5939
listn2moremetal,5,5933,3472,2461,1011,169,5,5,1180,5938
OmegaGlory,1,5934,3828,2106,1722,303,1,0,2025,5934
ElementMan,1,5932,3750,2182,1568,521,0,1,2089,5933
Enterice,1,5931,3483,2448,1035,65,1,1,1100,5932
IHadACatOnce,1,5931,3558,2373,1185,64,1,0,1249,5931
joonyerr,2,5929,3483,2446,1037,117,2,2,1154,5931
OdinKeios,1,5930,3472,2458,1014,31,1,1,1045,5931
TheNerdbiscuit,1,5929,3562,2367,1195,18,1,1,1213,5930
rex-manning-day,1,5928,3507,2421,1086,141,1,1,1227,5929
Timetogetstoned,5,5923,3616,2307,1309,202,5,5,1511,5928
I-am_Batman,11,5915,3644,2271,1373,119,8,10,1492,5925
the_branflakes,3,5920,3741,2179,1562,65,2,3,1627,5923
Tom_Wheeler,5,5918,3426,2492,934,315,5,5,1249,5923
Tukphard,6,5915,3809,2106,1703,53,6,6,1756,5921
coolhawk,1,5919,3715,2204,1511,34,0,1,1545,5920
BigDeadi,1,5917,3884,2033,1851,70,1,1,1921,5918
Rex_Kwan_Do,1,5917,3592,2325,1267,221,1,1,1488,5918
wespott,1,5917,3326,2591,735,66,1,0,801,5917
fattybommbatty,4,5913,3685,2228,1457,217,2,3,1674,5916
keithzz,1,5915,3250,2665,585,162,1,0,747,5915
Burninator831,4,5911,3685,2226,1459,152,4,3,1611,5914
stenwolf,1,5912,3432,2480,952,37,1,1,989,5913
Herpes_hurricane,1,5912,3598,2314,1284,183,1,0,1467,5912
gotthewrongguy,1,5912,3511,2401,1110,48,1,0,1158,5912
ohdontstopmenow,2,5909,3530,2379,1151,36,2,2,1187,5911
EmoDinosaurRAWR,2,5909,3495,2414,1081,87,2,2,1168,5911
TheWozard,1,5909,3703,2206,1497,54,0,1,1551,5910
Cris95,1,5909,3495,2414,1081,26,1,1,1107,5910
hoodie92,1,5906,3513,2393,1120,68,1,1,1188,5907
FUCK_ME_IN_THE_TITS,2,5905,3330,2575,755,73,2,2,828,5907
craftyj,1,5906,3420,2486,934,178,1,0,1112,5906
helenaheldin,1,5904,3713,2191,1522,29,0,1,1551,5905
thatwasntevenfunny,1,5903,3449,2454,995,32,1,1,1027,5904
gzcl,2,5902,3369,2533,836,108,2,2,944,5904
WilliamBlakeism,2,5902,3291,2611,680,157,2,2,837,5904
Evyy,1,5901,3586,2315,1271,51,1,1,1322,5902
ywkwpwnw,4,5896,3720,2176,1544,87,4,4,1631,5900
ABsynth808,5,5895,4195,1700,2495,809,4,4,3304,5899
soulpicklz,4,5896,3485,2411,1074,155,4,3,1229,5899
Aleitheo,1,5899,3486,2413,1073,111,1,0,1184,5899
fingernose,2,5898,3348,2550,798,97,2,1,895,5899
crass_anon,1,5897,3112,2785,327,115,1,1,442,5898
xXWaspXx,1,5895,3471,2424,1047,207,1,1,1254,5896
Rwh909r,2,5894,3476,2418,1058,98,1,2,1156,5896
MarioLov3r,1,5894,3561,2333,1228,65,1,1,1293,5895
ickyickydrowe,1,5894,3263,2631,632,77,1,1,709,5895
Lancaster1983,6,5888,3764,2124,1640,111,5,5,1751,5893
I_From_Yugoslav,4,5889,3680,2209,1471,78,4,4,1549,5893
soradsauce,1,5891,3285,2606,679,392,1,1,1071,5892
andrewegan1986,1,5890,3199,2691,508,260,1,1,768,5891
mr_bazwell,1,5888,3696,2192,1504,150,1,1,1654,5889
wizzardly-lizzard,1,5889,3227,2662,565,178,1,0,743,5889
splaw144,1,5884,3471,2413,1058,156,1,1,1214,5885
dashdanw,4,5881,3749,2132,1617,125,3,3,1742,5884
JamesOfTheYear,1,5882,3495,2387,1108,84,1,1,1192,5883
normalize,1,5882,3205,2677,528,51,1,1,579,5883
dudkoV,1,5881,3674,2207,1467,179,1,1,1646,5882
RobertAPetersen,1,5877,3887,1990,1897,139,1,0,2036,5877
Fappenstance,1,5876,3398,2478,920,431,1,0,1351,5876
madcowga,2,5875,3367,2508,859,196,2,1,1055,5876
zhann,4,5871,3503,2368,1135,224,4,4,1359,5875
mariacoiso,1,5874,3436,2438,998,93,1,1,1091,5875
spermracewinner,5,5869,3543,2326,1217,288,4,4,1505,5873
qewqo,1,5873,3215,2658,557,100,1,0,657,5873
inappropriate_rapper,1,5871,3418,2453,965,255,1,1,1220,5872
Foreverfiction,3,5869,3446,2423,1023,78,3,3,1101,5872
DistroHipster,1,5869,3548,2321,1227,493,1,1,1720,5870
colpat,3,5862,3472,2390,1082,75,3,2,1157,5864
PaulaLaMagna,1,5864,3197,2667,530,48,1,0,578,5864
shadumdum,2,5860,3244,2616,628,205,2,2,833,5862
bassclarinetbitch,1,5860,3325,2535,790,55,1,1,845,5861
StonedOldMan,1,5859,3285,2574,711,56,1,1,767,5860
tea_wrecks,1,5858,3459,2399,1060,123,1,1,1183,5859
sam_cursed,1,5857,3611,2246,1365,68,1,1,1433,5858
brett96,1,5857,3522,2335,1187,117,1,1,1304,5858
lydocia,3,5854,3395,2459,936,72,2,3,1008,5857
akarian88,11,5845,3961,1884,2077,130,11,10,2207,5855
queenhenry,1,5854,3552,2302,1250,46,1,1,1296,5855
Metal321,1,5855,3134,2721,413,210,1,0,623,5855
Simon_Williams,1,5853,3491,2362,1129,114,1,1,1243,5854
ThomasTheDestroyer,2,5852,3636,2216,1420,253,1,1,1673,5853
destroyosaurusrex,1,5852,3302,2550,752,73,1,1,825,5853
Caisey,1,5849,3356,2493,863,193,1,1,1056,5850
twlehew,1,5850,3081,2769,312,75,1,0,387,5850
enthros,2,5848,3238,2610,628,381,2,1,1009,5849
exithalo,3,5845,3961,1884,2077,87,3,3,2164,5848
dwarf33,8,5839,4048,1791,2257,84,6,7,2341,5846
bpingry,4,5841,3664,2177,1487,94,4,4,1581,5845
Pwnz0r,3,5843,3411,2432,979,66,3,2,1045,5845
dafootballer,1,5843,3366,2477,889,191,1,1,1080,5844
skorps,2,5841,3450,2391,1059,171,2,2,1230,5843
Dannychu1997,1,5842,3255,2587,668,160,1,1,828,5843
Nemost,1,5840,3480,2360,1120,70,0,1,1190,5841
Kremm,1,5837,3512,2325,1187,78,1,1,1265,5838
ajaxanon,8,5832,3457,2375,1082,98,8,6,1180,5838
NZLderpface,1,5836,3503,2333,1170,45,1,1,1215,5837
Xcaliber_2276,3,5833,3342,2491,851,375,3,3,1226,5836
NagastaBagamba,1,5832,3555,2277,1278,606,1,0,1884,5832
Fuh_Queue,6,5825,3957,1868,2089,106,6,6,2195,5831
igobyalexis,1,5830,3169,2661,508,154,1,1,662,5831
SecondSkin,1,5830,3446,2384,1062,143,1,0,1205,5830
beatin,2,5826,3271,2555,716,143,2,0,859,5826
yelo_canu,1,5824,3517,2307,1210,103,1,1,1313,5825
whollyhemp,1,5825,3538,2287,1251,56,0,0,1307,5825
Bravo777,2,5824,3305,2519,786,119,2,1,905,5825
Captcha_Code,1,5823,3670,2153,1517,228,1,1,1745,5824
Amir_114,3,5820,3410,2410,1000,81,2,3,1081,5823
twizzR,1,5820,3363,2457,906,67,1,1,973,5821
prolapsedrectum,2,5812,3840,1972,1868,214,2,1,2082,5813
cataclysm6,1,5812,3371,2441,930,76,1,0,1006,5812
Blunts4eva,1,5811,3105,2706,399,132,1,1,531,5812
lonelythailand,1,5810,3164,2646,518,458,1,1,976,5811
hippostedit,1,5809,3618,2191,1427,57,1,1,1484,5810
runningfrombears,1,5809,3291,2518,773,48,1,1,821,5810
sandhouse,1,5807,4609,1198,3411,428,1,0,3839,5807
DaDeathMerchant,1,5807,3598,2209,1389,127,1,0,1516,5807
exick,1,5806,3516,2290,1226,183,1,0,1409,5806
TheGreatDan,1,5803,3375,2428,947,116,1,1,1063,5804
Mayhar,1,5800,3263,2537,726,28,1,1,754,5801
nMeSpirit,1,5798,3142,2656,486,460,1,1,946,5799
Enviirted,1,5797,3280,2517,763,25,1,1,788,5798
Whenwhenwhen,3,5792,3577,2215,1362,106,3,3,1468,5795
Mvd14,1,5794,3336,2458,878,263,1,1,1141,5795
Volden,1,5792,3420,2372,1048,76,1,1,1124,5793
shawnesty,1,5793,3295,2498,797,84,1,0,881,5793
TrentMasters,4,5787,3776,2011,1765,145,2,4,1910,5791
doluto,1,5790,3428,2362,1066,125,1,1,1191,5791
yoship,1,5790,3213,2577,636,37,1,1,673,5791
kingsama,2,5785,3421,2364,1057,139,2,2,1196,5787
Goku707,2,5785,3909,1876,2033,219,2,1,2252,5786
wanttoseemycat,1,5785,3305,2480,825,209,1,1,1034,5786
lookallama,1,5784,3418,2366,1052,45,1,1,1097,5785
dlay,3,5782,3241,2541,700,21,2,3,721,5785
tyrantlytamale,2,5780,3122,2658,464,71,2,1,535,5781
Emmet182,2,5777,3438,2339,1099,62,1,2,1161,5779
PocketAcesFTW,1,5776,3355,2421,934,133,1,1,1067,5777
notTHEhawk,1,5775,3368,2407,961,40,1,1,1001,5776
very_very_sneaky,1,5774,3264,2510,754,184,1,1,938,5775
Noobinacan,1,5774,3314,2460,854,81,1,1,935,5775
hskkyy,1,5774,3327,2447,880,115,1,0,995,5774
itsHIMM,3,5771,3261,2510,751,192,3,3,943,5774
LastEmperor,1,5774,3221,2553,668,64,1,0,732,5774
kgreen69er,1,5772,3436,2336,1100,362,1,1,1462,5773
willrpike,2,5771,3445,2326,1119,70,2,2,1189,5773
JBHUTT09,1,5773,3216,2557,659,46,1,0,705,5773
Speechez,3,5769,3735,2034,1701,26,2,3,1727,5772
WouldYouKindly69,1,5771,3430,2341,1089,61,1,1,1150,5772
woahmanitsme,3,5769,3241,2528,713,115,3,3,828,5772
Joseph_fritzl_316,1,5770,3399,2371,1028,132,1,1,1160,5771
HumanitiesHaze,1,5769,3481,2288,1193,192,0,1,1385,5770
glasnostic,1,5769,3851,1918,1933,270,1,0,2203,5769
QuantumSociologist,2,5767,3754,2013,1741,93,2,2,1834,5769
oogaFilms,1,5768,3627,2141,1486,310,1,0,1796,5768
lecrag,1,5767,3591,2176,1415,190,1,1,1605,5768
MasoElya,1,5767,3279,2488,791,58,1,1,849,5768
oblongmonkey,1,5767,3626,2141,1485,61,1,0,1546,5767
snowfloppy,5,5762,3437,2325,1112,168,5,5,1280,5767
freudian_nipple_slip,1,5766,3783,1983,1800,28,1,0,1828,5766
hiebarooni,1,5764,3313,2451,862,313,1,1,1175,5765
blockthoseballs,1,5763,3340,2423,917,40,1,1,957,5764
nitrousconsumed,1,5763,3943,1820,2123,630,1,0,2753,5763
CactusApple,1,5761,3145,2616,529,67,1,1,596,5762
schrute_buck,1,5758,3223,2535,688,174,1,1,862,5759
SquarishWheel,1,5757,3447,2310,1137,15,1,1,1152,5758
kingofallthesexy,3,5756,3333,2423,910,186,3,2,1096,5758
fepfive,2,5756,3205,2551,654,54,2,2,708,5758
NX1,2,5755,3700,2055,1645,180,1,2,1825,5757
Ieuan1996,1,5756,3352,2404,948,110,1,1,1058,5757
not-a-cylon,1,5756,3475,2281,1194,151,1,0,1345,5756
Venia,1,5755,3377,2378,999,105,1,1,1104,5756
MitisBellator,1,5752,3418,2334,1084,151,1,1,1235,5753
crassigyrinus,2,5749,3337,2412,925,66,2,2,991,5751
Jooph42,2,5748,3528,2220,1308,98,2,2,1406,5750
topp3r,1,5747,3638,2109,1529,294,0,1,1823,5748
n5fonline,2,5742,3522,2220,1302,117,2,2,1419,5744
Hodge204,1,5744,3032,2712,320,98,1,0,418,5744
Greater_Omentum,1,5742,3200,2542,658,65,1,1,723,5743
jam4you2,1,5740,3359,2381,978,32,1,1,1010,5741
kidzior,1,5739,3197,2542,655,448,1,1,1103,5740
Elite_Karma_Whore,2,5730,3236,2494,742,176,2,2,918,5732
Autodidact2,2,5725,3544,2181,1363,134,2,2,1497,5727
mplk,1,5726,3425,2301,1124,95,1,1,1219,5727
Smokeeey,1,5727,3110,2617,493,76,1,0,569,5727
WombatDominator,3,5723,4027,1696,2331,57,3,3,2388,5726
WalleB,1,5725,3388,2337,1051,42,1,1,1093,5726
papanton,1,5725,3251,2474,777,76,1,1,853,5726
caylbea,2,5721,3519,2202,1317,97,1,2,1414,5723
Trekkie93,2,5720,3257,2463,794,34,2,1,828,5721
steinman17,2,5720,3828,1892,1936,108,1,0,2044,5720
red_mut,1,5716,3597,2119,1478,36,1,1,1514,5717
2buffet2soda,1,5717,3305,2412,893,93,1,0,986,5717
VBxGatsby,1,5715,3294,2421,873,309,1,1,1182,5716
brennyann,1,5715,3264,2451,813,38,1,1,851,5716
CuntMongler,2,5715,3065,2650,415,68,1,1,483,5716
SHOOPERSWOOPERSPOOPE,4,5711,3392,2319,1073,20,3,4,1093,5715
icantalk,2,5713,3352,2361,991,62,2,2,1053,5715
richowen,1,5714,3080,2634,446,76,1,1,522,5715
jjc543,3,5712,3737,1975,1762,82,2,2,1844,5714
tortugas,4,5711,3479,2232,1247,131,4,3,1378,5714
Zvanbez,2,5713,3480,2233,1247,98,2,1,1345,5714
xxcaponexx,1,5712,3041,2671,370,77,1,1,447,5713
HDATZ,1,5709,3391,2318,1073,132,1,1,1205,5710
everything_orange,1,5709,3138,2571,567,91,1,1,658,5710
frickmann123,4,5704,3510,2194,1316,96,3,4,1412,5708
Libra30,1,5706,3655,2051,1604,816,1,0,2420,5706
lanadelrey,1,5704,3275,2429,846,57,1,1,903,5705
rwiessf17,1,5704,3180,2524,656,47,1,1,703,5705
Tommysdead,1,5704,3141,2563,578,101,1,1,679,5705
6SUPERMAN9,1,5703,3401,2302,1099,34,1,1,1133,5704
bsoholic,1,5702,3419,2283,1136,142,1,0,1278,5702
branston,19,5683,4859,824,4035,711,15,16,4746,5699
evanphi,1,5698,3580,2118,1462,55,1,1,1517,5699
themotherklucker,1,5697,3266,2431,835,83,1,1,918,5698
technologicalt,1,5697,3261,2436,825,89,1,1,914,5698
Mstshake,2,5693,3269,2424,845,73,0,2,918,5695
Blueriel,1,5693,3424,2269,1155,28,1,1,1183,5694
TheBackupUser,1,5692,3526,2166,1360,102,1,1,1462,5693
KyleLambert,1,5692,3356,2336,1020,60,1,0,1080,5692
aman_is_aman,6,5686,3466,2220,1246,338,6,1,1584,5687
touyajp,1,5686,2925,2761,164,158,1,1,322,5687
noamXchomsky,1,5685,3585,2100,1485,111,1,1,1596,5686
pandemonichyperblast,1,5685,3683,2002,1681,109,1,0,1790,5685
Tkcatch,1,5684,3421,2263,1158,127,0,1,1285,5685
Chriscross23,1,5684,3422,2262,1160,72,1,1,1232,5685
WithTwoWise,1,5685,3068,2617,451,64,1,0,515,5685
TooManyBearz,5,5679,3565,2114,1451,124,3,5,1575,5684
snark_be,2,5678,3380,2298,1082,59,2,2,1141,5680
LewisKiniski,1,5678,3446,2232,1214,130,1,1,1344,5679
agentapelsin,2,5676,3310,2366,944,133,2,2,1077,5678
tobiathy96,1,5677,3013,2664,349,93,1,1,442,5678
mischiefismychicken,1,5675,3397,2278,1119,51,1,1,1170,5676
nthensome,29,5654,3724,1930,1794,304,23,20,2098,5674
skulluminati,3,5672,3262,2410,852,59,3,1,911,5673
reddit12395,2,5670,3511,2159,1352,42,0,1,1394,5671
TheBobaDett,2,5669,3314,2355,959,71,2,2,1030,5671
RaijinKit,1,5670,3296,2374,922,33,1,0,955,5670
joeb_360,1,5668,3442,2226,1216,93,0,1,1309,5669
iloveyousomuchgaycow,2,5665,3681,1984,1697,65,2,2,1762,5667
Truthfull,1,5667,3307,2360,947,36,1,0,983,5667
Euvoria,1,5664,3172,2492,680,180,1,1,860,5665
BitchinBukowski,2,5661,3399,2262,1137,53,2,2,1190,5663
dimondjim,1,5663,3278,2385,893,228,1,0,1121,5663
sauceyshaniqua,3,5658,3215,2443,772,80,2,2,852,5660
Nicarobwa,2,5656,3403,2253,1150,66,2,2,1216,5658
LongtimeLurkerr,2,5656,3132,2524,608,933,2,1,1541,5657
HenryJai,4,5655,3397,2258,1139,304,4,2,1443,5657
brownfox,2,5657,3284,2373,911,366,2,0,1277,5657
SalmonLeather,1,5656,3253,2403,850,142,1,1,992,5657
alisonp,1,5655,3279,2376,903,91,1,1,994,5656
Pchenche,4,5648,3561,2087,1474,210,3,4,1684,5652
antico,1,5651,4645,1006,3639,371,1,0,4010,5651
cyprin,1,5650,3381,2269,1112,305,1,1,1417,5651
Mr_Wabba,1,5650,3497,2153,1344,48,0,1,1392,5651
epos_inc,3,5650,3219,2431,788,74,3,1,862,5651
DJJoeBlock,1,5648,3457,2191,1266,161,0,1,1427,5649
csnsc14320,1,5646,3303,2343,960,81,1,0,1041,5646
adouchebag,1,5646,3161,2485,676,262,1,0,938,5646
Philip4695,1,5644,3166,2478,688,86,1,1,774,5645
x_Shifty_x,2,5642,3486,2156,1330,153,2,2,1483,5644
Guys-in-bananas,1,5641,3242,2399,843,184,1,1,1027,5642
GeneralFalcon,1,5640,3255,2385,870,284,1,1,1154,5641
Markj4552,1,5639,3357,2282,1075,81,1,1,1156,5640
clinkytheclown,2,5638,3285,2353,932,480,2,1,1412,5639
SuperMarbro,2,5637,3370,2267,1103,154,2,2,1257,5639
Trekev,3,5634,3626,2008,1618,77,3,3,1695,5637
CejusChrist,1,5636,3273,2363,910,485,1,0,1395,5636
Oh_internet_why,1,5635,3374,2261,1113,88,1,1,1201,5636
chevy0364,1,5632,3211,2421,790,148,1,1,938,5633
fotoshawt,2,5631,3327,2304,1023,43,1,1,1066,5632
Over_Dose,2,5630,3196,2434,762,40,2,2,802,5632
pooterpon,1,5630,3301,2329,972,144,0,1,1116,5631
UnderpantsKnome,2,5629,3270,2359,911,152,2,2,1063,5631
sp4ce,1,5630,3158,2472,686,134,1,1,820,5631
wesleypentz,3,5627,3490,2137,1353,85,2,3,1438,5630
nonotdc,1,5628,3682,1946,1736,131,1,1,1867,5629
Ruben42792,1,5629,3316,2313,1003,311,1,0,1314,5629
andyeddy8,2,5626,3409,2217,1192,224,2,2,1416,5628
ManuelHS,10,5619,3317,2302,1015,179,9,9,1194,5628
IFeelLikeAndy,11,5617,3799,1818,1981,80,8,10,2061,5627
procom49,2,5625,3262,2363,899,33,0,2,932,5627
SantosSays,1,5626,3165,2461,704,30,1,1,734,5627
CatRage,1,5624,3253,2371,882,57,1,1,939,5625
kukukele,3,5621,3233,2388,845,74,3,2,919,5623
nomofica,2,5621,4174,1447,2727,70,1,0,2797,5621
randomlybabbling,1,5620,3451,2169,1282,231,1,1,1513,5621
ImStillExcited,1,5620,3077,2543,534,110,1,1,644,5621
benowillock,3,5615,3081,2534,547,107,3,3,654,5618
gordonz88,4,5615,3297,2318,979,122,3,2,1101,5617
the_elbo,2,5612,3192,2420,772,67,2,1,839,5613
mikeldezky,3,5610,3682,1928,1754,75,2,2,1829,5612
IronicThunder,1,5611,3258,2353,905,55,1,1,960,5612
Silver_trigger727,3,5608,3553,2055,1498,131,1,3,1629,5611
cabo0se,2,5610,3113,2497,616,305,2,1,921,5611
mediEvil,2,5609,3249,2360,889,134,2,0,1023,5609
clayasaurus,1,5608,3159,2449,710,101,1,1,811,5609
Errand_Wolfe,3,5604,3401,2203,1198,89,3,3,1287,5607
harleyquinade,1,5606,3284,2322,962,83,1,1,1045,5607
SprungHeeledJack,2,5606,3189,2417,772,134,2,1,906,5607
BranLancast,1,5604,3073,2531,542,142,1,1,684,5605
kevLAXpro,2,5602,3067,2535,532,222,2,2,754,5604
zilas11,6,5595,3443,2152,1291,219,6,3,1510,5598
AshleyDelane,1,5597,3360,2237,1123,111,1,1,1234,5598
pfy5002,1,5598,3346,2252,1094,28,1,0,1122,5598
javabrewer,1,5595,3211,2384,827,65,1,1,892,5596
RedditStudioAudience,2,5595,3170,2425,745,104,2,0,849,5595
monstereo,2,5594,3121,2473,648,89,2,1,737,5595
AuschetheInsane,1,5593,3177,2416,761,256,1,1,1017,5594
Devistator,3,5587,3118,2469,649,46,3,2,695,5589
augo,2,5587,3229,2358,871,181,2,1,1052,5588
GirlZGetZGasmZ,1,5586,3201,2385,816,122,1,1,938,5587
ohohb,1,5586,3058,2528,530,107,1,1,637,5587
Axis_of_Logic,6,5582,3915,1667,2248,268,4,4,2516,5586
fmsnook,1,5583,3301,2282,1019,408,1,1,1427,5584
abeladi,5,5576,3479,2097,1382,121,5,4,1503,5580
weaselstomp,1,5579,3366,2213,1153,82,1,1,1235,5580
OfficerJoseph,1,5576,3613,1963,1650,128,1,1,1778,5577
WulfsigeX,1,5576,3226,2350,876,27,1,0,903,5576
mashpotatojohnson,5,5570,3360,2210,1150,129,5,5,1279,5575
sterereo,1,5572,3324,2248,1076,241,1,1,1317,5573
LiveLucid,1,5570,3607,1963,1644,42,1,0,1686,5570
te_ogre,1,5570,3249,2321,928,276,1,0,1204,5570
nextag82,2,5568,3275,2293,982,179,2,2,1161,5570
sensae,1,5569,3240,2329,911,104,1,1,1015,5570
Dammitdano,1,5569,3303,2266,1037,82,1,0,1119,5569
darkpontiac,1,5567,3286,2281,1005,500,1,1,1505,5568
Endura_GW2,1,5566,3387,2179,1208,63,0,1,1271,5567
duraax,1,5565,3257,2308,949,73,1,1,1022,5566
Chilloutitsjustmetal,1,5564,3065,2499,566,75,1,1,641,5565
skillian,2,5562,3895,1667,2228,297,2,2,2525,5564
WhiterThanRice,1,5560,3341,2219,1122,47,1,1,1169,5561
costumedork,1,5560,3183,2377,806,326,1,0,1132,5560
Throwaway_sausage,1,5557,3169,2388,781,17,1,1,798,5558
PopeSweetJesus,3,5554,3604,1950,1654,209,3,3,1863,5557
dunnobutbye,2,5556,3459,2097,1362,660,2,0,2022,5556
Marvell0,1,5555,3162,2393,769,29,1,1,798,5556
supermattdavies,15,5541,3370,2171,1199,163,14,14,1362,5555
harrythebau5,1,5554,3351,2203,1148,91,1,1,1239,5555
InvadingCanadian,1,5554,3271,2283,988,97,1,1,1085,5555
weisenzahn,1,5554,3500,2054,1446,211,1,0,1657,5554
onetimmy5strings,1,5549,3138,2411,727,81,1,1,808,5550
cooolkid123,1,5548,3466,2082,1384,37,1,1,1421,5549
rkirkpa1,1,5548,3027,2521,506,67,1,0,573,5548
stringuy1,3,5544,3340,2204,1136,137,3,3,1273,5547
OhManThisIsAwkward,1,5545,3230,2315,915,95,1,1,1010,5546
gamefreak76,1,5546,3173,2373,800,31,1,0,831,5546
clashcow,2,5544,3678,1866,1812,75,2,1,1887,5545
CollectivePitch,1,5545,3294,2251,1043,390,1,0,1433,5545
aacarbone,1,5542,3227,2315,912,50,1,1,962,5543
art0rz,1,5543,2871,2672,199,147,1,0,346,5543
SykoJester,1,5542,3158,2384,774,181,1,0,955,5542
Luta_Spook,1,5541,3058,2483,575,43,1,1,618,5542
brblol,1,5541,3218,2323,895,103,1,0,998,5541
sicarius,2,5538,3197,2341,856,64,2,1,920,5539
siddarthkaki,1,5537,3028,2509,519,105,1,1,624,5538
ForestCrunk,1,5534,3168,2366,802,119,1,1,921,5535
Doombot76,1,5533,3382,2151,1231,78,1,1,1309,5534
incognitoeye,1,5532,3168,2364,804,62,1,1,866,5533
gahd95,1,5530,3348,2182,1166,187,1,0,1353,5530
dasfunny,1,5528,3334,2194,1140,99,0,1,1239,5529
lukemsolomon,1,5527,3015,2512,503,82,1,1,585,5528
SuckMyPETA,2,5525,3388,2137,1251,106,2,2,1357,5527
TheSchmitz09,1,5526,3339,2187,1152,262,1,0,1414,5526
Craigypoosta,1,5523,3153,2370,783,209,0,1,992,5524
endALWAYSnear,1,5524,3099,2425,674,77,1,0,751,5524
TheChugnut,1,5520,3345,2175,1170,32,1,1,1202,5521
lewzealand,1,5517,3660,1857,1803,107,1,1,1910,5518
Flanker6or7,1,5515,3435,2080,1355,48,1,1,1403,5516
TripodMan,2,5514,3119,2395,724,284,2,1,1008,5515
hgritchie,1,5512,3515,1997,1518,353,1,1,1871,5513
jay456,5,5509,3260,2249,1011,217,5,4,1228,5513
sl0th1009,1,5512,3083,2429,654,51,1,1,705,5513
SeaOrca,1,5511,3271,2240,1031,89,1,0,1120,5511
BurningLed,1,5510,3229,2281,948,107,1,0,1055,5510
likoni,1,5509,3161,2348,813,198,1,0,1011,5509
pmckizzle,1,5508,2973,2535,438,215,1,1,653,5509
TheFartBall,1,5509,3024,2485,539,80,1,0,619,5509
nobuses,1,5508,3295,2213,1082,213,1,0,1295,5508
Malplace,2,5505,3537,1968,1569,66,2,2,1635,5507
samkal88,5,5502,3362,2140,1222,113,4,4,1335,5506
SliceOfButter,1,5506,3085,2421,664,121,1,0,785,5506
unlimtdbeastmode,5,5500,3662,1838,1824,51,3,5,1875,5505
FirmOrange,7,5498,3572,1926,1646,106,4,7,1752,5505
MoonlightTraveler,1,5502,3564,1938,1626,92,1,1,1718,5503
REVOREV,1,5502,3181,2321,860,80,1,1,940,5503
Symav2,6,5495,3859,1636,2223,46,6,6,2269,5501
Uberwomensch,2,5496,3571,1925,1646,61,2,1,1707,5497
chupa72,2,5495,3338,2157,1181,362,1,2,1543,5497
chatamongstpigeons,3,5494,3045,2449,596,136,3,2,732,5496
Spade6sic6,1,5495,3098,2397,701,30,1,1,731,5496
happyredhead11,1,5494,3321,2173,1148,46,1,1,1194,5495
DragonMist,1,5493,2863,2630,233,358,1,1,591,5494
CologneTrooper,2,5488,3410,2078,1332,217,2,1,1549,5489
lmxbftw,1,5486,3263,2223,1040,72,1,1,1112,5487
bbom,1,5486,3204,2282,922,185,1,1,1107,5487
le_kommie,2,5485,3135,2350,785,115,2,1,900,5486
geauxjeaux,1,5485,3459,2026,1433,92,1,0,1525,5485
julllleee,2,5484,3419,2065,1354,44,2,1,1398,5485
Phil6x,1,5484,3164,2320,844,170,1,1,1014,5485
thedarklord187,1,5484,3051,2433,618,132,1,1,750,5485
Cibarius,3,5481,3572,1909,1663,60,2,3,1723,5484
Azgaja,1,5483,3182,2301,881,534,1,1,1415,5484
ki3f,2,5481,3340,2141,1199,227,1,2,1426,5483
Tyrus17,1,5481,3204,2277,927,56,1,1,983,5482
Acidictadpole,2,5480,3646,1834,1812,221,2,1,2033,5481
Elbedhar,1,5480,3124,2356,768,441,1,1,1209,5481
Baycon,1,5479,3129,2350,779,694,1,1,1473,5480
Bubonic_Ferret,1,5479,3166,2313,853,42,1,1,895,5480
nomnomdk,1,5476,3331,2145,1186,37,1,1,1223,5477
solhaLee,1,5473,3105,2368,737,68,1,1,805,5474
RobotRollCall24,1,5472,3171,2301,870,274,1,0,1144,5472
zenthor109,2,5472,2988,2484,504,196,2,0,700,5472
pkempf,1,5469,3421,2048,1373,101,1,1,1474,5470
tunaklfie,2,5468,3286,2182,1104,337,2,2,1441,5470
Joe_fh,1,5468,3336,2132,1204,44,1,1,1248,5469
kore_nametooshort,2,5467,3270,2197,1073,72,1,2,1145,5469
Soirmaca,4,5463,3283,2180,1103,90,4,4,1193,5467
jackdarton,1,5466,3147,2319,828,50,1,0,878,5466
thingsviral,1,5462,2995,2467,528,50,1,1,578,5463
purplelolrus,4,5457,3129,2328,801,96,4,4,897,5461
parallelpark,1,5460,3144,2316,828,32,1,1,860,5461
beeftrash,1,5459,3363,2096,1267,39,1,1,1306,5460
TheJooce,11,5450,3404,2046,1358,271,11,9,1629,5459
homerun83,6,5453,3782,1671,2111,99,5,3,2210,5456
FrankTheTank369,3,5453,3351,2102,1249,97,3,3,1346,5456
InkedNurse,1,5455,2982,2473,509,167,1,1,676,5456
THE_FRESHEST_CEREAL,4,5449,3439,2010,1429,125,3,4,1554,5453
nitrofan111,1,5452,2946,2506,440,130,0,1,570,5453
princesspootie,1,5452,3599,1853,1746,35,1,0,1781,5452
Prax150,1,5451,3559,1892,1667,61,1,0,1728,5451
jimstr,1,5450,3901,1549,2352,100,1,0,2452,5450
TheSquirtleSquad,3,5446,3096,2350,746,462,3,3,1208,5449
p3t3r133,2,5447,3179,2268,911,95,2,1,1006,5448
CoolKidCanada,1,5448,3005,2443,562,155,1,0,717,5448
mr_napster,2,5445,3129,2316,813,80,2,2,893,5447
sNes1991,1,5443,3088,2355,733,87,1,1,820,5444
werewolf3698,1,5442,3144,2298,846,31,1,1,877,5443
I_post_fake_B-days,3,5439,3191,2248,943,61,3,3,1004,5442
KillEmAll83,8,5434,4510,924,3586,104,6,6,3690,5440
i_am_sad,2,5437,3370,2067,1303,49,1,2,1352,5439
imnottrent,1,5437,3264,2173,1091,40,1,1,1131,5438
jackapello,2,5435,3387,2048,1339,51,2,1,1390,5436
tstinson29,5,5429,3345,2084,1261,209,0,5,1470,5434
AlbinoApple,1,5432,3130,2302,828,23,1,1,851,5433
furrytu,2,5430,3366,2064,1302,40,0,2,1342,5432
axido,5,5424,3647,1777,1870,105,4,4,1975,5428
Iamien,1,5426,3232,2194,1038,121,1,1,1159,5427
Juz16,1,5424,3114,2310,804,222,1,1,1026,5425
XhoniBoy,1,5423,3203,2220,983,41,1,1,1024,5424
SonicBrony,1,5422,3373,2049,1324,31,1,1,1355,5423
roboto_jones,1,5423,3342,2081,1261,49,1,0,1310,5423
kaboo911,1,5422,3210,2212,998,65,1,0,1063,5422
celocanth13,1,5420,3048,2372,676,62,1,0,738,5420
Meshiest,2,5417,3417,2000,1417,136,2,1,1553,5418
iAmTofu,1,5417,3154,2263,891,97,1,1,988,5418
stucknmove,2,5417,3380,2037,1343,72,1,0,1415,5417
ZekeEasy,1,5415,3149,2266,883,41,1,1,924,5416
Narkolepse,2,5413,3350,2063,1287,77,2,2,1364,5415
angryfish,1,5414,3061,2353,708,22,1,1,730,5415
Syzygy313,1,5413,3523,1890,1633,31,0,1,1664,5414
findcassie,1,5413,3199,2214,985,190,1,1,1175,5414
johnnnnnnnnn,1,5410,3496,1914,1582,59,1,0,1641,5410
whats_reddit,2,5407,3639,1768,1871,75,1,2,1946,5409
septag0n,1,5408,3291,2117,1174,236,1,1,1410,5409
Castiel_it_all_away,1,5408,3390,2018,1372,115,1,0,1487,5408
thatpeterguy,1,5407,3109,2298,811,187,1,1,998,5408
poundcake2010,7,5399,3083,2316,767,126,6,7,893,5406
what_ok,1,5404,3024,2380,644,70,1,1,714,5405
darkstarone,4,5396,3724,1672,2052,60,2,4,2112,5400
Cjguitarguy,1,5399,3143,2256,887,47,1,1,934,5400
mdrix,1,5399,3102,2297,805,60,1,1,865,5400
houstonyellow,1,5399,2815,2584,231,71,1,1,302,5400
SmoothOp27,3,5395,3207,2188,1019,80,2,3,1099,5398
danrobe,2,5397,3191,2206,985,25,1,1,1010,5398
Turles,4,5394,3064,2330,734,81,4,4,815,5398
diplomonad1,2,5396,3276,2120,1156,62,2,1,1218,5397
bolt289,1,5394,3266,2128,1138,221,1,1,1359,5395
BlueScreen,1,5394,3118,2276,842,84,1,1,926,5395
p0rkch0psammiches,1,5392,3089,2303,786,94,1,1,880,5393
luckykobold,1,5390,3729,1661,2068,61,1,0,2129,5390
TheJollyPlum,5,5384,3644,1740,1904,129,5,5,2033,5389
Specker,1,5388,2953,2435,518,62,1,1,580,5389
boilingsnow,1,5383,3329,2054,1275,131,1,1,1406,5384
thekfish,3,5379,3187,2192,995,54,3,3,1049,5382
genemethylation,1,5379,3320,2059,1261,80,1,1,1341,5380
Bluelabel,8,5374,3486,1888,1598,144,8,5,1742,5379
casssyg,1,5378,3297,2081,1216,150,1,1,1366,5379
Blake3997,2,5376,3132,2244,888,104,2,2,992,5378
Djur,1,5376,3132,2244,888,67,1,1,955,5377
iknowwhatyouarenow,6,5370,3632,1738,1894,100,6,5,1994,5375
Toriankel,1,5374,3160,2214,946,118,1,1,1064,5375
Murked,1,5374,3081,2293,788,66,1,1,854,5375
endande,3,5373,3247,2126,1121,180,3,1,1301,5374
kaivr,1,5373,3111,2262,849,36,1,1,885,5374
JDoobs,1,5372,3046,2326,720,58,1,1,778,5373
i-Jonty,1,5371,3510,1861,1649,1039,1,1,2688,5372
Feiyue,1,5372,3334,2038,1296,110,1,0,1406,5372
TheGreenBackPack,1,5368,3160,2208,952,34,1,1,986,5369
whoqwerty,1,5367,3079,2288,791,47,1,1,838,5368
theplayboy,1,5367,3040,2327,713,97,1,1,810,5368
kenneyfive,1,5367,3041,2326,715,63,1,1,778,5368
Redbox_McFireCrotch,1,5368,3000,2368,632,116,1,0,748,5368
Weison,1,5365,3537,1828,1709,92,0,1,1801,5366
JellyCopter,1,5365,3355,2010,1345,94,0,1,1439,5366
1ryan231,3,5362,3310,2052,1258,42,3,3,1300,5365
Helgess0n,2,5361,2954,2407,547,53,2,1,600,5362
Kidmeepples,1,5359,3421,1938,1483,170,1,0,1653,5359
mcf,1,5356,3132,2224,908,465,1,0,1373,5356
Hcanimals,1,5354,3375,1979,1396,50,0,1,1446,5355
hackedhacker,2,5353,2995,2358,637,63,1,2,700,5355
blue_barracudas,1,5350,3357,1993,1364,170,0,1,1534,5351
w00tmonger,1,5350,3006,2344,662,24,1,1,686,5351
randomperson1121,3,5347,3471,1876,1595,60,2,3,1655,5350
goodthingsarefree,1,5347,3170,2177,993,29,1,1,1022,5348
caramore,2,5346,3024,2322,702,68,2,2,770,5348
shaman420,1,5345,3248,2097,1151,94,0,1,1245,5346
DMasaurusDex,1,5343,3079,2264,815,185,1,1,1000,5344
sebs8,9,5335,3060,2275,785,103,6,9,888,5344
woopdedo,1,5342,3049,2293,756,52,1,1,808,5343
devilsparesnobody,3,5335,3456,1879,1577,39,2,3,1616,5338
the_dank_one,1,5337,3384,1953,1431,93,1,1,1524,5338
CyberAlchemy,2,5338,3195,2143,1052,108,2,0,1160,5338
Arainya,1,5335,3465,1870,1595,23,1,1,1618,5336
InNomine,1,5334,3423,1911,1512,199,1,1,1711,5335
IMtehUber1337,4,5332,3003,2329,674,61,4,3,735,5335
ApocalypticK,3,5331,3217,2114,1103,66,3,3,1169,5334
DjManEX,1,5333,3138,2195,943,102,1,0,1045,5333
Slaedden,2,5330,3467,1863,1604,42,2,2,1646,5332
mrkees,1,5331,3428,1903,1525,36,1,1,1561,5332
Mutany,1,5330,3131,2199,932,124,1,1,1056,5331
leovski,1,5329,2936,2393,543,54,1,1,597,5330
simerpreet,1,5328,2946,2382,564,36,1,1,600,5329
RPLLL,2,5327,3096,2231,865,226,2,1,1091,5328
salenth,1,5326,3091,2235,856,128,0,0,984,5326
OneRomaines,1,5324,3112,2212,900,50,1,1,950,5325
Potterlove,3,5320,3511,1809,1702,46,3,2,1748,5322
TheSaucerBoy,1,5321,3627,1694,1933,51,1,0,1984,5321
CargoCulture,4,5317,3316,2001,1315,42,4,4,1357,5321
EllinoreBell,1,5320,3107,2213,894,147,1,1,1041,5321
Reddhedd13,2,5318,3332,1986,1346,137,2,2,1483,5320
CherrySueDointheDo,3,5317,3491,1826,1665,31,2,1,1696,5318
badgebadgerbadger,1,5316,3175,2141,1034,88,1,1,1122,5317
thesheet,3,5312,3229,2083,1146,27,3,3,1173,5315
feyo,1,5314,2983,2331,652,102,1,1,754,5315
jimbeezee,1,5314,3131,2183,948,16,1,0,964,5314
makesureimjewish,4,5312,3386,1926,1460,425,4,1,1885,5313
ediblebuffalo,1,5311,3080,2231,849,117,1,0,966,5311
jthn,1,5310,3101,2209,892,188,1,0,1080,5310
Siffel,2,5307,2996,2311,685,73,2,2,758,5309
pedro19,2,5307,2974,2333,641,71,1,1,712,5308
PancakeMonkeypants,4,5303,3248,2055,1193,350,4,4,1543,5307
LFreeze,1,5306,3189,2117,1072,49,1,1,1121,5307
Toxin197,1,5304,3151,2153,998,101,1,1,1099,5305
heybulldog,1,5302,3105,2197,908,102,1,0,1010,5302
chellegram,1,5302,3088,2214,874,52,1,0,926,5302
kittens_,1,5298,3162,2136,1026,90,1,1,1116,5299
pugzlie18,1,5298,3428,1870,1558,87,1,0,1645,5298
Demt,3,5294,3437,1857,1580,224,3,3,1804,5297
Grixus,2,5295,3305,1990,1315,49,2,2,1364,5297
zanman1010,3,5294,3144,2150,994,65,3,2,1059,5296
BoobsRPleasant,1,5294,3703,1591,2112,445,1,0,2557,5294
Molyumi,1,5293,3091,2202,889,700,1,1,1589,5294
AngryBadger42,1,5293,3038,2255,783,94,1,1,877,5294
manateeFPH,1,5293,2897,2396,501,167,1,1,668,5294
Arcath_,1,5292,3005,2287,718,44,1,1,762,5293
Sc00ta,1,5291,3103,2188,915,104,1,1,1019,5292
imnotsocreative,1,5291,3095,2196,899,57,1,1,956,5292
TheMarph,2,5288,2903,2385,518,625,2,2,1143,5290
night_wing,1,5290,2914,2376,538,229,1,0,767,5290
Ambulance_Artist,1,5289,2963,2326,637,83,1,1,720,5290
garfieId_kitty,1,5288,3000,2288,712,58,1,1,770,5289
troyANDabed,3,5285,3286,1999,1287,139,3,3,1426,5288
-nox-,4,5283,3209,2074,1135,152,4,4,1287,5287
Escheron,1,5282,3249,2033,1216,91,1,0,1307,5282
DisturbedCalgar,3,5279,3071,2208,863,63,3,3,926,5282
Nakedp00per,1,5279,3015,2264,751,30,1,1,781,5280
BlueStraggler,1,5278,3346,1932,1414,54,1,1,1468,5279
stucktogether,2,5277,3251,2026,1225,70,2,2,1295,5279
codyhorne,2,5278,3040,2238,802,93,2,1,895,5279
CircleK1112,1,5277,3061,2216,845,84,1,1,929,5278
mmmskk,2,5275,3031,2244,787,53,2,1,840,5276
leon945,1,5271,3146,2125,1021,40,1,1,1061,5272
Verko,2,5268,3339,1929,1410,185,2,2,1595,5270
PuppyBreath,5,5268,3146,2122,1024,86,5,2,1110,5270
Elivictus,1,5269,3242,2027,1215,56,1,0,1271,5269
blood_muffin,5,5262,3112,2150,962,240,4,4,1202,5266
timbro1,12,5253,4025,1228,2797,388,8,12,3185,5265
meowifuracat,3,5262,3351,1911,1440,53,2,3,1493,5265
john-r,2,5263,3024,2239,785,83,2,2,868,5265
puma1337,2,5262,2914,2348,566,341,2,2,907,5264
FirstToAdmitIt,1,5261,3272,1989,1283,154,1,1,1437,5262
eks,1,5262,3115,2147,968,105,1,0,1073,5262
PrincessMary9394,3,5258,3271,1987,1284,920,2,2,2204,5260
ladycokonut,1,5259,2788,2471,317,44,1,1,361,5260
hideandsee,2,5257,3175,2082,1093,56,1,2,1149,5259
Shweasel,1,5257,3183,2074,1109,105,1,1,1214,5258
hurderpderp,4,5253,3121,2132,989,174,4,2,1163,5255
SweeneyTodd2012,1,5254,3042,2212,830,102,0,1,932,5255
Zooph,1,5253,3014,2239,775,55,1,1,830,5254
AlexanderDavidBand,2,5251,2877,2374,503,85,2,2,588,5253
donnymarkus,2,5251,2865,2386,479,95,2,2,574,5253
HappyManatee,1,5252,3263,1989,1274,49,1,0,1323,5252
wendus,1,5252,3160,2092,1068,41,1,0,1109,5252
fackingtwats,2,5250,3282,1968,1314,34,1,1,1348,5251
Taylor1991,2,5249,3100,2149,951,86,2,2,1037,5251
moreSUGARplease,1,5249,3023,2226,797,763,1,0,1560,5249
RingAnswerHello,1,5248,2917,2331,586,108,1,1,694,5249
the_cereal_killer,1,5247,3013,2234,779,85,1,1,864,5248
PileOwnz,1,5248,2992,2256,736,122,1,0,858,5248
wtfboy,2,5247,2908,2339,569,81,2,1,650,5248
deepboots,1,5246,2999,2247,752,64,1,0,816,5246
ThisExactSituation,1,5242,3228,2014,1214,63,1,1,1277,5243
jaybrez,1,5241,3164,2077,1087,134,1,1,1221,5242
Abraves119,1,5240,2926,2314,612,49,1,1,661,5241
Smasher7991,2,5238,3328,1910,1418,180,2,2,1598,5240
mincka,1,5240,3189,2051,1138,263,0,0,1401,5240
oote,1,5240,3021,2219,802,66,1,0,868,5240
Jmonti,1,5238,3334,1904,1430,29,1,1,1459,5239
DaGarbageMan,1,5239,3242,1997,1245,203,1,0,1448,5239
MilkBro,3,5235,3108,2127,981,88,3,2,1069,5237
driftmonkey117,1,5234,3295,1939,1356,58,1,1,1414,5235
erbarad,1,5234,3218,2016,1202,41,1,1,1243,5235
nasi_lemak,1,5233,2932,2301,631,146,1,1,777,5234
sockofcrackers,1,5232,2970,2262,708,213,1,1,921,5233
MisterGone5,1,5228,3212,2016,1196,50,1,1,1246,5229
sexi_squidward,2,5226,3164,2062,1102,172,2,1,1274,5227
siroswald,11,5220,3499,1721,1778,285,11,5,2063,5225
Huskerheven1,2,5222,3525,1697,1828,85,1,2,1913,5224
iggnore,3,5221,3237,1984,1253,205,3,1,1458,5222
catatonic42,1,5220,2930,2290,640,28,1,1,668,5221
rpcob,1,5219,3419,1800,1619,27,1,1,1646,5220
7ypo,3,5218,3098,2120,978,223,3,2,1201,5220
Bezzie,1,5220,3060,2160,900,242,1,0,1142,5220
hummir,1,5218,4383,835,3548,705,1,0,4253,5218
TawaNicolas,4,5212,3701,1511,2190,160,4,4,2350,5216
Flumptastic,1,5214,3378,1836,1542,38,1,1,1580,5215
PixelSmack,1,5214,3226,1988,1238,157,1,1,1395,5215
krejci46,1,5214,2979,2235,744,70,1,1,814,5215
dickwolfe,1,5213,2972,2241,731,67,1,1,798,5214
hiskeyd,2,5212,2977,2235,742,450,2,1,1192,5213
MisterPeach,1,5212,3013,2199,814,94,1,0,908,5212
UtopianGaming,1,5210,3220,1990,1230,39,1,1,1269,5211
milkspores,2,5209,2963,2246,717,66,2,1,783,5210
Bazarov,1,5210,2898,2312,586,68,1,0,654,5210
JTFirefly,1,5209,3069,2140,929,252,1,0,1181,5209
aussie-fonzie,1,5209,3108,2101,1007,80,1,0,1087,5209
schiefer740,2,5207,2946,2261,685,27,2,2,712,5209
Ambivalent_Fanatic,1,5207,2935,2272,663,62,1,1,725,5208
Daydee,1,5207,2890,2317,573,117,1,1,690,5208
kidwithheadphones,4,5203,3103,2100,1003,200,4,3,1203,5206
Aqualung116,1,5205,3016,2189,827,41,1,1,868,5206
MorbidSaint666,1,5203,3234,1969,1265,41,1,1,1306,5204
GuyintheArmy,2,5203,3039,2164,875,91,2,1,966,5204
N0thinBett3r,1,5203,2781,2422,359,429,0,0,788,5203
_Minnow_,2,5201,3073,2128,945,34,2,1,979,5202
d3adpix3l,5,5196,3232,1964,1268,58,5,5,1326,5201
doie,1,5200,3051,2149,902,58,1,1,960,5201
ildulche,1,5199,2938,2261,677,61,1,1,738,5200
TremendousHeh,1,5198,3126,2072,1054,26,1,1,1080,5199
kaipic,2,5197,2861,2336,525,105,2,2,630,5199
Winnjawn,1,5198,3516,1682,1834,398,1,0,2232,5198
Guyot11,1,5197,3216,1981,1235,31,1,1,1266,5198
ARS_,1,5195,4160,1035,3125,537,1,0,3662,5195
DarthRada,1,5195,3085,2110,975,244,1,0,1219,5195
Spiff90,1,5195,3084,2111,973,148,1,0,1121,5195
Zarknord,1,5193,3177,2016,1161,194,1,1,1355,5194
scarecrowUSMC,2,5192,3272,1920,1352,50,2,1,1402,5193
spyxter,1,5190,3081,2109,972,405,1,1,1377,5191
tracieching,1,5190,3102,2088,1014,55,1,1,1069,5191
teowind,1,5189,2790,2399,391,517,1,1,908,5190
dhamir,1,5189,2872,2317,555,49,1,1,604,5190
0obeno0,1,5188,2726,2462,264,194,1,1,458,5189
leea13,3,5184,3413,1771,1642,33,1,3,1675,5187
troll_face4-ever,2,5184,3456,1728,1728,77,1,2,1805,5186
DogThatDidntBark,1,5183,2901,2282,619,89,1,1,708,5184
theuniverseisyou,2,5181,3249,1932,1317,93,2,2,1410,5183
cgoldsmith19,1,5182,3004,2178,826,59,1,0,885,5182
rockin_munki,1,5181,2936,2245,691,45,1,1,736,5182
Girolmao,4,5178,3230,1948,1282,134,3,3,1416,5181
medgarmedgar,1,5180,3039,2141,898,112,1,0,1010,5180
simmonsconner,4,5174,3116,2058,1058,122,4,4,1180,5178
thursday427,1,5178,2975,2203,772,39,1,0,811,5178
cheesy_ninja45,2,5176,2896,2280,616,52,2,2,668,5178
kevinbushman,1,5176,3187,1989,1198,72,1,0,1270,5176
dodotech,1,5175,2788,2387,401,244,1,0,645,5175
kvachon,6,5170,3426,1744,1682,124,6,4,1806,5174
Corinfosho,2,5169,3425,1744,1681,139,2,2,1820,5171
Alphab144,1,5170,2981,2189,792,37,1,1,829,5171
sahuxley,1,5167,3206,1961,1245,355,1,1,1600,5168
Icyface,3,5163,3035,2128,907,234,3,1,1141,5164
lala989,2,5161,3484,1677,1807,50,1,2,1857,5163
ShadowsAmbience,1,5163,2937,2226,711,190,1,0,901,5163
moresecksi37,3,5159,3007,2152,855,39,2,3,894,5162
exit_flagger,1,5160,3023,2137,886,62,1,0,948,5160
skyyz,1,5159,3185,1974,1211,55,1,0,1266,5159
cyale4,1,5158,3096,2062,1034,69,1,1,1103,5159
Frogman7,2,5157,2900,2257,643,174,2,2,817,5159
PNJL,1,5157,3111,2046,1065,174,1,0,1239,5157
drev,1,5155,2868,2287,581,127,1,1,708,5156
jrfet2001,5,5150,3097,2053,1044,119,1,5,1163,5155
ipleadthesecond,2,5148,3293,1855,1438,109,2,2,1547,5150
duremville,1,5148,3049,2099,950,67,1,1,1017,5149
DiscoAutopsy,1,5148,2847,2301,546,65,1,1,611,5149
FriendlyEnt,2,5143,2932,2211,721,29,2,2,750,5145
w0oj0o,1,5143,2871,2272,599,71,1,1,670,5144
xopitseleh,1,5142,3159,1983,1176,142,1,1,1318,5143
Dunkeal,2,5141,3010,2131,879,195,2,2,1074,5143
dagbrown,1,5142,2988,2154,834,76,1,1,910,5143
michael6424,1,5142,2772,2370,402,100,1,1,502,5143
matttrope,5,5136,3257,1879,1378,117,4,5,1495,5141
tehrabbitt,1,5140,3155,1985,1170,81,1,0,1251,5140
fuckitimreposting,5,5134,3371,1763,1608,93,2,5,1701,5139
chrisawesomeson,1,5138,2935,2203,732,112,1,1,844,5139
clamuelle,1,5133,3258,1875,1383,66,1,1,1449,5134
Athena42,1,5131,3237,1894,1343,59,1,1,1402,5132
arwhitne,1,5132,3127,2005,1122,67,1,0,1189,5132
ostrichy,1,5129,3123,2006,1117,175,1,1,1292,5130
Guessquire,1,5129,3131,1998,1133,110,1,1,1243,5130
seyseyj,1,5126,3307,1819,1488,259,1,0,1747,5126
Achiboo,1,5122,3119,2003,1116,39,1,1,1155,5123
moneyman78,1,5122,2966,2156,810,67,1,1,877,5123
jstremfel,1,5121,3266,1855,1411,61,1,1,1472,5122
LisFORlace,1,5121,3138,1983,1155,72,1,1,1227,5122
Hansibaldo,1,5119,3142,1977,1165,115,1,0,1280,5119
Ash09,3,5117,4132,985,3147,381,3,0,3528,5117
Shnagroot,2,5115,3154,1961,1193,145,2,2,1338,5117
MathiasKrogh,1,5116,2837,2279,558,144,1,1,702,5117
strongbadger,1,5113,3116,1997,1119,106,1,1,1225,5114
-Recluse-,2,5112,2985,2127,858,132,2,2,990,5114
mickiMAU5,1,5113,3170,1943,1227,102,1,0,1329,5113
nabster324,1,5112,2988,2124,864,59,1,1,923,5113
Svaiks,2,5109,2926,2183,743,158,2,2,901,5111
MrMagoo22,1,5110,2823,2287,536,70,1,1,606,5111
TheSkaBoss,1,5108,2975,2133,842,23,1,1,865,5109
Seanizo,1,5107,3129,1978,1151,55,1,1,1206,5108
Klever81,1,5108,2919,2189,730,82,1,0,812,5108
navalangelfire,1,5106,2956,2150,806,39,1,1,845,5107
raffytraffy,1,5107,2958,2149,809,28,1,0,837,5107
airmandan,3,5102,3360,1742,1618,142,3,3,1760,5105
Twingster,2,5102,3575,1527,2048,65,2,2,2113,5104
ileikpie,10,5093,3337,1756,1581,73,2,10,1654,5103
yungkrizzleshawty,4,5096,3229,1867,1362,126,4,4,1488,5100
kidtendomom,4,5097,3029,2068,961,128,4,2,1089,5099
Cdiddy246,4,5094,2976,2118,858,82,2,4,940,5098
jortiz17,1,5096,3013,2083,930,28,1,1,958,5097
Hitsu17,1,5095,3109,1986,1123,78,1,1,1201,5096
kfizz14,4,5093,3078,2015,1063,111,4,2,1174,5095
Web_Tech,1,5093,2915,2178,737,141,1,1,878,5094
thraks,1,5093,2916,2177,739,113,1,1,852,5094
hottlikemike,1,5092,3303,1789,1514,84,1,1,1598,5093
Unother_,4,5089,3135,1954,1181,136,2,4,1317,5093
Shit_Dickery,5,5087,3310,1777,1533,122,5,4,1655,5091
bradburb,1,5089,3342,1747,1595,60,1,0,1655,5089
Gawdor,1,5089,3133,1956,1177,421,1,0,1598,5089
bjan09,1,5087,2875,2212,663,162,1,1,825,5088
relisys,3,5084,3117,1967,1150,91,3,1,1241,5085
kasuwelltv,2,5081,3173,1908,1265,19,2,1,1284,5082
jonnahiscool,2,5079,3056,2023,1033,185,1,2,1218,5081
b0tfly,1,5078,3090,1988,1102,356,1,0,1458,5078
Logoa,1,5077,2922,2155,767,43,1,1,810,5078
ethicks,3,5073,3364,1709,1655,120,2,3,1775,5076
jesuz,6,5070,3357,1713,1644,325,5,4,1969,5074
LoLo206,1,5074,2884,2190,694,31,1,0,725,5074
cilyarome,2,5071,3325,1746,1579,168,1,1,1747,5072
morganmorgannnn,1,5071,2736,2335,401,99,1,0,500,5071
ecastaneira,1,5069,3001,2068,933,131,1,1,1064,5070
ImaBheast,1,5068,3210,1858,1352,130,1,1,1482,5069
Ikkie459,3,5062,3043,2019,1024,102,3,3,1126,5065
ragingsage,1,5062,2962,2100,862,247,1,1,1109,5063
L8rMr,1,5061,2951,2110,841,32,1,1,873,5062
JoshC6,1,5060,3222,1838,1384,52,1,1,1436,5061
nickhelt,3,5057,3215,1842,1373,136,3,2,1509,5059
JRoche00,2,5057,3010,2047,963,35,2,2,998,5059
NotAnotherDecoy,1,5057,3064,1993,1071,38,1,0,1109,5057
Mrbuy,2,5054,3115,1939,1176,99,2,1,1275,5055
kingaltoids,1,5054,2930,2124,806,74,1,1,880,5055
Chanz,3,5052,3072,1980,1092,224,3,2,1316,5054
failsandfacepalms,2,5051,3344,1707,1637,42,2,2,1679,5053
jerrylovesbacon,6,5048,3305,1743,1562,33,5,5,1595,5053
SarahResolute,2,5050,3215,1835,1380,161,1,2,1541,5052
zeen,1,5051,3007,2044,963,68,0,1,1031,5052
racisttaco69,1,5050,2988,2062,926,90,1,1,1016,5051
Glenn5110,1,5048,3068,1980,1088,32,1,1,1120,5049
zomboy23,1,5045,3240,1805,1435,51,0,1,1486,5046
zombiewafflezz,1,5044,2740,2304,436,90,1,1,526,5045
newagedandy,1,5044,2679,2365,314,135,1,1,449,5045
malleeman,12,5033,3523,1510,2013,109,9,11,2122,5044
S1N4N,1,5044,3081,1963,1118,348,1,0,1466,5044
perahan,1,5043,2978,2065,913,202,1,0,1115,5043
iRofled,1,5042,2944,2098,846,60,1,1,906,5043
RecklessCanadian,3,5038,3134,1904,1230,132,3,2,1362,5040
overdrivecow,1,5039,2896,2143,753,101,1,1,854,5040
H7M,1,5039,2850,2189,661,49,1,1,710,5040
arface,1,5039,3493,1546,1947,33,1,0,1980,5039
eliza306,1,5037,3063,1974,1089,174,1,1,1263,5038
zombiesurreal,1,5038,3106,1932,1174,55,1,0,1229,5038
hasdifficultyposting,10,5031,3752,1279,2473,88,4,6,2561,5037
RepostFromGifToFunny,2,5033,3112,1921,1191,59,2,2,1250,5035
TronaldMcDonald,1,5033,2937,2096,841,161,1,1,1002,5034
Shexter,1,5032,3191,1841,1350,93,1,1,1443,5033
yellowpride,2,5031,2873,2158,715,661,2,2,1376,5033
arasmussen,2,5032,2977,2055,922,43,2,1,965,5033
megisneat,1,5031,2759,2272,487,86,1,1,573,5032
RealStyrofom,1,5029,3108,1921,1187,29,1,1,1216,5030
Aedan91,2,5027,2875,2152,723,39,2,2,762,5029
WidowsXP,1,5028,2831,2197,634,41,1,1,675,5029
caspman,2,5027,3271,1756,1515,66,1,1,1581,5028
Terravoltaeg,2,5027,3022,2005,1017,200,2,1,1217,5028
Some_Belgian_Guy,1,5027,2883,2144,739,103,1,1,842,5028
coconut_and_metal,1,5026,2784,2242,542,92,1,1,634,5027
Teatoly,6,5023,3967,1056,2911,405,6,3,3316,5026
Dark_Saint,1,5026,3314,1712,1602,17,1,0,1619,5026
ultimoboone,1,5025,3068,1957,1111,136,0,1,1247,5026
gbchaosmaster,2,5025,3025,2000,1025,73,2,1,1098,5026
DKRises,1,5023,3084,1939,1145,301,1,1,1446,5024
masterofdocks,1,5020,3077,1943,1134,53,1,1,1187,5021
capecodchips,1,5019,2819,2200,619,102,1,0,721,5019
PressAForAcorn,7,5011,3290,1721,1569,57,6,7,1626,5018
WolfTheQuarrelsome,1,5012,2969,2043,926,100,1,1,1026,5013
Barney_and_Friends,2,5010,2993,2017,976,110,0,2,1086,5012
vcrow13,2,5010,2858,2152,706,28,2,2,734,5012
FerretAres,1,5010,2876,2134,742,29,1,1,771,5011
Optometrist_Prime,2,5005,3226,1779,1447,56,2,2,1503,5007
MasterBalls,3,5005,2939,2066,873,74,3,2,947,5007
Rohccoo,1,5006,2847,2159,688,72,1,1,760,5007
pwniess,1,5005,3220,1785,1435,60,1,1,1495,5006
stwime,1,5005,2975,2030,945,98,1,1,1043,5006
CottonCandyPony,1,5002,2889,2113,776,124,1,1,900,5003
apotheosis_s,1,4999,3146,1853,1293,56,1,1,1349,5000
klaatu_barada_nikto,4,4995,3169,1826,1343,225,2,4,1568,4999
schuppaloop,5,4992,3458,1534,1924,145,1,5,2069,4997
Droyd,2,4994,2930,2064,866,52,2,2,918,4996
thecementmixer,1,4995,2884,2111,773,28,1,1,801,4996
Sharkbate12,2,4994,3320,1674,1646,76,2,1,1722,4995
lopezZ,1,4992,3345,1647,1698,240,1,0,1938,4992
Vinsher,1,4989,2912,2077,835,81,1,1,916,4990
jpmcgeown,2,4987,2917,2070,847,86,2,1,933,4988
zpanduh,1,4987,2676,2311,365,135,0,0,500,4987
JordanMcRiddles,4,4979,3109,1870,1239,28,4,4,1267,4983
Incredible-swag,2,4977,2984,1993,991,43,2,2,1034,4979
longsilver,2,4974,2909,2065,844,88,2,2,932,4976
postymcpost,2,4973,3130,1843,1287,278,2,2,1565,4975
chimpwithalimp,2,4972,2736,2236,500,177,2,1,677,4973
OtakuSubreddit,3,4970,2709,2261,448,52,3,2,500,4972
dbyway,3,4966,2769,2197,572,83,1,2,655,4968
CaptainKennedy,1,4967,3248,1719,1529,188,1,0,1717,4967
gbimmer,1,4966,3031,1935,1096,44,1,1,1140,4967
Franksus,3,4963,3276,1687,1589,96,3,3,1685,4966
Tobachnick,1,4963,2762,2201,561,47,1,1,608,4964
lip,1,4963,2919,2044,875,116,1,0,991,4963
Damian1990,1,4960,2881,2079,802,44,1,1,846,4961
OMGlmOnFire,1,4959,2946,2013,933,55,1,1,988,4960
Kite11556,2,4954,2849,2105,744,35,2,2,779,4956
Dr__Internet,1,4954,3146,1808,1338,396,1,1,1734,4955
PancakeSlaughter,1,4954,2737,2217,520,77,1,1,597,4955
sloppy-jugs,1,4950,2793,2157,636,51,1,1,687,4951
hulk_krogan,1,4949,3193,1756,1437,201,1,1,1638,4950
iPots,2,4948,3063,1885,1178,46,2,2,1224,4950
dhoank,1,4949,2974,1975,999,215,1,1,1214,4950
Chaster321,2,4949,3168,1781,1387,48,2,0,1435,4949
Halostar,1,4947,2897,2050,847,101,1,1,948,4948
OzzyATC,1,4946,2897,2049,848,46,1,1,894,4947
swcnpoho,1,4946,2726,2220,506,62,1,1,568,4947
Vigga,1,4944,2883,2061,822,41,1,1,863,4945
ridermiv,1,4943,2891,2052,839,75,1,1,914,4944
Ben_Deroveur,2,4940,3090,1850,1240,58,0,2,1298,4942
shickard,9,4933,3156,1777,1379,219,7,8,1598,4941
sjmoore,2,4936,2827,2109,718,342,2,1,1060,4937
Kotche,1,4935,2761,2174,587,185,1,1,772,4936
saprious,1,4936,2761,2175,586,36,1,0,622,4936
Forever-A-Note,1,4932,2987,1945,1042,45,1,1,1087,4933
sista-matic_reposter,1,4931,2844,2087,757,106,1,1,863,4932
Cirrius,1,4929,2824,2105,719,52,1,1,771,4930
MaxxB,1,4928,3005,1923,1082,79,1,1,1161,4929
Kalansummer,1,4927,2896,2031,865,54,1,1,919,4928
suddenly_spiders,1,4927,2879,2048,831,71,1,0,902,4927
degotastic,1,4926,2624,2302,322,64,1,1,386,4927
saffir,2,4926,2706,2220,486,79,2,0,565,4926
FulminatedMercury,5,4920,3117,1803,1314,105,5,4,1419,4924
DoctorMcNinja,1,4922,3035,1887,1148,368,1,1,1516,4923
giottomkd,2,4920,3010,1910,1100,138,2,1,1238,4921
OliverKlozoff,1,4919,3098,1821,1277,100,1,1,1377,4920
queefin_it_real,1,4918,3081,1837,1244,96,1,1,1340,4919
Kreetan,1,4918,3100,1818,1282,47,1,1,1329,4919
FrilledShark,1,4919,2613,2306,307,254,1,0,561,4919
Frago242,3,4913,2782,2131,651,73,3,1,724,4914
upvotehappy,2,4910,3165,1745,1420,86,2,2,1506,4912
h4gen,1,4911,2935,1976,959,29,1,1,988,4912
fancyfoxface,2,4910,2904,2006,898,74,2,2,972,4912
JorgeCS,1,4911,3217,1694,1523,107,1,0,1630,4911
Krav_Maga,1,4910,2783,2127,656,62,1,1,718,4911
dsgm1984,1,4910,2977,1933,1044,155,1,0,1199,4910
ingenioutor,3,4907,2921,1986,935,54,3,3,989,4910
weeone,9,4905,3321,1584,1737,159,7,4,1896,4909
oxymoronisanoxymoron,2,4901,3070,1831,1239,40,2,2,1279,4903
bloodrobots,1,4901,3421,1480,1941,280,1,0,2221,4901
glock805,1,4900,3097,1803,1294,287,1,1,1581,4901
kreaturesleeper,1,4900,2931,1969,962,84,1,1,1046,4901
PaleWithBlueEyes,4,4895,2861,2034,827,109,4,3,936,4898
XxX4eVrAloNeXxX,3,4894,2826,2068,758,60,3,3,818,4897
rubber_duckyy,5,4891,3235,1656,1579,50,5,5,1629,4896
ashields2,1,4895,2955,1940,1015,45,1,1,1060,4896
HandicapperGeneral,1,4894,3361,1533,1828,62,1,1,1890,4895
scopolamine,1,4895,2787,2108,679,63,1,0,742,4895
neoblade1624,6,4888,2815,2073,742,69,6,6,811,4894
hotpocket1000,2,4892,2875,2017,858,57,2,1,915,4893
nomadicfeet,2,4892,2814,2078,736,56,2,1,792,4893
harryhippo,2,4892,2794,2098,696,56,2,1,752,4893
Ender35,1,4893,2750,2143,607,28,1,0,635,4893
BlubberyGiraffe,1,4891,3071,1820,1251,27,1,1,1278,4892
dzubz,2,4891,3002,1889,1113,29,2,1,1142,4892
Neekthegeek,1,4890,2976,1914,1062,93,1,1,1155,4891
migraine_boy,3,4885,3224,1661,1563,184,3,2,1747,4887
peg_leg,4,4884,2863,2021,842,69,3,3,911,4887
OpenThirdEye,1,4882,2825,2057,768,136,1,0,904,4882
zachbarnett,1,4878,2661,2217,444,85,1,0,529,4878
cdiz,1,4877,2638,2239,399,61,1,1,460,4878
tamearmeisce,1,4873,2958,1915,1043,1110,1,1,2153,4874
Sir-reaper,1,4873,3043,1830,1213,238,1,1,1451,4874
sam24551,7,4866,3220,1646,1574,88,7,7,1662,4873
MordredII,1,4872,2895,1977,918,208,0,1,1126,4873
KabooseTM,3,4871,2903,1968,935,98,3,1,1033,4872
IsThisWhereANameGoes,20,4851,3402,1449,1953,178,18,19,2131,4870
evanmstr,6,4863,3296,1567,1729,57,1,6,1786,4869
nexxus-s,1,4865,3031,1834,1197,72,1,1,1269,4866
Lux42,2,4862,2894,1968,926,80,2,2,1006,4864
Zeradran,1,4863,2900,1963,937,13,1,1,950,4864
wotcherolivia,1,4863,2943,1920,1023,27,1,0,1050,4863
angrymonster,3,4860,2709,2151,558,148,3,3,706,4863
TheMegaZ,1,4860,3050,1810,1240,52,0,1,1292,4861
Bullydog,1,4859,2917,1942,975,57,1,1,1032,4860
MobileD,1,4860,2847,2013,834,194,1,0,1028,4860
Ugikie,1,4859,2708,2151,557,152,1,1,709,4860
Seemoose227,3,4857,3123,1734,1389,107,2,2,1496,4859
mariah11,1,4857,3008,1849,1159,33,1,0,1192,4857
PinkishFloyd,1,4856,2631,2225,406,45,1,1,451,4857
zarmin,2,4854,2818,2036,782,59,2,2,841,4856
wolfvision,4,4850,3316,1534,1782,130,4,4,1912,4854
shusain93,1,4853,2891,1962,929,110,0,1,1039,4854
DannY-L,1,4854,2740,2114,626,47,1,0,673,4854
george40,2,4851,2871,1980,891,56,2,2,947,4853
pewpitar,2,4849,3063,1786,1277,53,2,2,1330,4851
Corpsman223,3,4848,2821,2027,794,80,3,2,874,4850
Phrawstie,1,4847,2912,1935,977,157,1,1,1134,4848
gifmaster,1,4846,2797,2049,748,233,1,1,981,4847
IsaacTehBest,4,4843,3120,1723,1397,70,4,3,1467,4846
Thrilla87,1,4845,2864,1981,883,47,1,0,930,4845
Lufthavn,1,4844,3197,1647,1550,244,1,0,1794,4844
Gimme_The_Loot,3,4841,3064,1777,1287,57,3,3,1344,4844
rever3nd,1,4843,2803,2040,763,224,1,1,987,4844
GingaNinja,1,4843,2842,2001,841,46,1,1,887,4844
Ghiveta,1,4841,2775,2066,709,44,1,0,753,4841
ashleyrenae592,2,4839,2735,2104,631,234,2,1,865,4840
tinga14,2,4836,3187,1649,1538,66,2,2,1604,4838
ReactorofR,1,4837,2998,1839,1159,118,1,1,1277,4838
Mitch3285,4,4835,3031,1804,1227,88,4,2,1315,4837
jbd1986,8,4829,2975,1854,1121,40,4,7,1161,4836
Darkforces134,1,4834,2887,1947,940,217,1,1,1157,4835
TalonknowsBest,1,4832,2850,1982,868,96,1,1,964,4833
BillNyeDeGrasseTyson,2,4830,2843,1987,856,38,1,2,894,4832
cmurphy341,1,4827,3248,1579,1669,33,1,1,1702,4828
wolfincommand,1,4827,2686,2141,545,53,1,1,598,4828
CGSColin,2,4825,2993,1832,1161,78,2,0,1239,4825
Markus_Antonius,2,4825,2898,1927,971,137,2,0,1108,4825
stumpyraccoon,1,4823,3129,1694,1435,125,0,1,1560,4824
Dan0myte,1,4822,3156,1666,1490,84,1,1,1574,4823
Engagedeye,5,4817,3056,1761,1295,23,4,4,1318,4821
cadderly09,3,4818,2874,1944,930,86,3,2,1016,4820
News2012,4,4816,3058,1758,1300,29,3,1,1329,4817
you-were-warned,1,4817,2584,2233,351,627,1,0,978,4817
des_troy,3,4813,3066,1747,1319,80,2,3,1399,4816
insane0hflex,1,4814,3139,1675,1464,260,0,1,1724,4815
broken337,5,4810,3167,1643,1524,83,5,4,1607,4814
botlegger,6,4808,3042,1766,1276,77,3,6,1353,4814
amolotovnamedmikey,1,4812,2716,2096,620,29,1,0,649,4812
5skandas,2,4806,3031,1775,1256,153,2,2,1409,4808
highlyironic,3,4804,2926,1878,1048,37,2,2,1085,4806
Happy_Lobsters,2,4803,2862,1941,921,53,2,2,974,4805
Hemoglobin_trotter,1,4801,2879,1922,957,113,1,1,1070,4802
LouSkyWaka,1,4802,2754,2048,706,147,1,0,853,4802
7Nantis,3,4798,3109,1689,1420,93,2,3,1513,4801
eehrun,1,4800,2907,1893,1014,123,1,1,1137,4801
GreatDownVote,2,4798,2796,2002,794,44,2,1,838,4799
Saine,2,4795,3202,1593,1609,74,1,2,1683,4797
JaymeSliva,6,4790,3331,1459,1872,189,6,6,2061,4796
WhoDoneItNow,3,4793,3030,1763,1267,54,3,3,1321,4796
frycook,10,4789,3148,1641,1507,238,10,5,1745,4794
electrodan,1,4794,3124,1670,1454,150,1,0,1604,4794
The_Catalyst_89,3,4792,3050,1742,1308,66,2,2,1374,4794
AzureTranquility,1,4792,2908,1884,1024,113,1,1,1137,4793
xJnD,1,4791,2890,1901,989,41,1,1,1030,4792
eliburgoon,1,4787,2897,1890,1007,106,1,1,1113,4788
blakeburnsred,1,4784,2736,2048,688,88,1,1,776,4785
dickralph,2,4782,2945,1837,1108,307,2,2,1415,4784
sceptre_wintermute,3,4781,2851,1930,921,214,2,3,1135,4784
Waffle280,2,4780,3052,1728,1324,90,1,2,1414,4782
Walksonthree,3,4779,2795,1984,811,108,2,3,919,4782
Stickybunskeetcannon,3,4779,2824,1955,869,47,2,3,916,4782
mattattack69,3,4773,2840,1933,907,198,3,2,1105,4775
5b3ll,1,4774,2822,1952,870,50,1,1,920,4775
pombe,1,4774,2693,2081,612,301,1,1,913,4775
razmataz101,5,4770,2778,1992,786,62,3,4,848,4774
lagersometimescider,1,4771,2810,1961,849,195,1,1,1044,4772
cupcakegiraffe,1,4769,3129,1640,1489,43,1,1,1532,4770
mizztree,1,4769,2652,2117,535,108,1,1,643,4770
frisky_business2,1,4770,2630,2140,490,89,1,0,579,4770
MooseTetrino,1,4769,2783,1986,797,70,1,0,867,4769
Cmatt10123,1,4768,3005,1763,1242,128,1,0,1370,4768
ceeeh,1,4766,3190,1576,1614,349,1,1,1963,4767
birdman361,2,4765,2965,1800,1165,91,1,2,1256,4767
cresman430,2,4763,2990,1773,1217,35,2,2,1252,4765
Benderillo,5,4760,3055,1705,1350,157,5,4,1507,4764
lindsay17,1,4763,2945,1818,1127,47,1,1,1174,4764
lilb0n3s,1,4764,2681,2083,598,189,1,0,787,4764
ItsPillsbury,5,4758,2869,1889,980,64,4,5,1044,4763
xerxes1986,2,4761,2708,2053,655,133,1,1,788,4762
dontdosadness,1,4760,3087,1673,1414,132,1,1,1546,4761
waitwhatthefudge,3,4754,2524,2230,294,71,3,3,365,4757
ANN13M41,1,4755,2655,2100,555,226,1,1,781,4756
lorddominus,1,4756,2559,2197,362,303,1,0,665,4756
xAsianZombie,1,4754,2918,1836,1082,70,1,1,1152,4755
MisssBadgerEnt,1,4750,3121,1629,1492,25,0,1,1517,4751
FancyPantss,1,4750,2725,2025,700,182,1,0,882,4750
macs4life8,1,4745,2958,1787,1171,84,1,1,1255,4746
Cameronious,1,4744,3408,1336,2072,90,1,1,2162,4745
SirFuckingNickerisk,1,4738,2717,2021,696,57,1,1,753,4739
le_sassasaur,1,4738,2965,1773,1192,42,1,0,1234,4738
tendymonster,1,4737,2828,1909,919,107,1,1,1026,4738
Aidbot,1,4737,2757,1980,777,51,1,1,828,4738
knivesngunz,4,4733,3083,1650,1433,146,3,4,1579,4737
fishypoopypanties,2,4737,3128,1609,1519,43,0,0,1562,4737
Karma_Please,3,4734,2988,1746,1242,51,3,3,1293,4737
nicknak2445,3,4734,2797,1937,860,55,3,3,915,4737
slaw9,1,4737,2628,2109,519,197,1,0,716,4737
zomgitflies,1,4730,2685,2045,640,1527,1,1,2167,4731
mitchw17,1,4731,2799,1932,867,27,1,0,894,4731
gustavsen,4,4728,2747,1981,766,113,4,3,879,4731
KnuckKnuck,1,4731,2611,2120,491,73,1,0,564,4731
ONLYSHOUT,1,4729,2733,1996,737,172,1,1,909,4730
Riddlesmith,1,4730,2681,2049,632,261,1,0,893,4730
Moridin87,1,4729,2664,2065,599,33,1,0,632,4729
bobby51jr,1,4726,2766,1960,806,27,1,1,833,4727
TheVoices_InYourHead,2,4725,2690,2035,655,94,2,2,749,4727
Casedilla,1,4725,2676,2049,627,142,1,1,769,4726
idosimon,1,4724,2665,2059,606,102,1,0,708,4724
pavester,2,4720,3062,1658,1404,53,2,2,1457,4722
GAY-O-METER,1,4721,2597,2124,473,57,1,1,530,4722
Mauzie,2,4719,2821,1898,923,47,2,2,970,4721
infestedkoalabears,1,4720,2607,2113,494,28,1,1,522,4721
baazu,3,4718,2497,2221,276,90,3,3,366,4721
datonedood,1,4717,3018,1699,1319,20,0,1,1339,4718
horsesemen,2,4716,2881,1835,1046,50,1,1,1096,4717
G4mer4lif3,1,4717,2612,2105,507,240,1,0,747,4717
Rejexted,2,4715,2941,1774,1167,94,2,1,1261,4716
redcobalt_qxrf,2,4712,2879,1833,1046,330,2,1,1376,4713
icameow14,2,4712,2744,1968,776,59,2,1,835,4713
1337m00nm4n,6,4707,3085,1622,1463,112,6,5,1575,4712
makemegolden,1,4712,2962,1750,1212,30,1,0,1242,4712
Xci3nc3,3,4708,2754,1954,800,61,3,3,861,4711
zobier,14,4697,4110,587,3523,132,13,12,3655,4709
PsyScience,1,4708,2655,2053,602,49,1,1,651,4709
jonny-english,1,4707,2920,1787,1133,157,1,1,1290,4708
harakirii,2,4703,3128,1575,1553,32,1,1,1585,4704
julian88888888,5,4702,2873,1829,1044,59,4,2,1103,4704
zapr545,5,4700,2981,1719,1262,38,5,3,1300,4703
Bigmizar,2,4702,2980,1722,1258,21,2,1,1279,4703
stevieallen,1,4701,2596,2105,491,81,1,1,572,4702
sucksqueezebangfart,1,4700,2682,2018,664,76,1,1,740,4701
fap_fap-fap,1,4700,2677,2023,654,221,1,0,875,4700
thebasementtapes,1,4697,3019,1678,1341,29,1,0,1370,4697
HeisThor,1,4696,2634,2062,572,114,1,0,686,4696
LazerStallion,2,4693,2710,1983,727,76,2,2,803,4695
mwvalenti,1,4693,2857,1836,1021,322,1,0,1343,4693
ajsadler,2,4690,3038,1652,1386,143,2,2,1529,4692
ellivibrutp,1,4692,2942,1750,1192,176,1,0,1368,4692
imallinman95,1,4690,2411,2279,132,372,1,1,504,4691
DarcGoddess,1,4689,2990,1699,1291,26,0,1,1317,4690
shamins,3,4687,2555,2132,423,73,2,2,496,4689
StupidPuffSheep,1,4686,3114,1572,1542,17,0,1,1559,4687
fojji,1,4685,3514,1171,2343,762,1,0,3105,4685
miscer,7,4682,2887,1795,1092,141,7,3,1233,4685
benserj,1,4684,2872,1812,1060,94,1,1,1154,4685
SusannaTheWicked,1,4683,2765,1918,847,29,1,1,876,4684
o10jack01o,2,4680,3138,1542,1596,381,2,2,1977,4682
baxterfp,1,4681,3070,1611,1459,112,1,1,1571,4682
mjhowie,3,4678,2848,1830,1018,132,3,3,1150,4681
ZombieDog,2,4679,2740,1939,801,126,2,2,927,4681
Carnae_Assada,2,4677,2797,1880,917,44,2,2,961,4679
TrianglePointPen,3,4675,2784,1891,893,52,3,3,945,4678
Hydraulic_Maneuver,1,4676,2774,1902,872,64,1,1,936,4677
Zeepjes,1,4675,3014,1661,1353,63,0,1,1416,4676
TestZero,2,4674,2707,1967,740,59,2,2,799,4676
amysplat,1,4675,3041,1634,1407,50,1,0,1457,4675
iJustMeta,4,4669,3071,1598,1473,166,2,4,1639,4673
Mr_Brix,1,4670,2786,1884,902,43,1,1,945,4671
ssommer01,14,4656,3606,1050,2556,144,13,13,2700,4669
zyjux,1,4668,3148,1520,1628,43,1,1,1671,4669
laylaland,2,4667,2940,1727,1213,88,1,2,1301,4669
LizjaimeS,1,4667,3199,1468,1731,82,1,1,1813,4668
damustardtiger,1,4667,2818,1849,969,36,1,1,1005,4668
aaron_bit_7,2,4666,2601,2065,536,53,2,2,589,4668
xathree,2,4664,2764,1900,864,98,2,2,962,4666
damontoo,5,4662,3250,1412,1838,83,3,3,1921,4665
Boncukx3,1,4662,2594,2068,526,56,1,1,582,4663
brogrammer9k,1,4662,3205,1457,1748,68,1,0,1816,4662
awesomealex,1,4661,2750,1911,839,29,1,0,868,4661
Fellow51,3,4657,2816,1841,975,35,3,2,1010,4659
JCrayfish,1,4656,2837,1819,1018,65,1,1,1083,4657
MusicSimply,2,4655,2762,1893,869,63,1,2,932,4657
Swindle4587,2,4654,2699,1955,744,572,2,1,1316,4655
canuma,1,4655,2958,1697,1261,46,1,0,1307,4655
papoumac,1,4654,3008,1646,1362,121,1,0,1483,4654
andthisone,2,4652,2907,1745,1162,119,2,2,1281,4654
stylewalkerSE,2,4652,2597,2055,542,107,2,2,649,4654
Bryz_,1,4653,3017,1636,1381,138,1,0,1519,4653
Rigga_Mortizz,1,4653,2586,2067,519,138,1,0,657,4653
iDeclareBro,2,4650,2808,1842,966,147,2,2,1113,4652
aaronoob,1,4650,2716,1934,782,39,1,1,821,4651
steviep23,1,4648,2732,1916,816,125,1,1,941,4649
botanyisfun,3,4645,3123,1522,1601,220,3,3,1821,4648
RunPoopFapMaster,4,4645,2959,1686,1273,96,4,3,1369,4648
3ricG,2,4646,2793,1853,940,350,2,1,1290,4647
Bitsbac,2,4644,2867,1777,1090,78,2,2,1168,4646
bluebunnyram,1,4645,2666,1979,687,66,1,1,753,4646
BoonTobias,5,4640,2880,1760,1120,78,5,5,1198,4645
mgwooley,1,4645,2821,1824,997,69,1,0,1066,4645
ThomasHunter,1,4644,2767,1877,890,42,1,1,932,4645
Chairboy,1,4643,3464,1179,2285,548,1,0,2833,4643
765gman,5,4638,2807,1831,976,339,5,5,1315,4643
TrevorJordan,2,4642,2766,1876,890,124,2,0,1014,4642
cornoholio,1,4640,2947,1693,1254,34,1,1,1288,4641
Lozaratron,1,4640,2808,1832,976,115,1,0,1091,4640
BanksKnowsBest,1,4638,2690,1948,742,43,1,1,785,4639
heroman44,3,4636,2857,1779,1078,145,3,2,1223,4638
hoorayfortoast,2,4635,2962,1673,1289,199,1,2,1488,4637
Phasechange,1,4636,2585,2051,534,208,1,1,742,4637
snikerpnai,2,4635,2470,2165,305,194,2,1,499,4636
meow93,1,4633,2720,1913,807,40,1,1,847,4634
csbobber,5,4626,2824,1802,1022,145,4,5,1167,4631
CouncilmanDougWilson,1,4630,2685,1945,740,134,1,1,874,4631
Kyle_Newman,1,4628,2549,2079,470,36,1,0,506,4628
GrabsWomensTits_Ass,2,4624,2905,1719,1186,40,2,2,1226,4626
veritasgj,1,4625,2697,1928,769,41,1,1,810,4626
abillonfire,1,4622,3217,1405,1812,248,1,1,2060,4623
thekid39,3,4621,2624,1997,627,149,3,2,776,4623
grachasaurus,1,4620,2773,1847,926,34,1,1,960,4621
sammmmmy195,1,4619,2570,2049,521,48,1,1,569,4620
toastedtobacco,1,4618,2700,1918,782,131,1,1,913,4619
timothy53,4,4614,2928,1686,1242,145,2,3,1387,4617
sk3pt1c,6,4611,2721,1890,831,79,5,6,910,4617
surrenderdorothy,1,4616,3285,1331,1954,368,1,0,2322,4616
kylesinger12,1,4615,2706,1909,797,103,1,0,900,4615
xxxblindxxx,2,4611,2664,1947,717,135,1,2,852,4613
kmp67,31,4587,3156,1431,1725,142,28,25,1867,4612
mercierj6,1,4612,2672,1940,732,26,1,0,758,4612
SiSiSi8,1,4610,2659,1951,708,144,1,1,852,4611
cypherb0g,1,4611,2616,1995,621,70,1,0,691,4611
papawhiskey89,1,4605,3206,1399,1807,259,1,0,2066,4605
nickel492,3,4602,2679,1923,756,51,3,1,807,4603
5thnameitried,3,4597,2943,1654,1289,110,3,3,1399,4600
R3miel7,1,4600,2760,1840,920,348,1,0,1268,4600
TheBlackArrow,1,4599,2819,1780,1039,28,1,1,1067,4600
Madhats19,1,4598,2959,1639,1320,15,1,1,1335,4599
Mr_Cj,1,4597,2988,1609,1379,290,1,1,1669,4598
DeLaRosaBryan,2,4596,2793,1803,990,34,2,2,1024,4598
Elephantom_Fanon,1,4595,2405,2190,215,158,1,1,373,4596
safety,4,4588,3839,749,3090,97,4,4,3187,4592
Argonautica,1,4591,2603,1988,615,44,1,1,659,4592
trapper5,1,4590,2621,1969,652,209,1,1,861,4591
subzero9101,5,4584,3067,1517,1550,49,5,5,1599,4589
Tomosa,1,4587,2920,1667,1253,23,1,0,1276,4587
jordawesome,1,4585,2508,2077,431,460,1,1,891,4586
siddharthvader,1,4585,3160,1425,1735,680,1,0,2415,4585
Qweef,1,4584,2892,1692,1200,46,0,1,1246,4585
Wogan121,2,4583,3150,1433,1717,646,2,1,2363,4584
kiltedmandalorian,1,4583,2896,1687,1209,261,1,1,1470,4584
Icarus77,1,4583,2840,1743,1097,86,1,0,1183,4583
IDontCareYouPickOne,1,4583,2666,1917,749,70,1,0,819,4583
agzisu,1,4582,2469,2113,356,48,1,1,404,4583
Harry_Krishna,1,4581,2860,1721,1139,82,1,1,1221,4582
ceairaraptor,1,4582,2676,1906,770,89,1,0,859,4582
stargoslaby,2,4579,3028,1551,1477,34,1,2,1511,4581
Puredeez,2,4579,2943,1636,1307,49,1,2,1356,4581
KoRnyWayz,2,4578,2632,1946,686,117,2,2,803,4580
vexd,2,4579,2469,2110,359,342,2,1,701,4580
RedditusMaximuss,1,4577,3035,1542,1493,105,1,1,1598,4578
keenman610,2,4575,2881,1694,1187,55,2,2,1242,4577
vectran,1,4576,2816,1760,1056,52,1,1,1108,4577
Finstyle,7,4572,2686,1886,800,182,7,5,982,4577
ANewerUser,1,4575,3040,1535,1505,28,0,1,1533,4576
Daltonkb,1,4575,2977,1598,1379,54,1,1,1433,4576
kickme444,2,4574,3941,633,3308,489,2,1,3797,4575
clovergzzzz,1,4574,2779,1795,984,22,1,1,1006,4575
lurkinchamp,1,4573,2925,1648,1277,112,1,1,1389,4574
batshitinsane,3,4571,2504,2067,437,112,2,3,549,4574
Valdair,9,4564,3275,1289,1986,85,9,9,2071,4573
Marafara,4,4569,2942,1627,1315,53,4,2,1368,4571
saucon10,1,4569,2513,2056,457,134,1,1,591,4570
Phazrik,4,4566,2694,1872,822,228,4,3,1050,4569
TheFiims,1,4566,2566,2000,566,317,1,0,883,4566
whydoyouask123,1,4565,2548,2017,531,115,1,1,646,4566
noahsygg,1,4564,2653,1911,742,228,1,1,970,4565
Bobilip,1,4564,2495,2069,426,34,1,1,460,4565
_The_Editor_,1,4563,2627,1936,691,108,1,1,799,4564
CaptDiscosLoveShack,6,4556,3073,1483,1590,219,6,6,1809,4562
ilikerealmaplesyrup,1,4559,2838,1721,1117,61,1,0,1178,4559
ishalfdeaf,1,4558,2739,1819,920,37,1,1,957,4559
jubjub2184,2,4557,2467,2090,377,51,2,2,428,4559
deepbrown,1,4558,3000,1558,1442,871,1,0,2313,4558
mac-alan,2,4556,2769,1787,982,350,2,0,1332,4556
gam4freak1,1,4554,2988,1566,1422,46,1,0,1468,4554
vlisingen,1,4553,2644,1909,735,20,1,1,755,4554
Yorkb,7,4546,3099,1447,1652,135,7,7,1787,4553
ch3fk20,1,4550,3017,1533,1484,146,0,1,1630,4551
Blast373,8,4544,2637,1907,730,75,7,7,805,4551
osmigos,1,4549,2596,1953,643,28,1,1,671,4550
rawcy,1,4549,2554,1995,559,92,0,1,651,4550
skrangeo,6,4541,2594,1947,647,181,6,6,828,4547
_Ingvar,1,4545,2921,1624,1297,45,1,1,1342,4546
THE_MASTURBATOR,1,4544,2496,2048,448,81,1,1,529,4545
PT4MYDJ,1,4543,2919,1624,1295,43,1,1,1338,4544
greeneyedvegasbelle,3,4543,2863,1680,1183,16,2,1,1199,4544
Proud_Denzel,2,4542,2708,1834,874,136,2,2,1010,4544
windoverxx,1,4544,2574,1970,604,48,1,0,652,4544
Skolisse,1,4541,2552,1989,563,31,1,1,594,4542
sedgewakeful,1,4539,2981,1558,1423,32,1,1,1455,4540
Brophages,1,4538,2584,1954,630,61,1,1,691,4539
bkmgtpe,2,4535,2496,2039,457,48,2,2,505,4537
PieSquared13,1,4535,2891,1644,1247,236,1,1,1483,4536
MithrandirAgain,1,4534,2728,1806,922,87,1,1,1009,4535
Blow_That_Job,2,4534,2718,1816,902,101,2,1,1003,4535
Pbkia,1,4535,2590,1945,645,37,1,0,682,4535
darheb,3,4530,3148,1382,1766,86,3,3,1852,4533
pajapatak16,3,4530,2703,1827,876,41,2,3,917,4533
power_user,3,4527,2841,1686,1155,84,3,2,1239,4529
siughius,1,4528,2784,1744,1040,46,1,0,1086,4528
jredbone,1,4528,2538,1990,548,77,1,0,625,4528
TheBigGinge,1,4526,2851,1675,1176,251,1,1,1427,4527
RookieGames,4,4523,2917,1606,1311,16,1,4,1327,4527
Spastic_colon,1,4526,2837,1689,1148,27,1,1,1175,4527
BarkingTurtle,2,4524,2961,1563,1398,140,2,2,1538,4526
tbrams,1,4526,2847,1679,1168,56,1,0,1224,4526
vampyrechoirboi,1,4525,2704,1821,883,80,1,1,963,4526
epsd101,2,4523,2602,1921,681,145,2,0,826,4523
Dchama86,1,4522,2942,1580,1362,33,1,0,1395,4522
wagstagsthird,4,4518,2726,1792,934,78,2,3,1012,4521
ckfighter,11,4512,2851,1661,1190,118,11,8,1308,4520
DilapidatedWut,1,4517,3113,1404,1709,231,1,0,1940,4517
tarraaa,2,4515,2869,1646,1223,27,2,2,1250,4517
mrtomhill,1,4515,2519,1996,523,508,1,1,1031,4516
doitmichey,1,4515,2451,2064,387,70,1,1,457,4516
ToasterBunny,1,4515,2630,1885,745,161,1,0,906,4515
blinkooo,3,4511,2810,1701,1109,48,3,3,1157,4514
nThatsYUAlwaysUpvote,1,4513,2628,1885,743,117,1,1,860,4514
longballer3,1,4513,2540,1973,567,142,1,1,709,4514
chernobylpp,1,4513,2541,1972,569,65,1,1,634,4514
benator,1,4514,2463,2051,412,119,1,0,531,4514
holdenragz,1,4512,2560,1952,608,51,1,1,659,4513
Gorrn,1,4511,2716,1795,921,182,1,1,1103,4512
ninjamuffins,1,4507,2684,1823,861,44,0,1,905,4508
astoldbyaginger,3,4503,2857,1646,1211,190,3,3,1401,4506
mph1204,2,4505,2677,1828,849,165,2,0,1014,4505
Winteriscomingg,1,4504,2632,1872,760,83,1,1,843,4505
wacrover,2,4501,2550,1951,599,51,2,1,650,4502
itsmrmarlboroman2u,2,4493,2739,1754,985,118,2,2,1103,4495
Jolajas,1,4494,2655,1839,816,59,1,1,875,4495
dDitty,1,4494,2616,1878,738,100,1,0,838,4494
TranceAddicto,3,4490,2678,1812,866,26,3,3,892,4493
MassColossus,1,4491,3036,1455,1581,28,1,1,1609,4492
buttjuice,1,4491,2726,1765,961,103,1,0,1064,4491
Spoonsarefun1205,1,4489,2603,1886,717,24,1,1,741,4490
djmati11,2,4484,2648,1836,812,83,0,1,895,4485
sesquip,1,4483,3080,1403,1677,434,1,1,2111,4484
faddyk,2,4481,2812,1669,1143,196,2,1,1339,4482
hippypistol,4,4478,2936,1542,1394,36,4,3,1430,4481
73raindead,3,4478,3044,1434,1610,57,3,2,1667,4480
BaltimoreBears,1,4480,2742,1738,1004,33,1,0,1037,4480
pixxiidust,2,4477,2702,1775,927,69,2,2,996,4479
guggabump,3,4477,2662,1815,847,66,2,2,913,4479
greentide008,1,4479,2572,1907,665,67,1,0,732,4479
carlthelama6969,1,4476,2758,1718,1040,83,0,1,1123,4477
enigmaurora,5,4473,3217,1256,1961,78,5,3,2039,4476
The-Lifeguard,3,4472,3107,1365,1742,39,2,3,1781,4475
Thedrunkensavant,2,4473,2904,1569,1335,151,2,2,1486,4475
msh616,1,4473,2716,1757,959,198,1,1,1157,4474
hey_i_tried,3,4469,2628,1841,787,482,2,3,1269,4472
Defenestresque,1,4469,2638,1831,807,120,1,1,927,4470
nashedi,1,4467,2630,1837,793,75,1,1,868,4468
styleh,1,4466,2480,1986,494,36,1,1,530,4467
danetastic,1,4464,2767,1697,1070,286,1,1,1356,4465
PurppleHaze,3,4461,2729,1732,997,96,3,3,1093,4464
Jobjze,2,4459,2547,1912,635,54,2,2,689,4461
Domestica,2,4459,2534,1925,609,200,2,1,809,4460
DoctorDocktor,2,4457,2761,1696,1065,62,2,2,1127,4459
Pegula00,1,4458,2879,1579,1300,204,1,0,1504,4458
nickhenne,1,4457,2605,1852,753,48,1,1,801,4458
MerelyMental,2,4456,2991,1465,1526,36,1,1,1562,4457
evoken1,1,4456,2711,1745,966,51,1,1,1017,4457
Tobar8th,1,4455,2660,1795,865,71,1,1,936,4456
photo,1,4454,2784,1670,1114,26,1,1,1140,4455
wazzym,1,4453,2534,1919,615,72,1,1,687,4454
hummingb1rd,1,4453,3085,1368,1717,29,1,0,1746,4453
esPhys,3,4449,2874,1575,1299,73,3,3,1372,4452
Fauropitotto,1,4450,2628,1822,806,312,1,1,1118,4451
mPlattenum,1,4450,2552,1898,654,75,1,1,729,4451
GIGATOASTER,2,4448,2912,1536,1376,84,1,2,1460,4450
TwisterAce,1,4449,2837,1612,1225,139,0,1,1364,4450
TedFTW,2,4448,2576,1872,704,132,2,2,836,4450
jonnyshortman,1,4447,2671,1776,895,80,1,1,975,4448
doggerpogger,1,4445,2900,1545,1355,98,1,0,1453,4445
petitelove,1,4444,2444,2000,444,113,1,1,557,4445
andstep234,1,4444,2421,2023,398,128,1,1,526,4445
Derporelli,1,4439,2931,1508,1423,43,1,1,1466,4440
Langly-,1,4438,2554,1884,670,149,1,1,819,4439
titsmcgahee,1,4438,2879,1559,1320,122,1,0,1442,4438
Slippyy,3,4436,2694,1742,952,34,3,2,986,4438
Ticking__bomb,1,4437,2600,1837,763,85,1,0,848,4437
NikkieLove,2,4437,2578,1859,719,62,2,0,781,4437
Rasmase,1,4435,2734,1701,1033,120,1,1,1153,4436
jnnorris,1,4435,2581,1854,727,203,1,1,930,4436
tesserakt,1,4434,2715,1719,996,666,1,0,1662,4434
Infuzi0n,1,4433,2721,1712,1009,41,1,1,1050,4434
MyXoToD,3,4431,3023,1408,1615,53,2,2,1668,4433
therealabefrohman,6,4427,2732,1695,1037,237,5,4,1274,4431
JonesySteelblade,1,4429,2669,1760,909,117,1,1,1026,4430
derpoglan,1,4429,2586,1843,743,90,1,1,833,4430
OmegasWrath,2,4429,2458,1971,487,181,2,1,668,4430
mareacaspica,4,4427,2820,1607,1213,94,4,2,1307,4429
TheRedditopiaNation,3,4425,2640,1785,855,54,3,3,909,4428
iammortalcombat,2,4422,2821,1601,1220,161,2,1,1381,4423
RufusMcCoot,4,4419,3070,1349,1721,103,3,3,1824,4422
biofilter69,3,4420,2679,1741,938,140,3,2,1078,4422
MegaAndyBear,1,4421,2463,1958,505,437,1,1,942,4422
dingofarmer2004,3,4418,3143,1275,1868,90,2,2,1958,4420
2phresh,2,4418,2855,1563,1292,171,2,2,1463,4420
Jesse_757,1,4418,2864,1554,1310,111,1,1,1421,4419
kdisjubjub,4,4413,2887,1526,1361,63,4,4,1424,4417
shaneoftheyear,2,4411,2880,1531,1349,36,2,1,1385,4412
PureLife,1,4411,2937,1474,1463,283,1,0,1746,4411
fabienacher,2,4409,2614,1795,819,97,1,2,916,4411
Clairvoyant_Legacy,3,4407,2703,1704,999,67,3,3,1066,4410
ToKeepYouAlive,3,4407,2682,1725,957,44,3,3,1001,4410
SocialProgress,1,4409,2500,1909,591,97,1,1,688,4410
I_Love_Peanut_Butter,1,4408,2720,1688,1032,33,1,1,1065,4409
fluffwalrus,1,4407,2611,1796,815,29,1,1,844,4408
Nickz0,1,4406,2857,1549,1308,60,0,1,1368,4407
steelpeters,3,4402,3236,1166,2070,74,2,3,2144,4405
LaurelLaurel,1,4402,2804,1598,1206,52,1,1,1258,4403
LittleRadcock,1,4399,3032,1367,1665,86,1,1,1751,4400
KPDBfan,2,4398,2762,1636,1126,92,2,2,1218,4400
XenoZohar,1,4398,2469,1929,540,53,1,1,593,4399
IAmLaughingMan,1,4397,2532,1865,667,54,1,1,721,4398
ryanwithkeyboard,2,4395,2881,1514,1367,40,2,2,1407,4397
Alimoose,1,4396,2525,1871,654,53,1,1,707,4397
hutfut,1,4395,2509,1886,623,29,1,1,652,4396
fakemath,1,4394,2948,1446,1502,163,1,1,1665,4395
Twanzio,1,4394,2530,1864,666,73,1,1,739,4395
IlRaptoRIl,1,4394,2578,1816,762,102,1,0,864,4394
Senior_Destripador,1,4394,2562,1832,730,72,1,0,802,4394
Rohfisch,1,4393,2735,1658,1077,64,1,0,1141,4393
publigeekaire,1,4392,2450,1942,508,93,1,1,601,4393
Christinadruck,1,4391,2942,1449,1493,95,1,1,1588,4392
tree_partier,1,4392,2503,1889,614,300,1,0,914,4392
jimidybob,1,4390,2540,1850,690,79,1,0,769,4390
duplexviking,1,4389,2538,1851,687,74,1,1,761,4390
Katiesl84,1,4386,2817,1569,1248,58,1,0,1306,4386
Pandaboots,1,4381,2978,1403,1575,33,1,1,1608,4382
AR33,5,4377,2567,1810,757,66,4,5,823,4382
cybrbeast,1,4377,2967,1410,1557,145,0,1,1702,4378
ysmolyar,1,4374,2475,1899,576,116,1,1,692,4375
doubleyouteef,1,4371,2779,1592,1187,189,1,1,1376,4372
smokinDND,1,4371,2494,1877,617,247,1,1,864,4372
turtlesarereallynice,2,4370,2468,1902,566,59,2,2,625,4372
cherna71,3,4369,2846,1523,1323,197,3,2,1520,4371
PepPepper,2,4370,2677,1693,984,134,2,1,1118,4371
DeltaOneCharlie,1,4369,2555,1814,741,172,1,1,913,4370
thomasgeorge91,1,4368,2708,1660,1048,83,1,1,1131,4369
jbo490,3,4366,2583,1783,800,53,3,3,853,4369
Beefcake2008,5,4364,2747,1617,1130,285,4,4,1415,4368
RoflStomper,4,4364,2549,1815,734,102,4,4,836,4368
Cloudblue,1,4367,2646,1721,925,75,1,0,1000,4367
McNick672,5,4364,2530,1834,696,106,5,3,802,4367
UncleScrotor,1,4366,2828,1538,1290,83,1,0,1373,4366
Greenspyder7,1,4365,2649,1716,933,102,1,1,1035,4366
sebish,1,4364,2544,1820,724,268,1,1,992,4365
metaname,1,4364,2999,1365,1634,121,1,0,1755,4364
feeloow,1,4363,2845,1518,1327,150,1,0,1477,4363
laruf,1,4360,2450,1910,540,60,1,1,600,4361
Boblachapelle,1,4360,2439,1921,518,86,1,0,604,4360
Pacfanatic,1,4358,2581,1777,804,116,1,1,920,4359
TheJackB123,2,4357,2455,1902,553,124,2,1,677,4358
MSaadJilani,1,4357,2850,1507,1343,136,1,0,1479,4357
Th3MadCreator,3,4354,2742,1612,1130,157,2,3,1287,4357
Timbo925,1,4357,2445,1912,533,208,1,0,741,4357
madanan,3,4352,3016,1336,1680,59,2,3,1739,4355
Jagodka,1,4354,2811,1543,1268,38,1,1,1306,4355
Chenzorama,1,4351,2420,1931,489,85,1,1,574,4352
MrKillface,2,4350,2376,1974,402,87,1,2,489,4352
HereToHumilateAFrand,1,4350,2739,1611,1128,155,1,1,1283,4351
Yolid,1,4350,2756,1594,1162,31,1,1,1193,4351
Krantastik,2,4350,2537,1813,724,105,2,1,829,4351
kosif,1,4348,2644,1704,940,656,1,1,1596,4349
Spiderman55,5,4343,2656,1687,969,44,5,5,1013,4348
HungryVulture,1,4348,2586,1762,824,96,1,0,920,4348
wiitf,1,4345,2613,1732,881,153,1,1,1034,4346
justguessmyusername,2,4343,2741,1602,1139,134,2,1,1273,4344
AC_Mentor,3,4341,2641,1700,941,176,3,3,1117,4344
Laichzeit,1,4343,2518,1825,693,178,1,1,871,4344
ElBretto,2,4340,2873,1467,1406,91,2,2,1497,4342
realzondarg,2,4342,2743,1599,1144,83,2,0,1227,4342
DecentOpinion,3,4340,2651,1689,962,61,3,2,1023,4342
jdk,4,4336,2842,1494,1348,108,4,3,1456,4339
Rilius,1,4335,2537,1798,739,112,1,1,851,4336
Gamer_Stix,4,4333,2801,1532,1269,324,3,2,1593,4335
SomethingOverThere,1,4333,2689,1644,1045,160,1,1,1205,4334
TommyTurtle,2,4332,2622,1710,912,40,2,2,952,4334
nukacolaftw,1,4333,2520,1813,707,170,1,1,877,4334
F1A,3,4327,2427,1900,527,46,3,3,573,4330
StewartMinkus,2,4327,2708,1619,1089,78,2,1,1167,4328
zonktonk,2,4324,2759,1565,1194,206,1,2,1400,4326
Clockwork757,1,4326,2619,1707,912,16,1,0,928,4326
Karmafairydust,2,4323,2814,1509,1305,17,2,2,1322,4325
MileageAddict,3,4321,2616,1705,911,133,3,3,1044,4324
Kuskesmed,2,4322,2719,1603,1116,44,1,1,1160,4323
RoboticCreeper,2,4321,2723,1598,1125,30,1,0,1155,4321
DrDoak,1,4320,3021,1299,1722,91,1,0,1813,4320
sleepymeme,2,4318,2869,1449,1420,80,2,1,1500,4319
ComeAndGetThem,1,4318,2635,1683,952,161,1,0,1113,4318
0bi-JuAn,5,4312,2815,1497,1318,22,4,4,1340,4316
Delusional_Illusion,3,4312,2748,1564,1184,11,1,3,1195,4315
Purple_Jesus,1,4313,2636,1677,959,78,1,1,1037,4314
dblockinit,1,4313,2521,1792,729,108,1,1,837,4314
apuster,4,4313,2458,1855,603,110,4,1,713,4314
andiemac27,2,4311,2868,1443,1425,32,0,2,1457,4313
tickle_me_grover,3,4309,2479,1830,649,51,3,3,700,4312
Heart_of_Darkness,1,4310,2745,1565,1180,57,1,1,1237,4311
leggomydrew,1,4310,2513,1797,716,83,1,1,799,4311
admiraltarkin,2,4308,2630,1678,952,44,2,1,996,4309
Chewy96,1,4307,2802,1505,1297,37,1,1,1334,4308
postscontentfrom9gag,3,4306,2743,1563,1180,71,3,1,1251,4307
NexusCloud,1,4306,2456,1850,606,99,1,1,705,4307
PhatFatty,1,4307,2391,1916,475,133,1,0,608,4307
neurodude,1,4305,2494,1811,683,35,1,1,718,4306
s1medieval,3,4302,2670,1632,1038,133,3,2,1171,4304
Petoah,1,4298,2788,1510,1278,65,0,1,1343,4299
acauseforconcern,3,4297,2768,1529,1239,47,2,2,1286,4299
jburkert,1,4298,3588,710,2878,395,1,0,3273,4298
Caveman788,6,4291,2900,1391,1509,182,3,6,1691,4297
Jtdollars,1,4296,2642,1654,988,126,1,0,1114,4296
Ariel_62390,1,4294,2552,1742,810,41,0,1,851,4295
DrMango,1,4293,2643,1650,993,56,1,1,1049,4294
Kattzalos,1,4292,2629,1663,966,60,1,1,1026,4293
Omegaspleen,3,4290,2592,1698,894,77,2,3,971,4293
WhatTheFlux1,1,4291,2600,1691,909,58,1,1,967,4292
rplush,6,4285,2939,1346,1593,603,6,5,2196,4290
goosie7,1,4286,2804,1482,1322,39,1,1,1361,4287
pewtercitychampion,2,4282,2691,1591,1100,176,2,2,1276,4284
InternetNinjacy,1,4283,2573,1710,863,125,1,0,988,4283
JohnPoe,4,4280,3387,893,2494,66,4,2,2560,4282
peterfalls,1,4281,2497,1784,713,62,1,1,775,4282
Ifunctiononkitkats,5,4278,2750,1528,1222,191,5,3,1413,4281
rachel1paris,2,4279,2504,1775,729,107,2,2,836,4281
Syne_Wav,2,4279,2470,1809,661,43,1,2,704,4281
ploz,1,4276,2478,1798,680,79,1,1,759,4277
regisgod,2,4274,2715,1559,1156,10,2,2,1166,4276
Albinodino1,1,4275,2622,1653,969,46,1,1,1015,4276
mfaillace,1,4275,2604,1671,933,42,1,1,975,4276
Babushka23,2,4274,2365,1909,456,50,2,2,506,4276
Tulike,1,4275,2564,1711,853,144,1,0,997,4275
Doctor_Kitten,1,4274,2757,1517,1240,34,1,0,1274,4274
AWetMothBitten,2,4271,2822,1449,1373,34,2,2,1407,4273
hugh_jerections,1,4271,2471,1800,671,318,1,1,989,4272
wexiidexii,1,4268,2429,1839,590,54,1,0,644,4268
PdoXSC,2,4264,2623,1641,982,72,2,2,1054,4266
qwertyasdwek,1,4265,2867,1398,1469,444,1,0,1913,4265
bitterwon,6,4259,2883,1376,1507,87,6,5,1594,4264
Rradum,4,4259,2841,1418,1423,86,4,4,1509,4263
CTRL_ALT_SHIT,1,4262,2214,2048,166,112,0,1,278,4263
finitechade,5,4259,2828,1431,1397,58,3,3,1455,4262
nanner4567,1,4261,2540,1721,819,75,1,1,894,4262
scs22191,1,4260,2804,1456,1348,69,1,0,1417,4260
Siethron,4,4254,2529,1725,804,56,4,4,860,4258
turtlebunnie,1,4254,2485,1769,716,265,1,1,981,4255
ahl33,2,4253,2571,1682,889,100,2,0,989,4253
UngratefulNinja91,1,4249,2742,1507,1235,105,1,1,1340,4250
Kaboose666,1,4249,2505,1744,761,85,1,1,846,4250
jondoity,1,4247,2807,1440,1367,60,1,1,1427,4248
Batman_the_Dino,1,4246,2463,1783,680,352,1,1,1032,4247
Hoonigan,1,4246,2386,1860,526,214,1,1,740,4247
aryary,5,4242,2990,1252,1738,79,4,4,1817,4246
jacobs64,2,4245,2481,1764,717,467,2,1,1184,4246
paranoidcorsair,1,4245,2598,1647,951,39,1,0,990,4245
mr_fusion,1,4244,2572,1672,900,182,1,0,1082,4244
yah5,1,4243,2519,1724,795,89,1,1,884,4244
kamaloo,2,4241,2954,1287,1667,451,2,1,2118,4242
karma_whore_deluxe,1,4241,3048,1193,1855,32,0,1,1887,4242
Yumewomiteru,1,4241,2258,1983,275,83,1,0,358,4241
MrAndrewAdams,3,4236,2724,1512,1212,39,2,3,1251,4239
collin76310,1,4239,2485,1754,731,57,1,0,788,4239
TheAsian96,2,4236,2676,1560,1116,104,2,2,1220,4238
blackstar23,1,4237,2337,1900,437,50,1,1,487,4238
MarioneTTe-Doll,1,4235,2395,1840,555,32,1,1,587,4236
KimDaebak,1,4234,2818,1416,1402,50,1,1,1452,4235
mcrofl,1,4234,2544,1690,854,84,1,1,938,4235
RawLegs,4,4231,2658,1573,1085,93,4,3,1178,4234
waytowat,2,4232,2493,1739,754,63,2,2,817,4234
JacobtheCloer,2,4231,2826,1405,1421,49,2,2,1470,4233
AProjection,1,4232,2738,1494,1244,51,1,1,1295,4233
lazygator,1,4232,2638,1594,1044,50,1,1,1094,4233
shfart,5,4230,2508,1722,786,81,4,3,867,4233
bamb00zled,2,4230,2897,1333,1564,56,2,2,1620,4232
ybeck21,1,4230,2430,1800,630,56,1,1,686,4231
McJay,1,4229,2460,1769,691,503,1,1,1194,4230
Catieg123,2,4227,2961,1266,1695,50,2,1,1745,4228
l31f3r1k50n,2,4225,2546,1679,867,514,2,2,1381,4227
Jadeowl23,2,4224,2747,1477,1270,43,2,2,1313,4226
EternalEnikz,1,4226,2533,1693,840,68,1,0,908,4226
kinjobinjo,2,4223,2651,1572,1079,59,2,2,1138,4225
Skylerguns,2,4223,2392,1831,561,59,2,2,620,4225
xelaxela333,1,4222,2401,1821,580,33,1,1,613,4223
Ploffins,1,4221,2410,1811,599,137,1,1,736,4222
App1e5auce,1,4221,2720,1501,1219,129,1,0,1348,4221
ilikecheese121,1,4220,2516,1704,812,43,1,1,855,4221
GuakoCado,1,4219,2484,1735,749,70,1,1,819,4220
Buttercoin,1,4219,2711,1508,1203,76,1,0,1279,4219
tjjennings,1,4218,2642,1576,1066,140,1,1,1206,4219
amandaxsan,1,4218,2487,1731,756,42,1,1,798,4219
TheRadGasm,1,4217,2715,1502,1213,62,1,0,1275,4217
Dachdecker,1,4214,2369,1845,524,78,1,1,602,4215
killerb54,7,4208,2820,1388,1432,289,5,6,1721,4214
PhazonBlazer,1,4213,2499,1714,785,16,1,1,801,4214
j1ggy,8,4206,2759,1447,1312,56,7,6,1368,4212
Bloodspill69,5,4208,2603,1605,998,77,5,4,1075,4212
SlyUnderPillow,1,4209,2762,1447,1315,75,1,1,1390,4210
MissKiddo,1,4210,2718,1492,1226,96,1,0,1322,4210
_iWonder_,1,4210,2608,1602,1006,40,1,0,1046,4210
BackToTheChalkboard,3,4207,2514,1693,821,99,2,3,920,4210
Larasaurus,2,4206,2586,1620,966,52,2,1,1018,4207
AnnArchist,3,4204,2579,1625,954,149,2,2,1103,4206
QWERTY36,1,4205,2570,1635,935,27,1,1,962,4206
teesaxton,1,4204,2474,1730,744,43,1,1,787,4205
TubbyFlounder,1,4202,2471,1731,740,130,1,1,870,4203
ThatDudeWithoutKarma,1,4202,2459,1743,716,144,1,1,860,4203
garrisonkj,1,4202,2252,1950,302,41,1,1,343,4203
Poopsack99,3,4199,2665,1534,1131,101,2,3,1232,4202
MrCavallis,2,4198,2641,1557,1084,36,2,2,1120,4200
deoxyribonucleicanna,2,4196,2703,1493,1210,54,2,2,1264,4198
Kraz226,1,4198,2425,1773,652,61,1,0,713,4198
DevolishFlow,1,4196,2911,1285,1626,256,1,1,1882,4197
inn0vat3,1,4194,2717,1477,1240,67,1,1,1307,4195
troll_time,4,4194,2567,1627,940,42,4,1,982,4195
KamargoYork,1,4195,2487,1708,779,138,1,0,917,4195
BolognaPwny,11,4185,2844,1341,1503,386,11,9,1889,4194
camel15,1,4193,2523,1670,853,241,1,1,1094,4194
GiantKanen,3,4192,2252,1940,312,145,3,2,457,4194
5yone,1,4192,2725,1467,1258,28,1,0,1286,4192
ryanstealy,1,4191,2598,1593,1005,80,0,1,1085,4192
MrFlibs,3,4188,3023,1165,1858,131,2,3,1989,4191
aleczapka,2,4189,2558,1631,927,61,2,2,988,4191
TheOnlyBoss,1,4188,2736,1452,1284,131,1,1,1415,4189
Chachacobras,1,4188,2712,1476,1236,36,1,0,1272,4188
charlesmatthewdancer,1,4187,2688,1499,1189,40,1,1,1229,4188
gingerbreadman51,1,4187,2635,1552,1083,33,1,1,1116,4188
erehgafsua,3,4183,2255,1928,327,455,2,2,782,4185
BotnetSpam,3,4182,2740,1442,1298,106,3,2,1404,4184
EffThisImOut,1,4184,2645,1539,1106,275,1,0,1381,4184
jacobryan99,1,4182,2627,1555,1072,57,1,1,1129,4183
applefruit12,1,4183,2386,1797,589,139,1,0,728,4183
GiovannidelMonaco,1,4182,2772,1410,1362,42,1,0,1404,4182
Leftvote,1,4180,2377,1803,574,70,1,1,644,4181
COMMANDER94,4,4175,2710,1465,1245,93,4,4,1338,4179
MaybeNavi,1,4178,2537,1641,896,82,1,1,978,4179
LargeMarge_Strikes,2,4177,2428,1749,679,203,2,1,882,4178
Kimphoe,1,4177,2392,1785,607,31,1,1,638,4178
AwesomeAdviceGuy,1,4177,2345,1832,513,60,1,1,573,4178
GryffinDarkBreed,1,4177,2842,1335,1507,392,1,0,1899,4177
Mute_Kid,1,4176,2543,1633,910,37,1,0,947,4176
AestheticEntactogen,2,4174,2283,1891,392,232,1,2,624,4176
drmario422,2,4173,2621,1552,1069,52,2,2,1121,4175
brsp25,1,4173,2371,1802,569,112,1,1,681,4174
ben5on,2,4169,2529,1640,889,114,2,2,1003,4171
ly72,1,4170,2297,1873,424,121,1,1,545,4171
sinfulcolors,1,4169,2471,1698,773,298,1,1,1071,4170
ScottyP1176,3,4166,2589,1577,1012,54,3,3,1066,4169
Troglodytarum_Facies,3,4166,2450,1716,734,74,1,3,808,4169
Sagesparten007,2,4168,2257,1911,346,104,2,1,450,4169
TheShittyBeatles,1,4168,2268,1900,368,50,1,1,418,4169
alottagalati,4,4164,2821,1343,1478,47,3,4,1525,4168
johnny_java,1,4163,2538,1625,913,49,1,1,962,4164
AngelaMichellex,1,4162,2648,1514,1134,52,1,1,1186,4163
5secondsofmayhem,4,4161,2573,1588,985,117,4,1,1102,4162
RobotKitten,2,4157,2599,1558,1041,307,2,2,1348,4159
chrslnyn,3,4156,2509,1647,862,59,3,3,921,4159
ctrlFmylife,1,4158,2489,1669,820,98,1,1,918,4159
datace7,1,4157,2616,1541,1075,83,1,0,1158,4157
jrod777,1,4154,2425,1729,696,60,1,1,756,4155
gregarious24,1,4154,2424,1730,694,30,1,1,724,4155
ilikestuffandthings2,4,4149,2966,1183,1783,29,4,4,1812,4153
lordlicorice,9,4140,2690,1450,1240,495,7,9,1735,4149
dmd53,1,4148,2540,1608,932,90,1,0,1022,4148
Disco_Gypsy_Fish,2,4144,2545,1599,946,36,2,2,982,4146
kou5oku,1,4143,2601,1542,1059,46,1,1,1105,4144
GladosTCIAL,2,4142,2543,1599,944,51,2,2,995,4144
xhaku,3,4140,2749,1391,1358,184,2,3,1542,4143
diegoml,4,4140,2766,1374,1392,91,3,3,1483,4143
Dans564,1,4142,2767,1375,1392,41,1,1,1433,4143
SherpaT,1,4142,2236,1906,330,131,1,1,461,4143
TheyveGone2Plaid,1,4141,2262,1879,383,688,1,0,1071,4141
SnmSometimes,1,4141,2487,1654,833,46,1,0,879,4141
raduflower,6,4135,2535,1600,935,224,6,5,1159,4140
CurLyy,1,4139,2418,1721,697,79,1,1,776,4140
oky13o,1,4138,2458,1680,778,77,1,1,855,4139
Idmantis,1,4138,2559,1579,980,298,1,0,1278,4138
lekadoe,1,4135,2774,1361,1413,18,1,1,1431,4136
iananthony,1,4135,2240,1895,345,114,1,1,459,4136
nalgasdehule,2,4134,2695,1439,1256,288,2,1,1544,4135
AFROdisiac1994,3,4132,2624,1508,1116,51,3,3,1167,4135
corypwrs,1,4134,2302,1832,470,190,1,1,660,4135
-Paski-,1,4132,2298,1834,464,37,1,1,501,4133
Troyucen,2,4129,2553,1576,977,169,1,2,1146,4131
BreadOnToast,3,4128,2474,1654,820,45,2,3,865,4131
photog02,1,4129,2785,1344,1441,51,0,1,1492,4130
dQor,1,4129,2554,1575,979,158,1,1,1137,4130
Wayne_D_Man,1,4128,2282,1846,436,210,1,1,646,4129
motivateyourself,2,4125,2682,1443,1239,143,1,1,1382,4126
SetPhasersToCum,1,4125,2601,1524,1077,20,1,1,1097,4126
IAmASeaLions,1,4123,2502,1621,881,119,1,1,1000,4124
ladolcevita0907,1,4123,2450,1673,777,67,1,0,844,4123
Tenome,1,4122,2445,1677,768,28,1,1,796,4123
morninwood187,1,4121,2326,1795,531,114,1,1,645,4122
Roflwafffles,3,4119,2988,1131,1857,68,2,2,1925,4121
octoberthug,1,4119,2378,1741,637,70,1,1,707,4120
AngryEnt,4,4117,2621,1496,1125,66,4,2,1191,4119
korpios,13,4106,3474,632,2842,290,13,12,3132,4118
Loki_SW,1,4116,2580,1536,1044,231,1,1,1275,4117
Sgt_Hobbles,2,4115,2639,1476,1163,111,2,2,1274,4117
maersdet,4,4113,2523,1590,933,99,4,4,1032,4117
REP206,1,4115,2418,1697,721,66,1,1,787,4116
Metaror,4,4110,2639,1471,1168,70,4,4,1238,4114
cosinetangentini,1,4114,2453,1661,792,96,1,0,888,4114
jhangel77,1,4113,2463,1650,813,43,1,1,856,4114
ModernSociety,11,4102,3403,699,2704,131,9,10,2835,4112
Tolor,1,4111,2372,1739,633,32,1,1,665,4112
Spucknapf,1,4112,2340,1772,568,81,1,0,649,4112
conniecakes,1,4111,2314,1797,517,18,1,1,535,4112
Boomer84,3,4108,2686,1422,1264,100,2,3,1364,4111
philip-fry,5,4107,2578,1529,1049,52,4,3,1101,4110
weepeel,3,4106,2557,1549,1008,30,2,3,1038,4109
superjjskate,2,4108,2909,1199,1710,146,2,0,1856,4108
Mybrainmelts,2,4106,2565,1541,1024,141,2,2,1165,4108
Molerich007,1,4107,2573,1534,1039,22,1,1,1061,4108
1.10E+15,3,4105,2529,1576,953,81,3,3,1034,4108
CumGuzzlingOrangutan,1,4104,2599,1505,1094,99,0,1,1193,4105
rjm-11,1,4104,2094,2010,84,101,1,1,185,4105
starkaran,14,4093,2769,1324,1445,172,13,11,1617,4104
omgitsjo,1,4104,2508,1596,912,56,1,0,968,4104
MrCrashdummy,1,4102,3127,975,2152,65,1,0,2217,4102
justinisntfunny,7,4095,2756,1339,1417,36,6,7,1453,4102
nikhbee,1,4101,2361,1740,621,18,1,1,639,4102
cuddledumpling,1,4100,2305,1795,510,45,1,1,555,4101
zielzoeken,1,4096,2938,1158,1780,226,1,0,2006,4096
AnEagleInYourMind,7,4090,2736,1354,1382,188,6,6,1570,4096
animalface,1,4096,2433,1663,770,55,1,0,825,4096
happylurker,1,4094,2588,1506,1082,113,1,1,1195,4095
your21girl,2,4090,2327,1763,564,361,2,2,925,4092
hrs26,2,4086,2799,1287,1512,88,2,2,1600,4088
SolidDexter,3,4086,2590,1496,1094,89,3,2,1183,4088
jdeezy506,3,4084,2502,1582,920,18,3,3,938,4087
Lj27,2,4085,2393,1692,701,26,2,2,727,4087
therealnorseman,1,4085,2501,1584,917,57,1,0,974,4085
mackasaur,1,4083,2450,1633,817,41,1,0,858,4083
russkigirl,1,4082,2430,1652,778,48,1,1,826,4083
slayerofkitties,1,4081,2650,1431,1219,27,1,1,1246,4082
WatchYourTone,1,4079,2451,1628,823,95,1,1,918,4080
MadeOffNyC,3,4077,2513,1564,949,35,1,2,984,4079
RainbowRaptor96,3,4074,2794,1280,1514,225,2,3,1739,4077
ALBERMAU5,2,4075,2490,1585,905,36,0,1,941,4076
WascillyWabbit7,1,4073,2515,1558,957,41,0,1,998,4074
robanders8,2,4072,2410,1662,748,149,2,2,897,4074
jarly,4,4069,3152,917,2235,120,4,4,2355,4073
SweetSweetSilence,1,4072,2300,1772,528,127,1,1,655,4073
Reposting_Redditor,6,4066,2509,1557,952,55,6,6,1007,4072
sujoy247,1,4069,2485,1584,901,138,1,0,1039,4069
Kronson,2,4064,2404,1660,744,200,2,2,944,4066
muzak_cat,1,4065,2397,1668,729,52,1,1,781,4066
xox-samsung-xox,1,4061,2296,1765,531,76,1,1,607,4062
Neepho,2,4059,2614,1445,1169,26,2,1,1195,4060
SmashPig,2,4057,2215,1842,373,62,2,1,435,4058
-Contrast-,1,4056,2494,1562,932,292,1,1,1224,4057
TheStonedOne,1,4056,2257,1799,458,47,1,1,505,4057
nummybread,2,4053,2640,1413,1227,23,1,2,1250,4055
ike4077,10,4043,2815,1228,1587,49,2,10,1636,4053
ceviche89,1,4052,2389,1663,726,119,1,1,845,4053
Clefaerie,1,4050,2360,1690,670,113,1,1,783,4051
copyandpasta,1,4049,2559,1490,1069,35,1,1,1104,4050
tnkted,2,4044,2245,1799,446,55,2,2,501,4046
Traner,2,4044,2430,1614,816,108,2,0,924,4044
stickmaleboy,2,4042,2238,1804,434,41,2,2,475,4044
Garian1,9,4035,2652,1383,1269,101,9,8,1370,4043
ridderL,1,4042,2284,1758,526,161,1,1,687,4043
eind_baas,2,4041,2404,1637,767,101,2,1,868,4042
TheForsakenExile,3,4037,2908,1129,1779,61,3,3,1840,4040
GiPes,1,4038,2695,1343,1352,91,1,1,1443,4039
HansCool,4,4035,2610,1425,1185,69,4,4,1254,4039
gregknox1,1,4038,2537,1501,1036,41,1,1,1077,4039
thisisG,1,4039,2498,1541,957,57,1,0,1014,4039
canipaybycheck,2,4037,2514,1523,991,230,1,1,1221,4038
crombiecron,1,4037,2527,1510,1017,57,1,1,1074,4038
paulwhiskie,5,4032,2801,1231,1570,67,2,5,1637,4037
shinyRedButton,1,4036,2413,1623,790,300,1,1,1090,4037
SanFranPsycho,2,4034,2653,1381,1272,122,0,2,1394,4036
jakerman999,1,4033,2884,1149,1735,80,1,1,1815,4034
ProfessorNutsack,1,4033,2554,1479,1075,77,1,0,1152,4033
Scissorhands12,1,4032,2274,1758,516,83,1,1,599,4033
OmgltsDavid,4,4030,2461,1569,892,107,3,2,999,4032
Kakuz,1,4031,2470,1561,909,53,1,1,962,4032
atlestr,1,4031,2359,1672,687,55,1,1,742,4032
SexLiesAndExercise,7,4025,3224,801,2423,58,6,5,2481,4030
ForceEdge47,4,4026,2660,1366,1294,146,2,4,1440,4030
TunaMloohnah,2,4027,2659,1368,1291,22,1,2,1313,4029
VIRGIN-NECKBEARD,6,4023,2667,1356,1311,252,6,5,1563,4028
theancientofdayz,2,4025,2861,1164,1697,104,2,2,1801,4027
gamermike,1,4026,2314,1712,602,117,1,0,719,4026
TItletown52,1,4025,2198,1827,371,48,1,1,419,4026
aStringer4,1,4025,2937,1088,1849,142,1,0,1991,4025
people_are_animals,3,4022,2355,1667,688,60,3,3,748,4025
MrProfessorDrPerson,2,4022,2366,1656,710,92,2,2,802,4024
Jenksz,1,4023,2163,1860,303,236,1,1,539,4024
Epicray123,1,4022,2728,1294,1434,37,0,1,1471,4023
KiwiAzn,1,4023,2442,1581,861,295,1,0,1156,4023
lolpancakeslol,5,4018,2619,1399,1220,117,3,4,1337,4022
IAMSpirituality,2,4019,2758,1261,1497,231,2,2,1728,4021
Enjaminbay,1,4020,2296,1724,572,27,1,1,599,4021
calitosunsky,3,4018,2446,1572,874,68,3,2,942,4020
Britredditor,1,4019,2452,1567,885,51,1,1,936,4020
njw1023,1,4019,2187,1832,355,37,1,1,392,4020
dfink114,1,4018,2771,1247,1524,161,1,1,1685,4019
ZzCARLOSzZ,5,4013,2735,1278,1457,60,5,4,1517,4017
infinite_blot,1,4016,2324,1692,632,56,1,1,688,4017
bjg7778,1,4016,2327,1689,638,23,1,1,661,4017
roslea,1,4016,2243,1773,470,43,1,1,513,4017
djwhowe,1,4015,2115,1900,215,46,1,1,261,4016
Good_Guy_Graig,3,4012,2471,1541,930,95,3,3,1025,4015
KittehPOOP,1,4013,2627,1386,1241,79,1,1,1320,4014
Aron12321,1,4013,2626,1387,1239,33,1,1,1272,4014
Rockstarrob,2,4011,2616,1395,1221,48,0,2,1269,4013
AngryCrabzzz,1,4009,2457,1552,905,35,1,1,940,4010
Z33calin,3,4008,2362,1646,716,90,3,2,806,4010
Ewokmywewok,1,4009,2357,1652,705,45,1,1,750,4010
orloff,2,4009,2298,1711,587,131,2,1,718,4010
ace66,2,4004,2590,1414,1176,47,1,1,1223,4005
Mrwhothefuckcares,1,4004,2157,1847,310,457,1,1,767,4005
4ever2012,2,4002,2596,1406,1190,26,2,2,1216,4004
dingle_hopper1981,2,4003,2314,1689,625,180,2,0,805,4003
HaxorusOG,2,4000,2627,1373,1254,91,2,2,1345,4002
TwoLeftHands,1,4001,2334,1667,667,37,1,1,704,4002
Jamesbnz,2,3999,2256,1743,513,52,2,2,565,4001
Karma334,1,3999,2327,1672,655,76,1,1,731,4000
Cheeseburg3r,3,3995,2362,1633,729,163,3,3,892,3998
Erthely,1,3995,2570,1425,1145,70,1,1,1215,3996
kittehpants,1,3995,2505,1490,1015,43,1,1,1058,3996
enronenronenron,1,3995,2120,1875,245,80,1,1,325,3996
JPSpiller,4,3992,2729,1263,1466,115,3,3,1581,3995
troydanger,1,3995,2500,1495,1005,146,1,0,1151,3995
DannyQ,1,3994,2305,1689,616,78,1,1,694,3995
Mondegreen8,1,3991,2593,1398,1195,30,1,1,1225,3992
Dradyl,1,3992,2278,1714,564,173,1,0,737,3992
cryschemic,1,3991,2293,1698,595,75,1,1,670,3992
REDDIT_HARD_MODE,2,3988,2700,1288,1412,141,2,2,1553,3990
lolocopta1,1,3989,2441,1548,893,34,1,1,927,3990
MrConnerr,1,3989,2174,1815,359,60,1,1,419,3990
miss_teresa,5,3984,2525,1459,1066,46,5,5,1112,3989
StoneFawkes,2,3987,2309,1678,631,132,1,2,763,3989
danhezee,1,3986,2691,1295,1396,216,1,1,1612,3987
Carrothunter,1,3986,2550,1436,1114,72,1,1,1186,3987
gorgyte,1,3986,2542,1444,1098,76,1,1,1174,3987
EtunaD,1,3986,2358,1628,730,89,1,0,819,3986
soupy56,1,3985,2249,1736,513,62,1,1,575,3986
JohnAbruzzi,2,3983,2483,1500,983,55,2,2,1038,3985
666Zeus,1,3984,2258,1726,532,54,1,1,586,3985
Tebaxx,11,3973,2824,1149,1675,268,6,11,1943,3984
nrs5813,2,3982,2454,1528,926,130,2,2,1056,3984
scibastion,1,3982,2427,1555,872,82,1,1,954,3983
NegimaSonic,1,3982,2266,1716,550,118,1,1,668,3983
vstojanovski,2,3981,2516,1465,1051,1028,1,1,2079,3982
8zunzx,3,3980,2575,1405,1170,47,3,2,1217,3982
Bboboo,1,3980,2315,1665,650,69,1,0,719,3980
tatthi,2,3978,2281,1697,584,79,2,2,663,3980
ThaiOneOff,4,3974,2602,1372,1230,98,3,4,1328,3978
blu9987,1,3977,2435,1542,893,19,1,1,912,3978
brozillafirefox,1,3976,2402,1574,828,58,1,1,886,3977
charles1er,6,3972,2644,1328,1316,132,2,4,1448,3976
nickmonk56,1,3975,2514,1461,1053,88,1,1,1141,3976
brianjsell,2,3975,2454,1521,933,105,2,1,1038,3976
Harlie_Shiloh,1,3974,2197,1777,420,56,1,1,476,3975
smashbro247,5,3967,2411,1556,855,65,4,5,920,3972
derpsauce20,2,3970,2475,1495,980,95,2,0,1075,3970
fuckingnihilists,1,3969,2203,1766,437,60,1,1,497,3970
iPresentBen,3,3966,2635,1331,1304,64,3,3,1368,3969
noideawhatamdoing,1,3968,2674,1294,1380,33,1,0,1413,3968
kiranpgeorge1,2,3962,2733,1229,1504,24,1,2,1528,3964
Renegade_Journo,1,3963,2115,1848,267,39,1,1,306,3964
arkaz,1,3962,2367,1595,772,31,0,1,803,3963
PandaHammer,1,3961,2495,1466,1029,44,1,1,1073,3962
goldsheep,1,3961,2427,1534,893,86,1,1,979,3962
munchybutt,1,3960,2523,1437,1086,39,1,1,1125,3961
knobiknows,3,3957,2453,1504,949,79,3,3,1028,3960
AlexScrivbner,2,3960,2460,1500,960,49,1,0,1009,3960
sillyhippo,1,3959,2390,1569,821,31,1,1,852,3960
maxxieboi,1,3959,2261,1698,563,48,1,1,611,3960
WalterDisneey,1,3958,2554,1404,1150,113,1,1,1263,3959
DarkStrobeLight,1,3957,2533,1424,1109,46,1,1,1155,3958
bigkat_22,1,3954,2320,1634,686,60,1,1,746,3955
collinc2343,1,3952,2643,1309,1334,313,1,1,1647,3953
khays,5,3949,2535,1414,1121,54,3,4,1175,3953
AMartii,1,3948,2288,1660,628,49,1,1,677,3949
cock,2,3946,2665,1281,1384,49,1,2,1433,3948
ivanilich,1,3947,2280,1667,613,147,1,0,760,3947
Gingeyboy,1,3946,2218,1728,490,145,1,1,635,3947
Mr_Bender,2,3943,2587,1356,1231,57,0,2,1288,3945
flamby68,1,3944,2352,1592,760,180,1,1,940,3945
salazar19,5,3939,2678,1261,1417,142,1,5,1559,3944
alexpvs,1,3941,2370,1571,799,34,1,1,833,3942
Tickle_Shits,1,3939,2688,1251,1437,17,1,1,1454,3940
freakylol,2,3938,2472,1466,1006,35,2,2,1041,3940
SteinC,4,3934,2512,1422,1090,43,3,4,1133,3938
TheCruise,1,3936,2226,1710,516,68,1,1,584,3937
Serge_General,1,3935,2428,1507,921,21,1,1,942,3936
Amentianation,3,3933,2396,1537,859,25,3,3,884,3936
Miko54,2,3933,2882,1051,1831,48,0,2,1879,3935
god_killer1234567,4,3931,2637,1294,1343,292,3,4,1635,3935
Phat_B,1,3935,2680,1255,1425,23,1,0,1448,3935
picardo85,1,3935,2450,1485,965,79,1,0,1044,3935
Jazzbandrew,6,3930,2447,1483,964,101,6,2,1065,3932
uipo,3,3929,2531,1398,1133,124,3,2,1257,3931
emdeemcd,1,3929,2341,1588,753,54,1,1,807,3930
wastingtime247,1,3928,2581,1347,1234,20,0,1,1254,3929
Kazlock,1,3928,2542,1386,1156,46,1,0,1202,3928
onetruestory,1,3927,2362,1565,797,42,1,0,839,3927
asonjones,1,3925,2812,1113,1699,171,0,1,1870,3926
perspectivism,2,3925,2355,1570,785,161,2,0,946,3925
opaque22,1,3922,2447,1475,972,144,1,1,1116,3923
Xcoi,7,3915,2524,1391,1133,26,5,7,1159,3922
PrZmChicken,1,3920,2492,1428,1064,42,1,1,1106,3921
SaxyTimeReloaded,2,3917,2467,1450,1017,132,2,2,1149,3919
DstinationKeplerB,1,3917,2425,1492,933,71,1,1,1004,3918
redditlulz,1,3917,2320,1597,723,32,1,1,755,3918
trumpet_23,1,3917,2224,1693,531,54,1,1,585,3918
drewmerc,1,3916,2536,1380,1156,81,1,1,1237,3917
ElPazerino,1,3916,2489,1427,1062,28,0,1,1090,3917
rita_pu,2,3914,2288,1626,662,107,2,2,769,3916
Pyro718,1,3915,2625,1290,1335,110,1,0,1445,3915
petitpapillon,1,3914,2437,1477,960,125,1,0,1085,3914
wrestleboy557,2,3911,2350,1561,789,170,2,1,959,3912
anonzzz,1,3912,2370,1542,828,43,1,0,871,3912
ryanwc,1,3909,2366,1543,823,46,1,1,869,3910
battleaxjzzhnds,2,3908,2627,1281,1346,96,2,1,1442,3909
BonzoESC,1,3908,2404,1504,900,54,1,1,954,3909
Fluffymarshmallow40,1,3907,2443,1464,979,26,1,1,1005,3908
0rgasm0tr0n,1,3907,2518,1389,1129,311,1,0,1440,3907
fznatla,1,3906,2418,1488,930,131,1,1,1061,3907
muzigal1610,1,3905,2442,1463,979,493,1,0,1472,3905
drivers205,2,3903,2423,1480,943,63,1,2,1006,3905
Kidsune,1,3904,2578,1326,1252,55,1,0,1307,3904
pifarm,1,3897,2225,1672,553,59,1,1,612,3898
in_it_to_lose_it,1,3896,2290,1606,684,40,1,1,724,3897
gordomun,1,3897,2253,1644,609,43,1,0,652,3897
kaynelucas,1,3895,2236,1659,577,108,1,0,685,3895
MrM00se,1,3893,2423,1470,953,20,1,1,973,3894
Laurenanne727,2,3892,2291,1601,690,193,2,2,883,3894
cap10quarterz,1,3892,2704,1188,1516,43,1,0,1559,3892
Godromans,2,3890,2134,1756,378,51,2,2,429,3892
ElanaRocks,1,3890,2583,1307,1276,45,1,1,1321,3891
Anshuldavda412,3,3887,2341,1546,795,51,3,3,846,3890
whampbeef,7,3882,2503,1379,1124,271,6,7,1395,3889
huismax,1,3889,2257,1632,625,65,1,0,690,3889
xxhonkeyxx,1,3888,2466,1422,1044,71,1,0,1115,3888
dangcassettetapes,1,3887,2410,1477,933,65,1,0,998,3887
Wailordfan,3,3884,2556,1328,1228,141,3,2,1369,3886
plainyjaney,2,3884,2327,1557,770,50,2,1,820,3885
Perignis,1,3883,2458,1425,1033,20,1,1,1053,3884
xilef70,3,3881,2363,1518,845,110,3,2,955,3883
hull26,2,3878,2283,1595,688,58,2,2,746,3880
uareariot,2,3879,2193,1686,507,75,2,1,582,3880
samuraisams123,1,3877,2136,1741,395,29,1,1,424,3878
SadDragon00,1,3877,2355,1522,833,50,1,0,883,3877
Snhnry,1,3876,2777,1099,1678,96,0,0,1774,3876
ButterGrams,2,3875,2304,1571,733,93,1,1,826,3876
bsidez,1,3875,2298,1577,721,176,1,0,897,3875
ge00uc,1,3874,2326,1548,778,29,1,1,807,3875
BigCletus,1,3874,2756,1118,1638,93,1,0,1731,3874
GeauxHouston22,1,3873,2379,1494,885,25,1,1,910,3874
Breakfast_Cereal,3,3870,2429,1441,988,57,2,2,1045,3872
analogkid1,3,3868,2437,1431,1006,168,2,3,1174,3871
duh_and_or_hello,1,3868,2755,1113,1642,70,1,0,1712,3868
namingspades,1,3867,2420,1447,973,29,1,1,1002,3868
Iceeagle401,1,3866,2225,1641,584,45,1,1,629,3867
capoony147,4,3859,2352,1507,845,10,2,4,855,3863
kidinredhelmet,1,3859,2424,1435,989,23,1,1,1012,3860
yeroc3103,3,3857,2222,1635,587,36,2,2,623,3859
mushroomtattoo,1,3856,2338,1518,820,180,1,1,1000,3857
janglesthemoonmonkey,1,3857,2188,1669,519,12,1,0,531,3857
1infiniteloop,4,3853,2866,987,1879,65,3,2,1944,3855
wobwobwob42,1,3852,2247,1605,642,52,1,1,694,3853
dravinicus,17,3836,2546,1290,1256,77,6,15,1333,3851
Moopies,1,3850,2381,1469,912,59,1,1,971,3851
animal422,1,3849,2462,1387,1075,55,1,1,1130,3850
RamblinWreckGT,2,3847,2312,1535,777,125,2,2,902,3849
Foffern,1,3849,2261,1588,673,34,1,0,707,3849
LunaMcLovin,2,3846,2621,1225,1396,128,2,2,1524,3848
Dopeamine,1,3847,2269,1578,691,33,1,0,724,3847
I_smell_awesome,1,3845,2057,1788,269,131,1,1,400,3846
RealDeal83,2,3843,2629,1214,1415,59,1,2,1474,3845
Turtle0_0,1,3844,2552,1292,1260,35,0,1,1295,3845
Alexanderr,9,3833,3152,681,2471,310,9,9,2781,3842
slothh55,1,3841,2377,1464,913,22,1,1,935,3842
scarpell,4,3837,2248,1589,659,78,3,4,737,3841
HanHarlo,7,3833,2415,1418,997,63,6,7,1060,3840
Altenotiz,1,3838,2447,1391,1056,50,1,0,1106,3838
praveenreddit,3,3836,2136,1700,436,99,3,2,535,3838
lefty00719,9,3827,2759,1068,1691,78,7,9,1769,3836
mknutso,2,3831,2440,1391,1049,54,2,2,1103,3833
nightbird804,1,3832,2401,1431,970,55,1,1,1025,3833
WorldBFr3e,1,3832,2368,1464,904,17,1,1,921,3833
naveen_reloaded,2,3831,2646,1185,1461,289,2,1,1750,3832
Xgarthon,7,3826,2667,1159,1508,184,7,6,1692,3832
stormageddon103,1,3831,2259,1572,687,84,1,1,771,3832
nancylikestoreddit,2,3830,2185,1645,540,56,2,2,596,3832
TinyPrincess,2,3829,2397,1432,965,58,2,2,1023,3831
FriesWithThat,1,3826,2731,1095,1636,145,1,0,1781,3826
chainsaw_chainsaw,3,3824,2539,1285,1254,78,3,2,1332,3826
grrrrrrl,1,3826,2186,1640,546,33,1,0,579,3826
Tonnycorelli,1,3825,2328,1497,831,95,1,0,926,3825
DrummerGuy5,18,3805,2624,1181,1443,94,18,18,1537,3823
mitla2404,1,3822,2414,1408,1006,41,1,1,1047,3823
blackgarurumon,1,3821,2484,1337,1147,123,1,1,1270,3822
mikenglish13,1,3820,2649,1171,1478,97,1,1,1575,3821
VoldeShort,1,3820,2576,1244,1332,91,1,1,1423,3821
desi_murga1,1,3821,2279,1542,737,106,1,0,843,3821
belle_934,1,3815,2435,1380,1055,30,1,1,1085,3816
tomloaf,1,3814,2310,1504,806,120,1,1,926,3815
mambypambyland,2,3812,2308,1504,804,446,1,2,1250,3814
brandonisgreen,1,3811,2180,1631,549,37,1,1,586,3812
ThePewber,1,3811,2236,1575,661,134,1,0,795,3811
skyhighgemini,1,3808,2249,1559,690,182,1,1,872,3809
Justin_M85,5,3805,2547,1258,1289,230,3,3,1519,3808
backindenim,2,3808,2252,1556,696,87,2,0,783,3808
The-shindigs,2,3807,2144,1663,481,86,2,1,567,3808
Cyrino420,1,3806,2293,1513,780,24,0,1,804,3807
itslenny,1,3805,2476,1329,1147,323,1,1,1470,3806
Terrorgrisen,1,3804,2353,1451,902,44,1,1,946,3805
revallion93,1,3805,2308,1497,811,46,1,0,857,3805
thatbubba4567,4,3802,2282,1520,762,66,4,3,828,3805
francis_0000a,2,3802,2472,1330,1142,33,1,2,1175,3804
ResponsibleConsumer,1,3804,2174,1630,544,52,1,0,596,3804
Twist3dsoul22,1,3802,2138,1664,474,253,1,1,727,3803
razorsheldon,4,3798,2807,991,1816,106,4,4,1922,3802
GenghisKhanX,1,3801,2312,1489,823,185,1,1,1008,3802
shawnpeps,2,3800,2244,1556,688,298,2,2,986,3802
TeeHomes,1,3801,2174,1627,547,44,1,1,591,3802
MadeOfStarStuff,1,3801,2384,1417,967,35,1,0,1002,3801
OdaOda,6,3797,2722,1075,1647,78,6,3,1725,3800
Krumplie,2,3798,2176,1622,554,46,2,2,600,3800
adelav,4,3797,2197,1600,597,120,4,2,717,3799
goddamnyouryan,1,3798,2119,1679,440,30,1,1,470,3799
albule,1,3797,2132,1665,467,33,1,1,500,3798
Camphash,4,3794,2183,1611,572,91,4,3,663,3797
nothingdoing,2,3794,2237,1557,680,68,2,1,748,3795
Chuckgebert,1,3792,2367,1425,942,79,1,1,1021,3793
BranAllTheThings,1,3792,2302,1490,812,36,1,0,848,3792
Aregular89,1,3790,2460,1330,1130,46,1,1,1176,3791
mctrollerstien,1,3790,2332,1458,874,53,1,0,927,3790
DubSak,2,3788,2262,1526,736,51,2,2,787,3790
lazy_smurf,2,3784,2387,1397,990,82,1,2,1072,3786
spyder93090,1,3785,2277,1508,769,153,1,1,922,3786
pyromcr,5,3781,2216,1565,651,81,5,5,732,3786
Jesus_luvs_Jenkem,6,3780,2415,1365,1050,81,6,5,1131,3785
JamesyBelfast,9,3775,2582,1193,1389,109,8,9,1498,3784
LordAntoine,2,3783,2202,1581,621,88,2,1,709,3784
fuckclub,1,3783,2249,1534,715,158,1,0,873,3783
Special_Redditor,1,3783,2084,1699,385,185,1,0,570,3783
Shabo21,1,3781,2262,1519,743,121,0,1,864,3782
stolenconchshell,1,3780,2162,1618,544,70,1,1,614,3781
Shredderxx,1,3778,2066,1712,354,57,1,1,411,3779
pxl,2,3776,2397,1379,1018,58,2,2,1076,3778
zedd4eva,1,3776,2365,1411,954,38,1,1,992,3777
chrisrtanner,1,3777,2285,1492,793,48,1,0,841,3777
WeekendWarrior25,2,3774,2712,1062,1650,41,2,2,1691,3776
hooshbag,2,3774,2510,1264,1246,41,2,2,1287,3776
Gundly,3,3774,2300,1474,826,62,2,2,888,3776
GladeWalker,1,3773,2454,1319,1135,59,0,1,1194,3774
DragonHealRx,1,3773,2268,1505,763,34,1,1,797,3774
twolf1,7,3768,2298,1470,828,117,7,3,945,3771
HeinrichLK,1,3770,2033,1737,296,41,1,1,337,3771
A7X_HU4L,2,3767,2357,1410,947,101,2,2,1048,3769
THE_BANANA_PALADIN,1,3766,2379,1387,992,31,1,1,1023,3767
SonicBroom,3,3762,2227,1535,692,57,3,3,749,3765
PopItNow,1,3762,2264,1498,766,110,1,1,876,3763
blacklist_member,1,3761,2088,1673,415,235,1,1,650,3762
jamieg1973,1,3760,2350,1410,940,34,1,1,974,3761
Warmhangup,2,3760,2112,1648,464,75,2,1,539,3761
FixedTheFernBack,1,3760,2282,1478,804,251,1,0,1055,3760
EnderVViggen,6,3754,2251,1503,748,49,5,4,797,3758
rizz360,1,3757,2246,1511,735,62,1,1,797,3758
voxpopulivoxdei,1,3756,2278,1478,800,87,1,1,887,3757
foxdog178,1,3756,2230,1526,704,97,1,1,801,3757
FreedObject,2,3755,2231,1524,707,43,2,2,750,3757
justgotvacancy,1,3757,2231,1526,705,39,1,0,744,3757
MrPrestige,6,3751,2528,1223,1305,127,3,5,1432,3756
XxArchangelz,1,3755,2316,1439,877,51,1,1,928,3756
bandophahita,1,3755,2020,1735,285,37,1,1,322,3756
tthederahb,2,3753,2097,1656,441,83,1,2,524,3755
BlueThundah,6,3749,2442,1307,1135,52,6,5,1187,3754
Adler723,1,3753,2123,1630,493,31,1,1,524,3754
GCell,4,3751,2153,1598,555,114,4,2,669,3753
drlovespooge,1,3751,2330,1421,909,37,1,1,946,3752
my_bitches_love_me,2,3750,2169,1581,588,316,2,2,904,3752
weiers08,1,3751,2149,1602,547,29,1,1,576,3752
zzyzzyxx,1,3750,2320,1430,890,37,1,1,927,3751
GrungeTroll,1,3749,2369,1380,989,20,1,1,1009,3750
Do_what93,1,3747,2230,1517,713,51,1,1,764,3748
rickyrockwell,1,3747,2192,1555,637,42,1,1,679,3748
drethedog,4,3744,2301,1443,858,168,4,2,1026,3746
Pinecone,1,3745,2545,1200,1345,957,1,0,2302,3745
JustALuckySOB,1,3744,2388,1356,1032,412,1,1,1444,3745
Le_muffinman,1,3744,2523,1221,1302,41,1,1,1343,3745
DivineSlay3r,1,3744,2307,1437,870,44,1,1,914,3745
westovr,1,3743,2333,1410,923,45,1,1,968,3744
kymplox,1,3743,2294,1449,845,34,1,1,879,3744
auricfinger,1,3743,2139,1604,535,30,1,1,565,3744
rushworld,1,3743,2197,1546,651,510,1,0,1161,3743
JG_92,3,3741,2391,1350,1041,65,3,2,1106,3743
guesto,2,3740,2468,1272,1196,100,2,2,1296,3742
iamactuallyaspud,1,3741,2219,1522,697,29,1,1,726,3742
Merlinja,1,3740,2147,1593,554,150,1,1,704,3741
dabossdawg1,2,3737,2169,1568,601,37,2,2,638,3739
ldburke87,1,3736,2607,1129,1478,38,1,1,1516,3737
powny,1,3735,2663,1072,1591,66,1,1,1657,3736
grenadiere42,1,3735,2435,1300,1135,95,1,0,1230,3735
bringtehrain123,1,3734,2550,1184,1366,44,1,0,1410,3734
the_soupnazi,1,3733,2345,1388,957,190,1,1,1147,3734
mbuck91,1,3731,2061,1670,391,138,1,1,529,3732
that_british_guy,1,3730,2255,1475,780,84,1,1,864,3731
Relaxolutionist,2,3727,2462,1265,1197,73,2,2,1270,3729
mattkwish,3,3726,2134,1592,542,105,3,3,647,3729
MAGNUM777,1,3727,2443,1284,1159,112,1,0,1271,3727
norealpurposehere2,2,3725,2360,1365,995,91,2,2,1086,3727
lwest340,2,3725,2161,1564,597,81,2,2,678,3727
The0Percent,1,3726,2784,942,1842,36,1,0,1878,3726
shelldog,2,3724,2284,1440,844,32,2,2,876,3726
mythimatical,1,3725,2218,1507,711,23,1,1,734,3726
smkwdvrydy,1,3724,2228,1496,732,179,1,0,911,3724
danscottbrown,1,3721,2543,1178,1365,114,0,1,1479,3722
LemonSocialGathering,1,3721,2366,1355,1011,48,1,1,1059,3722
udino,1,3718,2296,1422,874,26,1,1,900,3719
kokujinmatto,1,3716,2602,1114,1488,109,1,0,1597,3716
40ozphil,2,3716,2217,1499,718,269,2,0,987,3716
PostNaGiggles,1,3713,2400,1313,1087,48,0,1,1135,3714
143sarcasm,1,3713,2302,1411,891,44,1,1,935,3714
aneyefulloffish,4,3708,2544,1164,1380,29,4,4,1409,3712
The_drowning_poop,4,3706,2255,1451,804,49,4,4,853,3710
btacethe2nd,1,3709,2116,1593,523,266,1,1,789,3710
denbeigh2000,1,3710,1998,1712,286,97,1,0,383,3710
MightyTightyWhitey,1,3707,2465,1242,1223,119,0,1,1342,3708
Fluttershychotic,1,3707,2175,1532,643,128,1,1,771,3708
LowLevelRebel,3,3704,2386,1318,1068,68,3,3,1136,3707
QBanks92,1,3706,2118,1588,530,46,1,0,576,3706
pugehenis7,1,3704,2394,1310,1084,14,0,1,1098,3705
kickpants,2,3702,2270,1432,838,93,2,2,931,3704
rhcp2011,2,3704,2296,1408,888,36,2,0,924,3704
lolaids,1,3703,2165,1538,627,105,1,1,732,3704
typical_thatguy,1,3703,2230,1473,757,38,1,0,795,3703
robvargas,3,3702,2841,861,1980,165,2,0,2145,3702
kenpachi11,1,3700,2478,1222,1256,22,1,1,1278,3701
Breadboy22,9,3698,2402,1296,1106,61,8,3,1167,3701
Boycott_IsraeI,1,3699,2617,1082,1535,474,1,1,2009,3700
hicho,3,3698,2569,1129,1440,79,3,2,1519,3700
Nawti,1,3699,2313,1386,927,69,1,1,996,3700
tylerdee,2,3697,2877,820,2057,491,2,1,2548,3698
brittgrz,1,3698,2546,1152,1394,38,1,0,1432,3698
mathees,5,3692,2455,1237,1218,52,4,5,1270,3697
tryityoumightlikeit,1,3697,2450,1247,1203,36,1,0,1239,3697
Ratchet9325,2,3694,2484,1210,1274,33,2,2,1307,3696
iRave,1,3695,2082,1613,469,107,1,1,576,3696
MFprimer9k,2,3694,2216,1478,738,130,2,1,868,3695
thisisamusing,1,3692,2506,1186,1320,142,1,0,1462,3692
lethalweapon100,3,3688,2479,1209,1270,182,3,3,1452,3691
SirCoolWhip,1,3690,2495,1195,1300,24,1,1,1324,3691
iknowyouknowsomethin,1,3689,2095,1594,501,64,1,1,565,3690
buakaw,1,3689,2422,1267,1155,187,1,0,1342,3689
jeffiethepirate,1,3688,2249,1439,810,65,1,1,875,3689
Oiiack,1,3686,2183,1503,680,33,1,1,713,3687
lotus2471,2,3685,2097,1588,509,59,2,2,568,3687
Discourage123,2,3684,2432,1252,1180,221,2,2,1401,3686
xx0ur3n,1,3684,2302,1382,920,449,1,0,1369,3684
BreanaKathleen,1,3682,2176,1506,670,96,1,1,766,3683
ahuReddit,1,3681,2560,1121,1439,77,1,1,1516,3682
daglebagel,3,3679,2389,1290,1099,29,2,2,1128,3681
PussyStank,3,3676,2390,1286,1104,61,3,3,1165,3679
Fleckeri,3,3677,2301,1376,925,197,3,2,1122,3679
noonches,10,3668,3155,513,2642,246,10,9,2888,3677
aryssat,1,3676,2219,1457,762,46,1,1,808,3677
Chronolitus,1,3675,2197,1478,719,80,1,1,799,3676
awkwardIRL,1,3676,2030,1646,384,76,1,0,460,3676
TheEscuelas,1,3674,2303,1371,932,172,1,1,1104,3675
typicalTYLER,1,3675,2274,1401,873,162,1,0,1035,3675
CRAZYPAT123,1,3674,2137,1537,600,64,1,1,664,3675
omgdaskewl,2,3671,2144,1527,617,21,2,2,638,3673
nomoreh3r0s,2,3670,2529,1141,1388,12,2,2,1400,3672
touchable,2,3670,2289,1381,908,35,2,2,943,3672
crazybull12,1,3670,2211,1459,752,71,0,1,823,3671
scruffygoldfish,1,3669,2229,1440,789,68,1,1,857,3670
erasedeny,3,3667,2172,1495,677,132,3,2,809,3669
iiiicpdiiii,2,3667,2081,1586,495,107,2,2,602,3669
ReviLow,4,3664,2508,1156,1352,272,4,4,1624,3668
DMTandME,2,3665,2288,1377,911,154,2,2,1065,3667
Mastadave2999,4,3662,2188,1474,714,100,4,4,814,3666
duskote,3,3661,2500,1161,1339,175,2,3,1514,3664
HazyPeanut,3,3660,2119,1541,578,140,3,3,718,3663
FreeNugs,2,3662,2081,1581,500,72,2,1,572,3663
bryntheskits,1,3661,2372,1289,1083,623,0,1,1706,3662
cojafoji,1,3659,2047,1612,435,125,1,0,560,3659
kervokian,1,3659,2045,1614,431,66,1,0,497,3659
jeff_albertson_redux,1,3656,2404,1252,1152,147,0,1,1299,3657
dastweezers,1,3656,2385,1271,1114,44,1,1,1158,3657
Organic_Master,1,3656,2268,1388,880,39,1,1,919,3657
cehak,2,3656,2122,1534,588,126,2,1,714,3657
mathmaster112,1,3654,2199,1455,744,220,1,1,964,3655
FreeThinker76,3,3652,2151,1501,650,95,3,3,745,3655
Nova11,1,3654,2142,1512,630,31,1,1,661,3655
stevieboy100,3,3651,2232,1419,813,84,3,3,897,3654
sociallycockward,1,3650,2136,1514,622,78,1,1,700,3651
MrTommieP,1,3649,2509,1140,1369,50,1,0,1419,3649
yraenkcin,1,3649,2127,1522,605,80,1,0,685,3649
kevinb111,1,3646,2196,1450,746,34,1,1,780,3647
iAmMeH,6,3641,2708,933,1775,115,6,4,1890,3645
herboholic,3,3643,2416,1227,1189,62,2,2,1251,3645
Markla94,1,3643,2336,1307,1029,71,1,1,1100,3644
wcac26,1,3642,2152,1490,662,89,1,1,751,3643
mumbly__joe,2,3640,2340,1300,1040,49,2,2,1089,3642
Mardtin,1,3641,2274,1367,907,42,1,1,949,3642
Layziee,2,3641,2231,1410,821,93,2,1,914,3642
dsr999,1,3641,2307,1334,973,36,1,0,1009,3641
DiscursiveMind,1,3639,2532,1107,1425,237,1,0,1662,3639
micksb,1,3639,2123,1516,607,90,1,0,697,3639
brockwallace,5,3634,2947,687,2260,82,5,4,2342,3638
shatteredverve,1,3638,2413,1225,1188,206,1,0,1394,3638
imanidiotandwantodie,2,3634,2353,1281,1072,44,2,2,1116,3636
taygrindtay,1,3636,2343,1293,1050,38,1,0,1088,3636
broadwaybabe,1,3635,2334,1301,1033,25,1,1,1058,3636
deliciouspizza,1,3634,2443,1191,1252,611,1,1,1863,3635
bfd1994,1,3633,2430,1203,1227,68,1,1,1295,3634
Karma_Contest,1,3632,2066,1566,500,64,1,1,564,3633
FalseGenesis,2,3630,2296,1334,962,66,2,2,1028,3632
calbearia,1,3632,2130,1502,628,115,1,0,743,3632
HonoraryMancunian,5,3626,2139,1487,652,138,5,5,790,3631
speedballkills,2,3630,2741,889,1852,122,1,0,1974,3630
insert_comical_name,2,3628,2355,1273,1082,84,1,2,1166,3630
meepletar,2,3628,2372,1256,1116,46,2,2,1162,3630
Russano_Greenstripe,2,3628,2241,1387,854,143,2,2,997,3630
with_explosions,1,3629,2169,1460,709,94,0,1,803,3630
Kritter2490,1,3628,2128,1500,628,48,1,1,676,3629
happyFelix,2,3626,2346,1280,1066,84,2,2,1150,3628
k4ng,1,3627,2276,1351,925,90,1,1,1015,3628
Whatabeard,2,3626,2167,1459,708,49,2,2,757,3628
Cptn_Worchestershire,1,3625,2149,1476,673,35,1,1,708,3626
Growing4Freedom,1,3625,1999,1626,373,101,1,1,474,3626
401vs401,3,3623,2494,1129,1365,51,2,2,1416,3625
twelveovertwo,1,3623,2139,1484,655,59,1,0,714,3623
T-rex_with_a_gun,5,3619,2879,740,2139,114,1,3,2253,3622
Wigglez1,2,3621,2380,1241,1139,29,1,1,1168,3622
aph313,1,3621,2182,1439,743,40,1,1,783,3622
Niqalye,2,3620,2197,1423,774,118,2,1,892,3621
mr_tophat,1,3619,2440,1179,1261,171,1,1,1432,3620
Zkenny13,2,3617,2034,1583,451,42,1,2,493,3619
gnashville,3,3616,2343,1273,1070,83,3,2,1153,3618
shitiseeincollege,3,3615,2218,1397,821,10,3,3,831,3618
newtonslogic,2,3617,2141,1476,665,60,1,1,725,3618
TheDoubleL27,1,3616,2208,1408,800,79,1,1,879,3617
steinamo,1,3617,2021,1596,425,173,1,0,598,3617
twatter101,2,3612,2567,1045,1522,108,2,1,1630,3613
CoffeeIs4Closers,3,3610,2404,1206,1198,48,3,3,1246,3613
cHecker_oD,1,3612,2060,1552,508,70,1,1,578,3613
MeconiumMasterpiece,1,3611,2242,1369,873,31,1,1,904,3612
flowsnus,10,3600,2638,962,1676,94,8,9,1770,3609
AquaMoose11,1,3608,2223,1385,838,26,1,1,864,3609
lulzy12,4,3605,2388,1217,1171,125,4,2,1296,3607
Livinginmtl,4,3603,2033,1570,463,58,4,4,521,3607
Sati1984,8,3599,2203,1396,807,42,8,7,849,3606
boatpile,2,3602,2369,1233,1136,37,2,2,1173,3604
blondiee_x17,1,3603,2196,1407,789,40,1,1,829,3604
Modestbrad,1,3603,2165,1438,727,258,1,0,985,3603
IM_THE_DECOY,2,3602,2073,1529,544,71,2,1,615,3603
kitten_slapper,1,3603,1980,1623,357,127,1,0,484,3603
JTyler82,8,3594,2398,1196,1202,71,6,8,1273,3602
TheObserverKey,1,3597,2423,1174,1249,84,1,1,1333,3598
jba55,2,3594,2267,1327,940,105,1,2,1045,3596
El_Snuffy,3,3593,2063,1530,533,122,3,2,655,3595
ZeroShift,2,3594,2856,738,2118,2207,2,0,4325,3594
Wouce,1,3592,2332,1260,1072,317,1,0,1389,3592
jcosma,1,3590,2106,1484,622,157,1,1,779,3591
iFearDolphins,3,3586,2192,1394,798,31,3,3,829,3589
jack2454,1,3589,2119,1470,649,126,1,0,775,3589
zaaakk,1,3588,2081,1507,574,121,1,1,695,3589
iliketurtles242,1,3585,2296,1289,1007,48,1,1,1055,3586
Redheadedarcher,1,3586,2194,1392,802,132,1,0,934,3586
StickySticks,1,3586,1989,1597,392,78,1,0,470,3586
anzlol,4,3580,2323,1257,1066,69,4,4,1135,3584
Thetschopp,1,3584,2042,1542,500,63,1,0,563,3584
Remdawg,2,3580,2570,1010,1560,276,2,1,1836,3581
hayabusabjj,1,3579,2493,1086,1407,26,0,1,1433,3580
Brooke34,1,3579,2256,1323,933,158,1,1,1091,3580
GaybeJewell,3,3576,2167,1409,758,33,1,3,791,3579
BG40,1,3576,2329,1247,1082,82,1,1,1164,3577
Auburn258,5,3572,2245,1327,918,46,3,5,964,3577
ThirstForSavings,1,3576,2243,1333,910,45,1,1,955,3577
bubbathehutt,3,3575,2587,988,1599,95,3,1,1694,3576
DaddyJuicy,5,3573,2539,1034,1505,64,5,3,1569,3576
Blaze_Kick,1,3575,2362,1213,1149,69,1,1,1218,3576
RedditNinja97,1,3575,2083,1492,591,70,1,1,661,3576
jiehae17,1,3575,2005,1570,435,34,1,1,469,3576
JoypadRAGE,1,3573,2060,1513,547,84,1,1,631,3574
rtc710,2,3571,2528,1043,1485,147,2,2,1632,3573
Flixxi,1,3573,2400,1173,1227,113,1,0,1340,3573
the1tofear,1,3570,2052,1518,534,36,1,1,570,3571
chauptman,8,3564,2030,1534,496,62,7,7,558,3571
catattack24,2,3568,2500,1068,1432,215,1,2,1647,3570
GanjaSoldier,2,3564,2266,1298,968,84,2,2,1052,3566
the17fire,1,3564,2155,1409,746,26,1,1,772,3565
BucknerSkyler,1,3564,2107,1457,650,64,1,0,714,3564
KingNick,2,3563,1921,1642,279,156,2,1,435,3564
PacoDuh,1,3562,2328,1234,1094,173,1,0,1267,3562
phen0men0n,1,3561,2178,1383,795,57,1,1,852,3562
Adventure241,1,3562,2150,1412,738,25,1,0,763,3562
Danceswithdirewolves,1,3561,2336,1225,1111,29,1,0,1140,3561
DrunkMagicHippo,6,3555,2039,1516,523,129,5,6,652,3561
Gaara599,2,3558,2297,1261,1036,16,2,2,1052,3560
loopcoop,3,3557,2131,1426,705,65,3,3,770,3560
kojak2091,1,3558,2399,1159,1240,15,1,1,1255,3559
mojave_moon,1,3558,2234,1324,910,81,1,0,991,3558
stubbornyouth,1,3557,1884,1673,211,29,1,1,240,3558
CleanBill,3,3554,2317,1237,1080,72,3,3,1152,3557
TheDirtyPowerRanger,2,3554,2011,1543,468,131,2,2,599,3556
gfunk363,2,3554,2042,1512,530,35,1,2,565,3556
samlauk,4,3552,2280,1272,1008,44,1,3,1052,3555
hi7en,1,3554,2035,1519,516,59,1,1,575,3555
PotatoMusicBinge,5,3550,2561,989,1572,145,5,4,1717,3554
jwolfer,2,3549,2409,1140,1269,17,2,2,1286,3551
TheLonelyStranger,2,3549,2411,1138,1273,251,2,1,1524,3550
Brandaux,1,3549,2196,1353,843,215,1,0,1058,3549
HeathenStudent,1,3549,2084,1465,619,67,1,0,686,3549
DodiGharib,4,3543,2595,948,1647,204,3,4,1851,3547
Itwasntme17,1,3546,2348,1198,1150,20,1,1,1170,3547
MadamPalindrome,1,3544,2158,1386,772,95,1,1,867,3545
TychoVhargon,1,3543,2003,1540,463,47,1,1,510,3544
K1ND_BUDZ,1,3541,2267,1274,993,74,1,1,1067,3542
eag123,3,3540,2081,1459,622,53,2,2,675,3542
deuteros,1,3540,2026,1514,512,347,1,1,859,3541
tyrantyourant,1,3540,1945,1595,350,138,1,0,488,3540
bottomofthebottle,1,3537,2403,1134,1269,165,1,1,1434,3538
LemonZorz,1,3536,2503,1033,1470,15,1,1,1485,3537
brbrbrad,1,3536,2172,1364,808,43,1,1,851,3537
SirCleve,1,3536,2091,1445,646,28,1,1,674,3537
Sidewinder77,1,3535,2540,995,1545,196,1,1,1741,3536
okmnko,1,3535,2077,1458,619,63,1,0,682,3535
Charun86,2,3534,2064,1470,594,85,2,1,679,3535
Snaab,1,3533,1946,1587,359,275,1,1,634,3534
funkgerm,1,3532,2045,1487,558,263,1,0,821,3532
DavidLambent,1,3528,2446,1082,1364,24,0,1,1388,3529
rsoto2,1,3528,2244,1284,960,211,1,1,1171,3529
Drednaught356,1,3528,2057,1471,586,164,1,0,750,3528
macmac13,1,3528,1974,1554,420,112,1,0,532,3528
galeforce8,3,3524,2357,1167,1190,89,2,2,1279,3526
AnotherCoffeeDrinker,1,3524,2085,1439,646,75,1,1,721,3525
captain_ghost,1,3520,2219,1301,918,183,1,1,1101,3521
flippityfloppityfloo,1,3521,2072,1449,623,100,1,0,723,3521
froskenfredrik,1,3520,2017,1503,514,129,1,1,643,3521
fillmeup67,1,3519,2312,1207,1105,22,1,0,1127,3519
storycoolbro,2,3518,2070,1448,622,82,2,1,704,3519
Higgs-Bosun,14,3505,2698,807,1891,552,13,13,2443,3518
GermanShepherds,2,3516,2444,1072,1372,95,2,1,1467,3517
criva,1,3517,2026,1491,535,172,1,0,707,3517
orangepill,3,3513,2353,1160,1193,95,3,3,1288,3516
Iloldalot,6,3511,2346,1165,1181,62,5,5,1243,3516
spyralaniac,3,3513,2212,1301,911,50,3,3,961,3516
Venkuable,2,3513,2002,1511,491,552,2,2,1043,3515
radler470,9,3508,2580,928,1652,60,6,6,1712,3514
cobyy,1,3511,2040,1471,569,74,1,1,643,3512
FredWampy,1,3510,2165,1345,820,194,1,0,1014,3510
oza98,1,3510,2136,1374,762,207,1,0,969,3510
ramynoodles,1,3510,2103,1407,696,29,1,0,725,3510
Mousi,3,3509,2200,1309,891,188,3,0,1079,3509
hammerhead33065,2,3507,2231,1276,955,58,2,2,1013,3509
addything,1,3507,2170,1337,833,35,1,1,868,3508
godzillab10,3,3505,2088,1417,671,186,1,2,857,3507
Zmarsh55555,1,3506,2048,1458,590,167,1,1,757,3507
lucasavancini,9,3498,2344,1154,1190,67,8,7,1257,3505
110110,2,3503,2122,1381,741,157,2,2,898,3505
Iam_Thesame,5,3499,2379,1120,1259,139,5,5,1398,3504
captpapaya,1,3502,2081,1421,660,86,1,1,746,3503
midwestkel,1,3501,2527,974,1553,260,0,1,1813,3502
tyrell456,1,3501,2144,1357,787,142,1,1,929,3502
PepsiDude002,3,3499,2052,1447,605,38,3,3,643,3502
Spartan_84,2,3499,2377,1122,1255,101,2,1,1356,3500
Clamjamham,1,3499,2147,1352,795,31,1,0,826,3499
faggotree,9,3489,2710,779,1931,111,8,8,2042,3497
Wugglez,2,3497,2236,1261,975,82,1,0,1057,3497
theaaronp,2,3495,2014,1481,533,60,2,1,593,3496
WildWomanofWongo,1,3494,2012,1482,530,290,1,1,820,3495
zer0_grav1ty,1,3493,2332,1161,1171,42,1,1,1213,3494
doctorcameltoe,2,3492,2158,1334,824,62,2,2,886,3494
stalka,1,3493,2122,1371,751,64,1,1,815,3494
Ayoza,3,3490,2421,1069,1352,93,1,3,1445,3493
iamgaurav,1,3491,2162,1329,833,88,1,1,921,3492
WhatThePenis,1,3491,2139,1352,787,40,1,1,827,3492
samuel_smith327,4,3488,2130,1358,772,61,2,3,833,3491
nerdninja32,1,3491,2064,1427,637,57,1,0,694,3491
cranberrycocktail,1,3490,2371,1119,1252,26,1,0,1278,3490
leighannimal,1,3489,2102,1387,715,23,1,1,738,3490
blazzinitup,1,3488,2296,1192,1104,29,1,1,1133,3489
let_the_meats_rage,1,3488,2114,1374,740,227,1,1,967,3489
ibleedblu7,1,3488,2263,1225,1038,136,1,0,1174,3488
cocoloc231,1,3488,2025,1463,562,238,1,0,800,3488
uiet11,1,3486,1984,1502,482,35,1,1,517,3487
LadyMcGaha,1,3485,2360,1125,1235,18,1,1,1253,3486
localh81,3,3481,2252,1229,1023,130,2,3,1153,3484
vexxes,1,3482,2111,1371,740,26,1,1,766,3483
chadwickable,1,3482,1997,1485,512,35,1,1,547,3483
ndresser,1,3482,1989,1493,496,40,1,1,536,3483
-Tears-,2,3482,1939,1543,396,92,2,1,488,3483
avengingturnip,1,3480,2677,803,1874,336,1,1,2210,3481
jeyherman,3,3479,1986,1493,493,41,0,2,534,3481
elmasur,1,3478,2015,1463,552,40,1,1,592,3479
chairface87,1,3478,1976,1502,474,42,1,1,516,3479
nightwing2024,2,3476,2377,1099,1278,26,2,2,1304,3478
MidnightMastermind,2,3478,2269,1209,1060,23,2,0,1083,3478
Killkv,1,3476,2123,1353,770,50,1,1,820,3477
Whitewine,1,3476,2102,1374,728,37,1,1,765,3477
Mellyv,1,3476,2001,1475,526,54,1,1,580,3477
Cam0str1f3,1,3474,2368,1106,1262,84,1,1,1346,3475
Chrossler,1,3473,2089,1384,705,131,1,1,836,3474
cobalin,1,3470,2356,1114,1242,82,1,1,1324,3471
ZeGermanVon,4,3468,2046,1422,624,199,2,3,823,3471
youngsterjack,1,3469,2007,1462,545,51,1,1,596,3470
Bouncingkitteh69,5,3464,2216,1248,968,65,5,5,1033,3469
D_Hero_Reddit_Deserv,1,3468,2217,1251,966,38,1,1,1004,3469
coastermonger,2,3468,2098,1370,728,126,2,1,854,3469
TehSofaWolf,2,3467,1911,1556,355,36,2,2,391,3469
beyondcherryblossm,1,3467,2295,1172,1123,16,1,1,1139,3468
francostine,1,3468,2180,1288,892,52,1,0,944,3468
relaxotronix,1,3466,2152,1314,838,45,1,1,883,3467
seymourxxbutts,1,3466,1959,1507,452,57,1,1,509,3467
analrapecows,8,3458,2283,1175,1108,45,7,8,1153,3466
msem97,1,3465,2078,1387,691,39,1,1,730,3466
mllestrong,3,3462,2285,1177,1108,69,3,3,1177,3465
johnjohnson666,1,3464,2200,1264,936,213,1,1,1149,3465
RainbowBarfingToastr,1,3464,2220,1244,976,31,1,0,1007,3464
TakeoKuroda,2,3461,2632,829,1803,121,2,2,1924,3463
DarthMurdok,1,3462,2031,1431,600,96,1,1,696,3463
tralaklypse,2,3458,2288,1170,1118,50,2,2,1168,3460
ZeroOverkill,3,3458,2263,1195,1068,65,3,2,1133,3460
kcholmes24,1,3459,2124,1335,789,286,1,1,1075,3460
derpisto,1,3457,2175,1282,893,47,1,1,940,3458
xtreme_buffalo_wing,2,3455,2351,1104,1247,72,2,2,1319,3457
Brianne123,1,3456,2215,1241,974,132,1,1,1106,3457
theodore214,1,3456,2118,1338,780,255,1,1,1035,3457
HanukkahMonster,6,3452,2133,1319,814,78,6,5,892,3457
iRower,2,3455,2144,1311,833,49,2,2,882,3457
bri1232001,2,3455,2110,1345,765,121,1,1,886,3456
Gay4BillKaulitz,1,3450,2170,1280,890,41,1,1,931,3451
UseUrMind,1,3446,2235,1211,1024,55,1,1,1079,3447
votiv,1,3447,2019,1428,591,35,1,0,626,3447
Low-battery,1,3447,1883,1564,319,33,1,0,352,3447
dserbin,2,3444,2025,1419,606,31,2,1,637,3445
Venerac,1,3443,2026,1417,609,144,1,1,753,3444
brrumbumbum,1,3442,2219,1223,996,53,1,1,1049,3443
Wolfszeit,1,3441,2250,1191,1059,94,1,1,1153,3442
Bowzer27,1,3441,2003,1438,565,39,1,1,604,3442
GeneralMakaveli,1,3439,2109,1330,779,36,1,1,815,3440
ill_upvote_u,1,3439,2028,1411,617,29,1,1,646,3440
Snake973,1,3439,2003,1436,567,28,1,1,595,3440
theunpoet,1,3438,2175,1263,912,49,1,1,961,3439
nerfherder17,1,3437,2025,1412,613,27,1,1,640,3438
ElGaucho56,1,3437,2543,894,1649,111,1,0,1760,3437
TronCorleone,5,3432,2151,1281,870,58,5,5,928,3437
IceMaine,1,3436,2067,1369,698,57,1,1,755,3437
kingjames128,1,3436,2580,856,1724,568,1,0,2292,3436
puffknuckle,1,3436,1951,1485,466,76,1,0,542,3436
reptomin,2,3433,2463,970,1493,81,2,2,1574,3435
DarthGamer,3,3433,2330,1103,1227,52,2,2,1279,3435
kalas_critic,2,3433,2028,1405,623,43,2,2,666,3435
akproplayer,5,3428,2388,1040,1348,38,5,5,1386,3433
ladymolotov,2,3429,2049,1380,669,61,2,2,730,3431
tranxene,2,3429,2364,1065,1299,68,1,1,1367,3430
bbenxd3,1,3429,2018,1411,607,44,1,1,651,3430
maniacalxmatt,1,3428,2035,1393,642,230,1,1,872,3429
chokeonchocolate,1,3429,1960,1469,491,69,1,0,560,3429
seanconnery84,1,3427,2092,1335,757,27,1,1,784,3428
Bokhonon,2,3427,2729,698,2031,48,1,0,2079,3427
Zer0VoiD,1,3427,2224,1203,1021,109,1,0,1130,3427
lookwhatimade,1,3424,2055,1369,686,80,1,1,766,3425
phreakinpher,1,3424,2626,798,1828,159,1,0,1987,3424
captainhowdy27,1,3424,2067,1357,710,91,0,0,801,3424
Th3Verse,2,3421,2351,1070,1281,22,2,2,1303,3423
filthysavage,1,3419,1987,1432,555,49,1,1,604,3420
bottleface,2,3418,2460,958,1502,202,1,0,1704,3418
IKDISASTER,1,3417,2111,1306,805,32,1,1,837,3418
bbguineapig321,10,3408,2207,1201,1006,95,8,9,1101,3417
Fargo123,1,3416,2206,1210,996,50,1,1,1046,3417
ElGodzilla,2,3416,1980,1436,544,85,2,1,629,3417
HilarySmythe,2,3415,1942,1473,469,77,2,2,546,3417
oc80z,2,3414,2102,1312,790,20,2,1,810,3415
michaelchung,2,3413,2054,1359,695,36,1,2,731,3415
Caqtas,3,3412,2328,1084,1244,70,2,1,1314,3413
Murmaider,2,3413,2040,1373,667,302,2,0,969,3413
Heyheyheyabby135,6,3406,2127,1279,848,46,4,6,894,3412
gak94,1,3409,1973,1436,537,76,1,1,613,3410
munyx,2,3409,2169,1240,929,36,1,0,965,3409
Quade999,1,3408,2008,1400,608,190,1,1,798,3409
GRX13,10,3399,3014,385,2629,63,9,9,2692,3408
snopea55,2,3406,1891,1515,376,72,2,2,448,3408
Toonic,1,3407,1906,1501,405,36,1,1,441,3408
NewUploader1,1,3406,2001,1405,596,109,1,0,705,3406
Keenjellybean,1,3405,2124,1281,843,105,1,0,948,3405
Hyamez88,2,3402,2242,1160,1082,93,1,1,1175,3403
kevank,1,3402,1953,1449,504,93,1,1,597,3403
pickled_ginger,1,3401,2277,1124,1153,203,1,1,1356,3402
warriors_birth,5,3399,1933,1466,467,38,2,2,505,3401
gothicmaster,10,3391,2421,970,1451,142,4,9,1593,3400
ggskater,2,3398,2267,1131,1136,33,1,2,1169,3400
Smitty533,2,3397,2319,1078,1241,60,2,2,1301,3399
Nobutadas,2,3396,2048,1348,700,206,1,2,906,3398
whixer,1,3397,1968,1429,539,143,1,0,682,3397
U2PrideITNOL,1,3396,1865,1531,334,211,1,1,545,3397
Bert306,3,3394,2209,1185,1024,303,3,2,1327,3396
nimchip,1,3395,2136,1259,877,35,1,1,912,3396
thesweetbrag,1,3395,2127,1268,859,32,1,1,891,3396
n27k,2,3395,1975,1420,555,17,2,1,572,3396
guymandude,1,3395,1978,1417,561,180,1,0,741,3395
Harpy20,2,3392,1950,1442,508,131,2,2,639,3394
slenquist,2,3391,2120,1271,849,30,2,2,879,3393
RhapsodyAssassin,1,3392,1903,1489,414,19,1,1,433,3393
deathxom3n,2,3389,1970,1419,551,70,2,1,621,3390
Young_Zaphod,2,3386,2317,1069,1248,96,2,1,1344,3387
DeadStillWalk,4,3385,2170,1215,955,62,3,2,1017,3387
Aftertheraen,1,3385,2248,1137,1111,66,1,1,1177,3386
smithz12,4,3384,2044,1340,704,168,4,2,872,3386
InferiousX,2,3382,2270,1112,1158,61,2,2,1219,3384
tr0tsky,1,3383,2154,1229,925,60,1,1,985,3384
saguad,1,3382,2267,1115,1152,50,1,1,1202,3383
theGuatemalanYMCA,1,3381,2042,1339,703,81,1,1,784,3382
Cnhwaffle,2,3379,2430,949,1481,44,2,2,1525,3381
mitch__conner,2,3378,2052,1326,726,115,2,2,841,3380
megustalife,1,3379,2144,1235,909,290,1,0,1199,3379
Wiro8743,4,3375,2181,1194,987,43,1,4,1030,3379
Depetrify,1,3376,1937,1439,498,36,1,1,534,3377
corinmcblide,3,3374,2389,985,1404,85,3,2,1489,3376
laceupp,2,3371,2079,1292,787,58,2,2,845,3373
Budashlomp,1,3371,2367,1004,1363,39,1,1,1402,3372
firelordUK,6,3366,2280,1086,1194,141,6,6,1335,3372
SuperNava,1,3372,2058,1314,744,34,1,0,778,3372
remember_cassettes,1,3370,2034,1336,698,104,1,1,802,3371
Boozetraveler,4,3368,1901,1467,434,69,3,3,503,3371
hopeyouguessedmyname,2,3370,2157,1213,944,85,2,0,1029,3370
denim-chicken,1,3369,2054,1315,739,42,1,1,781,3370
rubiesforlouise,1,3369,2002,1367,635,101,1,1,736,3370
Chad_Chaddington,1,3368,1969,1399,570,63,1,1,633,3369
_zero,2,3366,2158,1208,950,29,2,2,979,3368
488gunned,1,3367,1923,1444,479,153,1,1,632,3368
Mikey-2-Guns,7,3363,2259,1104,1155,54,7,4,1209,3367
average_redditer,1,3366,2085,1281,804,25,1,1,829,3367
knarf,1,3366,2476,890,1586,244,1,0,1830,3366
Colonbruiser,4,3360,2472,888,1584,123,3,4,1707,3364
xtreme_edgez,1,3364,2044,1320,724,147,1,0,871,3364
brettit,2,3363,1819,1544,275,43,2,1,318,3364
Theycallmepicha,3,3360,2211,1149,1062,44,3,3,1106,3363
DeepCeli,1,3362,2167,1195,972,93,1,1,1065,3363
jam235,1,3362,2068,1294,774,21,1,1,795,3363
The_Caring_Banker,1,3361,2000,1361,639,29,1,1,668,3362
sarahkelly1,1,3360,2071,1289,782,34,1,0,816,3360
_karma_police,1,3359,2070,1289,781,27,1,1,808,3360
danzki,1,3359,1958,1401,557,77,1,1,634,3360
deathcab4booty,2,3357,2528,829,1699,181,2,1,1880,3358
cobaltcollapse,1,3357,2181,1176,1005,77,1,1,1082,3358
TheTombird,1,3357,2336,1021,1315,22,1,0,1337,3357
darthvato,7,3353,2120,1233,887,47,7,4,934,3357
gator2,1,3356,1976,1380,596,49,0,1,645,3357
NewSchoolers,1,3357,1895,1462,433,175,1,0,608,3357
ZorkmidSC,1,3356,2192,1164,1028,43,1,0,1071,3356
gabrie1sen,1,3355,2183,1172,1011,44,1,1,1055,3356
skeptichectic,1,3355,2027,1328,699,50,1,1,749,3356
sithmaster0,7,3350,2335,1015,1320,198,5,5,1518,3355
happytriggersrevolt9,2,3352,2016,1336,680,45,2,2,725,3354
blablabalbal,1,3352,1938,1414,524,66,1,1,590,3353
ApatheticPamp,1,3350,1958,1392,566,108,1,1,674,3351
RayRayKun3,3,3348,2179,1169,1010,88,3,2,1098,3350
InsertOneLiner,1,3346,1985,1361,624,178,1,1,802,3347
jugular24,1,3346,2045,1301,744,28,0,1,772,3347
chakalakasp,2,3345,2441,904,1537,547,2,1,2084,3346
MattDubbaU,1,3344,2309,1035,1274,38,0,1,1312,3345
Xtreme05,1,3345,2155,1190,965,25,1,0,990,3345
goodguys9,1,3344,2121,1223,898,86,1,1,984,3345
LotusBunny,1,3343,2330,1013,1317,95,1,1,1412,3344
voone,2,3343,2238,1105,1133,26,1,1,1159,3344
TheJavaPirate,2,3340,2073,1267,806,41,2,2,847,3342
LikeTheBaus,2,3339,2175,1164,1011,58,2,2,1069,3341
CrazyBones3,1,3340,2111,1229,882,78,1,1,960,3341
GeneralGPW,1,3340,2111,1229,882,23,1,1,905,3341
SideShowBob963,7,3333,2230,1103,1127,71,6,7,1198,3340
Yearley,1,3338,2340,998,1342,64,1,1,1406,3339
andrea1rp,1,3338,1972,1366,606,59,1,1,665,3339
klaatujoe,1,3338,1913,1425,488,75,1,1,563,3339
mrhatman,2,3336,2070,1266,804,27,2,2,831,3338
shotgunlewis,1,3338,1927,1411,516,46,1,0,562,3338
mrcarson2,1,3336,2607,729,1878,320,1,0,2198,3336
Marakasa,2,3332,2239,1093,1146,211,1,2,1357,3334
ThorBreakBeatGod,2,3332,2128,1204,924,27,2,2,951,3334
Jventure,1,3333,1896,1437,459,205,1,1,664,3334
speckzo,2,3332,2415,917,1498,255,1,0,1753,3332
gammarayzzz,6,3326,2409,917,1492,75,5,6,1567,3332
yeahyeahyeah777,1,3329,2107,1222,885,40,1,1,925,3330
pelican1,1,3329,2066,1263,803,78,1,1,881,3330
MarshmallowH,1,3327,2095,1232,863,58,1,0,921,3327
Vrgom20,1,3325,2030,1295,735,330,1,1,1065,3326
tswanbeast,3,3322,2328,994,1334,63,1,2,1397,3324
ZeOppositeOfProgress,5,3320,2123,1197,926,57,4,4,983,3324
staphosaurus,1,3323,2057,1266,791,84,1,1,875,3324
dirtythrowaway47,1,3320,2214,1106,1108,74,1,1,1182,3321
EverettWilliams,4,3318,2141,1177,964,84,4,3,1048,3321
soldierboi,3,3318,2053,1265,788,1006,3,1,1794,3319
boobharris,3,3314,2353,961,1392,84,3,3,1476,3317
dorkson0,2,3315,2002,1313,689,121,2,2,810,3317
Rad1030,1,3316,2199,1117,1082,40,1,0,1122,3316
beingmaximal,1,3313,2147,1166,981,43,0,1,1024,3314
randomt2000,1,3312,1916,1396,520,24,1,1,544,3313
Hans__Landa,1,3312,1931,1381,550,29,1,0,579,3312
magnan,1,3310,2311,999,1312,148,0,1,1460,3311
zoso4evr,1,3310,2015,1295,720,29,1,1,749,3311
FizzCrack,2,3309,2086,1223,863,67,2,1,930,3310
twistedfires,1,3308,1836,1472,364,35,1,1,399,3309
lapamiko,1,3308,2454,854,1600,31,1,0,1631,3308
Strangepowers,2,3307,2311,996,1315,37,2,1,1352,3308
spudcake,3,3304,2072,1232,840,155,3,3,995,3307
Pungaboy,1,3306,1952,1354,598,34,1,1,632,3307
Lefuf,1,3305,2058,1247,811,139,1,1,950,3306
BDKhXc,5,3300,2000,1300,700,35,5,5,735,3305
licoricesnocone,1,3299,1873,1426,447,20,1,1,467,3300
julesasner-dt,1,3296,2196,1100,1096,142,1,1,1238,3297
VonAether,1,3297,2078,1219,859,31,1,0,890,3297
pixievomit,7,3292,1950,1342,608,141,6,4,749,3296
FatGrover,2,3294,1748,1546,202,102,2,2,304,3296
imonfirex727,1,3294,2425,869,1556,112,1,0,1668,3294
Nathan_is_an_ass,2,3291,2150,1141,1009,84,2,2,1093,3293
NinjaSkillz810,1,3292,2246,1046,1200,48,1,0,1248,3292
reason78,1,3292,1969,1323,646,212,1,0,858,3292
Brony739,1,3290,2032,1258,774,47,1,1,821,3291
Ryugi,1,3290,1819,1471,348,36,1,0,384,3290
VeinyPickle,1,3288,2154,1134,1020,93,1,1,1113,3289
jabbid111,1,3289,1918,1371,547,134,1,0,681,3289
kevosnack,1,3287,2124,1163,961,35,1,1,996,3288
nanotom,1,3288,2041,1247,794,68,1,0,862,3288
archaevist,2,3284,2173,1111,1062,89,2,2,1151,3286
Aerokes,3,3281,1803,1478,325,296,3,3,621,3284
ProassASSin216,1,3282,1915,1367,548,100,0,1,648,3283
monkyjojo234,1,3281,2030,1251,779,108,1,1,887,3282
Eriksgata,2,3280,2127,1153,974,52,2,1,1026,3281
Slagathorrrr,4,3279,1977,1302,675,47,4,2,722,3281
vansebastian,2,3278,1953,1325,628,82,2,2,710,3280
abbykc72,1,3278,2137,1141,996,96,1,1,1092,3279
alliedshipyards,1,3278,2047,1231,816,240,0,1,1056,3279
mjavith,1,3278,2081,1197,884,23,1,1,907,3279
iamdogman,1,3278,1867,1411,456,102,1,1,558,3279
Jayrii,1,3277,1769,1508,261,25,1,1,286,3278
Crazysaxycool,2,3275,1926,1349,577,133,2,2,710,3277
everyother,1,3275,2140,1135,1005,20,1,1,1025,3276
der_toetz,2,3274,2063,1211,852,39,2,2,891,3276
xnerdyxrealistx,4,3271,2223,1048,1175,34,4,4,1209,3275
FireChrome,1,3273,1968,1305,663,209,1,1,872,3274
carnag3,2,3272,1843,1429,414,97,2,2,511,3274
pennyln12300,1,3272,2048,1224,824,41,1,0,865,3272
Ritterw,3,3268,2244,1024,1220,24,1,3,1244,3271
matty3f,1,3270,1790,1480,310,36,1,1,346,3271
jazzy2424,3,3267,2469,798,1671,56,2,3,1727,3270
ImaLamer,1,3268,2255,1013,1242,47,0,1,1289,3269
garamond10pt,1,3269,1912,1357,555,155,1,0,710,3269
KorgRue,1,3266,2270,996,1274,404,1,1,1678,3267
D_Lumps,1,3264,2178,1086,1092,22,1,1,1114,3265
lulzplzkthx,1,3265,1990,1275,715,137,1,0,852,3265
Cameroon62,1,3263,1989,1274,715,34,1,1,749,3264
Roxyandme9,1,3262,2218,1044,1174,92,1,1,1266,3263
dsibs,1,3262,1936,1326,610,49,1,1,659,3263
kflipz,1,3263,1922,1341,581,31,1,0,612,3263
Michael_Y,1,3262,2126,1136,990,24,1,0,1014,3262
hootsisnotdead,1,3260,2100,1160,940,41,1,1,981,3261
printernoob,1,3260,2213,1047,1166,26,1,0,1192,3260
Communistowl,3,3258,2097,1161,936,145,3,2,1081,3260
_____R_____,1,3259,1950,1309,641,188,1,1,829,3260
Fjellape,2,3257,2164,1093,1071,47,1,2,1118,3259
googlywoosh,1,3256,2205,1051,1154,75,1,0,1229,3256
chunkBallFairyCake,2,3255,2094,1161,933,123,2,1,1056,3256
Burninmules,1,3255,2092,1163,929,65,1,1,994,3256
TheForce,1,3254,1954,1300,654,72,1,1,726,3255
hemlockecho,1,3253,2161,1092,1069,43,1,0,1112,3253
heyyybeb69,3,3251,2137,1114,1023,51,3,2,1074,3253
emmakevin,6,3247,2036,1211,825,215,6,6,1040,3253
dabomatsoccere,2,3249,2268,981,1287,66,0,2,1353,3251
Fake_Batman,2,3249,2191,1058,1133,27,2,2,1160,3251
dmak1881,1,3251,2115,1136,979,49,1,0,1028,3251
norm1989,4,3248,2009,1239,770,137,4,3,907,3251
DrabbestGecko,5,3246,1906,1340,566,61,5,5,627,3251
raggzor,1,3248,1751,1497,254,24,1,1,278,3249
JmanRobot,2,3246,2275,971,1304,37,1,2,1341,3248
Rano_Its,1,3247,2050,1197,853,233,1,1,1086,3248
bulletbill23,2,3247,2032,1215,817,40,1,1,857,3248
J_Witmyer,4,3246,1914,1332,582,41,4,0,623,3246
Pebblesetc,1,3243,1994,1249,745,48,1,1,793,3244
Wonderjea,4,3240,2272,968,1304,37,4,3,1341,3243
ThyBeardedOne,1,3242,2228,1014,1214,81,1,1,1295,3243
ra01062,1,3242,2028,1214,814,32,1,1,846,3243
BossLife,1,3242,1987,1255,732,46,1,1,778,3243
voidoid,1,3242,1855,1387,468,85,0,1,553,3243
Suprah,3,3240,2453,787,1666,491,3,1,2157,3241
Lizonya2013,1,3241,2379,862,1517,57,1,0,1574,3241
danfnman,2,3239,1790,1449,341,133,2,2,474,3241
Dosakaru,1,3239,1947,1292,655,36,1,1,691,3240
abreaction,3,3236,2188,1048,1140,39,3,2,1179,3238
all_knowing_fish,2,3237,2053,1184,869,53,2,1,922,3238
LittleGreenLight,1,3236,2282,954,1328,44,0,1,1372,3237
mpohalloran8,1,3236,2024,1212,812,10,1,1,822,3237
Strictly-Rude,1,3236,1991,1245,746,17,1,1,763,3237
J-j-O,1,3236,2259,977,1282,123,1,0,1405,3236
kfreeman1324,1,3234,2127,1107,1020,59,1,1,1079,3235
comment_filibuster,1,3234,2091,1143,948,72,1,0,1020,3234
noeatnosleep,1,3232,2227,1005,1222,115,1,1,1337,3233
charliefunkie,1,3233,1942,1291,651,82,1,0,733,3233
The_Martian,3,3229,2267,962,1305,80,1,3,1385,3232
TexasDex,2,3230,2219,1011,1208,84,2,1,1292,3231
basketfullofkittens,1,3230,2046,1184,862,116,1,1,978,3231
fR3aK0225,1,3229,2108,1121,987,17,1,1,1004,3230
aznprd,1,3229,2026,1203,823,157,1,1,980,3230
Adventuremormon,3,3226,2175,1051,1124,55,2,3,1179,3229
wanderlustabound,2,3229,1948,1281,667,139,2,0,806,3229
Dgauthier17,2,3227,1941,1286,655,50,2,2,705,3229
goodfellaz23,2,3225,2215,1010,1205,93,2,2,1298,3227
Goochiman,4,3225,1792,1433,359,251,4,2,610,3227
daginith,3,3222,2028,1194,834,36,2,3,870,3225
bicycle_tattoo,1,3223,2241,982,1259,61,1,1,1320,3224
garfzombie,2,3220,2139,1081,1058,21,1,2,1079,3222
SimplyLiam,1,3221,1975,1246,729,150,1,1,879,3222
Krionis,1,3219,2009,1210,799,23,1,0,822,3219
JakeTheDinosaur,1,3218,1937,1281,656,128,1,1,784,3219
oistupify,1,3214,2067,1147,920,49,1,1,969,3215
dlev0119,3,3212,1856,1356,500,140,2,3,640,3215
iPodLurker,2,3212,2226,986,1240,25,2,2,1265,3214
hoosiermama54,4,3210,2179,1031,1148,74,3,3,1222,3213
bornagainredditor,1,3212,2025,1187,838,103,1,1,941,3213
pumpkinhooker,1,3211,1917,1294,623,95,1,1,718,3212
Eli2424,1,3210,1845,1365,480,100,1,0,580,3210
cleansanchez,1,3210,1810,1400,410,114,1,0,524,3210
Caturday_Yet,3,3208,2005,1203,802,63,2,1,865,3209
Ness4114,2,3205,1984,1221,763,39,1,2,802,3207
cyclegirl,2,3203,2013,1190,823,38,1,2,861,3205
iGhandi,2,3202,2167,1035,1132,57,2,2,1189,3204
Typrix,1,3203,1716,1487,229,85,1,1,314,3204
SecularMontaigne,3,3201,1944,1257,687,74,3,2,761,3203
AngryPenguin937,1,3201,2152,1049,1103,52,1,1,1155,3202
cagesandalarms257,2,3200,2113,1087,1026,43,2,2,1069,3202
Flackintosh,1,3201,1977,1224,753,31,1,0,784,3201
bardobeing,1,3200,1941,1259,682,30,1,1,712,3201
Mc_mcdawg,2,3200,1884,1316,568,27,2,1,595,3201
awersF,1,3198,2346,852,1494,111,1,1,1605,3199
MrMojoRisin5211,1,3196,2031,1165,866,29,1,1,895,3197
SLDeviant,2,3195,2308,887,1421,260,2,1,1681,3196
bnj7146,8,3188,2294,894,1400,84,8,8,1484,3196
Huntress_0161,1,3195,2086,1109,977,32,1,1,1009,3196
Carnie123,1,3194,2080,1114,966,30,1,1,996,3195
DrHilarity,1,3193,2455,738,1717,146,1,1,1863,3194
HowsTricksMurphy,3,3191,2001,1190,811,178,3,3,989,3194
Hackiedit,2,3193,1866,1327,539,50,2,1,589,3194
fieldsofgreen,2,3192,2058,1134,924,212,2,0,1136,3192
Heisenburg,2,3192,1825,1367,458,50,2,0,508,3192
charangutan,1,3190,2116,1074,1042,61,1,1,1103,3191
zxn0,1,3190,2499,691,1808,152,1,0,1960,3190
Sexual_Lettuce,1,3190,2371,819,1552,18,1,0,1570,3190
KamikaR,1,3190,1799,1391,408,39,1,0,447,3190
EunByuL,1,3188,1941,1247,694,19,1,0,713,3188
Monty_Moose,1,3185,2055,1130,925,60,1,1,985,3186
PuReCrAzYZx,1,3185,1983,1202,781,51,1,1,832,3186
MurraMurra,1,3184,2071,1113,958,34,0,1,992,3185
Squezme,1,3183,2135,1048,1087,80,1,1,1167,3184
AtTheLeftThere,1,3183,1808,1375,433,93,1,1,526,3184
y2kemo,2,3182,1888,1294,594,96,2,0,690,3182
Look_over_yonder,2,3179,2145,1034,1111,24,1,2,1135,3181
GnawXir,6,3173,1998,1175,823,120,6,6,943,3179
craddical,1,3177,1957,1220,737,40,1,1,777,3178
tripleplayj,5,3172,2158,1014,1144,40,3,5,1184,3177
iFlick,1,3177,2039,1138,901,160,1,0,1061,3177
Iceblood,2,3175,1902,1273,629,53,1,2,682,3177
readdito,1,3175,2209,966,1243,51,1,0,1294,3175
schmidt815,1,3174,2032,1142,890,59,0,1,949,3175
robbace,1,3175,1853,1322,531,24,1,0,555,3175
lanedr,5,3169,1909,1260,649,333,4,5,982,3174
BranDetter,2,3173,1973,1200,773,70,2,1,843,3174
cheesegreyter,1,3172,1989,1183,806,253,1,1,1059,3173
NunyaBisnus,1,3173,1967,1206,761,20,1,0,781,3173
lizbot10,1,3172,1866,1306,560,65,1,0,625,3172
ChrisBarnick,2,3170,1810,1360,450,112,2,2,562,3172
alreadytakenusername,2,3169,2298,871,1427,37,2,2,1464,3171
some_weird_guy,1,3170,2105,1065,1040,48,1,1,1088,3171
seaberger,1,3171,1981,1190,791,64,1,0,855,3171
muji1,1,3170,1888,1282,606,227,1,1,833,3171
IHaveKarma1,1,3169,1928,1241,687,66,1,1,753,3170
nihc,1,3169,1900,1269,631,53,1,1,684,3170
MiloMuggins,2,3167,2074,1093,981,88,1,2,1069,3169
skeen9,2,3167,2224,943,1281,27,2,1,1308,3168
rawdikrik,1,3167,2180,987,1193,84,1,1,1277,3168
stampyourfoot,1,3167,2108,1059,1049,23,1,1,1072,3168
mercyinyou,1,3167,1976,1191,785,115,1,1,900,3168
Guanren,4,3163,2027,1136,891,43,4,4,934,3167
uparrow,1,3167,1936,1231,705,133,1,0,838,3167
Crappy_C418,2,3165,2262,903,1359,17,0,1,1376,3166
samiam25,1,3166,2014,1152,862,241,1,0,1103,3166
WheresMyRamen,1,3163,1923,1240,683,65,1,1,748,3164
greenbowl,5,3162,1789,1373,416,59,1,2,475,3164
doktormandrake,3,3160,1761,1399,362,38,3,3,400,3163
Arve,1,3160,2235,925,1310,335,0,1,1645,3161
TarvuPride,1,3160,1991,1169,822,36,1,1,858,3161
dias954,1,3161,1939,1222,717,135,1,0,852,3161
WarriorNerd,1,3161,1887,1274,613,73,1,0,686,3161
jmal13,2,3159,1849,1310,539,90,2,2,629,3161
chipnico,1,3161,1802,1359,443,29,1,0,472,3161
J_Diz_My_Kiz,1,3159,2193,966,1227,134,0,1,1361,3160
psyki,2,3156,2111,1045,1066,131,2,2,1197,3158
teags,3,3155,2021,1134,887,187,3,3,1074,3158
jrk08004,1,3157,1904,1253,651,36,1,1,687,3158
Primat,1,3157,2066,1091,975,38,1,0,1013,3157
DudeManSir,2,3155,2011,1144,867,45,2,2,912,3157
ptaitt,1,3156,1836,1320,516,30,1,1,546,3157
besterestest,1,3155,2019,1136,883,18,1,1,901,3156
pootsforever,3,3153,1979,1174,805,15,3,3,820,3156
KookaburraDoTheHaka,2,3154,1843,1311,532,45,0,2,577,3156
discobobbles,1,3155,1759,1396,363,44,1,1,407,3156
TheNickOswald,1,3154,2267,887,1380,46,0,1,1426,3155
scaryuncledevin,1,3152,1717,1435,282,81,1,1,363,3153
HCM4,2,3150,1896,1254,642,47,2,2,689,3152
leavenworth,1,3152,1862,1290,572,80,1,0,652,3152
THEFALLENANGEL,1,3150,2026,1124,902,52,1,1,954,3151
photo238,2,3149,1924,1225,699,86,2,2,785,3151
brauntosaur,5,3145,2181,964,1217,105,5,5,1322,3150
Still_made_sense,2,3148,1785,1363,422,101,1,2,523,3150
airbrat,10,3139,2037,1102,935,68,8,10,1003,3149
slapadabass,1,3148,1865,1283,582,60,1,1,642,3149
Roelade,1,3147,2119,1028,1091,37,1,1,1128,3148
desitexan,3,3145,2415,730,1685,246,1,2,1931,3147
MMizzle9,1,3146,2026,1120,906,35,1,1,941,3147
i_love_younicorns,3,3142,2092,1050,1042,61,3,3,1103,3145
spilledcheerio,2,3142,2059,1083,976,56,2,2,1032,3144
goldenguyz,4,3141,1976,1165,811,53,2,3,864,3144
Instant_Awesome,1,3143,1932,1211,721,71,1,1,792,3144
Magic_is_the_answer,1,3143,1888,1255,633,44,1,1,677,3144
orsonscott,1,3143,2200,943,1257,279,1,0,1536,3143
Purdle,5,3139,2210,929,1281,27,2,3,1308,3142
5hot6un,2,3140,2008,1132,876,70,2,1,946,3141
SkinnyMeanMan,3,3138,1906,1232,674,88,3,3,762,3141
13853211,1,3139,1897,1242,655,28,1,1,683,3140
DoctorNose,2,3139,1765,1374,391,97,2,1,488,3140
onfia,2,3138,1953,1185,768,87,2,1,855,3139
IdeaMarauder,1,3135,2064,1071,993,89,1,1,1082,3136
Difrat,3,3133,2052,1081,971,50,3,3,1021,3136
jdrucker,2,3136,1992,1144,848,86,2,0,934,3136
AdjustableTableLamp,2,3136,1999,1137,862,33,1,0,895,3136
tbnot,1,3133,1873,1260,613,198,1,1,811,3134
Kfitz5,1,3133,1791,1342,449,181,1,1,630,3134
copyranter,5,3132,2288,844,1444,54,5,1,1498,3133
donutorium,1,3132,1773,1359,414,25,1,1,439,3133
killthehighcourts,1,3130,2289,841,1448,30,1,1,1478,3131
FOX_newbs,1,3130,1936,1194,742,35,1,1,777,3131
Jesterfellah,2,3127,2010,1117,893,78,2,2,971,3129
googletrickedme,1,3128,2730,398,2332,318,1,0,2650,3128
sellyourcomputer,1,3128,2282,846,1436,26,1,0,1462,3128
jordanj425,1,3127,2023,1104,919,33,1,1,952,3128
cqlivingston,1,3127,1950,1177,773,22,1,1,795,3128
HardFlaccid,1,3127,1927,1200,727,26,1,1,753,3128
Hu_dat,3,3126,2080,1046,1034,75,1,1,1109,3127
SaintJimmyNDR,1,3124,2011,1113,898,50,1,1,948,3125
funkydonuts,4,3121,2006,1115,891,41,2,4,932,3125
IS_THIS_ONE_TAKEN,1,3124,1960,1164,796,57,1,1,853,3125
article134,4,3121,2104,1017,1087,104,4,3,1191,3124
jj3351,1,3123,1740,1383,357,29,1,1,386,3124
ComancheCorps,1,3122,1919,1203,716,44,1,1,760,3123
LunchpaiI,1,3121,1973,1148,825,313,0,1,1138,3122
omlettehead,2,3120,1952,1168,784,105,1,1,889,3121
thongerrr,1,3118,2023,1095,928,125,1,1,1053,3119
seventoes,1,3118,1820,1298,522,72,1,1,594,3119
feel_the_burns,3,3115,2284,831,1453,82,2,3,1535,3118
ricosito,1,3116,1893,1223,670,42,1,0,712,3116
justjwl,1,3115,1842,1273,569,68,1,1,637,3116
Quaris,1,3115,1679,1436,243,46,1,1,289,3116
DerpStains,1,3113,1922,1191,731,59,1,1,790,3114
LilBon,1,3113,1875,1238,637,28,1,1,665,3114
MBreezy1983,1,3112,2130,982,1148,64,1,1,1212,3113
WideLight,1,3112,1979,1133,846,17,1,1,863,3113
coolkid1717,1,3112,1776,1336,440,132,1,0,572,3112
squishy0071,4,3109,2387,722,1665,103,4,2,1768,3111
blinkergoesleft,9,3100,2604,496,2108,74,6,9,2182,3109
maximeproficere,1,3107,1756,1351,405,19,1,1,424,3108
BabblingCrap,1,3103,2128,975,1153,53,1,1,1206,3104
Pizanch,6,3098,2156,942,1214,55,4,5,1269,3103
Mamimi,1,3100,1755,1345,410,54,1,1,464,3101
ClutchPapi34,2,3098,2049,1049,1000,45,2,2,1045,3100
But_Wait_Theres_More,1,3099,2243,856,1387,95,1,0,1482,3099
deafrave,1,3099,1931,1168,763,83,1,0,846,3099
gheost,3,3096,1826,1270,556,44,2,3,600,3099
Att67,1,3097,1857,1240,617,144,0,1,761,3098
Tim_Drake_Wayne,1,3096,2028,1068,960,166,1,1,1126,3097
Jamingo,1,3096,1629,1467,162,66,1,1,228,3097
mel4nch0ly,1,3094,1776,1318,458,30,1,1,488,3095
talarys,1,3091,1760,1331,429,23,1,1,452,3092
bobdisgea,1,3091,1799,1292,507,133,1,0,640,3091
oscarius,1,3089,1972,1117,855,105,1,1,960,3090
robwinnfield,1,3089,1874,1215,659,106,1,1,765,3090
trazeee,1,3089,1817,1272,545,60,1,1,605,3090
Ziroth,1,3088,2057,1031,1026,41,1,1,1067,3089
BluesSecret,3,3086,1978,1108,870,86,1,3,956,3089
SiestaTaco,1,3086,1949,1137,812,119,1,1,931,3087
ringolio,1,3086,1951,1135,816,85,1,1,901,3087
jimbokim,1,3084,1700,1384,316,49,1,1,365,3085
ConservativeSpin,1,3082,2204,878,1326,383,1,1,1709,3083
Stoklahoma,1,3082,2197,885,1312,85,0,1,1397,3083
zerot_,1,3082,1966,1116,850,61,1,1,911,3083
crabcaek,1,3081,1909,1172,737,227,1,1,964,3082
tysstang,7,3075,1993,1082,911,97,6,6,1008,3081
killer_beez_kneez,1,3078,1983,1095,888,109,1,1,997,3079
Liberadots,2,3075,2245,830,1415,50,1,2,1465,3077
MrFredRogers,1,3074,1949,1125,824,67,1,1,891,3075
dlogan3344,2,3074,1906,1168,738,31,2,1,769,3075
petay,1,3072,1735,1337,398,54,1,0,452,3072
haosultist,1,3071,1834,1237,597,88,1,0,685,3071
nomalas,1,3070,2014,1056,958,67,1,0,1025,3070
idlecommentary,1,3067,1923,1144,779,43,1,1,822,3068
saikai94,1,3067,1927,1140,787,29,1,1,816,3068
cabojay,1,3067,1915,1152,763,47,1,1,810,3068
ThisOpenFist,1,3066,1980,1086,894,80,1,1,974,3067
JmanndaBoss,8,3058,2075,983,1092,98,3,8,1190,3066
drn8,1,3065,1957,1108,849,97,1,1,946,3066
Hitthelights,1,3064,2062,1002,1060,39,1,1,1099,3065
PlasmaWarrior,1,3064,1994,1070,924,59,1,1,983,3065
drew_davis2525,4,3062,1967,1095,872,91,4,2,963,3064
Trick920,4,3060,2273,787,1486,47,4,3,1533,3063
benkahn,1,3061,2046,1015,1031,23,1,1,1054,3062
SnazzyNannersz,2,3059,2154,905,1249,66,2,2,1315,3061
hbsecurity,1,3060,1849,1211,638,89,1,1,727,3061
ihaveathumb,1,3060,1726,1334,392,48,1,1,440,3061
CrazedRedditor,3,3057,2199,858,1341,119,1,3,1460,3060
dhamster,1,3060,2154,906,1248,41,1,0,1289,3060
we87f9,1,3058,2044,1014,1030,16,1,1,1046,3059
100110,4,3056,1963,1093,870,34,4,3,904,3059
TexasWarbear,1,3057,1836,1221,615,29,1,1,644,3058
Sharkson,5,3051,1804,1247,557,92,4,5,649,3056
PatBabyParty,2,3053,1885,1168,717,93,2,2,810,3055
Colbert_bump,1,3054,1925,1129,796,14,1,1,810,3055
CheezyMoon,3,3050,2006,1044,962,33,1,3,995,3053
crowhurst,1,3052,2071,981,1090,184,1,0,1274,3052
a9u1tar1st,1,3050,1719,1331,388,43,1,1,431,3051
womanofawesomeness,1,3049,1967,1082,885,192,1,1,1077,3050
EtchSketch,3,3049,1794,1255,539,168,3,1,707,3050
Ken_ny,1,3049,1720,1329,391,57,1,1,448,3050
weightliftin4life,1,3047,1937,1110,827,68,1,1,895,3048
iSkane,2,3046,1754,1292,462,31,2,1,493,3047
Some_Guy_Running,3,3044,2056,988,1068,18,2,2,1086,3046
mitchellele,1,3044,2276,768,1508,33,0,1,1541,3045
grimeygimley,2,3045,1852,1193,659,50,2,0,709,3045
yomyex,2,3042,1829,1213,616,51,2,2,667,3044
Peglow25,2,3040,2055,985,1070,47,2,2,1117,3042
thefatclick,2,3040,2068,972,1096,26,2,1,1122,3041
footfall,1,3040,1805,1235,570,31,1,1,601,3041
DTMFA,1,3040,1739,1301,438,80,1,1,518,3041
nxs,2,3040,1765,1275,490,62,2,0,552,3040
opi,1,3038,2189,849,1340,51,1,1,1391,3039
aamanderp,2,3037,1852,1185,667,37,2,1,704,3038
RaggedClown,1,3035,2052,983,1069,32,1,1,1101,3036
HalFWit,2,3033,1947,1086,861,157,1,1,1018,3034
tandori,3,3030,2036,994,1042,90,1,3,1132,3033
little_pointe,1,3033,1869,1164,705,18,1,0,723,3033
derpinmarine,2,3030,2120,910,1210,133,2,2,1343,3032
alexv0593,3,3031,2071,960,1111,85,2,1,1196,3032
MECANTSPELL,1,3031,2086,945,1141,40,1,1,1181,3032
jcooke5,4,3029,1790,1239,551,116,4,3,667,3032
ofinny,1,3029,2237,792,1445,74,0,1,1519,3030
iSteve,1,3029,1700,1329,371,138,1,1,509,3030
aerotem,2,3026,1903,1123,780,80,2,2,860,3028
yaroslaw,1,3028,1751,1277,474,116,1,0,590,3028
clockwisecarrot,1,3027,1768,1259,509,27,1,1,536,3028
Detuned-Radio,1,3026,2066,960,1106,78,1,0,1184,3026
AchMeinGott,1,3025,1799,1226,573,100,1,1,673,3026
ChiefJoboo,2,3024,1780,1244,536,53,2,2,589,3026
ThisIsWhatImHereFor,1,3024,2176,848,1328,19,1,1,1347,3025
Itsbilloreilly,1,3024,1747,1277,470,142,1,1,612,3025
IngloriousBarrister,1,3023,1815,1208,607,143,1,1,750,3024
redditonian,1,3024,1713,1311,402,60,1,0,462,3024
DannyOcean148,1,3022,1939,1083,856,25,1,1,881,3023
Eatmewhileim,2,3021,1913,1108,805,64,2,2,869,3023
unoquadium,1,3023,1751,1272,479,29,1,0,508,3023
AmoralRelativist,1,3020,2125,895,1230,136,1,0,1366,3020
WobbleWobbleWobble,6,3014,1873,1141,732,9,3,6,741,3020
Aquagoat,1,3020,1748,1272,476,38,1,0,514,3020
Apricorns,1,3017,2136,881,1255,40,0,1,1295,3018
wh0-dafuq,3,3015,2018,997,1021,26,3,3,1047,3018
HellsChosen,3,3015,1876,1139,737,44,3,3,781,3018
Enklave,1,3014,2006,1008,998,18,1,1,1016,3015
reiv,1,3014,2145,869,1276,123,1,0,1399,3014
blackwidowk758,1,3013,1935,1078,857,108,1,1,965,3014
kpingvin,1,3011,2110,901,1209,45,1,1,1254,3012
oddfuture445,2,3011,1791,1220,571,222,2,1,793,3012
salararary,1,3010,2190,820,1370,42,1,1,1412,3011
lucidlinux,4,3007,1997,1010,987,55,3,4,1042,3011
Epifibson,1,3008,2094,914,1180,252,1,1,1432,3009
BananaPowder,1,3008,1907,1101,806,26,1,1,832,3009
pineappleespresso,1,3006,1931,1075,856,264,1,0,1120,3006
Versipellis,1,3005,1980,1025,955,21,1,0,976,3005
dangerm0use,1,3002,1962,1040,922,27,1,1,949,3003
seeminglygood,1,3002,2265,737,1528,17,1,0,1545,3002
Gruffs,3,3000,1879,1121,758,59,2,2,817,3002
Chaquator,1,3000,1983,1017,966,26,1,1,992,3001
theGreatBlar,1,3000,1686,1314,372,28,1,1,400,3001
synspark,4,2995,2515,480,2035,455,4,4,2490,2999
varietygamer,1,2999,2397,602,1795,62,1,0,1857,2999
Aldesso,1,2998,2046,952,1094,56,0,1,1150,2999
theunknown98,1,2998,1781,1217,564,81,1,1,645,2999
Bean88,1,2997,1861,1136,725,63,1,1,788,2998
RobbieD456,2,2994,1864,1130,734,17,2,2,751,2996
AeroVelo,2,2991,2017,974,1043,19,1,1,1062,2992
RyanMc,1,2991,1954,1037,917,10,1,1,927,2992
vectorix108,1,2992,1734,1258,476,70,1,0,546,2992
ajs2295,2,2988,1985,1003,982,129,0,2,1111,2990
CharlieHustle,4,2987,1974,1013,961,146,3,3,1107,2990
pputkowski,2,2988,1690,1298,392,102,2,1,494,2989
Foofan93,2,2987,1784,1203,581,98,2,1,679,2988
christinefrances,2,2986,1735,1251,484,84,2,2,568,2988
bosse,5,2982,2188,794,1394,353,5,5,1747,2987
Dekodev,1,2987,2041,946,1095,59,1,0,1154,2987
_kwaznizzle,3,2984,2024,960,1064,66,0,3,1130,2987
sailor_m,1,2984,1690,1294,396,31,1,1,427,2985
Rlight,1,2984,1590,1394,196,85,1,1,281,2985
YourACoolGuy,1,2982,1856,1126,730,106,1,1,836,2983
player_zero_,1,2980,2186,794,1392,103,1,1,1495,2981
Arian88,5,2977,2083,894,1189,66,5,4,1255,2981
Jonn0,1,2981,1774,1207,567,52,1,0,619,2981
muayguy,1,2979,1851,1128,723,74,1,0,797,2979
stinkybaby,1,2977,1930,1047,883,217,1,1,1100,2978
mistamanki,2,2977,1907,1070,837,56,2,1,893,2978
stephanodude,3,2974,1949,1025,924,37,3,3,961,2977
Gusthehonorable,1,2976,1802,1174,628,40,1,1,668,2977
MetaAnthro,4,2971,1949,1022,927,109,4,4,1036,2975
tykeryerson,1,2975,1739,1236,503,39,1,0,542,2975
itsthesamebutbetter,1,2974,1705,1269,436,49,1,1,485,2975
Lam007,1,2973,1912,1061,851,114,0,1,965,2974
jc316,3,2970,2232,738,1494,58,3,2,1552,2972
jfortier777,1,2971,1850,1121,729,127,1,1,856,2972
pinbecker,1,2970,1809,1161,648,60,1,1,708,2971
lexxor,1,2969,2076,893,1183,7,1,1,1190,2970
Ipskies,1,2969,1985,984,1001,21,0,1,1022,2970
Solsbury,1,2968,1689,1279,410,156,1,1,566,2969
shre22er,8,2960,2154,806,1348,92,6,8,1440,2968
cheogh,1,2968,1996,972,1024,16,1,0,1040,2968
BioGenx2b,5,2961,2012,949,1063,63,4,5,1126,2966
quantum_tunneler,1,2964,2008,956,1052,33,0,1,1085,2965
Rigeth,1,2964,1863,1101,762,168,1,1,930,2965
KezzaPwNz,1,2964,1825,1139,686,100,1,1,786,2965
Hybrizzle,1,2964,1877,1087,790,166,1,0,956,2964
popittoto,2,2963,1810,1153,657,65,2,1,722,2964
Mx-yz-pt-lk,3,2960,2062,898,1164,79,3,3,1243,2963
Poofengle,1,2962,1853,1109,744,83,1,1,827,2963
Zeppelanoid,1,2962,1736,1226,510,112,1,0,622,2962
Baillad,3,2958,1825,1133,692,33,3,3,725,2961
callmenighthawk,1,2959,1982,977,1005,102,1,1,1107,2960
ILaughAtFunnyShit,2,2958,1893,1065,828,79,2,2,907,2960
King_Repost,2,2957,2044,913,1131,52,2,2,1183,2959
Snapples2992,2,2958,1706,1252,454,111,2,1,565,2959
Shovelmenuggets,1,2957,1817,1140,677,40,1,1,717,2958
Hekki27,9,2946,1958,988,970,119,7,9,1089,2955
buhnannuh,1,2954,1623,1331,292,31,1,1,323,2955
erryday_IAm_rustling,12,2943,2497,446,2051,46,9,11,2097,2954
CobraStallone,1,2950,1755,1195,560,25,1,1,585,2951
Kaldeth,1,2950,1964,986,978,43,1,0,1021,2950
thenarrarator,3,2948,1792,1156,636,42,3,2,678,2950
Kleptis,1,2949,1725,1224,501,47,1,1,548,2950
Piemorgan,13,2941,1920,1021,899,87,13,8,986,2949
jdmurrayz,1,2948,1809,1139,670,42,1,1,712,2949
aphextom9,1,2948,1760,1188,572,14,1,1,586,2949
omfgitsmarv,1,2947,1697,1250,447,33,1,1,480,2948
Billy_Bongs,1,2946,2270,676,1594,20,1,1,1614,2947
StokeC16,1,2946,1910,1036,874,26,1,1,900,2947
derekkered37,5,2944,1981,963,1018,56,4,2,1074,2946
deathbyshotgun,2,2945,1910,1035,875,221,2,0,1096,2945
mushyz,2,2944,1845,1099,746,70,2,1,816,2945
scythe578,1,2944,1818,1126,692,48,1,1,740,2945
WompyWomperton,1,2944,1687,1257,430,28,1,1,458,2945
Alanna_the_troll,2,2942,1986,956,1030,83,1,2,1113,2944
samuraimonster,1,2944,1743,1201,542,59,1,0,601,2944
IchabodBrain,6,2939,2006,933,1073,88,6,4,1161,2943
jstfly,2,2941,1743,1198,545,167,2,2,712,2943
jack_theidiotdunce,1,2942,2020,922,1098,37,1,0,1135,2942
KissMeAlice,1,2939,1800,1139,661,42,1,1,703,2940
taylorguitar13,5,2934,1990,944,1046,112,5,5,1158,2939
pooticus,7,2933,1928,1005,923,52,4,6,975,2939
GrammarNaziTarget,1,2937,1748,1189,559,68,1,1,627,2938
Biggg_D21,5,2932,2066,866,1200,55,5,5,1255,2937
sokrateez,2,2935,1835,1100,735,53,2,2,788,2937
christianabiera,1,2936,1708,1228,480,29,1,1,509,2937
Darth2132,3,2932,2112,820,1292,59,1,3,1351,2935
taxi_driver,3,2932,1963,969,994,30,3,2,1024,2934
CaptComplacency,1,2934,1745,1189,556,78,1,0,634,2934
ThankYouDevil,1,2930,1939,991,948,101,1,1,1049,2931
HansBerger,2,2926,2087,839,1248,30,1,2,1278,2928
iglidante,4,2922,1857,1065,792,70,4,4,862,2926
I_POTATO_PEOPLE,2,2924,1710,1214,496,34,2,2,530,2926
Treadlong,1,2919,2122,797,1325,22,0,1,1347,2920
bkspitz,1,2919,1829,1090,739,127,1,1,866,2920
Moonman13,1,2918,1615,1303,312,24,1,1,336,2919
SwiftyButtons,2,2916,2127,789,1338,42,1,1,1380,2917
acg706,1,2917,1915,1002,913,171,1,0,1084,2917
Tyler114,1,2916,1862,1054,808,93,1,1,901,2917
Lilred10195,2,2913,1824,1089,735,21,2,2,756,2915
L0rdenglish,2,2912,1915,997,918,29,2,2,947,2914
thelaundrymatt,1,2914,1646,1268,378,272,1,0,650,2914
MrTFlow,1,2912,1946,966,980,40,1,1,1020,2913
NDBeans929,1,2911,1897,1014,883,43,1,1,926,2912
DonkeyBallSlap,3,2908,2075,833,1242,232,3,3,1474,2911
Rations,2,2909,1873,1036,837,57,1,2,894,2911
zynna-lynn,1,2909,1866,1043,823,105,1,1,928,2910
omaknight,2,2907,2153,754,1399,110,2,1,1509,2908
KokiKun,3,2904,1931,973,958,59,3,3,1017,2907
Obscure_Pun,1,2906,1845,1061,784,47,1,1,831,2907
MattM88,1,2905,1805,1100,705,18,1,1,723,2906
ninjaboy333,1,2905,1672,1233,439,50,1,1,489,2906
jiglesworth,1,2906,1663,1243,420,36,1,0,456,2906
Apc204,2,2902,1896,1006,890,54,2,2,944,2904
NCRtom,1,2903,1597,1306,291,39,1,1,330,2904
ifpeoplecouldtalk,1,2902,2027,875,1152,24,1,1,1176,2903
bigbossodin,1,2900,2227,673,1554,113,1,1,1667,2901
duimstra-the-troll,1,2900,1942,958,984,238,1,1,1222,2901
TheMagicJohnson,1,2900,1961,939,1022,188,0,1,1210,2901
NicoleAmina,2,2897,1958,939,1019,310,2,2,1329,2899
DolphinDaddy,1,2898,1915,983,932,70,1,1,1002,2899
soujaswan,1,2896,2047,849,1198,35,1,1,1233,2897
ponking3,1,2895,2124,771,1353,41,1,0,1394,2895
Glittercrumb,1,2894,2070,824,1246,52,1,0,1298,2894
LoyalTillTheEnd,1,2893,1937,956,981,24,1,1,1005,2894
postanalytical,1,2893,1735,1158,577,153,1,1,730,2894
Sladerr,1,2893,1653,1240,413,94,1,1,507,2894
ConorMaximus,1,2892,1961,931,1030,36,1,1,1066,2893
Dark_Rain_Cloud,1,2892,1829,1063,766,29,1,0,795,2892
petsounds94,4,2887,1916,971,945,71,3,4,1016,2891
jrey02,2,2889,1839,1050,789,47,2,2,836,2891
XIIIm,3,2887,2043,844,1199,106,3,3,1305,2890
youguysarefaget,2,2889,2025,864,1161,98,2,1,1259,2890
subourbon,2,2889,1754,1135,619,77,2,1,696,2890
charcoalchicken,1,2889,1684,1205,479,100,1,1,579,2890
Rationalwoman,2,2886,2193,693,1500,27,2,2,1527,2888
rosedale_crooner,1,2887,1864,1023,841,120,1,1,961,2888
Shanesan,2,2886,1887,999,888,34,2,2,922,2888
jqrd4n,1,2885,1519,1366,153,48,1,1,201,2886
eriotak,1,2884,1848,1036,812,50,1,1,862,2885
Milkshaker74,4,2878,1932,946,986,238,4,4,1224,2882
FEAR-N-LOATHING,1,2881,1900,981,919,134,1,1,1053,2882
jmost2,1,2882,1628,1254,374,20,1,0,394,2882
Franhound,1,2880,2021,859,1162,247,1,1,1409,2881
kayakguy429,3,2879,1930,949,981,53,2,2,1034,2881
caj12377,1,2880,1662,1218,444,233,0,1,677,2881
Omigam,1,2879,1781,1098,683,102,1,1,785,2880
CatholicCommunist,1,2877,1785,1092,693,105,1,0,798,2877
int0xicunt,1,2875,1928,947,981,89,1,1,1070,2876
eddie0wnz,2,2874,1774,1100,674,270,2,2,944,2876
claybratt,1,2874,1929,945,984,292,1,1,1276,2875
ty9807,1,2873,1774,1099,675,39,0,1,714,2874
Randomeh,1,2873,1792,1081,711,120,1,0,831,2873
Katiebug99,2,2870,1796,1074,722,111,2,2,833,2872
Potato667,4,2866,1841,1025,816,36,3,3,852,2869
areallycoolguynamed_,1,2868,1572,1296,276,38,1,1,314,2869
byepolarbear,1,2867,1708,1159,549,38,1,0,587,2867
jeryharrison,2,2865,1583,1282,301,107,2,1,408,2866
cory906,1,2864,1822,1042,780,141,1,1,921,2865
chaosinus,2,2863,1853,1010,843,59,2,2,902,2865
Slightly_Durnk,1,2864,1572,1292,280,32,1,1,312,2865
Ariafel,1,2863,1971,892,1079,42,0,1,1121,2864
snouzer,2,2863,1737,1126,611,72,2,1,683,2864
lorddrune,1,2862,1927,935,992,142,1,1,1134,2863
reerunn,4,2861,1761,1100,661,253,4,2,914,2863
AustinQ,2,2860,1927,933,994,49,1,2,1043,2862
skyfire23,1,2860,1798,1062,736,66,1,1,802,2861
omnithrope,1,2860,1772,1088,684,87,1,1,771,2861
sahkuh,2,2858,2097,761,1336,36,2,2,1372,2860
Frootqloop,2,2858,2006,852,1154,41,1,2,1195,2860
AndreNickatina,1,2859,1869,990,879,48,0,1,927,2860
adamcolon,2,2858,1715,1143,572,28,2,2,600,2860
SynysterScene,2,2857,1822,1035,787,79,2,2,866,2859
two-gun-kid,1,2858,1778,1080,698,22,1,1,720,2859
daVirgi,2,2856,1742,1114,628,19,2,2,647,2858
rjavi0301,3,2854,2002,852,1150,112,1,3,1262,2857
zefiux,1,2855,1824,1031,793,32,0,1,825,2856
ThisIsDK,2,2851,1867,984,883,233,2,2,1116,2853
charlieisme,2,2850,1816,1034,782,91,2,2,873,2852
Wyngarden,1,2851,1773,1078,695,131,1,1,826,2852
bronyraur,2,2851,1626,1225,401,170,2,1,571,2852
CompleteN00B,1,2849,1895,954,941,556,1,1,1497,2850
heycheero,4,2844,1851,993,858,35,4,4,893,2848
Bobaghanoush,1,2847,1817,1030,787,63,1,1,850,2848
mooseymu,2,2846,1752,1094,658,48,2,2,706,2848
hrothgar_the_great,1,2847,1582,1265,317,75,1,1,392,2848
Stemleaf,1,2847,1832,1015,817,15,1,0,832,2847
Shadow16nh,1,2845,1867,978,889,122,1,1,1011,2846
josephalexander,2,2843,1676,1167,509,47,2,2,556,2845
Flipping_Bacon,1,2841,2019,822,1197,46,0,1,1243,2842
bloodredmoon,4,2840,1752,1088,664,49,4,2,713,2842
NotSoCleverBoy,1,2839,1831,1008,823,64,1,1,887,2840
tommygunner91,2,2838,1557,1281,276,110,2,2,386,2840
sir_walter,4,2835,1675,1160,515,40,3,4,555,2839
bpoletti,1,2837,1668,1169,499,43,1,1,542,2838
VerySuperRandomMe,3,2834,1904,930,974,27,3,3,1001,2837
pottastic,2,2834,1895,939,956,28,2,2,984,2836
MC_Dylan,1,2836,1704,1132,572,108,1,0,680,2836
SoleExponent,1,2833,2243,590,1653,104,1,1,1757,2834
j6j6j6,1,2834,1763,1071,692,38,1,0,730,2834
rakin_bacon,1,2834,1515,1319,196,41,1,0,237,2834
Timmybee,1,2832,1818,1014,804,239,1,1,1043,2833
jaxspider,5,2830,1873,957,916,78,4,3,994,2833
mike951rs,2,2830,1996,834,1162,36,1,2,1198,2832
goosemonger,1,2826,1871,955,916,47,1,1,963,2827
dukenuk3m,1,2826,1845,981,864,18,1,1,882,2827
Testaclese,1,2826,1626,1200,426,131,1,1,557,2827
optec,2,2826,2320,506,1814,182,0,0,1996,2826
DaBigEman,1,2825,1863,962,901,27,1,1,928,2826
Silverblader,2,2823,2090,733,1357,45,2,2,1402,2825
Archyta5,3,2821,1826,995,831,25,3,3,856,2824
isothien,1,2823,1822,1001,821,23,1,1,844,2824
mausx3,1,2822,1741,1081,660,63,1,0,723,2822
krispykrackers,2,2820,1913,907,1006,215,2,0,1221,2820
SwagCpt,6,2814,1871,943,928,54,4,6,982,2820
beatblox,1,2820,1609,1211,398,260,1,0,658,2820
Tarzan_king_of_Mars,2,2817,1806,1011,795,40,2,2,835,2819
athenafire,1,2818,1785,1033,752,38,1,1,790,2819
Amoriposa,1,2817,1656,1161,495,69,1,1,564,2818
TylerSpencer,2,2816,1563,1253,310,78,2,2,388,2818
killertaco252,1,2816,1974,842,1132,40,1,1,1172,2817
Nacoga,1,2816,1650,1166,484,58,1,1,542,2817
Benjolia,1,2816,1929,887,1042,19,0,0,1061,2816
halibut14,1,2815,1832,983,849,23,1,1,872,2816
_Woodrow_,1,2813,1828,985,843,28,1,1,871,2814
fairvanity,1,2813,1641,1172,469,185,1,1,654,2814
rimnonam,2,2813,1669,1144,525,37,2,1,562,2814
Unicornslayer27,2,2811,1844,967,877,23,2,2,900,2813
b0neless,1,2812,1748,1064,684,52,1,1,736,2813
JenniferKayla,1,2812,1962,850,1112,48,1,0,1160,2812
BossCrew,3,2809,1940,869,1071,30,2,3,1101,2812
BubbaDanks,1,2808,1780,1028,752,124,1,1,876,2809
AxMAY_,1,2806,1889,917,972,36,1,1,1008,2807
gleenglass,1,2806,1786,1020,766,743,1,0,1509,2806
WhamFlambe,3,2803,2037,766,1271,40,0,3,1311,2806
smexycan,1,2804,1884,920,964,138,1,1,1102,2805
Richardohyeah,1,2804,1797,1007,790,31,1,1,821,2805
LindEm,1,2802,1844,958,886,108,1,1,994,2803
GophaKyorselv,2,2799,1701,1098,603,80,2,2,683,2801
Bob812,2,2799,1646,1153,493,47,2,1,540,2800
bergerman,2,2798,1597,1201,396,59,2,2,455,2800
LoonerTik,3,2796,1851,945,906,18,1,3,924,2799
whyunogivemegoodname,1,2798,1768,1030,738,34,1,1,772,2799
kyuronite,3,2797,1707,1090,617,27,2,1,644,2798
lerigotlanding,1,2798,1454,1344,110,226,1,0,336,2798
beautiful_mute,1,2797,2204,593,1611,294,1,0,1905,2797
Broodd,3,2793,1901,892,1009,62,1,3,1071,2796
NavyaJaju,1,2796,1591,1205,386,121,1,0,507,2796
Fireworm999,1,2794,1704,1090,614,55,1,1,669,2795
rainbowdashlovebacon,6,2789,1928,861,1067,79,5,5,1146,2794
cgabrielsen,1,2791,1516,1275,241,49,1,1,290,2792
lmgriml,1,2790,1685,1105,580,103,1,1,683,2791
Magus5311,1,2790,1703,1087,616,45,1,1,661,2791
Paelcolp,7,2784,1854,930,924,64,5,6,988,2790
ChefSanji42,1,2787,1786,1001,785,85,1,1,870,2788
tclipse,3,2784,1969,815,1154,70,3,3,1224,2787
terex232,1,2785,1576,1209,367,35,1,1,402,2786
MrGuavaTree,1,2783,1902,881,1021,85,1,1,1106,2784
helloskoodle,1,2783,1860,923,937,39,1,1,976,2784
Hufflepuff_Dont_Care,1,2783,1838,945,893,72,0,1,965,2784
Snailfish,2,2781,1963,818,1145,49,2,2,1194,2783
balattiyat,1,2782,1562,1220,342,25,1,1,367,2783
TheMellowestyellow,6,2775,1734,1041,693,75,5,6,768,2781
EvanTomassi,1,2779,1907,872,1035,91,1,1,1126,2780
Moche_Redditor,1,2779,1778,1001,777,48,0,1,825,2780
lucky4sav,9,2770,1852,918,934,113,7,8,1047,2778
Hanamanson,3,2773,1682,1091,591,44,3,3,635,2776
happymouse,1,2775,1952,823,1129,58,1,0,1187,2775
Consinneration,4,2772,1871,901,970,41,4,3,1011,2775
shenye,2,2773,1830,943,887,61,2,2,948,2775
Ell975,1,2774,1754,1020,734,80,1,1,814,2775
dubmountain,2,2773,1876,897,979,31,2,1,1010,2774
DudeJesse,4,2770,1891,879,1012,64,4,3,1076,2773
kyleayers,1,2772,1858,914,944,24,1,0,968,2772
TheNoodleyOne,1,2770,1915,855,1060,67,1,1,1127,2771
supderpbro,2,2769,1918,851,1067,13,2,2,1080,2771
mouthwater,1,2771,1849,922,927,111,1,0,1038,2771
mister_toaster,1,2768,1849,919,930,209,1,1,1139,2769
picklespeeonme,1,2767,1922,845,1077,29,1,1,1106,2768
NJOYLF,1,2767,1852,915,937,88,1,1,1025,2768
myalmightybunghole,1,2765,1789,976,813,36,1,1,849,2766
kidrobots,1,2765,1618,1147,471,19,1,1,490,2766
Dr-_-Zoidberg,1,2764,1714,1050,664,31,1,1,695,2765
snackmaster99,1,2763,1989,774,1215,172,0,1,1387,2764
daftpunkfunk,1,2763,1581,1182,399,94,1,1,493,2764
siegoboy,1,2761,2015,746,1269,47,0,1,1316,2762
Ravenloft,2,2761,1601,1160,441,71,2,1,512,2762
CharlesDarwin59,1,2759,1865,894,971,85,1,1,1056,2760
faraith,1,2758,1705,1053,652,50,1,1,702,2759
Niccalv2015,7,2753,1774,979,795,58,4,5,853,2758
jahjaylee,1,2756,1778,978,800,54,1,1,854,2757
conrick,4,2754,1652,1102,550,272,3,3,822,2757
gullis187,1,2756,1751,1005,746,43,1,1,789,2757
btvs29,1,2755,1641,1114,527,33,1,1,560,2756
doodledipreddit,2,2753,1803,950,853,22,2,2,875,2755
domper,1,2755,1781,974,807,26,1,0,833,2755
stephenlethbridge,4,2751,1961,790,1171,59,4,3,1230,2754
entoine,5,2750,1787,963,824,114,5,3,938,2753
ltdragon,1,2751,1754,997,757,167,1,1,924,2752
Flamewall26,1,2751,1780,971,809,39,1,1,848,2752
McDeau,1,2749,1734,1015,719,189,1,1,908,2750
BireEchi,1,2749,1536,1213,323,46,1,1,369,2750
sarahmarie5,2,2749,1720,1029,691,38,1,0,729,2749
0wlbear,3,2743,1792,951,841,102,3,3,943,2746
rolladex,1,2745,1800,945,855,33,1,1,888,2746
Liam90,1,2745,1613,1132,481,205,1,1,686,2746
Haosoah,1,2745,1982,763,1219,17,1,0,1236,2745
aceflight17,1,2743,1921,822,1099,29,1,1,1128,2744
paulthepenguin,1,2743,1862,881,981,36,1,1,1017,2744
rrryfy,3,2742,1796,946,850,41,3,2,891,2744
CookenBaked,3,2739,1823,916,907,162,3,3,1069,2742
empyreanmax,1,2741,1846,895,951,69,1,1,1020,2742
awp235,1,2741,1758,983,775,42,1,1,817,2742
Mesonit,1,2740,1663,1077,586,79,1,1,665,2741
abuhamsa,2,2739,1875,864,1011,87,2,1,1098,2740
TheInternetsIsFunny,1,2738,1896,842,1054,18,1,1,1072,2739
TheMostAwesomest,1,2738,1552,1186,366,97,1,1,463,2739
mikonamiko,2,2736,1931,805,1126,28,0,2,1154,2738
DynamicRabbit,1,2737,1872,865,1007,75,1,1,1082,2738
qwertben6,1,2737,1756,981,775,39,1,1,814,2738
Sweddy,1,2736,1813,923,890,154,1,1,1044,2737
Ingmundar,1,2736,1652,1084,568,82,1,1,650,2737
scientificmethodman,1,2735,1838,897,941,16,1,1,957,2736
womg,1,2736,1615,1121,494,55,1,0,549,2736
Lariboi,1,2735,1473,1262,211,73,1,1,284,2736
scottebooth,3,2733,1790,943,847,70,2,2,917,2735
the_chosen_one2,1,2734,1790,944,846,20,1,1,866,2735
mishnak,1,2734,1582,1152,430,132,1,1,562,2735
Obiwanjadeobi,1,2731,1984,747,1237,46,1,1,1283,2732
godless_savage,1,2731,1701,1030,671,108,1,1,779,2732
iamocmer,3,2730,1726,1004,722,31,3,2,753,2732
bluntman411,1,2731,1480,1251,229,57,1,1,286,2732
sunlightonwater,1,2727,1810,917,893,52,1,1,945,2728
Beat_Smith,3,2727,1687,1040,647,61,3,1,708,2728
Jakeasaurus,1,2728,1589,1139,450,24,1,0,474,2728
d_fairy,1,2726,1596,1130,466,72,1,1,538,2727
elargentino16,3,2724,1586,1138,448,76,3,2,524,2726
dongflopper,1,2724,1962,762,1200,28,0,1,1228,2725
cuddles666,2,2723,1617,1106,511,246,2,2,757,2725
fyedka,1,2725,1667,1058,609,40,1,0,649,2725
p337,1,2725,1647,1078,569,44,1,0,613,2725
BigBrainGirl,1,2724,1628,1096,532,30,1,1,562,2725
Grandiloquent,1,2723,1788,935,853,133,1,1,986,2724
Blushivory,4,2721,1798,923,875,31,3,3,906,2724
The_krumb,1,2723,1661,1062,599,215,1,1,814,2724
HazeySynth,1,2724,1575,1149,426,207,1,0,633,2724
tank1805,3,2720,1650,1070,580,78,3,3,658,2723
gilletteempire,1,2723,1655,1068,587,70,1,0,657,2723
waddledoo93,2,2721,1641,1080,561,25,2,2,586,2723
capgrass,2,2717,2018,699,1319,36,2,2,1355,2719
Superhik,1,2718,1666,1052,614,32,1,1,646,2719
NocteLepus,1,2716,1714,1002,712,109,1,1,821,2717
einstein1351,1,2717,1742,975,767,16,1,0,783,2717
shum1nat0r,1,2717,1551,1166,385,284,1,0,669,2717
IdanTs,3,2713,1950,763,1187,45,3,3,1232,2716
dopaminedude,1,2716,1956,760,1196,20,1,0,1216,2716
Skooj,3,2715,1780,935,845,56,3,1,901,2716
premiumfx,1,2716,1659,1057,602,108,1,0,710,2716
salamysamich,1,2715,1682,1033,649,20,1,1,669,2716
brewzombie,1,2714,2153,561,1592,39,1,1,1631,2715
Lineout,1,2715,1711,1004,707,377,1,0,1084,2715
eledu81,1,2714,1644,1070,574,33,1,1,607,2715
playlikechampions,1,2713,1757,956,801,72,1,1,873,2714
muliashaka,1,2710,1934,776,1158,62,1,1,1220,2711
cuzzybros,1,2710,1672,1038,634,147,1,1,781,2711
ohmytodd,2,2708,1795,913,882,158,2,2,1040,2710
TheBeaverRetriever,2,2707,1803,904,899,26,2,2,925,2709
thE_best_cookies,1,2708,2020,688,1332,33,1,0,1365,2708
zynna,1,2706,1681,1025,656,126,1,1,782,2707
pardon_my_misogyny,1,2707,1644,1063,581,59,1,0,640,2707
nathockens,1,2705,1569,1136,433,21,0,1,454,2706
Lunchin,1,2705,1494,1211,283,49,1,1,332,2706
alkalinelito,1,2705,1687,1018,669,76,1,0,745,2705
wtwerner,1,2705,1520,1185,335,40,1,0,375,2705
tryston6543,2,2703,1775,928,847,109,2,1,956,2704
caysonstaples,1,2704,1722,982,740,23,1,0,763,2704
Taterpugg,3,2700,1869,831,1038,55,3,3,1093,2703
rSlashPeer,1,2703,1756,947,809,17,1,0,826,2703
DrinkYourJuice,1,2701,1867,834,1033,238,1,1,1271,2702
AustinMac,2,2699,1826,873,953,19,1,2,972,2701
grundifourous,1,2698,1753,945,808,53,1,1,861,2699
acrots,1,2697,1711,986,725,48,0,1,773,2698
evanthesquirrel,2,2695,1918,777,1141,78,2,2,1219,2697
snail-in-the-shell,1,2696,1916,780,1136,19,1,1,1155,2697
Keemerah,2,2695,1819,876,943,34,2,2,977,2697
Maximus01701,1,2695,1717,978,739,131,1,1,870,2696
Day_n_Night,1,2694,1772,922,850,54,1,1,904,2695
benjaminP,2,2693,1723,970,753,32,2,2,785,2695
thewormauger,1,2694,1543,1151,392,77,1,1,469,2695
cpxh,1,2693,1936,757,1179,80,1,1,1259,2694
budoboyJR,1,2692,1647,1045,602,26,1,1,628,2693
againplease,2,2690,1724,966,758,26,2,2,784,2692
seanl1991,1,2690,1928,762,1166,49,0,1,1215,2691
GoryWizard,1,2688,1843,845,998,39,1,1,1037,2689
teusz16,2,2688,1767,921,846,92,2,1,938,2689
ace414,2,2685,1813,872,941,15,1,2,956,2687
heathherlynn,5,2681,1732,949,783,94,5,4,877,2685
str8tuptroll,1,2681,2022,659,1363,66,0,1,1429,2682
ariXzona,1,2680,1559,1121,438,86,1,1,524,2681
taxianimal,1,2679,1699,980,719,38,1,1,757,2680
that_real_is_doe,1,2679,1805,874,931,59,1,0,990,2679
MrRushing,2,2676,1759,917,842,56,2,2,898,2678
inubert,1,2678,1737,941,796,41,1,0,837,2678
Denludde,1,2677,1543,1134,409,39,1,1,448,2678
amade183,1,2676,1743,933,810,41,1,1,851,2677
philbob8,2,2674,1927,747,1180,111,1,2,1291,2676
Balmarog,3,2673,1615,1058,557,87,3,2,644,2675
hadorsuf,2,2672,1764,908,856,59,2,2,915,2674
wildem,1,2670,1682,988,694,27,1,1,721,2671
hqqkar,2,2669,1768,901,867,39,2,1,906,2670
Latipac,2,2668,1726,942,784,62,1,2,846,2670
Cashix,1,2669,1690,979,711,45,1,1,756,2670
forgotten_legacy,2,2668,1638,1030,608,78,2,2,686,2670
Lets_Jump_This_Jump,2,2669,1531,1138,393,37,2,1,430,2670
serupento,1,2668,1594,1074,520,94,1,1,614,2669
Jts37,1,2667,1667,1000,667,24,1,1,691,2668
rzm61,1,2666,1689,977,712,67,1,1,779,2667
captain_meow,2,2665,1619,1046,573,47,2,2,620,2667
LaserKats,4,2662,1820,842,978,40,4,4,1018,2666
MegaSharkth,4,2662,1779,883,896,63,2,3,959,2665
TheKidney,1,2665,1500,1165,335,134,1,0,469,2665
QuatroVeinte,4,2661,1728,933,795,81,3,3,876,2664
dmarch17,1,2662,1722,940,782,32,1,1,814,2663
Aldamato,3,2662,1764,898,866,50,3,0,916,2662
Lilou88,1,2660,1989,671,1318,40,1,1,1358,2661
bmbyal,1,2660,1765,895,870,64,0,1,934,2661
Mendtos,1,2661,1574,1087,487,62,1,0,549,2661
Metalmonkey1,1,2659,1711,948,763,21,1,1,784,2660
Reddit_Loves_Repost,1,2657,1732,925,807,57,0,1,864,2658
mr_wiggin,2,2656,1589,1067,522,55,2,2,577,2658
Bapoos,1,2656,1937,719,1218,141,0,1,1359,2657
jonzibar,3,2656,1586,1070,516,75,3,1,591,2657
dotPanic,1,2655,1900,755,1145,31,1,1,1176,2656
derpy_lurker,1,2655,1821,834,987,25,1,1,1012,2656
slpr1079,1,2653,1774,879,895,27,1,1,922,2654
starcadia,2,2651,1789,862,927,83,1,2,1010,2653
ronjack,2,2651,1755,896,859,59,1,2,918,2653
onehappybear,1,2653,1594,1059,535,44,1,0,579,2653
AxisCycloneV,2,2650,1851,799,1052,87,1,2,1139,2652
notazoroastrian,2,2650,1720,930,790,139,2,2,929,2652
Grantosaurus,1,2651,1713,938,775,27,1,1,802,2652
HeyThereLittleGirl,1,2650,1739,911,828,37,0,1,865,2651
invertedcross,1,2651,1658,993,665,181,1,0,846,2651
imgoingleft,1,2650,1702,948,754,27,1,1,781,2651
mulvahlok,1,2649,1731,918,813,90,1,1,903,2650
datpinecone,2,2648,1757,891,866,22,2,2,888,2650
HeyHowdyHeyImOnAYoyo,1,2649,1708,941,767,28,1,1,795,2650
Atlas247,1,2650,1691,959,732,18,1,0,750,2650
niwi,1,2650,1554,1096,458,81,1,0,539,2650
sargant,1,2648,1635,1013,622,72,1,1,694,2649
dontmindmejustlookin,1,2647,1551,1096,455,67,1,1,522,2648
Atlasstones,3,2644,1826,818,1008,206,3,3,1214,2647
Mau5fan1,1,2646,1664,982,682,16,1,1,698,2647
killzone259,1,2645,1741,904,837,74,1,0,911,2645
nokpachenne,1,2644,1717,927,790,45,1,0,835,2644
MrNallig,5,2639,1569,1070,499,129,5,5,628,2644
__ryan,2,2642,1739,903,836,164,2,1,1000,2643
MRJBsahib,1,2643,1589,1054,535,30,1,0,565,2643
sexyredditor,1,2642,1535,1107,428,42,1,1,470,2643
monoko,1,2642,1911,731,1180,30,1,0,1210,2642
TheNextB1GThing,1,2641,1904,737,1167,28,1,1,1195,2642
4Gotten1,1,2641,1713,928,785,311,1,1,1096,2642
hot_x,1,2641,1745,896,849,28,1,1,877,2642
threat42,6,2639,1696,943,753,45,6,3,798,2642
holliepocketreddit,1,2637,1831,806,1025,125,1,1,1150,2638
neverlaid,2,2636,1757,879,878,33,2,2,911,2638
srirachaforeverthing,3,2634,1855,779,1076,29,3,2,1105,2636
ham5,2,2635,1830,805,1025,51,0,1,1076,2636
sydneymoyer,2,2633,1844,789,1055,23,2,2,1078,2635
ProbeIke,1,2634,1721,913,808,47,1,1,855,2635
RedditumYumYum,1,2634,1653,981,672,17,1,1,689,2635
Shantkk,1,2633,1604,1029,575,25,1,0,600,2633
Moviemand121,2,2630,1612,1018,594,52,1,2,646,2632
BuddhaBoy,1,2631,1615,1016,599,33,1,1,632,2632
firstdraft,6,2626,1796,830,966,43,6,5,1009,2631
Treeshateyou,1,2630,1519,1111,408,136,1,1,544,2631
Loumen,1,2629,1590,1039,551,46,1,1,597,2630
rafinoc,1,2626,1709,917,792,143,0,1,935,2627
xVerified,2,2626,1473,1153,320,100,2,1,420,2627
adobolobo,1,2624,2007,617,1390,87,1,1,1477,2625
fitznicely,4,2622,1635,987,648,57,4,2,705,2624
jhawkbball27,1,2623,1638,985,653,29,1,0,682,2623
DieAnderTier,4,2618,1859,759,1100,65,4,4,1165,2622
ttmegs,1,2621,1859,762,1097,24,1,1,1121,2622
Willyzinho,2,2620,1817,803,1014,32,1,2,1046,2622
MidEastBeast,1,2622,1680,942,738,35,1,0,773,2622
notAparadox,1,2621,1583,1038,545,223,1,0,768,2621
Gymnos,1,2618,1738,880,858,89,1,1,947,2619
RussianNarwhals,10,2608,1736,872,864,44,7,10,908,2618
wonko11,1,2617,1564,1053,511,49,1,1,560,2618
Holgerjh,1,2616,1657,959,698,123,0,1,821,2617
Lannater,3,2614,1558,1056,502,41,2,3,543,2617
michaelboston80,2,2615,1810,805,1005,30,1,1,1035,2616
TibetanFox,1,2615,1786,829,957,29,1,1,986,2616
Timelord--win,1,2614,1827,787,1040,55,1,1,1095,2615
xbris,1,2614,1546,1068,478,84,1,0,562,2614
pwylie,1,2612,1627,985,642,133,1,0,775,2612
cruiserob92,1,2612,1625,987,638,73,1,0,711,2612
Slakter,2,2610,1451,1159,292,139,2,2,431,2612
shifty1032231,7,2604,1933,671,1262,189,6,5,1451,2609
SevenCubed,1,2608,1700,908,792,37,1,1,829,2609
Taurius,1,2607,1910,697,1213,45,1,1,1258,2608
yourneigboor,2,2607,1783,824,959,20,1,1,979,2608
vaselinepete,1,2607,1485,1122,363,101,1,1,464,2608
MaxPasen,3,2606,1805,801,1004,56,3,1,1060,2607
Flashfrog,1,2606,1634,972,662,214,1,1,876,2607
Dire01,3,2604,1552,1052,500,75,3,3,575,2607
SometimesIpoop,3,2603,1737,866,871,64,2,3,935,2606
superjmo20,1,2605,1647,958,689,39,1,1,728,2606
erect_chimpanzee69,1,2604,1652,952,700,67,1,1,767,2605
PerkisPower,1,2603,1624,979,645,57,1,1,702,2604
Dielon,1,2603,1575,1028,547,31,1,1,578,2604
gleantheaspect,1,2602,1611,991,620,56,0,1,676,2603
AdmiralAlpha,1,2602,1602,1000,602,68,1,1,670,2603
CandyTownFA,2,2600,1770,830,940,66,2,2,1006,2602
dopeboyhero,1,2602,1503,1099,404,94,1,0,498,2602
optimusXgrime,2,2598,1629,969,660,56,2,2,716,2600
The_Giant_One,1,2599,1612,987,625,52,1,1,677,2600
xMercii,1,2598,1726,872,854,79,1,1,933,2599
CmdrCarrot,2,2597,1626,971,655,188,2,2,843,2599
lucasbytegenius,3,2595,1788,807,981,63,2,3,1044,2598
Perleif,1,2596,2009,587,1422,70,1,0,1492,2596
BubbRubbandLilSis,1,2595,1803,792,1011,22,1,0,1033,2595
POMFoverlord,1,2594,1720,874,846,29,1,1,875,2595
rick_G,1,2594,1616,978,638,52,1,1,690,2595
Naomiisawesome,1,2593,1926,667,1259,36,1,0,1295,2593
Lunchtime1,3,2589,1697,892,805,163,2,3,968,2592
chippy2cold,2,2589,1667,922,745,110,2,2,855,2591
x_Bass009,1,2589,1643,946,697,73,1,1,770,2590
MyKarmaKilledURDogma,2,2588,1898,690,1208,119,0,1,1327,2589
TheSalamanderKing,1,2585,1825,760,1065,21,0,1,1086,2586
runswithscissors24,5,2581,2078,503,1575,173,5,4,1748,2585
HeroOfTime95,1,2583,1939,644,1295,24,0,1,1319,2584
marmk,3,2582,1581,1001,580,161,3,2,741,2584
FistfulOfSilence,1,2584,1580,1004,576,79,1,0,655,2584
StopReadingMyUser,2,2581,1689,892,797,38,2,2,835,2583
caps5,2,2582,1899,683,1216,11,1,0,1227,2582
MistingFidgets,1,2581,1660,921,739,316,1,1,1055,2582
In_Cider,1,2581,1703,878,825,54,0,1,879,2582
lemackay23,1,2582,1678,904,774,41,1,0,815,2582
malakistiri,7,2574,1690,884,806,79,6,7,885,2581
Crusty40oz,2,2578,1756,822,934,46,1,2,980,2580
SdenPDB,3,2575,2072,503,1569,28,2,2,1597,2577
eliminatedzero,2,2575,1854,721,1133,111,1,2,1244,2577
kohasi,2,2575,1701,874,827,72,2,2,899,2577
mostrelevantusername,1,2576,1590,986,604,23,1,1,627,2577
Hrodrik,6,2574,2019,555,1464,148,2,2,1612,2576
TRDeol,3,2573,1841,732,1109,29,2,3,1138,2576
bigp30,1,2575,1624,951,673,42,1,1,715,2576
ANALRAPE,1,2575,1613,962,651,43,1,1,694,2576
Cladonia_furcata,1,2575,1705,870,835,69,1,0,904,2575
slightlylow,2,2572,1726,846,880,58,2,2,938,2574
RedPunkin,2,2571,1798,773,1025,313,0,2,1338,2573
whats8,1,2572,1755,817,938,192,1,1,1130,2573
cessna182er,1,2572,1802,770,1032,33,1,1,1065,2573
Gartender,1,2571,1778,793,985,96,1,1,1081,2572
VonMeatstein,2,2570,1789,781,1008,12,1,2,1020,2572
Flyinhighinthesky,3,2570,1565,1005,560,50,3,2,610,2572
canhassky,1,2572,1578,994,584,20,1,0,604,2572
Raisins,1,2571,2085,486,1599,423,1,0,2022,2571
tylerdurdenlives,1,2570,1831,739,1092,59,1,1,1151,2571
RileyKamikaze,2,2569,1783,786,997,10,1,2,1007,2571
Kinky_Pie,1,2570,1671,899,772,36,1,1,808,2571
rotogimp,1,2570,1836,734,1102,136,1,0,1238,2570
manotm,1,2570,1706,864,842,52,1,0,894,2570
uptown_bravo,1,2568,1818,750,1068,75,1,0,1143,2568
R8Fan30,1,2567,1694,873,821,58,1,1,879,2568
upgradeglassworks,2,2566,1793,773,1020,77,2,1,1097,2567
KlausJanVanWolfhaus,8,2559,2058,501,1557,96,5,7,1653,2566
PeteDarwin,3,2563,1554,1009,545,52,3,3,597,2566
Cshock84,3,2562,1933,629,1304,104,3,3,1408,2565
DrSigFreud,6,2559,1588,971,617,331,6,6,948,2565
rpodovich,1,2564,1540,1024,516,51,1,0,567,2564
seanarobinson,1,2562,1498,1064,434,42,1,1,476,2563
PotentiallyPopular,1,2561,1635,926,709,73,1,1,782,2562
ornx,1,2560,1691,869,822,48,1,1,870,2561
lizpan,3,2558,1493,1065,428,123,3,1,551,2559
plasticdinosaur3,1,2557,1834,723,1111,144,1,0,1255,2557
AlexKangaroo,1,2556,1809,747,1062,159,0,1,1221,2557
CUHokie,1,2556,1844,712,1132,44,1,1,1176,2557
Bammoxx,1,2555,1625,930,695,62,1,1,757,2556
teo_O,1,2555,1603,952,651,30,1,1,681,2556
Elessedil,3,2551,1655,896,759,46,3,2,805,2553
spsheridan,3,2551,1500,1051,449,43,3,2,492,2553
ToxicFalafel,1,2551,1632,919,713,42,1,1,755,2552
JackieBronassis,11,2540,1765,775,990,53,10,10,1043,2550
92235,1,2549,1995,554,1441,189,1,0,1630,2549
SteelElite426,1,2549,1792,757,1035,243,1,0,1278,2549
Eisnek,3,2546,1753,793,960,51,2,3,1011,2549
Joskeuhtje1,1,2545,1926,619,1307,48,1,1,1355,2546
melissam224,1,2546,1564,982,582,27,1,0,609,2546
Polyvore,3,2544,1521,1023,498,40,3,2,538,2546
Bortjort,1,2543,1771,772,999,21,0,1,1020,2544
CoCo26,2,2542,1712,830,882,55,2,2,937,2544
XxMATUSHISxX,2,2542,1591,951,640,67,2,2,707,2544
megagtfan91,1,2540,1751,789,962,71,1,1,1033,2541
ishotthepilot,2,2540,1720,820,900,24,2,1,924,2541
Eternitras,1,2540,1495,1045,450,37,1,1,487,2541
davidevan,1,2540,1420,1120,300,15,1,1,315,2541
S7W7K7,1,2538,1667,871,796,40,1,1,836,2539
HatrackJack,1,2538,1541,997,544,61,1,1,605,2539
the_clever_cuban,3,2536,1735,801,934,167,3,2,1101,2538
DoomyDoom,1,2537,1483,1054,429,34,1,1,463,2538
willstrip4bacon,8,2529,1849,680,1169,70,7,8,1239,2537
TruthEU,1,2535,1450,1085,365,30,1,1,395,2536
veron101,1,2534,1639,895,744,46,1,1,790,2535
ammcurious,3,2532,1794,738,1056,21,3,2,1077,2534
mshiltonj,11,2524,2154,370,1784,81,10,9,1865,2533
imcallinbs,1,2532,1735,797,938,51,0,1,989,2533
sams1623,2,2531,1710,821,889,50,2,2,939,2533
MidwestDrummer,2,2532,1713,819,894,90,2,0,984,2532
ErikBokk,1,2531,1592,939,653,47,1,1,700,2532
Asassin4TW,1,2531,1519,1012,507,61,1,1,568,2532
iamkaiser,2,2531,1455,1076,379,35,2,1,414,2532
Zamb97,1,2530,1692,838,854,109,1,1,963,2531
B0NESY,1,2530,1552,978,574,62,1,1,636,2531
gjacques5239,2,2528,1552,976,576,65,2,2,641,2530
Duhoo,1,2528,1637,891,746,54,1,1,800,2529
Bret16,4,2525,1707,818,889,78,4,3,967,2528
zombiepoke,1,2526,1626,900,726,101,1,1,827,2527
deevu,1,2525,1991,534,1457,77,0,1,1534,2526
DystopianFreak,4,2522,1835,687,1148,96,4,3,1244,2525
Mister-Sparkle,7,2520,1584,936,648,106,7,3,754,2523
ster1ing,10,2513,1953,560,1393,62,10,9,1455,2522
komarEX,4,2518,1585,933,652,152,4,4,804,2522
tehroar,1,2521,1530,991,539,425,1,0,964,2521
DeckersDelight,3,2518,1946,572,1374,131,3,2,1505,2520
MOWEN90,3,2516,2090,426,1664,46,3,3,1710,2519
devrannmc,1,2518,1638,880,758,103,1,1,861,2519
teletubby_poe,1,2518,1510,1008,502,51,1,1,553,2519
Faugel,1,2518,1481,1037,444,48,1,1,492,2519
dnlhammac,1,2517,1606,911,695,53,1,1,748,2518
TimTebowsBlackSon,1,2517,1554,963,591,30,1,1,621,2518
butteryT,2,2515,1799,716,1083,138,2,2,1221,2517
alec98335,2,2515,1702,813,889,24,0,2,913,2517
CancerZombie,1,2515,1560,955,605,112,1,1,717,2516
Reeonimus,1,2516,1374,1142,232,48,1,0,280,2516
gamalaret,1,2515,1442,1073,369,153,1,0,522,2515
WillisGreen,1,2514,1310,1204,106,41,1,1,147,2515
KDrichard,3,2511,1658,853,805,127,3,3,932,2514
bringerofjustus,4,2510,1623,887,736,83,4,4,819,2514
NotYourGuy,3,2509,1697,812,885,28,3,3,913,2512
Slip88,1,2511,1554,957,597,30,1,1,627,2512
HiMyNameIsAlexO_O,4,2510,1478,1032,446,86,4,2,532,2512
goosepoop,1,2510,1510,1000,510,85,1,1,595,2511
ChiefffFG31,1,2508,1731,777,954,25,1,1,979,2509
darkfox45,2,2507,1538,969,569,94,2,2,663,2509
ksrymy,3,2506,1551,955,596,25,3,3,621,2509
digiwolff,1,2507,1511,996,515,18,1,1,533,2508
vamihilion,1,2506,1539,967,572,129,1,1,701,2507
SanDiegoMitch,1,2505,1918,587,1331,150,1,0,1481,2505
shadow321337,1,2505,1808,697,1111,72,1,0,1183,2505
Vysera,1,2500,1788,712,1076,39,0,1,1115,2501
ismoketabacco,2,2499,1721,778,943,45,0,2,988,2501
toeeknee,1,2500,1684,816,868,89,1,1,957,2501
admiraljohn,3,2498,1446,1052,394,79,3,2,473,2500
IndeedMyGoodChum,1,2498,1575,923,652,19,0,1,671,2499
jumanji2001,2,2496,1625,871,754,29,2,2,783,2498
RaffySpaffy,2,2495,1751,744,1007,31,2,2,1038,2497
gambo07,3,2494,1634,860,774,22,2,3,796,2497
2xEinlanzer,1,2495,1594,901,693,59,1,1,752,2496
bnshv,3,2495,1576,919,657,58,3,1,715,2496
superstormtroopers,1,2496,1514,982,532,161,1,0,693,2496
Kastoris,1,2495,1527,968,559,84,1,1,643,2496
FantaFan,2,2493,1476,1017,459,57,2,2,516,2495
fishy007,2,2494,1922,572,1350,91,1,0,1441,2494
andachu,1,2493,1797,696,1101,22,1,1,1123,2494
Kurlee,1,2493,1486,1007,479,35,1,1,514,2494
megalin,3,2490,1750,740,1010,54,2,3,1064,2493
debman3,1,2492,1527,965,562,33,1,1,595,2493
bhumy,2,2490,1661,829,832,43,2,2,875,2492
nickstreet36,1,2490,1931,559,1372,51,1,1,1423,2491
jaafarskafi1,2,2489,1460,1029,431,88,2,2,519,2491
gdpt,1,2489,1566,923,643,329,1,1,972,2490
samf94,1,2488,1765,723,1042,193,1,1,1235,2489
gamerdude844,3,2486,1764,722,1042,55,2,3,1097,2489
Ironia_Rex,1,2488,1772,716,1056,39,1,0,1095,2488
kevinbacontime,1,2487,1728,759,969,46,1,1,1015,2488
4thelulzes,3,2486,1595,891,704,28,3,2,732,2488
hauntinthahood,1,2486,1621,865,756,40,1,1,796,2487
fbrizay,1,2486,1588,898,690,74,1,1,764,2487
humidex,1,2487,1581,906,675,62,1,0,737,2487
triggerhda,1,2484,1640,844,796,36,1,1,832,2485
ddropp,2,2483,1544,939,605,30,2,2,635,2485
IWantedZoidberg,1,2484,1453,1031,422,31,1,1,453,2485
Squidfish,1,2485,1433,1052,381,21,1,0,402,2485
marshmallowbunny,3,2481,1947,534,1413,38,0,3,1451,2484
ezberci,3,2483,1699,784,915,56,3,0,971,2483
unyieldinghope,1,2482,1429,1053,376,34,1,1,410,2483
icecoldbabes,1,2481,1649,832,817,15,1,1,832,2482
yannisv,1,2481,1468,1013,455,171,1,1,626,2482
QuantumEnormity,1,2481,1744,737,1007,92,0,0,1099,2481
kyody93,1,2480,1633,847,786,94,1,1,880,2481
okbaa,1,2480,1540,940,600,26,1,1,626,2481
Kanex,1,2479,1658,821,837,165,1,1,1002,2480
JohnnyHopkins22,1,2479,1697,782,915,40,0,1,955,2480
BreadyMcBread,1,2479,1654,825,829,59,1,0,888,2479
FreDre,1,2478,1588,890,698,81,1,0,779,2478
l1ttl3m0nst3r,1,2476,1646,830,816,22,1,1,838,2477
onetruejames,1,2476,1474,1002,472,41,1,0,513,2476
intoadebate,1,2474,1746,728,1018,28,1,0,1046,2474
ScarfacedTyrant,1,2473,1731,742,989,23,1,1,1012,2474
mnortei,1,2473,1629,844,785,28,0,1,813,2474
iamexplodinggod,1,2472,1460,1012,448,64,1,1,512,2473
djnickel,1,2472,1460,1012,448,38,1,1,486,2473
darbynrib,3,2468,2097,371,1726,64,2,3,1790,2471
Air0ck,1,2469,1661,808,853,21,0,1,874,2470
CosmicRave,2,2468,1564,904,660,129,2,2,789,2470
razkal,3,2467,1630,837,793,97,2,2,890,2469
clarkkentfly,1,2469,1618,851,767,20,1,0,787,2469
Chappssss,1,2466,1568,898,670,71,1,1,741,2467
tigirus,1,2466,1580,886,694,42,1,1,736,2467
kanukakilledkarma,1,2462,1435,1027,408,28,1,1,436,2463
Marsii,2,2463,1364,1099,265,113,1,0,378,2463
adamrocks84,2,2460,1570,890,680,27,2,2,707,2462
Lvl_6_Squirtle,1,2461,1658,803,855,34,1,0,889,2461
yilly1108,2,2457,1716,741,975,76,1,2,1051,2459
Chilled22,1,2458,1692,766,926,30,1,1,956,2459
HoC420,1,2458,1478,980,498,39,1,1,537,2459
candikan,1,2458,1606,852,754,134,1,0,888,2458
coinstarchange,2,2455,1813,642,1171,66,2,2,1237,2457
AcesupZ,2,2455,1659,796,863,42,2,2,905,2457
wildweasel91,2,2454,1682,772,910,9,1,2,919,2456
Asstadon,1,2455,1648,807,841,47,0,1,888,2456
cryselco,1,2455,1539,916,623,53,1,1,676,2456
Skiierkid,1,2454,1847,607,1240,56,0,1,1296,2455
AlternateFire1,5,2451,1718,733,985,32,5,4,1017,2455
Brewtalj,1,2454,1693,761,932,65,1,1,997,2455
SatiricRich,3,2451,1782,669,1113,146,3,3,1259,2454
aDoctorOctopus,7,2447,1751,696,1055,46,2,7,1101,2454
ltra1n,1,2452,1947,505,1442,30,1,1,1472,2453
U53R-N4M3,1,2452,1451,1001,450,33,1,1,483,2453
Ikbentim,1,2452,1686,766,920,26,1,0,946,2452
Chouchotte,1,2452,1508,944,564,51,1,0,615,2452
feedthecollapse,2,2448,1602,846,756,46,2,2,802,2450
elizabear,1,2449,1489,960,529,38,1,1,567,2450
SQ_Minion,1,2449,1458,991,467,68,1,0,535,2449
dthomas999,2,2445,1597,848,749,29,2,2,778,2447
zachkush,1,2447,1419,1028,391,258,1,0,649,2447
OfficialEnclave,3,2443,1677,766,911,29,3,3,940,2446
ClarenceWorley,4,2441,1700,741,959,57,3,4,1016,2445
jason_stevens123,1,2443,1626,817,809,81,0,1,890,2444
underdog027,1,2443,1428,1015,413,141,1,1,554,2444
trabajaba,3,2440,1525,915,610,23,2,3,633,2443
irapedmspacman,3,2439,1638,801,837,121,3,3,958,2442
PasswordisReddit,2,2440,1550,890,660,53,1,2,713,2442
Cyloo91,5,2436,1425,1011,414,75,5,5,489,2441
mihaidxn,1,2439,1386,1053,333,56,1,1,389,2440
hatersgonna_hate,2,2438,1551,887,664,196,2,1,860,2439
SuckingDiesel,1,2437,1404,1033,371,114,1,1,485,2438
steelbot8000,2,2435,1743,692,1051,89,2,2,1140,2437
RedditRedneck,1,2436,1510,926,584,45,1,1,629,2437
TrustyChords,1,2435,1762,673,1089,24,1,1,1113,2436
MeIsYellow,1,2435,1551,884,667,139,1,1,806,2436
Stubbo,2,2434,1539,895,644,30,2,2,674,2436
Kiltsoftly,1,2434,1520,914,606,234,1,1,840,2435
kefs,1,2434,1409,1025,384,41,1,1,425,2435
jh99,3,2431,1615,816,799,70,2,2,869,2433
Incalite,5,2427,1727,700,1027,57,4,4,1084,2431
jellystone,2,2429,1655,774,881,79,2,2,960,2431
mistercoats,1,2431,1431,1000,431,22,1,0,453,2431
zawamark,2,2428,1815,613,1202,16,2,2,1218,2430
TonyCola,1,2429,1446,983,463,101,1,1,564,2430
Sacrificer,1,2428,1624,804,820,34,1,1,854,2429
tribesoul,3,2427,1519,908,611,111,3,2,722,2429
randysnow,1,2428,1876,552,1324,36,1,0,1360,2428
loganbest,2,2425,1702,723,979,58,2,2,1037,2427
my_mind_is_Free,1,2426,1676,750,926,94,1,1,1020,2427
kitttygirl4,1,2426,1611,815,796,20,1,1,816,2427
dmgarland,4,2421,1654,767,887,119,4,4,1006,2425
highflyer626,2,2422,1607,815,792,80,1,2,872,2424
DontSeeWynaut,1,2421,1582,839,743,37,1,1,780,2422
UnawareItsaJoke,2,2420,1516,904,612,56,2,2,668,2422
lightyqt,2,2420,1450,970,480,90,1,2,570,2422
iamafoodie,1,2420,1801,619,1182,33,1,0,1215,2420
blackjeezus,1,2419,1426,993,433,91,1,1,524,2420
drexlspivy,3,2416,1940,476,1464,126,3,3,1590,2419
Bernie_Roscoe,2,2418,1923,495,1428,159,1,1,1587,2419
michaelsamcarr,1,2417,1581,836,745,80,1,1,825,2418
wmcg0859,5,2412,1834,578,1256,58,5,4,1314,2416
MorningHaze,4,2411,1757,654,1103,74,2,4,1177,2415
PedroPietro,1,2415,1713,702,1011,39,1,0,1050,2415
TevoKJ,2,2413,1614,799,815,35,0,2,850,2415
oligodendrocytes,3,2412,1464,948,516,53,3,3,569,2415
hotcereal,1,2414,1403,1011,392,43,1,1,435,2415
WATERY_VAGINA_FARTS,1,2414,1705,709,996,100,1,0,1096,2414
stopdropkab00m,3,2411,1532,879,653,38,3,2,691,2413
scrumpy_jack,4,2413,1491,922,569,66,4,0,635,2413
jerry_t94,1,2413,1396,1017,379,31,1,0,410,2413
GladiatoRiley,2,2410,1709,701,1008,32,2,2,1040,2412
Vasilik,2,2409,1608,801,807,53,0,2,860,2411
Pixlr,4,2406,1578,828,750,17,3,3,767,2409
MrMannWood,1,2409,1345,1064,281,41,1,0,322,2409
jjonesreddit,1,2407,1666,741,925,38,1,0,963,2407
Thekidmagic,2,2404,1597,807,790,30,2,2,820,2406
DonnyTheDead,3,2403,1563,840,723,25,1,3,748,2406
With_tea_like_this,3,2402,1632,770,862,17,3,3,879,2405
FunnyBoyz,12,2391,1948,443,1505,207,12,12,1712,2403
tdeepizzle,6,2396,1673,723,950,68,5,6,1018,2402
KeegoTheWise,2,2399,1800,599,1201,28,1,2,1229,2401
freetonik,1,2400,1349,1051,298,31,1,1,329,2401
denby10562,1,2400,1573,827,746,78,1,0,824,2400
biolomgee,1,2398,1461,937,524,57,1,1,581,2399
Hellakittehs,4,2394,1775,619,1156,98,4,4,1254,2398
lurking_to_infinty,2,2395,1726,669,1057,10,2,2,1067,2397
hauntedwolf,1,2396,1475,921,554,258,1,1,812,2397
seaquest_amd,1,2397,1523,874,649,49,1,0,698,2397
ExposureRep,4,2393,1852,541,1311,48,3,3,1359,2396
fruitynoodles,3,2393,1665,728,937,67,3,3,1004,2396
Balls_In_A_Blender,1,2396,1553,843,710,22,1,0,732,2396
a_major_award,1,2395,1467,928,539,35,1,1,574,2396
columbopicasso,6,2391,1718,673,1045,45,6,4,1090,2395
Grimalkin,2,2394,2172,222,1950,169,2,0,2119,2394
gotting2,1,2392,1623,769,854,132,1,1,986,2393
Noxstant,2,2391,1482,909,573,26,2,2,599,2393
wildernessthebear,2,2390,1642,748,894,49,2,2,943,2392
miss-mafiosa,1,2391,1438,953,485,433,1,0,918,2391
Bc3431,1,2390,1425,965,460,54,0,1,514,2391
Caesar071,1,2389,1730,659,1071,14,0,1,1085,2390
j00jy,1,2390,1658,732,926,16,1,0,942,2390
djv516,1,2389,1624,765,859,59,1,1,918,2390
absu92,5,2386,1563,823,740,60,5,4,800,2390
1337and0,1,2387,1568,819,749,71,1,1,820,2388
abcdefgijkl,1,2386,1348,1038,310,29,1,1,339,2387
grotesquesque,1,2386,1812,574,1238,74,1,0,1312,2386
dogsandcatsandsuch,2,2384,1653,731,922,19,1,2,941,2386
shunna75,3,2383,1536,847,689,103,2,3,792,2386
74384338,1,2386,1418,968,450,57,1,0,507,2386
Daanando,2,2384,1754,630,1124,131,2,1,1255,2385
makanguru,2,2384,1626,758,868,67,2,1,935,2385
natethegnome,1,2384,1540,844,696,32,1,1,728,2385
ExBABYYy,2,2383,1483,900,583,34,2,2,617,2385
ThaRedAce,3,2383,1293,1090,203,39,3,1,242,2384
peanutbutterscotch,2,2381,1706,675,1031,221,1,2,1252,2383
thejaysun,1,2382,1517,865,652,15,1,1,667,2383
hillerburk,1,2382,1507,875,632,31,1,1,663,2383
Anemoneman,3,2379,1511,868,643,25,3,3,668,2382
Chikendancer,1,2381,1421,960,461,226,1,0,687,2381
joebubbles,1,2380,1490,890,600,58,1,1,658,2381
Decapod73,1,2379,1623,756,867,53,1,1,920,2380
smshingsquashes,1,2379,1549,830,719,52,1,1,771,2380
LeAnnabelle,1,2376,1583,793,790,23,1,1,813,2377
lolzforfun,6,2371,1528,843,685,84,6,6,769,2377
Chaosrainz,1,2375,1384,991,393,130,1,0,523,2375
cooperesposito,1,2373,1492,881,611,28,1,1,639,2374
Crochetniac,3,2371,1345,1026,319,50,3,2,369,2373
SoggyFrenchFry,1,2372,1442,930,512,27,1,0,539,2372
I_HATE_YOU_SO_MUCH,4,2367,1598,769,829,136,3,4,965,2371
Owlyy,1,2371,1421,950,471,136,1,0,607,2371
jaybman,1,2370,1427,943,484,43,1,1,527,2371
fountain_nation,2,2367,1427,940,487,177,2,1,664,2368
benjaminj0,1,2366,1763,603,1160,58,1,1,1218,2367
hail_to_the_victors,1,2366,1660,706,954,203,1,1,1157,2367
strppngynglad,1,2366,1621,745,876,31,1,1,907,2367
Kalium,2,2364,1760,604,1156,145,2,2,1301,2366
rainer511,1,2363,1795,568,1227,31,1,1,1258,2364
SpanishSweetie,2,2362,1536,826,710,62,2,2,772,2364
llamaiguana,2,2362,1430,932,498,33,2,2,531,2364
monkeygame7,2,2362,1419,943,476,40,2,2,516,2364
zebullpup,1,2362,1411,951,460,21,1,1,481,2363
zlavan,3,2358,1443,915,528,41,3,3,569,2361
nickyacullo,2,2358,1763,595,1168,57,1,2,1225,2360
whatami1223,1,2359,1434,925,509,153,1,1,662,2360
Iamnotanorange,1,2359,1422,937,485,164,1,1,649,2360
andru365,1,2359,1344,1015,329,69,1,1,398,2360
unsweatened,1,2358,1564,794,770,211,1,1,981,2359
TuxOtaku,1,2358,1402,956,446,22,1,1,468,2359
apomme,1,2358,1317,1041,276,61,1,1,337,2359
mrstz238,1,2357,1835,522,1313,45,1,0,1358,2357
_gonzo_,1,2356,1607,749,858,119,0,1,977,2357
Shaggy57,2,2354,1551,803,748,22,2,2,770,2356
ShifterKei,1,2355,1655,700,955,31,1,0,986,2355
mackstacks,1,2354,1353,1001,352,93,1,1,445,2355
kesk2006,1,2354,1341,1013,328,62,1,1,390,2355
tapaseaswar,1,2352,1483,869,614,164,1,1,778,2353
The_Nopemaster,2,2352,1485,867,618,83,2,1,701,2353
xXxBluESkiTtlExXx,2,2351,1516,835,681,15,1,2,696,2353
Nulifax,1,2352,1721,631,1090,60,1,0,1150,2352
Kinbensha,2,2350,1761,589,1172,41,2,1,1213,2351
Tora-chan,3,2348,1620,728,892,14,3,3,906,2351
bananaseepeep,2,2351,1478,873,605,26,2,0,631,2351
BoogaBerry,11,2339,1672,667,1005,30,2,11,1035,2350
joeswg,1,2349,1549,800,749,38,1,1,787,2350
orangepotion,1,2349,1480,869,611,147,1,1,758,2350
chocolatesandwiches,1,2350,1413,937,476,21,1,0,497,2350
doctor457,2,2348,1389,959,430,63,2,2,493,2350
echoch,2,2348,1729,619,1110,90,2,1,1200,2349
knighmare,1,2347,1592,755,837,56,1,1,893,2348
Skrillex4ever,3,2345,1556,789,767,56,3,3,823,2348
Nyushi,2,2346,1552,794,758,40,2,2,798,2348
Fluttershyguy,1,2347,1538,809,729,30,1,1,759,2348
SmilingJesus,1,2347,1356,991,365,14,1,1,379,2348
shellseeker1212,1,2345,1368,977,391,26,1,1,417,2346
BurstngWithFlavor,1,2345,1600,745,855,20,1,0,875,2345
Ninjajock,1,2343,1434,909,525,56,1,1,581,2344
abe_1066,1,2344,1289,1055,234,110,1,0,344,2344
wichitafalls,2,2341,1652,689,963,26,2,2,989,2343
GManEtch,13,2332,1871,461,1410,74,6,10,1484,2342
OwlstinThumbas,1,2341,1617,724,893,20,1,1,913,2342
austindriver13,1,2341,1568,773,795,18,1,1,813,2342
camfunction,1,2342,1375,967,408,18,1,0,426,2342
KousKous,2,2337,1452,885,567,43,2,2,610,2339
donpianta,1,2338,1434,904,530,33,1,1,563,2339
burgplayer,1,2337,1658,679,979,38,1,1,1017,2338
whowantstogo,5,2334,1332,1002,330,37,5,4,367,2338
Simploxable,1,2336,1560,776,784,115,1,1,899,2337
PR43T0R14N,1,2336,1438,898,540,51,1,1,591,2337
wordsauce,2,2334,1866,468,1398,56,2,2,1454,2336
MichiiBee,2,2335,1464,871,593,35,2,1,628,2336
Fujiama,1,2333,1583,750,833,26,1,1,859,2334
emrosto0l,3,2329,1630,699,931,55,1,3,986,2332
Carl_deGrasse_Gaben,1,2330,1597,733,864,329,1,1,1193,2331
CommanderBadass,2,2329,1481,848,633,123,2,2,756,2331
helicoid,1,2329,1603,726,877,38,1,1,915,2330
HDTV_FTW,1,2330,1487,843,644,29,1,0,673,2330
NolanSouth,2,2329,1447,882,565,104,2,1,669,2330
DareDevilDillon,6,2321,1728,593,1135,80,2,6,1215,2327
Massachoosite,8,2319,1995,324,1671,269,8,7,1940,2326
bkressm,5,2321,1523,798,725,90,3,4,815,2325
Runorun,2,2322,1429,893,536,62,1,2,598,2324
InvestInKarate,1,2323,1340,983,357,53,1,0,410,2323
glenlikespie,2,2321,1722,599,1123,26,2,1,1149,2322
trolarch,2,2320,1573,747,826,58,2,2,884,2322
taario,2,2322,1432,890,542,74,2,0,616,2322
Mr_Bubblez,3,2319,1400,919,481,80,3,3,561,2322
CANADIANPRIDE1985,1,2321,1753,568,1185,66,1,0,1251,2321
Tbolt80000v,2,2319,1551,768,783,47,2,2,830,2321
u8eR,2,2319,1459,860,599,55,2,2,654,2321
MrRockafireExplosion,2,2318,1809,509,1300,87,0,2,1387,2320
PerfectGentleman,3,2313,1652,661,991,133,3,2,1124,2315
SoulSeek,2,2313,1695,618,1077,38,2,2,1115,2315
bloxie,3,2312,1620,692,928,82,3,3,1010,2315
znewman7794,1,2314,1513,801,712,72,1,1,784,2315
FakeDicck,1,2313,1597,716,881,25,1,1,906,2314
maggiam,1,2313,1686,627,1059,17,0,0,1076,2313
MasterMahan,3,2310,1496,814,682,67,3,2,749,2312
Theyus,1,2310,1474,836,638,26,1,1,664,2311
EverythingIsMediocre,2,2308,1394,914,480,57,2,2,537,2310
MrCool87867,3,2306,1581,725,856,59,3,3,915,2309
rsamrat,1,2308,1476,832,644,28,1,0,672,2308
ingloriousRaptor,1,2307,1392,915,477,147,1,1,624,2308
tor3rik,1,2307,1381,926,455,24,1,1,479,2308
CelebrateL64,4,2302,1711,591,1120,40,1,4,1160,2306
cincadacry,2,2304,1621,683,938,38,2,2,976,2306
withoutrulers,1,2305,1408,897,511,174,1,0,685,2305
ctcsback,1,2304,1455,849,606,67,1,1,673,2305
aniketnp,1,2304,1508,796,712,29,1,0,741,2304
aequitas_veritas,1,2303,1377,926,451,155,1,1,606,2304
lisaglass,1,2302,1532,770,762,116,1,1,878,2303
ilikestuffliketrees,1,2301,1630,671,959,39,1,1,998,2302
AMohajer,3,2299,1529,770,759,34,2,3,793,2302
Talbotus,1,2301,1332,969,363,15,1,1,378,2302
JunkyardG0D,1,2300,1669,631,1038,36,1,1,1074,2301
voyetra8,1,2301,1470,831,639,84,1,0,723,2301
kevin1608,6,2296,1463,833,630,47,6,5,677,2301
ElChango,3,2298,1359,939,420,129,3,2,549,2300
bobofatt,1,2298,1534,764,770,21,0,1,791,2299
Zissou66,2,2297,1439,858,581,158,2,2,739,2299
Detective_Mills,2,2297,1450,847,603,36,2,2,639,2299
Muscleslover,3,2296,2042,254,1788,69,3,2,1857,2298
jpsimon,1,2297,1343,954,389,159,1,1,548,2298
gilamonstre,1,2297,1623,674,949,166,1,0,1115,2297
crackodactyl,2,2295,1502,793,709,20,2,2,729,2297
No_Shock_Advised,1,2296,1108,1188,-80,144,1,1,64,2297
livinginthesky12,1,2294,1664,630,1034,39,0,1,1073,2295
Cabooservb,2,2293,1515,778,737,70,2,2,807,2295
Drodain,3,2292,1471,821,650,38,3,3,688,2295
tecknomarco,1,2295,1277,1018,259,49,1,0,308,2295
r721,1,2294,1765,529,1236,44,1,0,1280,2294
Bluelightsaber2,3,2290,1443,847,596,12,2,3,608,2293
TheGreatSantini,5,2289,1943,346,1597,79,5,3,1676,2292
logicoverfaith,1,2291,1356,935,421,46,1,1,467,2292
chalkon,1,2289,1709,580,1129,106,0,1,1235,2290
Maggeddon,1,2289,1680,609,1071,26,1,1,1097,2290
RubMeBobby,1,2287,1637,650,987,17,1,1,1004,2288
iForcefield,1,2286,1552,734,818,129,0,1,947,2287
Klein15,1,2286,1488,798,690,79,0,1,769,2287
ridik_ulass,1,2286,1435,851,584,29,1,1,613,2287
mrmrchoice,1,2285,1539,746,793,38,1,1,831,2286
MetalGuitarist,1,2284,1366,918,448,93,1,1,541,2285
NigWantsKFC,11,2274,2065,209,1856,47,9,10,1903,2284
rwood40,2,2282,1592,690,902,122,2,2,1024,2284
ilikevanilla,1,2282,1505,777,728,27,1,1,755,2283
K149B,2,2281,1464,817,647,46,2,2,693,2283
Dante12345,1,2283,1406,877,529,36,1,0,565,2283
Mima28412,1,2281,1792,489,1303,21,1,1,1324,2282
Justsmith22,23,2260,1668,592,1076,98,8,22,1174,2282
fledglingphoenix,1,2281,1434,847,587,55,1,1,642,2282
Lawdicus,1,2281,1405,876,529,72,1,1,601,2282
ksayles08,1,2281,1313,968,345,35,1,1,380,2282
solidsnake1991,4,2278,1610,668,942,34,4,3,976,2281
nadineamar,2,2280,1320,960,360,163,2,1,523,2281
strongbino,1,2278,1588,690,898,256,1,1,1154,2279
Rusty-T-Shackelford,1,2278,1580,698,882,9,1,1,891,2279
wittyphrase,3,2277,1546,731,815,31,3,1,846,2278
MsFrightlin,2,2275,1590,685,905,89,2,2,994,2277
Plethorian,3,2274,1542,732,810,120,3,3,930,2277
theflamingburrito,3,2274,1514,760,754,61,3,3,815,2277
BaconKnight,1,2275,1411,864,547,267,1,0,814,2275
6chobot6,1,2274,1289,985,304,60,1,1,364,2275
ExaltedVoid,1,2273,1300,973,327,22,1,1,349,2274
TheBeardlessSquirrel,4,2269,1580,689,891,281,4,4,1172,2273
mathyoujohn,2,2271,1408,863,545,68,2,2,613,2273
lundah,2,2271,1393,878,515,28,2,2,543,2273
Butters434,1,2270,1698,572,1126,34,1,1,1160,2271
ddbob,1,2270,1513,757,756,53,1,1,809,2271
i_lick_my_knuckles,2,2270,1321,949,372,198,2,1,570,2271
vxsarin,1,2270,1761,509,1252,233,1,0,1485,2270
cricket_guy,2,2268,1399,869,530,42,2,1,572,2269
Love_Caktus,1,2266,1632,634,998,98,1,1,1096,2267
The_Horse_Yeller,1,2266,1594,672,922,79,0,1,1001,2267
nickcushman,1,2266,1585,681,904,30,1,1,934,2267
FreeCandy4Kids,1,2266,1292,974,318,5,1,1,323,2267
Flynner1992,6,2262,1695,567,1128,226,4,4,1354,2266
italianpriest,1,2265,1660,605,1055,28,1,1,1083,2266
nostalgic_blast,1,2265,1350,915,435,66,1,1,501,2266
Thear22,1,2264,1442,822,620,218,1,1,838,2265
The_Snoozberries,9,2255,2120,135,1985,104,8,8,2089,2263
gameadd1kt,5,2261,1357,904,453,68,5,2,521,2263
azreal156,4,2258,1926,332,1594,125,4,4,1719,2262
deafbrowndog,1,2262,1509,753,756,44,1,0,800,2262
DrippingI,5,2257,1627,630,997,42,5,4,1039,2261
trspanache,3,2259,1428,831,597,166,3,2,763,2261
rafmonster,1,2259,1766,493,1273,51,1,1,1324,2260
Ninjacunthole,1,2259,1532,727,805,70,1,1,875,2260
kpjones07,3,2256,1638,618,1020,78,3,3,1098,2259
SaintAngrier,2,2257,1575,682,893,52,2,1,945,2258
Arcvalons,1,2258,1470,788,682,151,1,0,833,2258
IsItFree,1,2257,1433,824,609,17,1,1,626,2258
Swagasaur,2,2255,1606,649,957,21,2,2,978,2257
aperfectcircle,3,2254,1578,676,902,24,3,3,926,2257
awjeahboi,1,2256,1420,836,584,35,1,1,619,2257
GoodWithoutAGod,3,2252,1551,701,850,61,3,3,911,2255
cpellegrino,2,2252,1566,686,880,28,1,2,908,2254
kinderfall1,1,2252,1571,681,890,36,1,1,926,2253
Dashing_Pony,1,2253,1375,878,497,20,1,0,517,2253
abstruh,3,2249,1667,582,1085,23,2,3,1108,2252
Lightbulb_Moments,3,2249,1512,737,775,39,3,3,814,2252
dizzyelk,3,2249,1616,633,983,54,3,1,1037,2250
CassTheUltimateBA,1,2249,1505,744,761,38,1,1,799,2250
_bonesmalone,1,2248,1338,910,428,111,1,0,539,2248
En3rgyX,2,2245,1427,818,609,58,2,2,667,2247
HMSuperb,1,2246,1787,459,1328,28,1,0,1356,2246
rockweiler,2,2245,1597,648,949,72,2,0,1021,2245
Pyrao,1,2243,1657,586,1071,25,1,1,1096,2244
apollo666,1,2243,1562,681,881,43,0,1,924,2244
Kadrik,1,2244,1314,930,384,28,1,0,412,2244
Kuyll,1,2242,1649,593,1056,110,0,1,1166,2243
Eloquium,4,2239,1600,639,961,171,4,4,1132,2243
caliezone,3,2240,1258,982,276,135,3,2,411,2242
ATH3G,1,2240,1643,597,1046,73,1,1,1119,2241
fdxpa,1,2240,1295,945,350,22,1,1,372,2241
austincucch,1,2240,1577,663,914,91,1,0,1005,2240
BANDIT_PANDA,1,2240,1585,655,930,17,1,0,947,2240
Anonymo,1,2238,1782,456,1326,100,1,1,1426,2239
Forblarion,1,2238,1705,533,1172,150,0,1,1322,2239
McGilatine,7,2234,1639,595,1044,27,6,5,1071,2239
taymaytay,2,2237,1580,657,923,61,2,2,984,2239
CommondeNominator,1,2239,1347,892,455,83,1,0,538,2239
mave1986,1,2237,1215,1022,193,128,1,1,321,2238
crazyfrenchbiker,1,2237,1320,917,403,162,1,0,565,2237
Azov237,1,2235,1268,967,301,175,1,1,476,2236
pacd,1,2233,1579,654,925,59,1,1,984,2234
Max45a,1,2233,1239,994,245,97,1,1,342,2234
PerfectGrammar,1,2232,1548,684,864,285,1,1,1149,2233
alexcarter,1,2232,1526,706,820,49,1,1,869,2233
OWL16,1,2233,1380,853,527,65,1,0,592,2233
Aviora,2,2230,1405,825,580,51,2,2,631,2232
Hug-dealer,6,2225,1649,576,1073,58,5,5,1131,2230
SushiGradeNarwhal,1,2229,1446,783,663,50,1,1,713,2230
emelecfan2048,5,2226,1286,940,346,36,5,4,382,2230
layo89,1,2229,1280,949,331,45,1,1,376,2230
checkyalaterman,2,2227,1667,560,1107,35,2,2,1142,2229
vstandsforvictory,1,2229,1457,772,685,32,1,0,717,2229
smugleafFTW,1,2229,1324,905,419,37,1,0,456,2229
Lolo_the_clown,3,2223,1535,688,847,38,2,3,885,2226
Terrible_Wingman,1,2225,1301,924,377,21,1,1,398,2226
5ohclock,1,2224,1581,643,938,30,1,1,968,2225
HeyLookItsBrett,1,2224,1526,698,828,27,1,1,855,2225
auxidora,1,2224,1498,726,772,76,1,1,848,2225
GrapeJuicePlus,1,2223,1624,599,1025,29,1,1,1054,2224
GreenSquid32,5,2219,1474,745,729,98,2,5,827,2224
jafarr,1,2224,1461,763,698,28,1,0,726,2224
skittlemann,2,2222,1297,925,372,69,2,1,441,2223
alreadyet,1,2223,1252,971,281,35,1,0,316,2223
imwellhung,1,2223,1184,1039,145,149,1,0,294,2223
drostan,2,2221,1472,749,723,62,2,1,785,2222
AskingOnce,1,2220,1475,745,730,235,1,1,965,2221
MustaphaYT,1,2220,1341,879,462,30,1,1,492,2221
CompasslessPigeon,1,2220,1298,922,376,80,1,1,456,2221
carsonbiz,2,2218,1751,467,1284,49,2,2,1333,2220
polishrob,2,2219,1405,814,591,43,2,1,634,2220
Summonme,1,2218,1484,734,750,20,0,1,770,2219
cat007,1,2218,1251,967,284,67,1,1,351,2219
FrostByte17,2,2216,1452,764,688,63,2,2,751,2218
SicDrummer,2,2215,1207,1008,199,86,2,2,285,2217
RandomMischief,1,2215,1496,719,777,30,1,0,807,2215
rabbitdowneyjr,1,2214,1369,845,524,19,1,1,543,2215
jrizos,2,2213,1511,702,809,38,2,1,847,2214
Vepps,2,2212,1515,697,818,26,2,1,844,2213
vanillaprinter,1,2212,1477,735,742,37,1,1,779,2213
clayides,3,2211,1443,768,675,61,3,2,736,2213
maxplott,3,2209,1578,631,947,24,3,3,971,2212
Jeffrey7s,2,2208,1588,620,968,46,2,2,1014,2210
oorange,2,2207,1490,717,773,26,2,2,799,2209
kitehigh,1,2206,1644,562,1082,52,0,1,1134,2207
llama-party,1,2206,1338,868,470,23,1,1,493,2207
ladyduke,1,2206,1231,975,256,144,1,1,400,2207
the_dayman,1,2205,1374,831,543,26,1,0,569,2205
NotJoeCheese,2,2202,1629,573,1056,26,1,2,1082,2204
greenRiverThriller,2,2203,1339,864,475,118,2,1,593,2204
kodark,7,2197,2016,181,1835,74,7,5,1909,2202
springbattler,1,2202,1359,843,516,67,1,0,583,2202
muskyox,1,2201,1307,894,413,132,1,1,545,2202
mpthrapp,2,2199,1504,695,809,98,2,2,907,2201
jaredmanning,1,2200,1383,817,566,46,1,1,612,2201
Gst86,1,2199,1524,675,849,14,1,1,863,2200
675675TEN,1,2200,1260,940,320,306,1,0,626,2200
NJ4LIfe,1,2197,1327,870,457,7,1,1,464,2198
usafmaverick,2,2193,1517,676,841,153,2,2,994,2195
terrag0110,1,2194,1499,695,804,47,1,1,851,2195
rkenshin1,1,2193,1522,671,851,25,1,1,876,2194
Peterpannimph,1,2193,1516,677,839,35,1,1,874,2194
Dr_Zoidberg_the_3rd,1,2193,1510,683,827,27,0,1,854,2194
kriegman,1,2193,1495,698,797,18,1,1,815,2194
Van-CityFTW,4,2189,1581,608,973,34,3,4,1007,2193
hornplayerchris,4,2189,1560,629,931,32,4,4,963,2193
singsingasong,1,2193,1507,686,821,23,1,0,844,2193
screwed124816,2,2191,1491,700,791,13,2,2,804,2193
working_on_it,3,2187,1472,715,757,39,3,3,796,2190
kevin349,1,2189,1342,847,495,19,1,1,514,2190
Nh227,1,2188,1499,689,810,41,1,1,851,2189
sortofnatural,1,2189,1478,711,767,64,1,0,831,2189
Sacamamo,1,2188,1437,751,686,49,0,1,735,2189
HookahPharaoh,2,2186,1416,770,646,27,2,2,673,2188
TheKoalaMan,1,2187,1388,799,589,57,0,1,646,2188
Klokateer,4,2182,1475,707,768,128,4,4,896,2186
teuxdeux,1,2186,1276,910,366,67,1,0,433,2186
CaliburS,2,2183,1702,481,1221,28,2,2,1249,2185
HappyEndingsXcept4Me,4,2180,1643,537,1106,51,3,4,1157,2184
seanrm,3,2181,1460,721,739,135,3,3,874,2184
Slayer_the_HERO,1,2183,1488,695,793,42,1,1,835,2184
BiteMyBennigans,1,2183,1396,787,609,32,1,1,641,2184
coopercons,1,2184,1293,891,402,135,1,0,537,2184
AlanKey,4,2179,1455,724,731,77,3,4,808,2183
A_Fiddler_Crab,1,2182,1461,721,740,33,1,1,773,2183
aquajock,1,2182,1461,721,740,19,1,1,759,2183
ButtsendWeaners,1,2183,1300,883,417,37,1,0,454,2183
ScrapBuilder774,2,2179,1537,642,895,27,0,2,922,2181
Brady76,2,2179,1485,694,791,93,2,1,884,2180
MadRussian258v2,4,2177,1188,989,199,37,3,3,236,2180
nortel,1,2177,1414,763,651,126,1,0,777,2177
extesser,1,2176,1444,732,712,22,1,1,734,2177
MasterOfPuppets15,1,2176,1407,769,638,28,1,1,666,2177
Xtianpro,3,2174,1495,679,816,127,2,2,943,2176
DreamClubMurder,1,2176,1279,897,382,12,1,0,394,2176
NominalAeon,2,2173,1557,616,941,29,2,2,970,2175
madda_mcfacka,1,2175,1436,739,697,172,1,0,869,2175
gmikoner,1,2173,1308,865,443,112,1,1,555,2174
FragileIdeals,1,2172,1509,663,846,18,1,1,864,2173
TheNSer,2,2170,1425,745,680,37,2,2,717,2172
rklap34,4,2168,1354,814,540,117,4,4,657,2172
jawells630,1,2172,1326,846,480,100,1,0,580,2172
psgrn7,1,2172,1231,941,290,182,1,0,472,2172
avidvaulter,2,2168,1391,777,614,33,2,2,647,2170
BinaryRage,1,2169,1284,885,399,54,1,1,453,2170
adrunkgerbil,1,2169,1399,770,629,42,1,0,671,2169
hreiedv,1,2167,1469,698,771,92,1,1,863,2168
willo_sea,1,2168,1487,681,806,35,1,0,841,2168
winterborn,1,2168,1287,881,406,65,1,0,471,2168
DLXII,2,2166,1343,823,520,47,2,1,567,2167
onestrawplease,1,2166,1568,598,970,37,1,0,1007,2166
YourSpoonIsTooSmall,1,2165,1413,752,661,13,1,1,674,2166
censorius,1,2165,1572,593,979,8,1,0,987,2165
Starrfx642,2,2164,1306,858,448,49,2,1,497,2165
Agathus,2,2163,1599,564,1035,28,1,1,1063,2164
dhanmhar,1,2163,1545,618,927,77,0,1,1004,2164
jaward193,3,2162,1520,642,878,33,1,2,911,2164
OhthatMuhammad,1,2162,1506,656,850,81,1,1,931,2163
demonweb,1,2163,1444,719,725,16,1,0,741,2163
cescj49,1,2160,1136,1024,112,36,1,1,148,2161
jetaimemina,2,2158,1306,852,454,221,2,2,675,2160
Ceejae,1,2159,1292,867,425,56,1,1,481,2160
aaronm109246,6,2154,1403,751,652,35,5,5,687,2159
lauraisbored,2,2155,1477,678,799,29,2,2,828,2157
DC-Jaxx,3,2154,1469,685,784,28,2,3,812,2157
blzr_tag,1,2155,1548,607,941,25,1,1,966,2156
Jake020793,3,2153,1496,657,839,23,3,3,862,2156
alltimeisrelative,1,2155,1446,709,737,31,0,1,768,2156
kokes88,2,2155,1416,739,677,30,1,1,707,2156
wryknow,1,2155,1368,787,581,82,1,1,663,2156
tinyroom,1,2153,1704,449,1255,45,1,1,1300,2154
kmck96,1,2152,1398,754,644,227,0,1,871,2153
Chacalaka,1,2153,1326,827,499,89,1,0,588,2153
CommisOne,2,2150,1641,509,1132,22,1,2,1154,2152
JamoWRage,2,2149,1369,780,589,177,2,2,766,2151
ittenbittenkitten,1,2150,1350,800,550,47,1,1,597,2151
lbmouse,1,2150,1305,845,460,42,1,0,502,2150
86d,1,2149,1307,842,465,36,1,1,501,2150
cumonurface,2,2149,1310,839,471,17,2,1,488,2150
ziggyzolt,5,2144,1658,486,1172,83,3,5,1255,2149
Mecxs,1,2148,1325,823,502,62,1,1,564,2149
Circus_Birth,3,2145,1306,839,467,41,3,3,508,2148
Abbii-Amazing,1,2146,1366,780,586,49,0,1,635,2147
Crossthebreeze,2,2146,1358,788,570,32,2,1,602,2147
guynamedgriffin,4,2143,1351,792,559,84,2,3,643,2146
RattlesnakeJake,3,2143,1388,755,633,42,3,2,675,2145
geosquirrel,1,2143,1575,568,1007,28,1,1,1035,2144
fijimucho,2,2142,1324,818,506,52,2,2,558,2144
beachlike,1,2142,1378,764,614,31,1,1,645,2143
Massei,2,2140,1356,784,572,48,2,2,620,2142
spudole,1,2140,1458,682,776,28,1,1,804,2141
nutstrut,1,2141,1351,790,561,45,1,0,606,2141
Wyald,1,2139,1498,641,857,44,1,1,901,2140
hettan123,1,2139,1477,662,815,77,1,1,892,2140
Jellyroll_Jr,2,2138,1449,689,760,35,1,2,795,2140
jtsylve,1,2139,1306,833,473,19,1,1,492,2140
cheekytriangle,2,2137,1511,626,885,49,2,2,934,2139
krijoh92,1,2138,1383,755,628,91,1,1,719,2139
TYBEEEZ,1,2137,1314,823,491,23,1,1,514,2138
knockturnal,3,2135,1401,734,667,83,3,2,750,2137
HocusThePocus,1,2136,1392,744,648,44,1,1,692,2137
Matt1125,1,2136,1344,792,552,28,1,1,580,2137
NoseFetish,1,2136,1432,704,728,90,1,0,818,2136
iamnotsocute,1,2135,1399,736,663,25,1,1,688,2136
AcuraVIP,1,2134,1549,585,964,19,1,0,983,2134
hoitjancker,1,2132,1490,642,848,43,0,1,891,2133
Koenigspiel,5,2128,1367,761,606,34,5,5,640,2133
doug3465reposter,1,2132,1237,895,342,67,1,1,409,2133
myrpou,2,2130,1568,562,1006,118,2,2,1124,2132
suxer,3,2127,1476,651,825,54,3,2,879,2129
Kizzzy,1,2128,1505,623,882,62,1,0,944,2128
cometparty,1,2128,1355,773,582,149,1,0,731,2128
On_The_Grass,4,2124,1382,742,640,34,4,3,674,2127
crestonfunk,5,2125,1292,833,459,90,5,2,549,2127
Anofles,3,2125,1161,964,197,52,3,2,249,2127
coldcrush,2,2124,1405,719,686,214,2,2,900,2126
EmbraceTheMongoose,1,2123,1462,661,801,24,1,1,825,2124
ErMahGehrd,4,2121,1428,693,735,22,1,3,757,2124
GODFATHER_OF_REDDIT,1,2123,1362,761,601,35,1,1,636,2124
mansardroofs,7,2120,1861,259,1602,59,7,3,1661,2123
KatLay623,1,2123,1676,447,1229,17,1,0,1246,2123
landoparada,1,2123,1367,756,611,209,1,0,820,2123
e00E,1,2122,1275,847,428,236,1,1,664,2123
IAmMaximus,1,2122,1485,637,848,388,1,0,1236,2122
Razbu1337,3,2121,1586,535,1051,97,3,1,1148,2122
bustercherrie,1,2121,1407,714,693,123,1,1,816,2122
marshalll17,1,2120,1421,699,722,16,1,1,738,2121
fairlydeadfellow,1,2120,1423,697,726,46,1,0,772,2120
ButteryChrisont,3,2119,1404,715,689,45,3,1,734,2120
Pudie,12,2109,1715,394,1321,270,12,10,1591,2119
SkiddleZIzKewl,1,2119,1352,767,585,33,1,0,618,2119
RosieMonkey9,7,2111,1570,541,1029,16,3,6,1045,2117
Salanderson,1,2116,1263,853,410,87,1,1,497,2117
ChanceExpert,1,2116,1242,874,368,70,1,1,438,2117
ImAMadManInABox,1,2115,1308,807,501,24,1,1,525,2116
6times9is42,4,2111,1476,635,841,29,3,4,870,2115
The_Shiznittt,1,2114,1399,715,684,114,1,1,798,2115
jjramrod,1,2114,1394,720,674,12,1,1,686,2115
charmander_,2,2113,1313,800,513,87,0,2,600,2115
granneutrino,2,2113,1271,842,429,47,2,2,476,2115
AlexVocat,1,2114,1169,945,224,112,1,1,336,2115
WHY_POTATO,2,2112,1587,525,1062,61,2,1,1123,2113
coffeeunlimited,1,2112,1303,809,494,54,1,1,548,2113
Leard,1,2111,1346,765,581,44,1,1,625,2112
DJGxC,1,2110,1479,631,848,24,1,1,872,2111
neocow,1,2111,1391,720,671,116,1,0,787,2111
loveshack89,1,2110,1259,851,408,55,1,1,463,2111
TheDoleKing,1,2109,1410,699,711,28,1,1,739,2110
WordUpvote,1,2110,1207,903,304,49,1,0,353,2110
tistadly,2,2106,1337,769,568,66,1,2,634,2108
polipsy,1,2108,1288,820,468,31,1,0,499,2108
alabaster1,1,2107,1285,822,463,31,1,1,494,2108
OBEYthesky,2,2106,1272,834,438,44,2,2,482,2108
whosrephaite,3,2103,1647,456,1191,45,3,3,1236,2106
auraeloria,1,2106,1316,790,526,36,1,0,562,2106
MyLastNameIsHO,1,2105,1168,937,231,35,1,1,266,2106
jimmythellama,3,2102,1438,664,774,76,2,3,850,2105
SilkM0,1,2104,1275,829,446,10,1,1,456,2105
Boltie,1,2103,1416,687,729,46,1,1,775,2104
garychencool,1,2103,1271,832,439,24,1,1,463,2104
Jamezzar,2,2101,1435,666,769,28,2,2,797,2103
Tucci_,1,2102,1422,680,742,23,1,1,765,2103
SaifDragoon,2,2100,1434,666,768,97,1,2,865,2102
ShiftingTheParadigm,1,2101,1419,682,737,29,0,1,766,2102
kuze,2,2101,1290,811,479,41,2,1,520,2102
Rage_In_Peace,1,2100,1403,697,706,30,1,1,736,2101
ixjcha,2,2098,1331,767,564,230,2,2,794,2100
xhansel,1,2098,1302,796,506,103,1,1,609,2099
sakasama_bridge,2,2099,1302,797,505,73,2,0,578,2099
Myrandall,7,2091,1643,448,1195,59,7,6,1254,2097
Did_it_hurt,4,2094,1425,669,756,50,4,3,806,2097
EntropyParadox7,1,2097,1287,810,477,25,1,0,502,2097
Slaughter555,1,2097,1173,924,249,77,1,0,326,2097
jonusfatson,2,2094,1625,469,1156,198,2,2,1354,2096
square_ham,1,2096,1678,418,1260,79,1,0,1339,2096
dietztho000,1,2095,1354,741,613,20,1,1,633,2096
arc_angle,1,2094,1378,716,662,219,0,1,881,2095
FadedFromWhite,3,2092,1501,591,910,58,2,2,968,2094
spiderbabies4dinner,5,2088,1275,813,462,19,5,5,481,2093
deosama,3,2090,1357,733,624,65,3,2,689,2092
Tesfallout,1,2091,1359,732,627,27,1,1,654,2092
monaiz,1,2090,1560,530,1030,30,0,1,1060,2091
bomba86,4,2088,1487,601,886,48,4,3,934,2091
Derpsicles,1,2090,1294,796,498,14,1,1,512,2091
ElReyNate90,1,2091,1224,867,357,77,1,0,434,2091
rhetoricomposition,2,2088,1383,705,678,62,2,2,740,2090
ExterminatingAngel,1,2089,1395,694,701,30,1,1,731,2090
i_4got,2,2087,1384,703,681,56,2,2,737,2089
ash5,2,2087,1278,809,469,26,2,2,495,2089
creed4ever,1,2088,1636,452,1184,58,1,0,1242,2088
Liefx,3,2086,1412,674,738,85,2,2,823,2088
duiker101,1,2087,1219,868,351,31,1,1,382,2088
Silas8350,3,2084,1432,652,780,55,2,3,835,2087
revrend_,1,2087,1304,783,521,300,1,0,821,2087
Bloodhand,1,2086,1431,655,776,26,1,1,802,2087
angryyoungandpoor,1,2086,1280,806,474,26,1,1,500,2087
bkroc,1,2084,1546,538,1008,30,1,1,1038,2085
JapaneseGinger,1,2085,1320,765,555,35,1,0,590,2085
vanillamandingo,3,2080,1515,565,950,35,2,3,985,2083
Largan1,1,2082,1460,622,838,72,0,1,910,2083
Vornaskotti,1,2082,1252,830,422,348,1,1,770,2083
TheGirlKodi,2,2081,1347,734,613,37,1,2,650,2083
freym,3,2079,1429,650,779,60,3,3,839,2082
YoureInAGhostStory,3,2078,1529,549,980,36,3,3,1016,2081
The_Syst,1,2080,1221,859,362,78,1,1,440,2081
djklwf,1,2079,1403,676,727,51,1,1,778,2080
rogueryan,3,2077,1408,669,739,18,3,3,757,2080
Unshkblefaith,1,2078,1480,598,882,16,0,1,898,2079
Bahamas242,1,2077,1477,600,877,82,1,1,959,2078
ivanogo,1,2077,1318,759,559,48,1,1,607,2078
novovo,1,2076,1566,510,1056,99,0,1,1155,2077
pandageek,2,2074,1650,424,1226,11,1,2,1237,2076
phatee,1,2075,1489,586,903,241,1,1,1144,2076
cyanidelicious,1,2074,1536,538,998,32,0,1,1030,2075
StonJewart,1,2074,1533,541,992,25,1,1,1017,2075
I_Jackoff_Twice,4,2071,1431,640,791,33,3,4,824,2075
uhoh1t5tay,3,2071,1412,659,753,29,3,2,782,2073
mishpat,2,2070,1373,697,676,140,2,2,816,2072
DIRTYBIRD79,1,2071,1196,875,321,59,1,1,380,2072
GamerMVP24,4,2070,1180,890,290,63,4,2,353,2072
kryptonitefire,1,2070,1314,756,558,95,1,1,653,2071
jonny360,1,2069,1460,609,851,26,1,1,877,2070
naitsabes95,2,2068,1435,633,802,58,1,1,860,2069
Vidare,1,2069,1428,641,787,60,1,0,847,2069
wholovesbevers,1,2067,1456,611,845,31,1,1,876,2068
jayRIOT,1,2066,1569,497,1072,25,1,1,1097,2067
JBEHAR11,1,2067,1325,742,583,122,1,0,705,2067
Nidies,1,2066,1347,719,628,33,1,1,661,2067
seantonsoup,1,2066,1225,841,384,62,1,1,446,2067
Jonfreakintasic,2,2064,1333,731,602,269,2,2,871,2066
neonettech,1,2066,1233,833,400,245,1,0,645,2066
juganout,1,2066,1174,892,282,37,1,0,319,2066
sprawld,3,2064,1645,419,1226,47,3,1,1273,2065
StingIrwin,2,2064,1476,588,888,319,2,1,1207,2065
anton645,3,2063,1390,673,717,68,3,2,785,2065
luthan,2,2062,1481,581,900,10,2,2,910,2064
bad_mcpants,1,2063,1473,590,883,41,1,0,924,2063
deusexnox,1,2062,1293,769,524,17,1,1,541,2063
akatypes,1,2061,1671,390,1281,38,1,1,1319,2062
BrontiesMole,1,2061,1554,507,1047,27,1,1,1074,2062
in_omplete,1,2061,1525,536,989,79,1,1,1068,2062
Void23,7,2055,1409,646,763,26,6,7,789,2062
Son_of_Samus,1,2060,1524,536,988,26,1,1,1014,2061
machnacht,1,2060,1502,558,944,18,1,1,962,2061
Thunder_Thighs,3,2058,1403,655,748,81,3,2,829,2060
Mr_Big_Stuff,1,2060,1256,804,452,332,1,0,784,2060
DPSTank,1,2060,1364,696,668,26,1,0,694,2060
Ochobobo,1,2058,1536,522,1014,91,1,1,1105,2059
tgbythn,1,2058,1469,589,880,82,1,1,962,2059
iamwudu,1,2057,1583,474,1109,90,1,1,1199,2058
funamazing,1,2057,1469,588,881,22,1,1,903,2058
1trull2many,1,2057,1319,738,581,46,1,1,627,2058
Pushkin23,1,2058,1292,766,526,69,1,0,595,2058
shifty35,1,2057,1218,839,379,52,1,0,431,2057
Flagellum007,1,2057,1176,881,295,33,1,0,328,2057
UnicornsPoopSkittles,2,2054,1362,692,670,203,2,2,873,2056
Fiercekiller,2,2054,1252,802,450,100,2,2,550,2056
drdob,1,2055,1439,616,823,47,1,0,870,2055
costabrava11,2,2050,1471,579,892,59,2,2,951,2052
Yaeks,1,2052,1307,745,562,65,1,0,627,2052
Jeddy,3,2050,1270,780,490,100,3,2,590,2052
alienseen,4,2049,1167,882,285,55,4,3,340,2052
bleachmartini,3,2048,1531,517,1014,43,2,3,1057,2051
TheLankiestNinja,1,2050,1347,703,644,69,1,1,713,2051
inspectorspacetime23,1,2049,1402,647,755,45,1,1,800,2050
undiscoveredlama,1,2050,1238,812,426,69,1,0,495,2050
awesomeideas,1,2050,1200,850,350,46,1,0,396,2050
finite_simple_group,1,2048,1632,416,1216,15,1,1,1231,2049
MDWilliams03,1,2048,1515,533,982,76,0,1,1058,2049
Tominatior,1,2047,1483,564,919,17,0,1,936,2048
jbishow,2,2047,1228,819,409,26,2,1,435,2048
tonehammer,1,2046,1351,695,656,71,1,1,727,2047
bluntrollin,2,2045,1496,549,947,56,1,1,1003,2046
AnEvilLightbulb,1,2045,1478,567,911,25,1,1,936,2046
microwave_safe_bowl,2,2045,1280,765,515,53,2,1,568,2046
agency_panic,2,2043,1314,729,585,71,2,2,656,2045
Guhnarf,1,2044,1312,732,580,33,1,1,613,2045
MothraGirl,1,2043,1470,573,897,51,1,1,948,2044
aparizo,1,2043,1462,581,881,13,1,1,894,2044
DarthMeGusta,1,2044,1357,687,670,22,1,0,692,2044
mbss,2,2043,1295,748,547,76,2,1,623,2044
xMattBeechlerx,2,2041,1363,678,685,18,1,2,703,2043
Derekro,1,2042,1357,685,672,21,1,1,693,2043
shwey,1,2043,1192,851,341,52,1,0,393,2043
shaqfan99,1,2041,1492,549,943,102,1,1,1045,2042
mtthewkess,2,2040,1285,755,530,33,2,2,563,2042
JMusto0223,2,2040,1433,607,826,45,2,1,871,2041
Bowman9000,1,2040,1177,863,314,26,1,1,340,2041
AMeanCow,3,2038,1524,514,1010,32,3,2,1042,2040
pluckydame,1,2039,1513,526,987,38,1,1,1025,2040
o0000o,1,2039,1333,706,627,103,1,1,730,2040
WutsUp,2,2037,1516,521,995,27,2,2,1022,2039
Inchwormed,1,2038,1485,553,932,65,1,1,997,2039
RageThat,1,2038,1389,649,740,22,1,1,762,2039
agwells2016,2,2037,1332,705,627,27,2,2,654,2039
politecreeper,2,2037,1346,691,655,31,2,1,686,2038
SgtShinySides,2,2036,1325,711,614,35,2,1,649,2037
timetravel_fanof,2,2035,1339,696,643,51,2,1,694,2036
PhatDaddy420,3,2034,1268,766,502,90,3,2,592,2036
awesomekristian,4,2031,1420,611,809,78,4,4,887,2035
psychoticmidget,2,2033,1325,708,617,88,2,2,705,2035
cerpintaxt64,1,2033,1455,578,877,24,1,1,901,2034
Sprakisnolo,1,2033,1330,703,627,92,1,1,719,2034
shussain313,1,2033,1219,814,405,36,1,1,441,2034
AndrejPejic,3,2030,1417,613,804,129,3,3,933,2033
HK_Freak_105,2,2031,1430,601,829,21,2,2,850,2033
Squatront,1,2032,1345,687,658,35,1,1,693,2033
misslibbis,3,2031,1318,713,605,77,3,2,682,2033
theel25,1,2031,1198,833,365,44,1,1,409,2032
ToriaWilde,2,2029,1442,587,855,44,2,2,899,2031
drerx,1,2031,1343,688,655,79,1,0,734,2031
DanTronMcTronDan,1,2029,1469,560,909,46,1,1,955,2030
holynorth,1,2028,1378,650,728,28,1,1,756,2029
honestjoe,1,2029,1368,661,707,19,1,0,726,2029
johnny_seven,2,2027,1353,674,679,30,2,2,709,2029
cip6791,4,2025,1440,585,855,20,4,3,875,2028
archasylum,1,2026,1266,760,506,22,1,1,528,2027
reality_bugger,3,2024,1196,828,368,35,2,3,403,2027
snickersbarsaregood,1,2024,1314,710,604,10,1,1,614,2025
blackowiak,1,2024,1234,790,444,31,1,1,475,2025
plasticine_crow,1,2024,1196,828,368,41,1,1,409,2025
Pentaxia,1,2022,1239,783,456,33,1,1,489,2023
HexNiCoTiNe,1,2022,1219,803,416,62,1,1,478,2023
KazMux,2,2022,1198,824,374,40,2,1,414,2023
LuckyAssBick,3,2019,1403,616,787,81,3,3,868,2022
aetherius0,1,2021,1138,883,255,16,1,1,271,2022
CoryReyes,2,2019,1477,542,935,46,2,1,981,2020
stock_character,1,2019,1756,263,1493,62,1,0,1555,2019
Darth-Sarah,3,2017,1332,685,647,55,3,2,702,2019
talhazelden,3,2014,1515,499,1016,69,2,3,1085,2017
dogtkd520,1,2016,1243,773,470,21,1,1,491,2017
Slowtorespond,2,2015,1232,783,449,23,2,2,472,2017
4chanThinksImWeird,2,2013,1505,508,997,31,2,2,1028,2015
theghostofme,4,2014,1278,736,542,48,4,1,590,2015
goldenuser34,1,2013,1370,643,727,10,1,1,737,2014
verysmallbeta,2,2012,1337,675,662,34,2,2,696,2014
ACIIgoat,1,2013,1215,798,417,108,1,1,525,2014
TheZeppelin1995,7,2007,1588,419,1169,58,5,6,1227,2013
xCall911,1,2013,1433,580,853,200,1,0,1053,2013
Lulucokegirl,6,2008,1479,529,950,60,6,5,1010,2013
Taskforce_protector,1,2012,1338,674,664,50,1,1,714,2013
Ryan0617,1,2011,1291,720,571,60,1,1,631,2012
OfficerFuckNuts,1,2011,1242,769,473,31,1,1,504,2012
Farkquad,1,2011,1130,881,249,32,1,1,281,2012
useful_moron,9,2001,1454,547,907,70,8,9,977,2010
mazemir,1,2009,1376,633,743,74,1,1,817,2010
POWERGULL,4,2007,1384,623,761,26,3,3,787,2010
Vold3mortal,1,2009,1258,751,507,77,1,1,584,2010
alexcollins2006,1,2008,1438,570,868,21,1,0,889,2008
thejer222,1,2006,1369,637,732,43,1,1,775,2007
leicanthrope,2,2006,1306,700,606,16,2,1,622,2007
purplechewy,1,2007,1237,770,467,14,1,0,481,2007
Scottishboy614,2,2005,1181,824,357,37,2,2,394,2007
nicolebenson,12,1996,1635,361,1274,36,12,9,1310,2005
imNTR,2,2004,1496,508,988,26,2,1,1014,2005
omgroflpants,7,1998,1396,602,794,80,7,7,874,2005
Neostyle,1,2004,1312,692,620,110,1,1,730,2005
inuse23,1,2002,1156,846,310,22,1,1,332,2003
Relevant_Troll,10,1994,1333,661,672,92,10,7,764,2001
amj00,1,1999,1640,359,1281,112,1,1,1393,2000
spencebiro,8,1992,1332,660,672,32,6,8,704,2000
Chaoangmoh,1,1998,1307,691,616,97,1,1,713,1999
cltaylo6,1,1998,1272,726,546,31,1,1,577,1999
Roennenfelt,1,1997,1274,723,551,34,1,1,585,1998
Can_of_Spam,2,1994,1259,735,524,23,2,2,547,1996
PotConnoisseur,1,1995,1203,792,411,134,1,1,545,1996
rcm_rx7,1,1994,1228,766,462,74,1,1,536,1995
robtheflyhalf,1,1994,1293,701,592,26,1,0,618,1994
T11PES,1,1993,1275,718,557,45,1,1,602,1994
xsmeekes,1,1993,1228,765,463,98,1,1,561,1994
ManWithKeyboard,1,1994,1233,761,472,58,1,0,530,1994
ECEGatorTuro,1,1993,1136,857,279,194,1,1,473,1994
clumsypyro101,1,1992,1337,655,682,32,1,0,714,1992
knowses,1,1991,1321,670,651,27,1,1,678,1992
Windwaker97,5,1986,1515,471,1044,35,5,5,1079,1991
trenepos,3,1988,1353,635,718,148,3,3,866,1991
Shooeytv,1,1990,1389,601,788,25,1,1,813,1991
FiveSmash,1,1990,1336,654,682,83,1,1,765,1991
ablavar,1,1990,1220,770,450,21,1,1,471,1991
Stefunni,2,1990,1635,355,1280,177,1,0,1457,1990
BosskHogg,3,1987,1368,619,749,10,3,3,759,1990
ungh,1,1989,1282,707,575,23,1,1,598,1990
msm007,1,1989,1103,886,217,193,1,0,410,1989
danielkawka,1,1987,1360,627,733,42,1,1,775,1988
InfinitePower,1,1988,1175,813,362,70,1,0,432,1988
bearplower88,1,1986,1341,645,696,76,1,1,772,1987
cemaleker,1,1986,1345,641,704,15,1,1,719,1987
Zzzad,1,1986,1166,820,346,27,1,1,373,1987
Makinporing,9,1978,1703,275,1428,292,8,8,1720,1986
wickedlikethreesixes,1,1985,1287,698,589,73,1,1,662,1986
MasterPozer,4,1983,1269,714,555,36,0,3,591,1986
zokah,1,1984,1419,565,854,103,1,1,957,1985
fuzycaps102,3,1983,1369,614,755,83,3,2,838,1985
alphaq30188,1,1984,1318,666,652,15,1,1,667,1985
triggerhoppe,1,1984,1202,782,420,61,1,1,481,1985
WubU2,1,1982,1174,808,366,49,1,1,415,1983
HeliosTheSun,2,1981,1144,837,307,17,2,2,324,1983
changone,1,1982,1178,804,374,100,1,0,474,1982
purplesu,1,1980,1236,744,492,64,1,1,556,1981
pk4,1,1979,1438,541,897,48,1,0,945,1979
snake_eye_3000,1,1978,1188,790,398,39,1,1,437,1979
d_b_cooper,5,1975,1539,436,1103,70,3,3,1173,1978
torandicus,1,1978,1286,692,594,38,0,0,632,1978
interputed,2,1975,1482,493,989,18,2,2,1007,1977
Spaghetti_Head,1,1976,1256,720,536,23,1,1,559,1977
tjwow,2,1973,1340,633,707,49,2,2,756,1975
b_randon,1,1974,1288,686,602,44,0,1,646,1975
forklad,2,1974,1242,732,510,27,1,1,537,1975
pizz6,1,1973,1270,703,567,28,1,1,595,1974
Xefis,2,1973,1258,715,543,35,2,1,578,1974
fox_prostate,1,1973,1172,801,371,35,1,1,406,1974
second_prize,1,1972,1250,722,528,78,1,1,606,1973
RedditsGrundole,3,1970,1400,570,830,21,3,2,851,1972
giuseppe_peppe,2,1970,1212,758,454,87,2,2,541,1972
philkav,5,1968,1668,300,1368,171,5,3,1539,1971
FreshParadox,3,1968,1183,785,398,246,2,3,644,1971
Angelina_Jolie,1,1969,1344,625,719,15,1,1,734,1970
MrRexaw,3,1968,1314,654,660,38,3,2,698,1970
myalt22,1,1968,1172,796,376,113,1,1,489,1969
andy5000,2,1966,1244,722,522,10,1,2,532,1968
big_tuna2,1,1964,1230,734,496,76,1,1,572,1965
Valaseun,3,1961,1467,494,973,61,3,3,1034,1964
Apfelbonbon,2,1962,1453,509,944,10,0,2,954,1964
jmricht,1,1963,1353,610,743,48,1,1,791,1964
funran,1,1963,1097,866,231,135,1,1,366,1964
nikiHXM,1,1962,1355,607,748,16,1,1,764,1963
phillthe2nd,1,1961,1508,453,1055,23,1,1,1078,1962
GWhizzz,1,1962,1329,633,696,30,1,0,726,1962
Hardx,1,1961,1314,647,667,44,1,1,711,1962
otlmath,1,1962,1282,680,602,77,1,0,679,1962
sutherland604,2,1959,1411,548,863,20,2,2,883,1961
firearmed,3,1958,1161,797,364,60,3,3,424,1961
kaushalp88,1,1960,1208,752,456,45,1,0,501,1960
Sianida,2,1957,1317,640,677,51,2,2,728,1959
blunter7474,4,1953,1489,464,1025,30,3,4,1055,1957
geneticswag,4,1953,1304,649,655,25,4,4,680,1957
splisks,1,1957,1178,779,399,31,1,0,430,1957
KaNe1493,1,1955,1477,478,999,23,1,1,1022,1956
JesusDawkins,1,1955,1078,877,201,21,1,1,222,1956
JayZee88,1,1955,1394,561,833,39,1,0,872,1955
mikbe,1,1955,1221,734,487,78,1,0,565,1955
ironsoul,2,1954,1120,834,286,91,2,1,377,1955
doc2be6642,1,1953,1292,661,631,33,1,1,664,1954
browntreebear,1,1953,1149,804,345,18,1,1,363,1954
thegreybush,1,1952,1340,612,728,85,1,1,813,1953
Mortalys77,1,1952,1283,669,614,18,1,1,632,1953
jking191,3,1950,1131,819,312,57,2,3,369,1953
MikeTyson14,1,1951,1203,748,455,27,1,1,482,1952
7D4Y_WEEKENDS,3,1951,1144,807,337,88,2,1,425,1952
silverboyp,1,1950,1395,555,840,12,1,1,852,1951
Bikizawesome,1,1951,1352,599,753,16,1,0,769,1951
Shoola,2,1949,1280,669,611,27,2,2,638,1951
finnehenry,2,1948,1501,447,1054,28,1,2,1082,1950
koolxx,10,1941,1305,636,669,132,2,9,801,1950
xr71bb,6,1946,1309,637,672,55,6,4,727,1950
Nazorovac,1,1948,1394,554,840,13,1,1,853,1949
ifukc,1,1948,1161,787,374,22,0,1,396,1949
nebulfha,2,1948,1164,784,380,64,2,0,444,1948
ballongmaskin,1,1947,1567,380,1187,293,1,0,1480,1947
gribaldy,6,1942,1262,680,582,43,5,5,625,1947
Felipe058,1,1947,1196,751,445,95,1,0,540,1947
Lecial,3,1943,1345,598,747,44,2,2,791,1945
Bdalz,1,1944,1056,888,168,59,1,1,227,1945
notamustache,2,1943,1379,564,815,24,2,1,839,1944
Thai_Hammer,3,1940,1563,377,1186,168,1,3,1354,1943
JabbersWrath,1,1943,1351,592,759,9,1,0,768,1943
brailsale,2,1941,1195,746,449,37,2,2,486,1943
ayoformayo,10,1935,1603,332,1271,23,5,7,1294,1942
skullfuckerr,1,1941,1072,869,203,83,1,1,286,1942
Derk444,2,1937,1288,649,639,26,2,2,665,1939
konieboy,1,1937,1276,661,615,284,1,1,899,1938
qulex,1,1937,1218,719,499,21,1,1,520,1938
Auriee,1,1936,1370,566,804,28,1,1,832,1937
kurtdizayn,1,1935,1557,378,1179,90,0,1,1269,1936
brovine,2,1934,1286,648,638,106,2,2,744,1936
Im_Science_Jesus,2,1934,1293,641,652,80,2,2,732,1936
ElkHunt,1,1934,1277,657,620,12,1,1,632,1935
hatttt,1,1935,1150,785,365,74,1,0,439,1935
jryan3,1,1934,1155,779,376,19,1,1,395,1935
evilada,1,1933,1486,447,1039,30,1,1,1069,1934
Cableranger,3,1931,1365,566,799,46,1,3,845,1934
ZBornstein,3,1933,1191,742,449,31,1,1,480,1934
Rampant_baconator,1,1933,1107,826,281,15,1,1,296,1934
ShootStation,2,1931,1402,529,873,133,2,2,1006,1933
TripsOro,3,1930,1220,710,510,256,3,3,766,1933
Yourothercat,2,1931,1282,649,633,50,0,2,683,1933
hcmc_ironpig,2,1929,1237,692,545,30,2,2,575,1931
keytud,2,1929,1185,744,441,86,2,2,527,1931
lolscotty,1,1929,1226,703,523,51,1,1,574,1930
blueyellowandgreen,1,1929,1220,709,511,60,1,1,571,1930
tommex,1,1926,1160,766,394,29,1,1,423,1927
mrbluesky88,1,1925,1543,382,1161,67,1,1,1228,1926
MrErinHands,2,1923,1208,715,493,26,2,2,519,1925
CitizenDane27,1,1924,1151,773,378,74,1,1,452,1925
shakeuroj,1,1924,1394,530,864,73,1,0,937,1924
spacelemon,3,1921,1279,642,637,39,1,3,676,1924
MrSlim,1,1921,1104,817,287,46,1,1,333,1922
ballistix489,1,1920,1342,578,764,52,0,1,816,1921
Shesaidshewaslvl18,2,1919,1226,693,533,65,2,2,598,1921
harpyon,1,1921,1150,771,379,201,1,0,580,1921
Adan714,1,1921,1208,713,495,30,1,0,525,1921
samageddon,1,1919,1442,477,965,19,1,1,984,1920
abbiistabbii,1,1920,1316,604,712,18,1,0,730,1920
add7,1,1919,1085,834,251,33,1,1,284,1920
thissiteisalright,2,1916,1277,639,638,33,2,2,671,1918
superatheist,2,1916,1661,255,1406,47,1,1,1453,1917
vijrox,1,1916,1425,491,934,60,1,1,994,1917
Chippermonkey,2,1916,1238,678,560,47,2,1,607,1917
BILL_CLINTONS_WIFE,3,1914,1221,693,528,32,3,3,560,1917
AntonSugar,2,1917,1086,831,255,53,2,0,308,1917
lesonj,3,1914,1269,645,624,25,3,2,649,1916
brosenfeld,3,1911,1413,498,915,69,3,3,984,1914
MorpheusD,1,1913,1082,831,251,38,1,1,289,1914
mattsofa,1,1912,1352,560,792,15,1,1,807,1913
jonaheim88,2,1911,1347,564,783,91,2,1,874,1912
hatfielddee1,1,1911,1187,724,463,21,0,1,484,1912
Monolithic,1,1912,1101,811,290,28,1,0,318,1912
kevinfunes,13,1900,1388,512,876,61,9,11,937,1911
funkanthropic,2,1910,1642,268,1374,75,1,0,1449,1910
nadrojmail,1,1909,1422,487,935,61,1,1,996,1910
ChroniclesOfFarnicle,1,1909,1132,777,355,93,1,1,448,1910
pasgow,1,1909,1382,527,855,61,1,0,916,1909
roose4,2,1907,1405,502,903,47,2,1,950,1908
Seacox,1,1906,1232,674,558,117,1,1,675,1907
addman77,1,1903,1345,558,787,38,1,1,825,1904
42ismyluckynumber,2,1902,1313,589,724,22,2,2,746,1904
nvc0320,1,1903,1117,786,331,33,0,1,364,1904
minus000,1,1901,1371,530,841,22,1,1,863,1902
Ringio,1,1901,1109,792,317,24,1,1,341,1902
KlondikeBars,1,1900,1330,570,760,62,1,1,822,1901
IrishPiperKid,1,1900,1205,695,510,93,1,1,603,1901
plasma_rifle,2,1898,1195,703,492,67,2,2,559,1900
Abel257,1,1898,1388,510,878,19,1,1,897,1899
mister_pjm,2,1897,1273,624,649,110,1,2,759,1899
deepfriedarjun,1,1898,1283,615,668,53,1,1,721,1899
apeacock,1,1898,1135,763,372,44,1,1,416,1899
l3ol3,1,1897,1116,781,335,22,1,1,357,1898
himdudemanguy,3,1894,1213,681,532,25,3,3,557,1897
RarneyBubble,3,1893,1431,462,969,72,3,3,1041,1896
Sagerian,1,1895,1246,649,597,26,1,1,623,1896
urza2k4,2,1895,1192,703,489,53,2,1,542,1896
drjeeves,2,1893,1321,572,749,136,2,1,885,1894
goodbyesolo,3,1892,1555,337,1218,73,3,0,1291,1892
d_wootang,7,1886,1398,488,910,192,7,6,1102,1892
Macadamian234,2,1890,1282,608,674,25,1,2,699,1892
urinalbiscuit,1,1891,1115,776,339,17,1,1,356,1892
chexity,1,1891,1115,776,339,15,1,1,354,1892
the2belo,3,1889,1204,685,519,42,3,2,561,1891
foltaggio,10,1883,1743,140,1603,109,8,7,1712,1890
Vahnya,2,1889,1562,327,1235,73,2,1,1308,1890
gh0stwheel,2,1888,1293,595,698,83,2,2,781,1890
cassiefiasco,1,1889,1364,525,839,92,1,0,931,1889
Cogeno,1,1888,1169,719,450,33,1,1,483,1889
jackreichert,1,1887,1442,445,997,18,0,1,1015,1888
MyDadIsCthulhu,1,1887,1304,583,721,5,1,1,726,1888
Bandage,1,1886,1327,559,768,15,1,1,783,1887
War_Eagle,2,1885,1257,628,629,54,2,2,683,1887
redditguru04,4,1883,1207,676,531,52,4,3,583,1886
thatsjustyouropinion,1,1886,1162,724,438,31,1,0,469,1886
BonzerEndymion,2,1883,1414,469,945,11,1,2,956,1885
ishallbe,1,1884,1406,478,928,17,1,1,945,1885
machamochi,1,1884,1319,565,754,17,1,1,771,1885
Kireas,1,1882,1235,647,588,36,1,0,624,1882
vampirebro,1,1880,1341,539,802,29,0,1,831,1881
oopsididitagain3,2,1878,1277,601,676,63,2,2,739,1880
winglessfly97,1,1879,1094,785,309,26,1,1,335,1880
suntansup3rman,1,1878,1172,706,466,195,1,1,661,1879
rebelsmiley11,1,1878,1079,799,280,20,1,1,300,1879
big_burger,4,1875,1298,577,721,51,4,3,772,1878
republiquefrancaise,2,1876,1165,711,454,194,1,2,648,1878
sheogorath,2,1876,1055,821,234,92,2,2,326,1878
staciatauscher,1,1876,1151,725,426,14,1,1,440,1877
97bluelights,2,1875,1413,462,951,20,2,1,971,1876
Randomhero180,1,1875,1125,750,375,60,1,1,435,1876
DIABLO258,2,1873,1250,623,627,111,2,2,738,1875
Kaelyor,2,1874,1266,608,658,64,2,1,722,1875
Influenzed,3,1872,1099,773,326,76,3,3,402,1875
xB1akey,1,1873,1293,580,713,27,0,1,740,1874
RyanBlack,1,1872,1437,435,1002,16,1,1,1018,1873
someweirdguy,1,1872,1337,535,802,18,1,1,820,1873
Yevad,1,1872,1133,739,394,72,1,1,466,1873
Jsocia,3,1869,1255,614,641,35,3,3,676,1872
tallxleo,2,1870,1128,742,386,39,1,2,425,1872
bikari,1,1869,1248,621,627,14,1,1,641,1870
gabalabs,2,1867,1243,624,619,22,2,2,641,1869
Rozman629,2,1866,1414,452,962,34,2,2,996,1868
dangerz,1,1867,1348,519,829,94,1,1,923,1868
Souriai,1,1867,1129,738,391,19,1,1,410,1868
colinag5,1,1868,1071,797,274,34,1,0,308,1868
mordaunt0,1,1866,1310,556,754,55,1,1,809,1867
yessica07,1,1866,1253,613,640,24,1,1,664,1867
DeziiNe1,3,1863,1338,525,813,31,3,3,844,1866
LOOSINGSTREAK,1,1865,1209,656,553,44,1,1,597,1866
NCSUspoon,2,1864,1165,699,466,53,1,2,519,1866
Playa_dust,1,1864,1332,532,800,157,1,1,957,1865
shark_taco,2,1864,1100,764,336,40,2,1,376,1865
teaseller817,1,1863,1262,601,661,44,1,1,705,1864
stayhigh247,4,1859,1408,451,957,30,3,4,987,1863
Verteilerkreisflavor,1,1862,1355,507,848,49,1,1,897,1863
hatesmakingusername,1,1862,1309,553,756,55,0,1,811,1863
livers,1,1862,1221,641,580,22,1,1,602,1863
PDog8481,1,1863,1176,687,489,27,1,0,516,1863
stuwon,1,1862,1429,433,996,19,1,0,1015,1862
rend0ggy,1,1862,1313,549,764,50,1,0,814,1862
omgwtfmilo,1,1861,1131,730,401,200,1,1,601,1862
_Rick_Astley,4,1857,1404,453,951,90,4,4,1041,1861
fatbatman,1,1860,1335,525,810,25,1,1,835,1861
OneMoreKoalaBear,1,1860,1319,541,778,47,1,1,825,1861
RyeGuyy,1,1860,1251,609,642,122,1,1,764,1861
Plasticboy310,2,1858,1391,467,924,53,2,2,977,1860
jokerpoker424,1,1859,1332,527,805,165,1,1,970,1860
finalboss086,2,1858,1358,500,858,46,2,2,904,1860
Phritz777,2,1857,1351,506,845,38,2,2,883,1859
Alecm3327,4,1855,1170,685,485,41,4,4,526,1859
theJBRoss,1,1859,1133,726,407,23,1,0,430,1859
niglet_please,1,1857,1525,332,1193,126,1,1,1319,1858
superz9579,2,1856,1372,484,888,11,2,2,899,1858
KarmaAmirite,1,1857,1294,563,731,33,1,1,764,1858
SneakyNinja8,1,1857,1145,712,433,50,1,1,483,1858
gozman,3,1854,1341,513,828,133,3,3,961,1857
roguerpi,1,1857,1217,640,577,22,1,0,599,1857
PeoriaSucks,1,1855,1443,412,1031,22,1,1,1053,1856
brand0n,1,1855,1323,532,791,88,1,1,879,1856
mcmurch,2,1855,1186,669,517,100,2,1,617,1856
EntTypical,1,1854,1466,388,1078,72,1,1,1150,1855
aurahematoma,1,1854,1238,616,622,102,1,1,724,1855
CosmicSamurai,8,1847,1175,672,503,23,7,8,526,1855
vexer,1,1855,1119,736,383,35,1,0,418,1855
Schroedingers_gif,1,1854,1387,467,920,46,1,0,966,1854
gentlemandinosaur,1,1853,1222,631,591,44,1,1,635,1854
oneEyedGirl,1,1853,1172,681,491,41,1,1,532,1854
TapionXIII,1,1853,1046,807,239,38,0,1,277,1854
Mellonote,2,1850,1163,687,476,31,2,2,507,1852
notapedant,2,1850,1347,503,844,45,2,1,889,1851
pee_on_my_feet,1,1850,1318,532,786,55,1,1,841,1851
sarahtate,3,1848,1261,587,674,36,3,3,710,1851
Its_full_of_stars,2,1848,1374,474,900,37,1,2,937,1850
nick_shirley,1,1849,1505,344,1161,109,1,0,1270,1849
pisobarz,1,1848,1316,532,784,52,1,1,836,1849
pixelcheese,1,1848,1247,601,646,55,1,1,701,1849
jsteve44,2,1846,1332,514,818,26,2,2,844,1848
felix1429,1,1847,1179,668,511,49,1,1,560,1848
Endoplasmic101,1,1847,1146,701,445,75,1,1,520,1848
dannyXC,1,1846,1302,544,758,90,1,1,848,1847
EasingBordom,1,1845,1349,496,853,176,0,1,1029,1846
CletusHemingway,2,1844,1371,473,898,60,1,2,958,1846
tvanimeshows,1,1845,1334,511,823,36,1,1,859,1846
dobrpit35,1,1845,1233,612,621,74,1,1,695,1846
bananartica,3,1843,1196,647,549,54,3,3,603,1846
aliigatorification,1,1845,1181,664,517,51,1,1,568,1846
BexBexerkins,1,1845,1310,535,775,35,1,0,810,1845
orangefarm,1,1843,1073,770,303,40,1,1,343,1844
apollogesus,1,1843,1163,680,483,35,1,0,518,1843
alaskanloops,1,1841,1346,495,851,28,1,1,879,1842
locrawl,1,1840,1070,770,300,13,1,1,313,1841
ejchristian86,1,1840,1378,462,916,17,1,0,933,1840
letsgojumping,1,1839,1205,634,571,59,1,1,630,1840
punchuinface55,1,1840,1091,749,342,57,1,0,399,1840
jt2322,1,1838,1051,787,264,46,1,1,310,1839
XxAExX,1,1837,1369,468,901,62,1,1,963,1838
seven_wings,2,1835,1441,394,1047,125,2,2,1172,1837
nero_sable,1,1836,1390,446,944,32,1,1,976,1837
gustav_black,6,1831,1350,481,869,43,6,5,912,1836
whatismore,4,1831,1409,422,987,68,4,4,1055,1835
timthames,14,1822,1338,484,854,19,6,13,873,1835
SkyrimV,1,1834,1282,552,730,17,1,1,747,1835
iopuyrtq,1,1834,1182,652,530,59,1,1,589,1835
checkmateathiests,1,1834,1420,414,1006,27,1,0,1033,1834
helperpc,1,1832,1318,514,804,73,1,1,877,1833
obi1ken,1,1832,1330,502,828,32,1,1,860,1833
Nick321321,4,1830,1278,552,726,50,4,3,776,1833
ablok,3,1831,1154,677,477,228,3,2,705,1833
postmodgirl,2,1829,1324,505,819,72,2,2,891,1831
KGypsyB,2,1829,1238,591,647,13,2,1,660,1830
calculus3,1,1829,1227,602,625,20,1,1,645,1830
DanTheManBro,1,1829,1094,735,359,25,1,1,384,1830
unique_username0406,1,1828,1422,406,1016,31,1,1,1047,1829
kid_z,3,1828,1155,673,482,53,3,1,535,1829
creepyuncles,1,1828,1313,515,798,31,1,0,829,1828
jamesdaily,1,1828,1273,555,718,37,1,0,755,1828
WhiteNigNog,2,1828,1211,617,594,31,2,0,625,1828
absw,4,1825,1300,525,775,80,3,2,855,1827
derp_johnson,6,1823,1189,634,555,37,4,4,592,1827
martyidk,1,1825,1413,412,1001,37,0,1,1038,1826
Chihuahuadude,1,1825,1341,484,857,22,1,1,879,1826
The_Messiah,1,1824,1318,506,812,57,1,0,869,1824
liamturkey678,2,1823,1216,607,609,35,2,1,644,1824
danielroxmysoxoff,5,1820,1179,641,538,32,5,4,570,1824
ubergenerics,1,1823,1142,681,461,54,1,1,515,1824
HunterDreadnought,1,1821,1283,538,745,121,0,1,866,1822
mjhayhurst,2,1820,1172,648,524,61,0,2,585,1822
owlets,1,1820,1446,374,1072,28,1,1,1100,1821
FAITH_DESTROYER,1,1820,1295,525,770,83,1,1,853,1821
Ky7e,2,1819,1181,638,543,84,2,2,627,1821
DoomLuna,1,1821,1186,635,551,70,1,0,621,1821
sikhhunter,1,1820,1006,814,192,73,1,1,265,1821
Legit_Zurg,1,1819,1493,326,1167,62,1,1,1229,1820
jollyva,2,1819,1311,508,803,42,2,1,845,1820
kooliokevin,1,1819,1189,630,559,101,0,1,660,1820
lucas125,1,1820,1195,625,570,25,1,0,595,1820
kindofstephen,1,1820,1076,744,332,108,1,0,440,1820
jared97,3,1818,1274,544,730,30,1,1,760,1819
armoredbears,5,1813,1463,350,1113,45,3,5,1158,1818
chaigers,1,1817,1311,506,805,67,1,1,872,1818
RobertF23,5,1815,1189,626,563,67,4,3,630,1818
Rent-a-Hero,1,1816,1195,621,574,25,1,1,599,1817
Swagbro,2,1814,1298,516,782,45,2,2,827,1816
Mosrhun,1,1814,1301,513,788,152,1,1,940,1815
umhowboutno,1,1814,1069,745,324,98,1,1,422,1815
HugzNStuff,1,1814,1217,597,620,24,1,0,644,1814
tonkers,1,1813,1121,692,429,55,1,1,484,1814
Po3,1,1813,1095,718,377,23,1,1,400,1814
corpstone,2,1811,1156,655,501,31,2,2,532,1813
yflmd,2,1811,1111,700,411,103,2,2,514,1813
Petegnar,1,1811,1242,569,673,87,1,1,760,1812
Rowona,1,1810,1431,379,1052,55,1,1,1107,1811
ManiacalV,1,1810,1343,467,876,125,1,1,1001,1811
Roll_Scooby_A_Doobie,2,1809,1360,449,911,19,1,2,930,1811
IAMYourReason,1,1811,1265,546,719,75,1,0,794,1811
king48,1,1810,1218,592,626,23,1,1,649,1811
kashwah,10,1802,1334,468,866,143,7,8,1009,1810
FlyingPasta,2,1807,1379,428,951,35,2,2,986,1809
designty,2,1807,1367,440,927,46,2,2,973,1809
Self_Manifesto,1,1808,1322,486,836,48,1,1,884,1809
CellPhoneFlush,1,1809,1184,625,559,40,1,0,599,1809
antoniostark714,2,1806,1367,439,928,16,0,2,944,1808
TheBlueGiant,2,1805,1463,342,1121,27,2,2,1148,1807
lightpollutionguy,1,1807,1308,499,809,6,1,0,815,1807
spl3nda,1,1806,1176,630,546,32,1,1,578,1807
MrMoustachio,2,1805,1095,710,385,107,2,1,492,1806
FlockofSeagulls,4,1803,1048,755,293,72,4,2,365,1805
LotusCobra,5,1801,1265,536,729,65,3,3,794,1804
interbutts,1,1803,1247,556,691,31,1,1,722,1804
misterbuckets,1,1803,1158,645,513,38,1,1,551,1804
kadoherty,1,1804,1015,789,226,40,1,0,266,1804
veryfinehat,1,1801,1341,460,881,62,1,1,943,1802
weallhavenipples,2,1800,1332,468,864,61,1,2,925,1802
liberal_texan,1,1802,1117,685,432,38,1,0,470,1802
secretq,1,1800,1064,736,328,19,1,1,347,1801
iarespiff,1,1801,1060,741,319,22,1,0,341,1801
zekone,3,1796,1437,359,1078,38,3,2,1116,1798
swjm,1,1798,1118,680,438,137,1,0,575,1798
InteriorAlligator,2,1796,1113,683,430,35,2,2,465,1798
itsclearimhappy,1,1797,1101,696,405,9,1,1,414,1798
keef2000,2,1798,1078,720,358,24,2,0,382,1798
cowbomber,2,1796,1108,688,420,29,2,1,449,1797
PropagandaMan,1,1796,1285,511,774,74,1,0,848,1796
ftrzoll,1,1794,1225,569,656,14,1,1,670,1795
Madrigale,1,1794,1028,766,262,26,1,1,288,1795
Swilcan,1,1793,1071,722,349,18,1,1,367,1794
stilltheoptimist,1,1792,1123,669,454,24,1,1,478,1793
YeOldNutSack,1,1791,1252,539,713,30,0,1,743,1792
MisterDeclan,2,1790,1136,654,482,70,2,2,552,1792
Astrozzz,5,1787,1100,687,413,30,5,5,443,1792
Seamorepenis,3,1790,1355,435,920,61,1,1,981,1791
vmartin96,15,1776,1303,473,830,49,13,15,879,1791
FixtheFernback757,1,1790,1179,611,568,17,1,1,585,1791
HuhFromTheFuture,1,1790,1142,648,494,31,1,1,525,1791
girasol_zgkm,1,1789,1454,335,1119,28,1,1,1147,1790
Heavyballsareheavy,1,1789,1265,524,741,10,1,1,751,1790
beefstick86,5,1783,1528,255,1273,102,5,5,1375,1788
Craftyminer,2,1787,1214,573,641,23,1,1,664,1788
will_make_more,1,1787,1186,601,585,41,1,1,626,1788
bionicsonic237,1,1787,1072,715,357,90,1,1,447,1788
FlameCorrosion,1,1786,1182,604,578,70,1,1,648,1787
wikram,1,1785,1330,455,875,92,1,1,967,1786
deanoplex,1,1784,1360,424,936,56,1,1,992,1785
ExcisionZaster,2,1783,1168,615,553,29,2,2,582,1785
TheKaszz,3,1782,1284,498,786,27,3,2,813,1784
jmz94,2,1782,1393,389,1004,4,2,1,1008,1783
Sjoholm,1,1782,1202,580,622,25,1,1,647,1783
cmc818,1,1781,1276,505,771,58,1,1,829,1782
needsahaircut,1,1781,1177,604,573,58,1,1,631,1782
Johnnychangmang,2,1780,1310,470,840,30,2,1,870,1781
kipperfish,1,1780,1257,523,734,34,1,1,768,1781
Kanquered,1,1781,1151,630,521,45,1,0,566,1781
arup02,8,1774,1542,232,1310,89,5,6,1399,1780
GooeyChickenman,5,1775,1431,344,1087,178,2,5,1265,1780
Shallow-And-Pedantic,1,1779,1265,514,751,8,1,0,759,1779
moothejew,1,1779,1126,653,473,31,1,0,504,1779
adas524,1,1778,1075,703,372,54,1,1,426,1779
KazPinkerton,1,1777,1146,631,515,25,1,0,540,1777
hogz,1,1777,1039,738,301,32,1,0,333,1777
mattXIX,1,1775,1451,324,1127,103,1,1,1230,1776
koobaxion,2,1774,1162,612,550,79,1,2,629,1776
Hertzkasper,2,1773,1196,577,619,40,2,2,659,1775
Irony-Made-Of-Iron,1,1774,1131,643,488,31,1,1,519,1775
turkelton12,1,1775,1080,695,385,60,1,0,445,1775
Jlbrisk,3,1771,1208,563,645,62,3,3,707,1774
kingphilco,4,1769,1314,455,859,37,2,4,896,1773
jamman822,1,1773,1265,508,757,35,1,0,792,1773
jet_tripleseven,3,1769,1326,443,883,19,3,3,902,1772
deaconbooze,1,1772,1120,652,468,58,1,0,526,1772
fireninja123,3,1768,1304,464,840,35,3,3,875,1771
GP99,1,1770,1273,497,776,55,1,1,831,1771
nomad15,1,1770,1278,492,786,34,1,1,820,1771
TheSilentGiraffe,2,1769,1239,530,709,31,2,2,740,1771
farangiyeparsi,1,1770,1217,553,664,36,1,1,700,1771
FacedJared,1,1770,1103,667,436,103,1,0,539,1770
akillertofu,1,1768,1241,527,714,125,1,1,839,1769
didthismakefrontpage,22,1748,1161,587,574,73,5,21,647,1769
oh_sheesh_yall,2,1767,1155,612,543,32,2,2,575,1769
TheGiftOfRage,1,1768,1117,651,466,19,0,1,485,1769
omnimoo,1,1769,1040,729,311,54,1,0,365,1769
Danyellow,1,1768,1237,531,706,38,1,0,744,1768
PurpleUrkle,2,1768,1103,665,438,62,2,0,500,1768
ndkzvv,2,1765,1325,440,885,52,2,2,937,1767
babyfats,3,1764,1150,614,536,34,3,3,570,1767
Komprimus,1,1765,1446,319,1127,16,1,1,1143,1766
aamatos,3,1764,1324,440,884,45,2,2,929,1766
ofcsu1,1,1764,1283,481,802,23,1,1,825,1765
jakemg,2,1763,1188,575,613,68,2,2,681,1765
rocket_propelled_emu,1,1764,1201,563,638,16,1,1,654,1765
KnightBlue,4,1761,1106,655,451,80,4,4,531,1765
yeaaabuddy14,1,1764,1011,753,258,21,1,1,279,1765
MISTERape,1,1763,1218,545,673,30,1,1,703,1764
CassieB326,1,1763,1076,687,389,192,1,1,581,1764
dogpoopmatt,1,1763,1129,634,495,61,1,1,556,1764
dudeitsdietz,2,1763,1242,521,721,71,0,0,792,1763
raizguana,1,1762,988,774,214,24,1,1,238,1763
rakust,1,1761,1146,615,531,272,1,1,803,1762
beainainaess,2,1759,1177,582,595,69,2,2,664,1761
oldworldcafe,1,1760,1193,567,626,22,1,1,648,1761
jdosbo5,1,1760,1027,733,294,56,1,1,350,1761
jamesbondq,7,1754,1558,196,1362,191,5,6,1553,1760
jaikyro,2,1759,1059,700,359,17,2,1,376,1760
henaug,1,1760,979,781,198,34,1,0,232,1760
heeerman,3,1756,1294,462,832,41,1,3,873,1759
Asakari,1,1759,1286,473,813,57,1,0,870,1759
jcroc,2,1757,1268,489,779,25,1,2,804,1759
WithJuiceYouLose,1,1758,1057,701,356,143,1,1,499,1759
HankSinatra,2,1756,1263,493,770,34,1,2,804,1758
Jamesisco,2,1756,1205,551,654,29,1,2,683,1758
someguy514,1,1756,1289,467,822,45,1,1,867,1757
appropriate-username,3,1754,1419,335,1084,72,3,2,1156,1756
mirpanda,2,1755,1428,327,1101,10,2,1,1111,1756
kfc4nigga,1,1755,1195,560,635,112,0,1,747,1756
_ShyGuy_,1,1755,1153,602,551,21,1,1,572,1756
AlabasterWaterJug,2,1754,1347,407,940,35,2,1,975,1755
draftz,1,1755,1245,510,735,148,1,0,883,1755
threading,1,1755,1012,743,269,26,1,0,295,1755
TorontoMindState,1,1753,1277,476,801,48,1,1,849,1754
allesgute,1,1753,1269,484,785,22,1,1,807,1754
ssjh13,2,1752,1126,626,500,23,2,2,523,1754
TheSnowLeper,1,1753,1374,379,995,254,1,0,1249,1753
danobo,1,1752,1362,390,972,80,1,1,1052,1753
kungfustu,11,1745,1183,562,621,111,11,8,732,1753
AlienBIue,1,1752,1150,602,548,29,1,1,577,1753
penmoid,1,1752,1067,685,382,21,1,1,403,1753
GoFlight,3,1749,1507,242,1265,138,1,3,1403,1752
Respond_with_a_GIF,1,1750,1232,518,714,24,1,1,738,1751
WirelessFlower,1,1751,1065,686,379,30,1,0,409,1751
biggusjimmus,1,1749,1016,733,283,106,1,1,389,1750
faithnomour,3,1748,1128,620,508,33,3,1,541,1749
LowSociety,3,1746,1103,643,460,47,3,3,507,1749
DCarse,2,1746,1126,620,506,6,2,2,512,1748
AdmiralBallsack,1,1746,1215,531,684,20,1,1,704,1747
fakeprint,1,1746,1205,541,664,15,1,1,679,1747
JamesD31,1,1746,1131,615,516,66,1,1,582,1747
Fun-Cooker,6,1744,1096,648,448,78,5,3,526,1747
jcprime8,1,1745,1021,724,297,12,1,1,309,1746
alexeve77,2,1744,1299,445,854,69,1,1,923,1745
sbrelvi,6,1739,1278,461,817,44,6,6,861,1745
Nelstone,1,1745,1143,602,541,84,1,0,625,1745
reposts_videos,1,1744,1037,707,330,58,1,1,388,1745
Jessperado,1,1744,1330,414,916,140,1,0,1056,1744
elusiveinhouston,6,1738,1207,531,676,45,6,6,721,1744
Baby_Hawk,2,1742,1012,730,282,101,2,2,383,1744
redstocking,1,1742,1252,490,762,25,0,1,787,1743
pamu2,1,1742,1040,702,338,22,1,1,360,1743
kslatin,2,1740,1111,629,482,25,2,2,507,1742
theleakyprophet,1,1738,1157,581,576,34,1,1,610,1739
AgentGinger149,2,1736,1329,407,922,12,2,2,934,1738
kokyu5,4,1735,1130,605,525,61,4,3,586,1738
brotherdavid,1,1737,1107,630,477,35,1,1,512,1738
PockyInMyPocket,1,1736,1213,523,690,222,1,1,912,1737
tommiss,1,1736,1044,692,352,34,1,1,386,1737
hotape6,2,1736,1441,295,1146,34,1,0,1180,1736
darkdemon42,1,1735,1127,608,519,150,1,1,669,1736
booberri,2,1734,1174,560,614,42,2,2,656,1736
ExceptionToTheRule,3,1734,1381,353,1028,257,1,1,1285,1735
jtk71,3,1731,1306,425,881,59,2,3,940,1734
GramGuy,4,1730,1308,422,886,33,3,4,919,1734
ch15t0pher2,2,1732,1308,424,884,27,1,2,911,1734
unclejimmy,1,1733,996,737,259,37,1,1,296,1734
ebkd777,4,1727,1281,446,835,65,1,4,900,1731
DVDAmoog,2,1729,1222,507,715,41,2,2,756,1731
SomeGuyWithALaptop,2,1729,1060,669,391,23,2,2,414,1731
darpheus,3,1728,1080,648,432,45,3,2,477,1730
Fire_Godd,1,1728,985,743,242,280,1,1,522,1729
DmoSon,1,1728,1137,591,546,24,1,0,570,1728
PizzaZombie,2,1724,1209,515,694,35,0,2,729,1726
Katetech,1,1725,1119,606,513,89,1,0,602,1725
yourpants,1,1723,1103,620,483,19,1,1,502,1724
mozuk87,1,1723,980,743,237,39,1,1,276,1724
WoozleWuzzle,4,1719,1533,186,1347,36,4,4,1383,1723
dylofpickle,1,1720,1215,505,710,91,1,1,801,1721
mitchmatch1,1,1720,1084,636,448,14,1,1,462,1721
Celebutaunt,1,1721,964,757,207,93,1,0,300,1721
ThePenskeFile,4,1718,1329,389,940,50,3,2,990,1720
TotalHate,5,1715,1197,518,679,78,4,5,757,1720
salsak,3,1717,1194,523,671,29,3,3,700,1720
coughmann,4,1715,1268,447,821,52,4,4,873,1719
jQueryIsBestQuery,1,1719,1112,607,505,135,1,0,640,1719
RPL79,1,1717,1117,600,517,33,1,1,550,1718
McVader,1,1716,1263,453,810,177,1,1,987,1717
Heslig,1,1716,1294,422,872,76,1,1,948,1717
WillH021,4,1713,1254,459,795,10,4,4,805,1717
thesnooka,1,1716,1195,521,674,24,1,1,698,1717
halfpint123,1,1717,1187,530,657,16,1,0,673,1717
ninjawho,2,1715,1090,625,465,198,2,2,663,1717
dylweed96,1,1716,1130,586,544,42,1,1,586,1717
dinolex,2,1715,1022,693,329,224,2,2,553,1717
Rhi_halo,1,1715,1118,597,521,12,1,1,533,1716
joshrowe15,1,1715,1050,665,385,81,0,1,466,1716
dmk2008,1,1716,1001,715,286,64,1,0,350,1716
nattyatty2301,1,1714,1263,451,812,46,1,1,858,1715
gregduffman,1,1714,1002,712,290,28,1,1,318,1715
tipnitty,2,1712,1360,352,1008,53,2,2,1061,1714
breakfastnazi,1,1713,1291,422,869,63,1,1,932,1714
doktorseuss,1,1714,1057,657,400,57,1,0,457,1714
ElePuss,1,1712,948,764,184,70,1,1,254,1713
yourfacegoddamnit,2,1711,1213,498,715,34,2,1,749,1712
raychull17,1,1711,1146,565,581,22,1,1,603,1712
KurayamiKifuji,2,1710,1132,578,554,36,2,2,590,1712
roborasta,1,1711,1106,605,501,19,0,1,520,1712
BentNotBroken,2,1709,1021,688,333,64,2,2,397,1711
hausofshaney,1,1710,991,719,272,35,1,1,307,1711
masanian,5,1706,1409,297,1112,41,5,4,1153,1710
ALKINDA,3,1708,1083,625,458,28,3,2,486,1710
Scoregasm,1,1709,1061,648,413,15,1,1,428,1710
mcstanky,9,1703,1306,397,909,70,8,6,979,1709
CYB3R_N1NJA,2,1708,1249,459,790,27,2,1,817,1709
rybotruck,1,1709,1185,524,661,94,1,0,755,1709
kleinergruenerkaktus,1,1707,1189,518,671,31,1,0,702,1707
billybongthornton11,1,1706,1133,573,560,11,1,1,571,1707
parqer,1,1706,1110,596,514,24,1,1,538,1707
inspirationalshit,1,1705,1254,451,803,17,1,1,820,1706
DDantas,3,1702,1348,354,994,7,2,3,1001,1705
harlequin90,1,1704,1060,644,416,212,1,1,628,1705
NorthAntrim,1,1704,1115,589,526,47,1,1,573,1705
foofoobergins,1,1704,1085,619,466,36,1,1,502,1705
Arwen777,1,1703,1141,562,579,10,0,1,589,1704
TwoRobotEars,1,1704,1099,605,494,22,1,0,516,1704
LocRocker,1,1702,1167,535,632,25,1,1,657,1703
mahendragr,2,1702,1096,606,490,93,2,1,583,1703
c0meary,1,1702,1038,664,374,44,1,1,418,1703
DiepSleep,2,1701,1240,461,779,14,1,1,793,1702
Kubaki,1,1700,1136,564,572,25,1,1,597,1701
casperteh_ll,2,1698,1267,431,836,36,1,2,872,1700
IShitMyself,1,1699,1068,631,437,36,1,1,473,1700
Hakaku,1,1697,1026,671,355,41,1,1,396,1698
Purple_Panda1,3,1695,1238,457,781,76,3,2,857,1697
furblog,2,1696,1220,476,744,15,2,1,759,1697
originalposer,3,1694,1126,568,558,26,2,3,584,1697
dtm9k,1,1696,1101,595,506,19,1,1,525,1697
Uxepro,1,1696,1137,559,578,29,1,0,607,1696
spongebobeeshia,1,1695,1100,595,505,44,1,1,549,1696
xFUUU,1,1695,1098,597,501,12,1,1,513,1696
lunchboxrawx,4,1691,1235,456,779,31,4,4,810,1695
crunchymac187,1,1694,1097,597,500,53,1,1,553,1695
jmush,1,1694,1047,647,400,29,1,1,429,1695
thatcom,4,1690,1190,500,690,83,3,4,773,1694
tooterfish_popkin,1,1694,1045,649,396,53,1,0,449,1694
Arete2k,1,1694,966,728,238,29,1,0,267,1694
SevFTW,1,1692,1312,380,932,34,1,1,966,1693
Macandme,1,1692,1167,525,642,14,1,1,656,1693
crho85,2,1690,1153,537,616,39,2,2,655,1692
warp_lord,8,1684,1134,550,584,50,6,8,634,1692
gzimmi,3,1689,1076,613,463,49,3,3,512,1692
SHenkiee,1,1691,1163,528,635,78,1,0,713,1691
kthxl8r,1,1691,1093,598,495,53,1,0,548,1691
evilsibe,3,1688,1062,626,436,77,3,2,513,1690
prwlr,1,1689,995,694,301,66,1,1,367,1690
sevenateninesass,2,1688,1198,490,708,13,0,1,721,1689
IanRankin,2,1686,1370,316,1054,8,2,2,1062,1688
firstassistant8677,1,1687,1258,429,829,205,1,1,1034,1688
jimdalyxoxo,1,1687,1281,406,875,33,0,1,908,1688
emsude,1,1687,1228,459,769,19,1,1,788,1688
theidlecapitalist,1,1687,1191,496,695,50,1,1,745,1688
Milhouse_is_a_meme,2,1685,1300,385,915,65,1,2,980,1687
ChasingShad0ws,1,1687,1250,437,813,30,1,0,843,1687
PureLinsanity2,3,1685,1222,463,759,51,2,2,810,1687
beardhead,3,1684,1206,478,728,36,2,3,764,1687
cudakid210,1,1685,1322,363,959,45,0,1,1004,1686
HITMAN616,1,1685,1138,547,591,61,1,1,652,1686
Farstucks,1,1685,1015,670,345,15,1,1,360,1686
WillyG93,9,1676,1272,404,868,37,6,9,905,1685
kestert,1,1684,1121,563,558,210,1,1,768,1685
element33,1,1684,1106,578,528,12,1,1,540,1685
miketucci,1,1684,1013,671,342,53,1,1,395,1685
sklein28,1,1684,1196,488,708,11,1,0,719,1684
InVultusSolis,1,1683,1127,556,571,78,1,1,649,1684
dokydoky,1,1683,1111,572,539,11,1,1,550,1684
bradtgrace,1,1681,1195,486,709,51,1,1,760,1682
StewieChrisJ,8,1672,1113,559,554,97,7,8,651,1680
Kaddus,3,1677,980,697,283,96,3,3,379,1680
lamaestra,1,1678,1352,326,1026,14,1,1,1040,1679
TruHeart_09,3,1676,1246,430,816,13,2,3,829,1679
AdamVR4,5,1674,1376,298,1078,44,4,4,1122,1678
haloskulls117,11,1670,1224,446,778,65,11,8,843,1678
aeayiai,1,1675,1028,647,381,39,1,1,420,1676
macnicool,2,1675,1283,392,891,203,0,0,1094,1675
jacommenter2,1,1674,1207,467,740,41,1,1,781,1675
justwantu2acknoledge,1,1674,1036,638,398,112,1,1,510,1675
jafooleh,1,1673,1216,457,759,29,1,1,788,1674
cstwig,1,1673,1151,522,629,44,1,1,673,1674
qp0n,2,1672,1136,536,600,24,2,2,624,1674
sebastiang071,8,1667,1200,467,733,102,5,6,835,1673
meghantaylor,1,1673,1136,537,599,29,1,0,628,1673
speengebeeb,1,1672,964,708,256,35,1,1,291,1673
muja0902,2,1671,1255,416,839,42,1,1,881,1672
misss_victoria,3,1669,1214,455,759,17,3,3,776,1672
stevenette,1,1671,1171,500,671,32,1,1,703,1672
BPsandman84,1,1671,1146,525,621,48,1,1,669,1672
JackLegg,2,1670,1081,589,492,27,2,2,519,1672
GingerJesus89,3,1668,1228,440,788,33,2,3,821,1671
Boris740,11,1664,981,683,298,50,11,7,348,1671
shweex,8,1662,1453,209,1244,21,8,8,1265,1670
Liaata,7,1665,1349,316,1033,45,7,5,1078,1670
FlynnRider,3,1667,1138,529,609,24,3,3,633,1670
BenTK,1,1669,1058,611,447,20,0,1,467,1670
Ididnotresurface,1,1668,1346,322,1024,148,1,1,1172,1669
DJ_Paraplegic,2,1667,1158,509,649,83,1,2,732,1669
jdhyde,1,1669,1002,667,335,24,1,0,359,1669
iWeyerd,8,1661,1296,365,931,52,7,7,983,1668
deemocore,1,1668,1150,518,632,93,1,0,725,1668
SLOWchildrenplaying,1,1667,1126,541,585,19,1,1,604,1668
EliteCowdung,1,1667,1104,563,541,25,1,1,566,1668
banked1,1,1667,968,699,269,62,1,1,331,1668
Racketmachine,4,1664,1200,464,736,43,3,3,779,1667
Redfalcon127,1,1666,1027,639,388,189,1,1,577,1667
kingcal,1,1666,1006,660,346,31,1,1,377,1667
LG193,1,1665,1299,366,933,83,0,0,1016,1665
fruitstripes,1,1665,1040,625,415,48,1,0,463,1665
bumreaper,1,1664,988,676,312,26,1,1,338,1665
photox,1,1664,1176,488,688,27,1,0,715,1664
iCareMuch,2,1663,1012,651,361,211,2,1,572,1664
FesteroDoom,2,1662,1339,323,1016,59,2,1,1075,1663
rrrook,1,1662,1211,451,760,10,1,1,770,1663
Cobruh,2,1661,1070,591,479,44,1,2,523,1663
TheRealCalypso,2,1663,1016,647,369,43,2,0,412,1663
Wilhelm_III,1,1662,1198,464,734,50,1,0,784,1662
Nomster_,2,1660,1205,455,750,14,2,2,764,1662
youiztrollin,1,1661,1051,610,441,68,1,1,509,1662
OneCello,4,1659,1043,616,427,30,3,3,457,1662
lcd111,2,1659,1110,549,561,18,2,2,579,1661
HyruleanHero1988,3,1658,1097,561,536,19,2,3,555,1661
Bhauer2011,2,1659,999,660,339,17,2,2,356,1661
bradleyquist,2,1659,979,680,299,16,2,2,315,1661
RedBullWarrior43,1,1659,1237,422,815,15,1,1,830,1660
wewantrice,1,1659,1116,543,573,44,1,1,617,1660
TriteID,1,1659,1011,648,363,19,0,1,382,1660
pencer,4,1655,1341,314,1027,28,3,4,1055,1659
auvrealylth,1,1658,1182,476,706,9,1,1,715,1659
Dwight_Fry,3,1656,981,675,306,163,2,3,469,1659
Kennyboay,2,1656,1200,456,744,88,2,2,832,1658
geniustiger,1,1657,1194,463,731,61,1,1,792,1658
Drunkmonkey35,10,1647,1201,446,755,86,6,10,841,1657
theGOV3NAT0R,3,1654,1221,433,788,39,3,3,827,1657
Sjreed,1,1656,1221,435,786,29,1,1,815,1657
HumdrumStarfish,2,1655,1139,516,623,109,2,2,732,1657
RamyB,1,1656,993,663,330,24,1,1,354,1657
JWDuke,5,1651,1170,481,689,31,5,5,720,1656
tatnell10,1,1655,1058,597,461,54,0,1,515,1656
onceweweremonsters,1,1654,1299,355,944,15,1,1,959,1655
teabagsallday,10,1647,1128,519,609,116,10,8,725,1655
ellinascy,1,1654,1019,635,384,97,1,1,481,1655
Cryonaka,1,1653,1251,402,849,32,1,1,881,1654
thatswhatyouget,1,1653,1127,526,601,25,1,1,626,1654
tekhnomancer,1,1652,1343,309,1034,67,1,1,1101,1653
SrKnife,2,1650,1220,430,790,45,0,2,835,1652
sofaking2001,1,1651,1069,582,487,20,1,1,507,1652
olbeefy,3,1649,1118,531,587,165,3,2,752,1651
Means_Joules,1,1650,1098,552,546,27,1,1,573,1651
mak3vali,1,1650,1025,625,400,65,1,1,465,1651
HipsterScrummy,5,1645,1169,476,693,71,2,5,764,1650
MasterDrank,4,1645,1195,450,745,31,1,4,776,1649
Ionisation,1,1646,1328,318,1010,43,1,1,1053,1647
shabonus,2,1645,1225,420,805,97,0,2,902,1647
lomoeffect,5,1642,1415,227,1188,131,5,4,1319,1646
yaygordo,2,1644,1224,420,804,21,2,2,825,1646
lotlizard,1,1644,1014,630,384,336,1,1,720,1645
TheDerpaSherpa,1,1643,1097,546,551,179,1,1,730,1644
iSunMonkey,2,1642,1122,520,602,44,2,2,646,1644
Mac0swaney,3,1640,1152,488,664,74,3,3,738,1643
Kilo__,1,1641,1188,453,735,20,1,1,755,1642
RubyRod,1,1641,1180,461,719,31,1,1,750,1642
detroitfan4life86,1,1641,1074,567,507,34,1,1,541,1642
digitalcamo7,1,1642,1001,641,360,22,1,0,382,1642
MrFrenchTickler,4,1639,1263,376,887,81,4,2,968,1641
FunnyFazer,1,1641,1168,473,695,27,1,0,722,1641
Calin2490,1,1640,1057,583,474,58,1,1,532,1641
draebor,1,1641,1045,596,449,83,1,0,532,1641
Thedarkerstorm,1,1640,1065,575,490,31,1,1,521,1641
MartelCB,1,1639,1074,565,509,61,1,1,570,1640
kernowgringo,2,1638,1011,627,384,176,2,2,560,1640
dritchey,5,1636,975,661,314,41,4,4,355,1640
sheepdog3,3,1639,980,659,321,20,3,1,341,1640
LKS,3,1636,1334,302,1032,207,3,3,1239,1639
dtuck15,1,1638,1178,460,718,199,1,1,917,1639
that0ne_Italian,4,1635,1106,529,577,49,4,4,626,1639
Tiiime,1,1637,1067,570,497,83,1,1,580,1638
Eyeeyeipod,2,1637,1077,560,517,43,2,1,560,1638
suttert,1,1637,1172,465,707,252,1,0,959,1637
enkilletill,2,1634,1206,428,778,34,2,2,812,1636
spayum,1,1634,1341,293,1048,99,1,1,1147,1635
OferZak,3,1632,1131,501,630,53,3,3,683,1635
Stratisphear,2,1634,1077,557,520,100,2,1,620,1635
yellowdart,1,1634,1081,553,528,32,1,1,560,1635
njayden,1,1634,952,682,270,30,1,1,300,1635
OneDarkHelix,1,1633,1135,498,637,122,1,1,759,1634
thenewfrost,4,1628,1375,253,1122,20,3,4,1142,1632
lemondeestfou,2,1630,1104,526,578,37,2,2,615,1632
skylitfear,1,1631,953,678,275,19,1,1,294,1632
oscursos,4,1628,1113,515,598,32,4,3,630,1631
postsALLthethings,2,1631,1030,601,429,28,1,0,457,1631
artistbehindthemask,2,1628,1191,437,754,39,2,2,793,1630
incenseandakitten,1,1629,1091,538,553,79,1,1,632,1630
jakatak0721,1,1629,1001,628,373,67,1,1,440,1630
ourlovetoadmire,4,1627,938,689,249,91,4,3,340,1630
VariousFancyHats,1,1628,1308,320,988,15,1,1,1003,1629
Fishtails,4,1626,1244,382,862,92,4,3,954,1629
WeDoNotCare,1,1628,1199,429,770,53,1,1,823,1629
tagzard,1,1628,1057,571,486,53,1,1,539,1629
fault_6,2,1627,1279,348,931,71,2,1,1002,1628
Aberu,1,1627,1192,435,757,91,1,1,848,1628
slashp,1,1628,987,641,346,27,1,0,373,1628
DJ_MDC,1,1627,949,678,271,14,1,1,285,1628
iwantobeatree,3,1625,1223,402,821,45,2,2,866,1627
RodrigoAlves,2,1626,1197,429,768,54,2,1,822,1627
RyoukoAsakura,1,1625,1117,508,609,26,1,1,635,1626
dickcheney111,1,1625,1082,543,539,48,1,1,587,1626
T-Luv,1,1625,904,721,183,63,1,1,246,1626
Arylex,3,1623,939,684,255,192,3,2,447,1625
easy_being_green,1,1624,1275,349,926,31,1,0,957,1624
sapheonyx,1,1624,1194,430,764,111,1,0,875,1624
FateMasterBG,3,1620,1218,402,816,44,3,3,860,1623
Frankenstooge,3,1620,1061,559,502,87,3,3,589,1623
FirstSwordOfBravoos,1,1620,1334,286,1048,243,1,1,1291,1621
mssadiqahmed,1,1619,1165,454,711,24,1,1,735,1620
ohkaaaay0_0,1,1619,1100,519,581,99,1,1,680,1620
Kevo1221,1,1620,1008,612,396,18,1,0,414,1620
TooNinja4You,1,1618,982,636,346,59,1,1,405,1619
lightningz1,1,1617,1212,405,807,146,0,1,953,1618
joi1369,1,1617,1127,490,637,70,1,1,707,1618
cplaz,3,1615,981,634,347,139,3,3,486,1618
kerrebou,1,1617,1012,605,407,15,1,1,422,1618
AL_E_P,9,1608,1072,536,536,26,8,9,562,1617
chaotic910,1,1614,1116,498,618,25,1,1,643,1615
neonbrights,1,1615,991,624,367,123,1,0,490,1615
hatesairheads,1,1614,1016,598,418,19,1,1,437,1615
CzechThisOut,1,1613,1205,408,797,35,1,1,832,1614
aDragonOr2,1,1613,1110,503,607,130,1,1,737,1614
sodium_azide,2,1612,1122,490,632,13,1,2,645,1614
digitalstd,4,1610,1070,540,530,31,4,4,561,1614
Ond7,1,1613,1008,605,403,18,1,1,421,1614
DJBAHLER,1,1614,945,669,276,108,1,0,384,1614
jjgoertz,1,1611,1317,294,1023,47,1,1,1070,1612
AxlJones,1,1611,1160,451,709,56,1,1,765,1612
cdelis,1,1611,1078,533,545,40,1,1,585,1612
phattyb51,1,1612,1056,556,500,11,1,0,511,1612
Whopp3rs,2,1610,1007,603,404,31,2,2,435,1612
dsnfjhsdbnfhj,1,1611,912,699,213,39,1,1,252,1612
shmoke_and_a_pancake,1,1610,1071,539,532,139,1,1,671,1611
wolfeyes1996,2,1609,1106,503,603,25,2,2,628,1611
taylh003,1,1610,1096,514,582,45,1,1,627,1611
Biscuit89,1,1610,1052,558,494,56,1,1,550,1611
faceinthegrass,2,1608,1178,430,748,203,2,2,951,1610
Ibrahimk91,1,1609,1181,428,753,33,0,1,786,1610
alituss,2,1608,1186,422,764,18,2,2,782,1610
Theknickerbockers,4,1607,1059,548,511,29,3,3,540,1610
Ejento,1,1609,964,645,319,45,1,1,364,1610
snokidd47,2,1608,955,653,302,50,2,2,352,1610
veRdiKt,1,1608,1100,508,592,217,1,1,809,1609
nusmesa,2,1607,987,620,367,151,2,2,518,1609
FSM1010,1,1607,1302,305,997,26,1,1,1023,1608
efg1342,4,1605,1150,455,695,55,3,3,750,1608
moloy,1,1607,1012,595,417,59,0,1,476,1608
XxqTZpxX,3,1606,978,628,350,86,3,2,436,1608
DO_YOU_EVEN_LIFT_BRO,1,1606,1177,429,748,243,0,1,991,1607
jaspernu,4,1604,1041,563,478,93,4,3,571,1607
WillieThePimp,1,1607,1001,606,395,132,1,0,527,1607
Bellairs,1,1605,1136,469,667,12,1,1,679,1606
regisfrost,2,1604,1072,532,540,24,2,2,564,1606
Mathlete86,1,1604,1175,429,746,21,1,1,767,1605
AaronAizel,1,1604,1132,472,660,83,1,1,743,1605
sausagehacker,1,1604,943,661,282,16,1,1,298,1605
shapiska,1,1603,984,619,365,18,1,1,383,1604
raymonddull,1,1603,896,707,189,35,1,1,224,1604
tmlwry,1,1603,1228,375,853,19,1,0,872,1603
seli2180,1,1602,1033,569,464,54,1,1,518,1603
TheRealBramtyr,1,1602,996,606,390,106,1,1,496,1603
tqboiprince,1,1601,1035,566,469,17,1,1,486,1602
toelor,1,1600,1100,500,600,20,1,1,620,1601
myusernamestaken,5,1596,1062,534,528,91,5,5,619,1601
mysweetprints,1,1601,1013,588,425,24,1,0,449,1601
joshrod1990,1,1599,1174,425,749,14,1,1,763,1600
EpicCookieMan,1,1599,1119,480,639,39,0,1,678,1600
FunfettiHead,1,1599,1108,491,617,23,1,1,640,1600
fatefoolery,1,1598,1081,517,564,53,1,0,617,1598
KlitCMDR,4,1596,988,608,380,156,4,2,536,1598
zepher_,1,1598,965,633,332,80,1,0,412,1598
coolbreess,1,1597,967,630,337,30,1,1,367,1598
Paintmebashful,1,1596,986,610,376,51,1,1,427,1597
FrankyJFuckwit,1,1595,1103,492,611,16,1,1,627,1596
sHOE_bOX,1,1596,1010,586,424,148,0,0,572,1596
Joementzer,1,1595,1077,518,559,12,1,1,571,1596
nerdbread,2,1595,1031,564,467,48,2,1,515,1596
zation101,2,1595,1030,565,465,32,2,1,497,1596
mike91188,1,1596,961,635,326,145,1,0,471,1596
LookMeInTheToes,4,1593,954,639,315,43,2,3,358,1596
PhadeUSAF,1,1594,1167,427,740,27,1,1,767,1595
ADDope,1,1594,1118,476,642,41,1,1,683,1595
Shmexy,1,1593,1042,551,491,76,1,1,567,1594
Drazhi,2,1591,1181,410,771,94,2,2,865,1593
CallMeJase,1,1592,1067,525,542,127,1,1,669,1593
comehonor,1,1589,1347,242,1105,30,0,1,1135,1590
DDDowney,1,1589,1188,401,787,30,1,1,817,1590
Don2k12,2,1588,1052,536,516,36,0,2,552,1590
mkolkin,1,1589,1031,558,473,62,1,1,535,1590
tefoster,1,1589,1041,548,493,26,1,1,519,1590
FelixTheNomad,1,1589,999,590,409,28,1,1,437,1590
PlasticPals,1,1589,1104,485,619,318,1,0,937,1589
Wardh07,1,1589,1108,481,627,31,1,0,658,1589
jornut,1,1586,1009,577,432,28,1,1,460,1587
Slikkback,4,1584,1132,452,680,48,4,2,728,1586
truantxoxo,1,1585,979,606,373,28,1,1,401,1586
lesmax,2,1584,1290,294,996,40,2,1,1036,1585
k0mbaticus,1,1584,1173,411,762,27,1,1,789,1585
Doorfink,2,1583,973,610,363,24,2,2,387,1585
caldogie,2,1582,1058,524,534,17,1,2,551,1584
DMO_TheWhale,3,1582,1007,575,432,111,3,2,543,1584
Clarketk,1,1584,1030,554,476,28,1,0,504,1584
CaptainAmsterdam,1,1582,1145,437,708,27,1,1,735,1583
johanngulin,1,1581,953,628,325,50,1,1,375,1582
NYCHookup,2,1580,1064,516,548,19,1,1,567,1581
Spiro_Agnew,1,1581,929,652,277,93,1,0,370,1581
homy1,1,1580,882,698,184,68,1,1,252,1581
thepasystem,1,1579,1274,305,969,50,0,1,1019,1580
Valkyrie2,3,1577,1215,362,853,105,3,3,958,1580
kinboy,2,1578,1244,334,910,10,2,2,920,1580
proutler,2,1578,1109,469,640,36,2,2,676,1580
delightfuldylan,1,1579,1069,510,559,37,1,1,596,1580
SatanIsMyLawyer,2,1578,1050,528,522,70,2,2,592,1580
walrus0,2,1578,934,644,290,57,2,2,347,1580
ar0cketman,1,1578,1149,429,720,15,1,1,735,1579
masterofstuff328,5,1575,1115,460,655,34,5,4,689,1579
Shmexyspells,1,1578,1080,498,582,51,1,1,633,1579
DustysMice,2,1577,966,611,355,105,2,2,460,1579
JumboNess,2,1577,1269,308,961,20,2,1,981,1578
chinchill0r,2,1576,1032,544,488,92,2,2,580,1578
lunchbox_23,1,1578,915,663,252,65,1,0,317,1578
tuckidge,2,1575,1200,375,825,39,1,2,864,1577
jdmastro,1,1576,1170,406,764,96,1,1,860,1577
MyNiggahKRISPY,1,1576,1029,547,482,22,1,1,504,1577
ns0,1,1576,1011,565,446,30,1,1,476,1577
Tralalal86,3,1573,1159,414,745,36,2,3,781,1576
stupidpplmakemecry,6,1570,1108,462,646,95,5,6,741,1576
gennycraig,1,1575,1074,501,573,28,1,1,601,1576
Emperor_Tamarin,4,1572,1321,251,1070,36,3,3,1106,1575
JSpike,9,1567,1094,473,621,47,4,8,668,1575
notcarl,1,1575,1046,529,517,82,1,0,599,1575
bitbot,2,1573,961,612,349,86,2,2,435,1575
Leemax,3,1573,957,616,341,32,3,2,373,1575
Whit2312,1,1573,1031,542,489,49,1,1,538,1574
AFRUITPIE,1,1574,969,605,364,79,1,0,443,1574
lb12,1,1572,930,642,288,23,1,1,311,1573
define_irony,4,1568,1113,455,658,37,2,4,695,1572
jomart88,1,1571,917,654,263,115,1,1,378,1572
nuggerjoe,1,1570,1158,412,746,65,1,1,811,1571
Glaube,2,1569,1116,453,663,40,2,2,703,1571
tracerbullet__pi,1,1570,1069,501,568,28,1,1,596,1571
chasezas,1,1571,944,627,317,59,1,0,376,1571
djmk671,4,1566,1053,513,540,106,3,4,646,1570
Skuld,9,1563,1383,180,1203,138,7,5,1341,1568
edwardlilley,1,1567,1215,352,863,31,1,1,894,1568
I_Cant_Sleep,1,1568,1143,425,718,48,1,0,766,1568
Evadregand,1,1566,1259,307,952,114,1,1,1066,1567
Royaltoolbox,3,1565,1078,487,591,35,3,2,626,1567
rtiftw,1,1565,1219,346,873,90,1,1,963,1566
threemilesd0wn,1,1566,1062,504,558,31,1,0,589,1566
theknowmad,3,1564,1277,287,990,218,2,1,1208,1565
doS2wo,2,1563,1063,500,563,401,2,2,964,1565
bamsgirl,1,1564,1218,346,872,17,1,1,889,1565
hbmgodinho,2,1563,1005,558,447,19,2,2,466,1565
sharkooks,3,1562,1178,384,794,51,3,2,845,1564
underthestars,1,1563,1140,423,717,32,0,1,749,1564
blackninja99,3,1561,983,578,405,50,2,3,455,1564
GlennBecksChalkboard,1,1562,1195,367,828,31,1,1,859,1563
Deathwish1909,1,1561,1252,309,943,24,1,1,967,1562
ColeCharcoal,1,1561,1155,406,749,20,1,1,769,1562
Dudedood,1,1561,1016,545,471,28,1,1,499,1562
wishfulendeavors13,2,1562,977,585,392,86,2,0,478,1562
BasedGrimes,1,1561,1275,286,989,125,1,0,1114,1561
catalin8,1,1560,915,645,270,67,1,1,337,1561
gung1r,1,1560,875,685,190,43,1,1,233,1561
Andrewm319,2,1558,1198,360,838,70,2,2,908,1560
made2k,1,1559,1085,474,611,92,1,1,703,1560
TheMonopolyGuy,2,1557,922,635,287,20,2,2,307,1559
dooogan,1,1557,1166,391,775,29,1,1,804,1558
astrallady,1,1557,1138,419,719,69,1,1,788,1558
Olgenheimer,1,1556,1196,360,836,35,1,1,871,1557
premieririshman,1,1557,1062,495,567,30,1,0,597,1557
phantompop,2,1556,1021,535,486,31,2,1,517,1557
nickhere,1,1556,1014,542,472,24,1,1,496,1557
To_serve_and_protect,1,1556,1011,545,466,25,1,1,491,1557
dog_dog_dog,2,1556,991,565,426,52,2,1,478,1557
dallashoosier,5,1554,1221,333,888,51,5,2,939,1556
moto3500,1,1555,1213,342,871,12,0,1,883,1556
Gerb11,1,1555,1164,391,773,50,1,0,823,1555
srwim,3,1551,1108,443,665,23,3,3,688,1554
GillyRoze,4,1552,1004,548,456,82,3,2,538,1554
Azarael,1,1553,953,600,353,102,1,1,455,1554
MaverickENT,1,1553,1097,456,641,95,1,0,736,1553
Ha-Do-Ken,1,1552,1117,435,682,19,1,1,701,1553
kube20,1,1552,1099,453,646,14,0,1,660,1553
ScooterThatOneGuy,1,1552,1064,488,576,64,1,1,640,1553
darkarchonlord,2,1550,1250,300,950,78,2,2,1028,1552
bearoth,1,1551,1193,358,835,30,0,1,865,1552
jado06,10,1545,1100,445,655,65,9,7,720,1552
Rainbowcats,3,1549,1016,533,483,55,3,3,538,1552
luhjan,1,1551,982,569,413,55,1,1,468,1552
vivvav,2,1550,1252,298,954,53,2,1,1007,1551
BeardsandShit,1,1550,1220,330,890,42,1,1,932,1551
TheGreatGatsby2827,1,1550,1035,515,520,53,1,1,573,1551
happycrabeatsthefish,10,1542,1096,446,650,94,6,8,744,1550
FattCatt,1,1550,899,651,248,21,1,0,269,1550
I_Joe_Cooper,1,1549,1014,535,479,51,1,0,530,1549
curusthellama,1,1546,1032,514,518,21,1,1,539,1547
Danno1850,2,1546,995,551,444,22,2,1,466,1547
alexandrei,1,1545,1227,318,909,109,1,1,1018,1546
supermoonwalking,1,1545,1153,392,761,32,1,1,793,1546
ChaChaBolek,5,1541,1129,412,717,48,5,5,765,1546
gavingavingavin7,2,1544,1080,464,616,41,2,2,657,1546
Duff26,1,1544,956,588,368,42,1,1,410,1545
llTaK3NoTEzll,1,1543,1115,428,687,35,1,1,722,1544
milkbread,7,1542,1098,444,654,34,7,2,688,1544
asimano,4,1540,1080,460,620,28,4,3,648,1543
bobloblaw911,1,1542,1071,471,600,30,1,1,630,1543
tresfreaker,1,1541,1135,406,729,36,1,1,765,1542
NotEvenJail,2,1540,1032,508,524,12,2,2,536,1542
Captain_Tourettes,1,1541,890,651,239,125,1,1,364,1542
FuRyluzt,1,1542,912,630,282,31,1,0,313,1542
georedd,1,1541,1241,300,941,200,1,0,1141,1541
bentles,1,1540,1230,310,920,113,1,1,1033,1541
David_Kelley,1,1540,1163,377,786,53,1,1,839,1541
bigbillhell85,1,1540,1016,524,492,38,1,1,530,1541
okay_jpg,4,1536,1017,519,498,60,4,4,558,1540
CaseyLawrence,1,1537,1172,365,807,21,0,1,828,1538
MMAbigdogg29,1,1537,1102,435,667,65,1,1,732,1538
xCELTICx,2,1536,1058,478,580,31,2,2,611,1538
Usakar,4,1535,1028,507,521,38,4,2,559,1537
superfreakeh,1,1536,921,615,306,19,1,1,325,1537
noodles92,2,1535,908,627,281,23,2,2,304,1537
TrY4s,1,1535,1099,436,663,140,0,1,803,1536
changomango1,1,1536,971,565,406,118,1,0,524,1536
hubblemedia,2,1535,950,585,365,31,2,1,396,1536
Trausnitz,2,1533,1143,390,753,36,2,2,789,1535
gkemonster,3,1532,1138,394,744,22,3,3,766,1535
quailroast,3,1531,1136,395,741,43,2,3,784,1534
hashmalum,1,1533,1117,416,701,23,1,1,724,1534
iblowhard,2,1532,1040,492,548,23,2,2,571,1534
thingamarob,1,1534,968,566,402,81,1,0,483,1534
miilits5,1,1534,910,624,286,82,1,0,368,1534
Mitchell115,3,1530,1094,436,658,17,3,3,675,1533
Ibanezasx32,2,1532,961,571,390,106,2,1,496,1533
The_psychotherapist,1,1532,977,555,422,17,1,1,439,1533
von_bombastus,1,1531,1138,393,745,84,1,1,829,1532
TheSoapyJew,1,1531,1119,412,707,45,0,1,752,1532
latinlovermike,9,1523,1088,435,653,42,8,9,695,1532
Dmac86,1,1531,1063,468,595,24,1,1,619,1532
TheFleetFox,1,1531,933,598,335,113,1,1,448,1532
badgerslovepotatoes,2,1529,1104,425,679,13,1,2,692,1531
FudgieATX,1,1530,1025,505,520,94,1,0,614,1530
CuntMcFuckGiggles,1,1528,1054,474,580,24,1,1,604,1529
Nicholaes,3,1526,931,595,336,30,3,3,366,1529
KittyWitty,1,1527,1029,498,531,28,1,1,559,1528
amachination,2,1526,1003,523,480,41,2,2,521,1528
Mad_Dog_Hoek,1,1527,936,591,345,17,1,1,362,1528
Littlebigdreams,3,1524,944,580,364,70,3,3,434,1527
Fishsauce_Mcgee,4,1522,1279,243,1036,219,4,4,1255,1526
dybuell,1,1525,1006,519,487,25,1,1,512,1526
user862,1,1524,1017,507,510,11,1,1,521,1525
kdawghomie,2,1525,955,570,385,37,1,0,422,1525
douchebag420,1,1523,1094,429,665,23,1,1,688,1524
ckombatwombat,1,1523,1044,479,565,35,1,1,600,1524
Byers346,1,1522,1054,468,586,33,1,1,619,1523
pminkin,5,1522,1030,492,538,51,4,1,589,1523
Highsenberg2358,1,1522,1060,462,598,20,1,0,618,1522
DeformedFlowers,1,1520,1155,365,790,14,0,1,804,1521
Novacrawler,1,1520,1135,385,750,34,0,1,784,1521
j14vv,3,1519,1072,447,625,37,3,2,662,1521
Sassy_fish,4,1516,1220,296,924,17,1,4,941,1520
sdanielson28,1,1519,931,588,343,42,1,1,385,1520
Big_Theta,1,1518,1082,436,646,27,1,1,673,1519
Koresh93,1,1518,938,580,358,17,1,1,375,1519
CollegeProfesor,4,1515,1124,391,733,38,4,3,771,1518
thineh,1,1517,1046,471,575,27,1,1,602,1518
plas_ticity,1,1517,973,544,429,34,1,1,463,1518
jellytime,4,1516,927,589,338,94,4,2,432,1518
976811,3,1514,1014,500,514,127,2,3,641,1517
vdirequest,2,1516,965,551,414,159,2,1,573,1517
DovahkiinFusRoDah,1,1515,1152,363,789,37,1,1,826,1516
concreat,3,1513,1052,461,591,96,3,3,687,1516
theFien,3,1514,1086,428,658,29,3,2,687,1516
Whats_A_Username,1,1515,1061,454,607,33,1,1,640,1516
Zxyquz,2,1514,1043,471,572,57,2,2,629,1516
candace5280,1,1514,1036,478,558,21,1,1,579,1515
DogDay,2,1513,970,543,427,50,2,1,477,1514
Baron_Von_Trousers,1,1513,1163,350,813,49,1,0,862,1513
Krazy4Karma,1,1513,987,526,461,367,1,0,828,1513
Perfectperson123,2,1511,1164,347,817,6,0,2,823,1513
chunk86,1,1512,979,533,446,175,1,1,621,1513
hiphop8004,2,1513,1004,509,495,19,2,0,514,1513
funnymanrocco,1,1512,999,513,486,25,1,1,511,1513
HOBrFINCl,3,1509,1050,459,591,35,2,3,626,1512
squirt_aka,2,1510,952,558,394,27,2,2,421,1512
djarbiter,1,1511,951,560,391,14,1,1,405,1512
tokkalosh,1,1511,881,630,251,54,1,1,305,1512
soravit,1,1510,1269,241,1028,54,1,1,1082,1511
inaaace,4,1507,1113,394,719,31,3,4,750,1511
rhiles,1,1509,1110,399,711,15,1,1,726,1510
ADHD_orc,1,1509,872,637,235,25,1,1,260,1510
tamat,1,1508,1205,303,902,23,1,0,925,1508
saratoby,2,1506,1175,331,844,38,2,2,882,1508
maip23,2,1508,877,631,246,31,2,0,277,1508
White_Graffiti,1,1506,964,542,422,93,1,1,515,1507
htotherizzle,1,1506,998,508,490,21,1,1,511,1507
JollyLeprechaun,3,1504,956,548,408,25,3,3,433,1507
MisaMisa21,1,1505,1079,426,653,19,1,1,672,1506
Arizona_Grate,4,1502,1059,443,616,34,3,4,650,1506
Heximos,3,1504,1054,450,604,31,2,2,635,1506
CafeSilver,1,1505,969,536,433,73,1,1,506,1506
HooahForLife,1,1505,918,587,331,124,1,1,455,1506
TheSmushRoom,1,1504,1050,454,596,35,1,1,631,1505
dlionman,1,1503,1151,352,799,16,1,1,815,1504
Draxova,1,1503,934,569,365,47,1,1,412,1504
seachell,1,1503,1308,195,1113,95,1,0,1208,1503
dyche68,7,1496,1071,425,646,43,5,7,689,1503
ride686,3,1500,1033,467,566,41,3,3,607,1503
TorchTheRoof,1,1502,1031,471,560,19,0,1,579,1503
nateaff,1,1502,986,516,470,44,1,1,514,1503
DJasko,1,1502,967,535,432,28,1,1,460,1503
tourettesguy54,2,1501,942,559,383,37,2,2,420,1503
springsteen,1,1501,1144,357,787,99,1,1,886,1502
just_some_redditor,1,1501,960,541,419,81,1,1,500,1502
bamyo,1,1501,977,524,453,18,1,1,471,1502
S_G123,2,1501,1346,155,1191,29,1,0,1220,1501
eyrich,3,1498,1275,223,1052,41,1,3,1093,1501
caseykckc1,1,1500,1122,378,744,21,0,1,765,1501
SteelOwl,1,1500,913,587,326,65,1,1,391,1501
Sensible_Steve,1,1499,1020,479,541,74,1,1,615,1500
azebasse,1,1499,1018,481,537,32,1,1,569,1500
juicy_cheetah,1,1498,1148,350,798,131,0,1,929,1499
coltomatic,4,1495,1003,492,511,77,3,4,588,1499
_Kita_,2,1497,907,590,317,61,2,2,378,1499
Trenches,1,1497,1162,335,827,13,1,1,840,1498
beardandteeth,1,1498,1010,488,522,20,1,0,542,1498
VaultBoy13,1,1498,809,689,120,141,1,0,261,1498
Carwash1152,3,1493,1177,316,861,32,3,3,893,1496
jamonathin,2,1494,1050,444,606,124,2,2,730,1496
Sups0n,1,1495,993,502,491,10,1,1,501,1496
NiklasRenner,1,1495,944,551,393,20,1,1,413,1496
mckelroy88,1,1495,924,571,353,30,1,1,383,1496
Hasselbalch,1,1494,1131,363,768,51,1,1,819,1495
MadmanPoet,1,1494,1008,486,522,45,1,1,567,1495
mrskeetskeeter,1,1494,965,529,436,39,1,1,475,1495
mikediamond10,1,1495,896,599,297,17,1,0,314,1495
ArabRedditor,2,1491,1134,357,777,21,0,2,798,1493
taacky,4,1489,1074,415,659,23,3,4,682,1493
therekkoner,1,1492,881,611,270,27,1,1,297,1493
changjiinglang,1,1491,1082,409,673,25,1,1,698,1492
DocMcClock,1,1491,1055,436,619,31,1,1,650,1492
waker7281,1,1491,962,529,433,63,1,1,496,1492
HollowBastion,1,1492,895,597,298,40,1,0,338,1492
MrCoolGuy69,3,1488,1041,447,594,69,3,3,663,1491
Bwhite0425,1,1491,1013,478,535,20,1,0,555,1491
Femmke,2,1488,1184,304,880,30,2,2,910,1490
danny_b23,1,1489,1107,382,725,32,1,1,757,1490
Abrasumente,1,1488,915,573,342,391,1,1,733,1489
StephensonB,4,1486,1094,392,702,108,3,1,810,1487
zdmonk,2,1485,1033,452,581,26,2,1,607,1486
dgunz1029,1,1484,1072,412,660,19,1,1,679,1485
eatmyshortsken,1,1485,896,589,307,50,1,0,357,1485
ob3ypr1mus,1,1483,926,557,369,227,1,1,596,1484
solarplexus7,2,1483,1011,472,539,39,2,1,578,1484
egon0226,1,1484,948,536,412,40,1,0,452,1484
babytheo,1,1482,1076,406,670,68,1,1,738,1483
girlnexzdoor,3,1480,960,520,440,79,2,3,519,1483
fermentate,1,1482,949,533,416,21,1,1,437,1483
swagbie,3,1480,934,546,388,23,3,3,411,1483
Phayder,1,1482,855,627,228,38,1,1,266,1483
kukkuzejt,2,1481,826,655,171,25,2,2,196,1483
MissingSomeBeard,1,1481,1080,401,679,15,1,1,694,1482
effthree,1,1481,953,528,425,27,1,1,452,1482
nosdunk,2,1479,1071,408,663,30,2,2,693,1481
firstbutton,1,1480,937,543,394,208,1,1,602,1481
El_Bajo_The_Short_,1,1480,983,497,486,23,1,1,509,1481
yeakevinc,1,1479,1196,283,913,66,1,1,979,1480
InstantPrinceWhippit,5,1475,1135,340,795,62,5,5,857,1480
PhillyPhish,1,1479,975,504,471,23,1,1,494,1480
gulpeg,2,1477,1254,223,1031,76,2,2,1107,1479
Skepgnostic,4,1475,1078,397,681,75,2,4,756,1479
sasquattch,1,1478,1067,411,656,21,0,1,677,1479
donk407,1,1479,852,627,225,32,1,0,257,1479
phelyan,2,1476,960,516,444,31,2,2,475,1478
nooze,1,1477,1160,317,843,58,0,0,901,1477
mistsofobscurity,8,1471,982,489,493,75,8,6,568,1477
skaternewt,7,1469,1090,379,711,45,5,7,756,1476
Darkarnage,1,1473,1040,433,607,80,0,1,687,1474
added_chaos,1,1474,955,519,436,22,1,0,458,1474
mylifeisanocean,1,1473,821,652,169,67,1,1,236,1474
NRG1975,1,1472,1207,265,942,104,1,1,1046,1473
SteveIzHxC,1,1472,952,520,432,48,1,1,480,1473
Gorn_Intricate,1,1471,1169,302,867,79,1,1,946,1472
Penguin_camper,3,1468,1081,387,694,49,3,3,743,1471
mathmaticalz,3,1468,1035,433,602,48,3,3,650,1471
Roderick173,1,1469,1033,436,597,35,1,1,632,1470
blink0r,2,1467,1079,388,691,307,2,2,998,1469
mlane021,2,1469,1057,412,645,112,1,0,757,1469
Lyrr3d,4,1466,1096,370,726,19,1,3,745,1469
ObieOne,1,1469,897,572,325,60,1,0,385,1469
JoeyMueller,2,1466,1171,295,876,92,2,1,968,1467
drceverettkoop,3,1465,1008,457,551,106,3,2,657,1467
Madiau,1,1466,959,507,452,28,1,0,480,1466
Vortex851,1,1464,1145,319,826,33,1,1,859,1465
thefoofighters,1,1464,1090,374,716,61,1,1,777,1465
Squeaky_Is_Evil,1,1464,1056,408,648,101,1,1,749,1465
dysxqer,6,1459,1358,101,1257,23,6,5,1280,1464
LightBinding,1,1463,1041,422,619,45,1,1,664,1464
fuzzyblackyeti,1,1463,1036,427,609,48,0,1,657,1464
Roflunit,1,1463,927,536,391,19,1,1,410,1464
bluffingtonbeets,1,1462,1045,417,628,53,1,1,681,1463
Velocity17,6,1459,1021,438,583,39,4,4,622,1463
MyJustMeHere,5,1458,997,461,536,28,4,5,564,1463
TheATLien,1,1461,1081,380,701,33,1,1,734,1462
Broskiii,1,1461,986,475,511,33,1,1,544,1462
jesp3r,2,1460,949,511,438,90,2,2,528,1462
DumbFuckingUsername,3,1459,801,658,143,130,3,3,273,1462
davegreilach,2,1459,996,463,533,30,1,1,563,1460
Randomyeti,1,1459,1004,455,549,76,1,0,625,1459
anangrybanana,2,1455,1022,433,589,19,2,2,608,1457
imtogiggity,2,1454,1081,373,708,13,0,2,721,1456
iamprettydamnbroke,1,1455,898,557,341,57,1,1,398,1456
Thysess,2,1453,1046,407,639,67,2,2,706,1455
DimmuGentleman,1,1454,996,458,538,61,1,1,599,1455
Slyvr89,1,1454,831,623,208,52,1,1,260,1455
frusciante231,2,1453,889,564,325,74,2,1,399,1454
nzeeshan,5,1449,1272,177,1095,124,5,4,1219,1453
MulberryPlacebo,1,1452,891,561,330,20,1,1,350,1453
axel2191,4,1448,1044,404,640,32,4,4,672,1452
Ian_Dess,2,1450,1016,434,582,16,2,2,598,1452
lilsoyboy,1,1452,904,548,356,56,1,0,412,1452
MrFruitcup,1,1451,867,584,283,95,1,1,378,1452
bksbeat,6,1445,1111,334,777,35,3,6,812,1451
Jakk-Cannon,1,1450,898,552,346,70,1,1,416,1451
Meatloaf007,1,1450,951,499,452,59,1,0,511,1450
rileywarren,1,1450,939,511,428,9,1,0,437,1450
xixoxixa,3,1446,1123,323,800,61,3,3,861,1449
sapiophile,4,1445,1091,354,737,80,4,4,817,1449
AIDSMachine,1,1449,1067,382,685,62,1,0,747,1449
charleattack,5,1443,1005,438,567,72,5,5,639,1448
thinkpadius,1,1447,857,590,267,19,1,1,286,1448
Steininger1,4,1444,1052,392,660,28,3,3,688,1447
armyjackson,1,1446,810,636,174,51,1,1,225,1447
FreddieFreelance,1,1445,1235,210,1025,55,1,1,1080,1446
Tokentaclops,1,1446,1129,317,812,34,1,0,846,1446
ImAnEvilPanda,1,1445,952,493,459,30,1,1,489,1446
hebertjoshua,1,1444,1158,286,872,55,1,1,927,1445
Jackie420,3,1442,1115,327,788,101,3,3,889,1445
SublimeLineage,3,1443,1084,359,725,27,2,2,752,1445
bisscuitt,1,1444,1000,444,556,14,1,1,570,1445
BoShankin,1,1444,946,498,448,26,1,1,474,1445
worldnewstonight,1,1443,938,505,433,42,1,1,475,1444
mactac,6,1437,1126,311,815,45,5,5,860,1442
Brutalitarian,2,1441,956,485,471,31,2,1,502,1442
grantith,1,1441,939,502,437,58,1,0,495,1441
Graapaape,3,1439,882,557,325,56,3,2,381,1441
Perk456,2,1437,1050,387,663,22,2,2,685,1439
Clark-Kent,2,1435,1001,434,567,109,2,2,676,1437
My_Wife_Doesnt_Know,3,1434,1005,429,576,14,3,3,590,1437
drtchock,2,1437,985,452,533,28,2,0,561,1437
Shadowskater,1,1437,875,562,313,38,1,0,351,1437
bepstein,1,1437,827,610,217,62,1,0,279,1437
skyfox315,3,1433,1116,317,799,13,2,3,812,1436
watwotwatwot,1,1435,1028,407,621,12,0,1,633,1436
cheml0vin,1,1434,1093,341,752,13,1,1,765,1435
HowManyRoads,3,1432,1098,334,764,30,2,2,794,1434
strife24,1,1433,1016,417,599,81,1,1,680,1434
fathertime99,2,1432,1016,416,600,23,2,2,623,1434
clurbonator,2,1432,1110,322,788,76,1,1,864,1433
EdgHG,6,1427,1032,395,637,29,5,6,666,1433
taco_junior,1,1432,897,535,362,40,1,1,402,1433
jadems,1,1431,1137,294,843,178,0,1,1021,1432
luckyfemur,2,1430,1069,361,708,23,2,2,731,1432
przyssawka,1,1431,993,438,555,25,1,1,580,1432
Jeepmanable,2,1430,927,503,424,16,2,2,440,1432
daniellemx,4,1428,1017,411,606,71,2,3,677,1431
EpicChef,1,1429,1000,429,571,66,1,0,637,1429
spaceroach,3,1426,996,430,566,15,3,2,581,1428
DoctorDownloader,1,1427,983,444,539,13,1,1,552,1428
p4nz3r,2,1425,997,428,569,24,1,2,593,1427
shweds,1,1425,1070,355,715,75,1,1,790,1426
anonalias,1,1425,955,470,485,130,1,1,615,1426
Jazzy_Josh,1,1426,805,621,184,106,1,0,290,1426
the_real_davenull,1,1424,1143,281,862,30,0,1,892,1425
CaptainEZ,7,1418,1014,404,610,43,5,7,653,1425
keropipi,1,1424,990,434,556,44,1,1,600,1425
Supacaboose,9,1415,1086,329,757,22,7,9,779,1424
mstuff101,1,1423,1046,377,669,61,1,1,730,1424
CrazyOldRussian,11,1413,1012,401,611,54,3,11,665,1424
rATK,4,1419,1107,312,795,25,0,4,820,1423
waxthenip,1,1423,877,546,331,38,1,0,369,1423
glaedr,1,1421,1064,357,707,16,1,1,723,1422
chumpette,1,1422,922,500,422,63,1,0,485,1422
lukeallen1,4,1417,948,469,479,13,3,4,492,1421
headshotstylee,1,1420,982,438,544,36,1,0,580,1420
Heyitsbiz,1,1420,937,483,454,43,1,0,497,1420
My_Nipples,1,1419,882,537,345,55,1,1,400,1420
ITookBrandybuck,3,1415,1002,413,589,64,1,3,653,1418
actionb0b,3,1414,850,564,286,31,2,3,317,1417
gamemasterty,8,1407,1090,317,773,24,6,8,797,1415
nsilvia,1,1414,982,432,550,13,1,1,563,1415
Grody,1,1415,943,472,471,29,1,0,500,1415
Nickraf,1,1414,895,519,376,94,0,1,470,1415
totaldebacle,2,1414,881,533,348,40,2,1,388,1415
hobbit1123,1,1413,1096,317,779,15,1,1,794,1414
ejoshuahill,1,1413,1058,355,703,9,1,1,712,1414
Zoorin,3,1411,1019,392,627,43,2,3,670,1414
iGorillaz,2,1414,1006,408,598,13,1,0,611,1414
Fyuryus,2,1412,945,467,478,36,2,2,514,1414
carlojmp,2,1412,894,518,376,15,2,2,391,1414
RedditGuy98,1,1412,917,495,422,20,1,1,442,1413
AtlanticPlayboy,1,1412,817,595,222,52,1,1,274,1413
xjollyxgiraffex,1,1411,1008,403,605,27,1,1,632,1412
MLBM100,4,1409,940,469,471,47,3,3,518,1412
cokecan4,3,1408,1255,153,1102,31,3,3,1133,1411
Shilo59,1,1410,1126,284,842,60,1,1,902,1411
tkairns,1,1410,1049,361,688,7,1,1,695,1411
derpiepop,1,1410,1022,388,634,44,1,1,678,1411
ShadowAssassinQueef,2,1409,987,422,565,56,2,2,621,1411
Dewgong,1,1410,988,422,566,13,1,1,579,1411
luckyfishface,1,1411,873,538,335,61,1,0,396,1411
Regular_Gob,3,1408,848,560,288,29,3,3,317,1411
jjllpk,3,1408,1098,310,788,203,3,2,991,1410
adb2009,1,1409,1011,398,613,25,1,1,638,1410
SonyWaffles,1,1409,966,443,523,13,1,1,536,1410
seeasea,3,1410,904,506,398,90,3,0,488,1410
SaladTosseur,1,1409,925,484,441,18,1,1,459,1410
loaf24,2,1409,877,532,345,29,2,1,374,1410
ZoSo1227,1,1408,1067,341,726,51,1,1,777,1409
lovepiano,1,1407,1134,273,861,17,0,1,878,1408
Gunner4life,3,1405,1045,360,685,20,2,3,705,1408
fatchad420,2,1406,906,500,406,62,1,2,468,1408
shaunehannen,3,1405,1118,287,831,51,3,2,882,1407
sundbergftw,2,1405,1054,351,703,34,2,2,737,1407
boggart777,2,1405,1017,388,629,528,1,1,1157,1406
Canadianlumber,1,1405,956,449,507,24,1,1,531,1406
Meatstaff,1,1405,935,470,465,47,1,1,512,1406
ENTP,1,1406,837,569,268,92,1,0,360,1406
canada4karma,1,1404,932,472,460,28,1,1,488,1405
TheForceiswithus,1,1404,877,527,350,32,1,1,382,1405
cheeeo,2,1402,1127,275,852,48,2,2,900,1404
FlyAce,1,1403,898,505,393,12,1,1,405,1404
funnyfaceking,1,1401,1091,310,781,114,1,1,895,1402
prutte94,4,1399,847,552,295,57,4,3,352,1402
b0ngenstein,1,1400,967,433,534,21,1,1,555,1401
zephyy,3,1399,1040,359,681,38,3,1,719,1400
Egocentric,1,1400,985,415,570,25,1,0,595,1400
alkabetz,1,1399,942,457,485,13,1,1,498,1400
kd31415,1,1399,909,490,419,14,1,1,433,1400
xJohnnyChimpo,2,1397,1033,364,669,28,1,2,697,1399
gfarwell,3,1397,947,450,497,93,3,2,590,1399
Big_Labia,1,1398,912,486,426,32,1,1,458,1399
KingFrost15,10,1389,970,419,551,34,9,9,585,1398
bryandtucker,2,1396,950,446,504,13,2,2,517,1398
Teknishun,1,1397,879,518,361,70,1,1,431,1398
I_love_my_gold,1,1398,886,512,374,16,1,0,390,1398
maaaarisa,1,1396,1024,372,652,51,1,1,703,1397
Carlbodenham,3,1394,1031,363,668,10,3,3,678,1397
tjbdef,1,1396,918,478,440,106,1,1,546,1397
deadguyinthere,3,1395,882,513,369,41,3,2,410,1397
DrRDuke72,1,1395,987,408,579,9,1,1,588,1396
MeGustaAustin,1,1394,1057,337,720,13,1,1,733,1395
myerjd,1,1394,962,432,530,37,1,1,567,1395
Drunk_Monk,3,1392,879,513,366,84,2,3,450,1395
jebz,1,1394,859,535,324,30,1,1,354,1395
Diosjenin,2,1393,771,622,149,32,2,2,181,1395
GENUINE_DEFECATION,1,1393,916,477,439,44,1,1,483,1394
Obvious-Implyer,1,1393,893,500,393,33,1,1,426,1394
PsychoWolf,1,1393,881,512,369,49,1,1,418,1394
iwashere33,1,1392,1092,300,792,17,1,1,809,1393
anybodywannapeanut,1,1392,951,441,510,28,1,1,538,1393
fuckaquaman,1,1391,1056,335,721,6,1,1,727,1392
Ezzar,3,1390,956,434,522,47,3,2,569,1392
Riseagainstyou,1,1392,787,605,182,43,1,0,225,1392
Macaroni247445,6,1385,975,410,565,12,6,6,577,1391
Calahagus,2,1389,941,448,493,38,2,2,531,1391
THE_UNDYING_FLAME,1,1390,928,462,466,34,1,1,500,1391
coochieCOO,1,1390,812,578,234,25,1,1,259,1391
raciallyambiguous,2,1389,942,447,495,29,0,1,524,1390
kylelalala,1,1388,985,403,582,169,1,1,751,1389
Robby5566,3,1386,1019,367,652,45,3,3,697,1389
Miserable_Bugger,1,1388,914,474,440,17,1,1,457,1389
skaguyy,3,1389,895,494,401,40,3,0,441,1389
jessica_rabbit__,1,1387,987,400,587,66,1,1,653,1388
sovietsrule,4,1384,814,570,244,161,4,4,405,1388
benification,1,1387,855,532,323,65,1,0,388,1387
KevinGenoves3,1,1387,772,615,157,91,1,0,248,1387
MickCJ,10,1377,1101,276,825,95,9,9,920,1386
Silvertwist2000,9,1379,928,451,477,110,9,7,587,1386
thegoodendedhappily,1,1385,902,483,419,16,1,1,435,1386
deedee0323,1,1385,852,533,319,16,1,1,335,1386
mindbane,1,1384,898,486,412,30,1,1,442,1385
hackinosa,1,1383,1142,241,901,67,1,1,968,1384
broostenq,1,1383,828,555,273,20,1,1,293,1384
geobomb,2,1382,821,561,260,27,2,2,287,1384
pitlord713,3,1380,1058,322,736,38,3,3,774,1383
cheesycheese2,1,1382,970,412,558,134,1,1,692,1383
throwmyselfawayisay,1,1381,862,519,343,42,1,1,385,1382
djicebergus,1,1381,1001,380,621,32,1,0,653,1381
jdoglala,1,1379,1008,371,637,128,1,1,765,1380
bporter84,2,1378,930,448,482,93,2,2,575,1380
corn002maize,3,1376,1063,313,750,25,3,3,775,1379
sunnysidesoviet,1,1379,979,400,579,26,1,0,605,1379
kbrown13245,1,1377,1105,272,833,27,0,1,860,1378
SmokeStackz,4,1374,990,384,606,35,4,4,641,1378
LittleTillyFooFoo,1,1377,929,448,481,129,0,1,610,1378
kaat528,2,1377,954,423,531,13,1,1,544,1378
hatz_69,1,1376,1085,291,794,61,1,1,855,1377
Magumbo,2,1375,981,394,587,27,2,2,614,1377
drzedwordhunter,1,1377,903,474,429,23,1,0,452,1377
hhudsontaylor,1,1376,1063,313,750,32,1,0,782,1376
Mastuhshayke,1,1375,996,379,617,63,1,1,680,1376
JL1305,2,1373,1067,306,761,36,1,2,797,1375
Bushwarp,1,1375,985,390,595,154,1,0,749,1375
7tenths,1,1373,1110,263,847,54,1,1,901,1374
greenicedtea,2,1372,923,449,474,73,2,2,547,1374
hailhorrors,2,1371,934,437,497,27,2,2,524,1373
mr_funsocks,1,1372,892,480,412,11,1,1,423,1373
callmewestern,3,1372,823,549,274,119,3,1,393,1373
qweefqwofmcgee,1,1371,1038,333,705,12,1,1,717,1372
jaimeelee,1,1371,845,526,319,216,1,1,535,1372
TastefullyRacist,1,1372,866,506,360,37,1,0,397,1372
WhyNotFerret,1,1371,1033,338,695,30,1,0,725,1371
Demon_Works,2,1370,947,423,524,24,2,1,548,1371
folkster,1,1371,880,491,389,25,1,0,414,1371
jellyfilledjosh,1,1370,789,581,208,19,1,1,227,1371
Algosaubi,1,1370,1055,315,740,104,1,0,844,1370
CoolGuySean,2,1368,961,407,554,132,2,2,686,1370
MuteMouse,9,1363,948,415,533,85,8,7,618,1370
Sure_Ill_Ask_That,1,1369,910,459,451,128,1,1,579,1370
Witness,2,1370,871,499,372,25,2,0,397,1370
My_College,2,1367,954,413,541,62,2,2,603,1369
C0debreak,1,1368,869,499,370,49,1,1,419,1369
bridge700,1,1368,1191,177,1014,109,1,0,1123,1368
tapirsaurusrex,3,1366,1071,295,776,18,3,2,794,1368
samwardle,1,1367,1001,366,635,14,1,1,649,1368
ranger_carn,1,1366,1014,352,662,44,0,1,706,1367
dmg_inc,1,1366,953,413,540,11,1,0,551,1366
nadstuh,1,1364,1011,353,658,10,1,1,668,1365
andrewdx,1,1363,1165,198,967,23,1,1,990,1364
zerocool42,1,1363,913,450,463,32,1,1,495,1364
SuffragetteCinci,1,1363,1095,268,827,12,1,0,839,1363
I_hate_you_kevin,1,1362,981,381,600,24,0,1,624,1363
vasidius,1,1362,876,486,390,48,0,1,438,1363
fuller44,1,1363,801,562,239,149,1,0,388,1363
tarabluh,2,1361,783,578,205,59,1,2,264,1363
mikev7743,3,1358,979,379,600,14,3,3,614,1361
sackboy198,1,1360,874,486,388,24,1,1,412,1361
gildasneez,1,1360,824,536,288,22,1,1,310,1361
clearwind,1,1358,916,442,474,45,1,1,519,1359
ICanRepostToo,1,1359,846,513,333,31,1,0,364,1359
juliebean303,1,1358,952,406,546,13,1,0,559,1358
johnny_appletits,2,1356,811,545,266,186,2,2,452,1358
boferzs,1,1357,854,503,351,17,1,1,368,1358
JoeTheBR0,2,1355,1063,292,771,28,2,2,799,1357
FastCarsShootinStars,1,1356,1014,342,672,19,1,1,691,1357
AlwaysChildish,1,1357,828,529,299,19,1,0,318,1357
raubana,1,1355,1000,355,645,28,1,1,673,1356
TodaysRedditor,1,1355,967,388,579,36,1,1,615,1356
TheDaedalus,1,1356,885,471,414,151,1,0,565,1356
dudester567,1,1355,850,505,345,21,1,1,366,1356
ilikebreakfastcereal,2,1353,900,453,447,60,0,2,507,1355
Battlesoldier8618,3,1351,844,507,337,29,3,3,366,1354
captainklimt,2,1353,894,459,435,46,2,0,481,1353
JAMONLEE,2,1351,841,510,331,20,1,2,351,1353
YUTHATGUY,1,1353,774,579,195,23,1,0,218,1353
Delahorney,2,1351,987,364,623,64,2,1,687,1352
Oderint,1,1352,854,498,356,28,1,0,384,1352
YouGotDoddified,1,1350,972,378,594,154,1,1,748,1351
Ragingsheep,1,1351,770,581,189,72,1,0,261,1351
Insertwords,2,1349,1058,291,767,25,1,1,792,1350
sstteeff,1,1349,955,394,561,150,1,1,711,1350
harmonicoasis,2,1348,996,352,644,42,2,2,686,1350
pausnsk,3,1346,928,418,510,12,3,3,522,1349
AzuraZora,6,1343,908,435,473,16,1,6,489,1349
AlizabSeri,1,1348,800,548,252,83,1,1,335,1349
FunkeeFresh,1,1348,1060,288,772,45,1,0,817,1348
ymmajjet,1,1347,1046,301,745,11,1,1,756,1348
CeePeeNine,1,1347,1000,347,653,28,1,1,681,1348
Danzerello,2,1346,997,349,648,21,2,2,669,1348
LoveAneurysm,1,1348,897,451,446,62,1,0,508,1348
pudgelton,1,1347,891,456,435,39,1,1,474,1348
bobitis,7,1341,823,518,305,21,7,7,326,1348
Onsalefor10cents,1,1346,916,430,486,9,1,1,495,1347
captainchrispy,3,1343,963,380,583,48,2,3,631,1346
mad_lovin,2,1344,938,406,532,47,2,2,579,1346
Pepe_Le_Lu,3,1343,919,424,495,18,1,3,513,1346
c0mrade_ethan,1,1344,806,538,268,15,1,1,283,1345
samason97,5,1339,1058,281,777,20,3,5,797,1344
Extremerelish,1,1343,994,349,645,18,1,1,663,1344
cylonhunter,1,1344,843,501,342,50,1,0,392,1344
daxskye,1,1343,838,505,333,41,1,1,374,1344
Argy,1,1342,938,404,534,17,1,1,551,1343
I_WIN_DEAL_WITH_IT,1,1342,925,417,508,24,1,1,532,1343
kylg,4,1341,910,431,479,23,4,2,502,1343
tcman201,1,1342,839,503,336,36,1,1,372,1343
fridgeridoo,1,1341,946,395,551,86,1,1,637,1342
gogoHATCHET,4,1340,801,539,262,34,4,2,296,1342
numan23,1,1340,1154,186,968,18,0,1,986,1341
icaaso,1,1340,965,375,590,19,1,1,609,1341
hmistry,8,1334,913,421,492,56,8,7,548,1341
tman67234,2,1340,847,493,354,27,2,1,381,1341
Flexter,2,1338,1019,319,700,11,2,2,711,1340
InfamousBatyote,1,1338,1037,301,736,13,1,1,749,1339
Linkmaster2010,2,1337,936,401,535,31,2,2,566,1339
gekk00,1,1339,769,570,199,61,1,0,260,1339
pecet,6,1332,1029,303,726,47,6,6,773,1338
thejesseb,2,1337,797,540,257,21,2,1,278,1338
SweetFawn,4,1333,936,397,539,28,2,4,567,1337
matrix23,2,1335,849,486,363,19,0,2,382,1337
battlesmurf,1,1335,1112,223,889,36,0,1,925,1336
Dave0312,1,1335,865,470,395,33,1,1,428,1336
sefy98,1,1335,835,500,335,44,1,1,379,1336
justarunner,2,1335,794,541,253,26,2,1,279,1336
Emzijay,1,1335,748,587,161,76,1,1,237,1336
moolikeacow,1,1335,766,569,197,32,1,1,229,1336
TomCruiseAMA,3,1333,751,582,169,36,2,3,205,1336
Dijburger,4,1331,996,335,661,53,3,4,714,1335
Walletfullofpennies,1,1334,964,370,594,121,1,0,715,1334
sunz161,1,1333,909,424,485,31,1,1,516,1334
brettzilla,2,1332,825,507,318,33,2,2,351,1334
Tr3v0r,7,1326,991,335,656,40,4,7,696,1333
mehatch,3,1330,924,406,518,138,3,3,656,1333
dadRabbit,2,1331,815,516,299,62,2,2,361,1333
1derp1,4,1328,880,448,432,161,4,4,593,1332
zkell99,1,1332,837,495,342,28,1,0,370,1332
redheadrachel,1,1330,1133,197,936,56,1,1,992,1331
PriestValon,1,1330,993,337,656,30,1,1,686,1331
Dreadlock,3,1331,910,421,489,33,3,0,522,1331
rivea,1,1329,1043,286,757,64,0,1,821,1330
Skullchaos,2,1328,987,341,646,12,1,2,658,1330
summit47,2,1327,1048,279,769,24,0,2,793,1329
i1x1,2,1327,941,386,555,14,2,2,569,1329
Xenraia,1,1328,868,460,408,85,1,1,493,1329
DontBlink-TheDoctor,1,1327,1045,282,763,20,0,1,783,1328
rainyadnad,2,1326,834,492,342,22,2,1,364,1327
b19pen15,1,1326,1102,224,878,73,1,0,951,1326
ellipses1,5,1322,1080,242,838,41,4,4,879,1326
Mirkrid,1,1325,863,462,401,10,1,1,411,1326
ZWass777,1,1325,838,487,351,57,1,0,408,1325
Buffalobismuth,1,1323,876,447,429,31,1,1,460,1324
InSidious425,2,1322,780,542,238,24,2,2,262,1324
talleyrandbanana,2,1321,997,324,673,401,2,2,1074,1323
popeye-chicken,1,1322,817,505,312,61,1,1,373,1323
UnknownArchive,3,1320,817,503,314,56,2,3,370,1323
tbscotty68,1,1322,824,498,326,28,1,1,354,1323
faggyreposter,1,1322,805,517,288,17,1,1,305,1323
brockwhittaker,1,1321,1077,244,833,18,1,1,851,1322
SpareChang,4,1319,986,333,653,67,4,3,720,1322
Mattyb21,1,1321,942,379,563,62,1,1,625,1322
mrniceguy123,2,1320,960,360,600,14,2,2,614,1322
mastermike14,1,1321,940,381,559,21,1,1,580,1322
ChocChinder,1,1322,789,533,256,30,1,0,286,1322
depo_,1,1321,1091,230,861,161,1,0,1022,1321
drzwz,4,1317,1005,312,693,35,4,4,728,1321
LeeENTfield,1,1320,952,368,584,13,1,1,597,1321
ChibiShokunin,1,1320,917,403,514,69,0,1,583,1321
JangSaverem,2,1320,880,440,440,61,2,1,501,1321
Penquin,1,1320,765,555,210,22,1,1,232,1321
leogg_lyl,1,1319,887,432,455,32,1,1,487,1320
UnicornLegends,1,1320,823,497,326,82,1,0,408,1320
HippyVanMan,1,1319,756,563,193,30,1,1,223,1320
sandvik1,1,1318,900,418,482,23,1,1,505,1319
berfels,3,1315,969,346,623,13,1,3,636,1318
cevichema97,1,1317,805,512,293,37,1,1,330,1318
TheSimpleArtist,1,1318,800,518,282,34,1,0,316,1318
haPPii,1,1318,775,543,232,81,1,0,313,1318
janus_the_magus,1,1317,710,607,103,29,1,1,132,1318
contentlife,19,1299,1060,239,821,34,9,18,855,1317
bleekicker,4,1313,859,454,405,52,3,4,457,1317
Phantom19,2,1315,835,480,355,20,2,2,375,1317
bassboyjulio182,2,1316,803,513,290,22,1,1,312,1317
xroxl,2,1314,1058,256,802,37,2,2,839,1316
Mr_Phlip,1,1315,986,329,657,12,1,1,669,1316
IntensityInEntCity,2,1313,1026,287,739,112,2,2,851,1315
chiqadeee,1,1314,850,464,386,79,1,1,465,1315
ProbablyObnoxious,1,1315,821,494,327,80,1,0,407,1315
AtheistAgnostic,1,1315,797,518,279,19,1,0,298,1315
whacko_jacko,4,1310,1159,151,1008,88,4,4,1096,1314
ClankOnTheCob,1,1313,771,542,229,22,1,1,251,1314
syphilitic,1,1312,973,339,634,68,1,1,702,1313
garnish10,1,1313,819,494,325,38,1,0,363,1313
bhegle,1,1311,968,343,625,21,0,1,646,1312
Mammogram_Man,1,1311,838,473,365,15,1,1,380,1312
optionaluniverse,3,1310,941,369,572,83,2,1,655,1311
CheatasaurusRex,3,1309,845,464,381,151,3,1,532,1310
Jacobk26,2,1309,861,448,413,23,1,0,436,1309
joshrh88,1,1309,850,459,391,17,1,0,408,1309
partisparti,2,1308,748,560,188,22,1,1,210,1309
landothesoupy,1,1308,907,401,506,16,1,0,522,1308
d9-thc,2,1307,876,431,445,41,2,1,486,1308
baymigirl,1,1307,860,447,413,31,1,1,444,1308
Cashmon12,1,1307,861,446,415,10,1,1,425,1308
stacixd,1,1307,978,329,649,43,1,0,692,1307
misnamed,2,1306,917,389,528,44,2,1,572,1307
MarshmallowPrincess,2,1304,1033,271,762,13,2,2,775,1306
Mindmaster,3,1303,1000,303,697,12,3,3,709,1306
zakt,4,1302,948,354,594,43,4,4,637,1306
Lokis_Thorn,1,1305,941,364,577,59,1,1,636,1306
racheal1991,3,1303,877,426,451,15,1,3,466,1306
DavyyJones,2,1303,978,325,653,54,2,2,707,1305
troutbum,1,1305,755,550,205,25,1,0,230,1305
abefroman20,1,1304,864,440,424,54,1,0,478,1304
yellowwwww,1,1303,866,437,429,25,1,1,454,1304
Hypo_Luxa,1,1302,878,424,454,38,1,1,492,1303
tameimpalea,2,1300,1050,250,800,28,2,2,828,1302
tylerelyt,5,1298,995,303,692,56,5,4,748,1302
Pandas_in_space,1,1301,975,326,649,17,1,1,666,1302
TeaBoneJones,2,1300,893,407,486,37,1,2,523,1302
LSD_freakout,3,1298,1017,281,736,46,3,3,782,1301
MojoJuJu_Universe,2,1300,933,367,566,8,2,1,574,1301
Michael_LaPorte,7,1296,912,384,528,39,7,5,567,1301
RANKINFullStop,2,1299,894,405,489,16,1,2,505,1301
tw1zt3r,1,1301,832,469,363,51,1,0,414,1301
diddysaysupvoteordie,1,1301,791,510,281,41,1,0,322,1301
killercacti,2,1298,1120,178,942,257,2,2,1199,1300
Roflcoptarzan,1,1299,943,356,587,78,0,1,665,1300
Froich,1,1298,712,586,126,141,1,1,267,1299
Christophurious,2,1297,986,311,675,19,1,1,694,1298
Zaun42,5,1293,870,423,447,243,4,5,690,1298
josedyp,3,1295,1031,264,767,24,3,2,791,1297
richmondrob,1,1296,839,457,382,82,1,1,464,1297
kansaskansas,3,1294,829,465,364,23,2,3,387,1297
aiovine10688,1,1295,979,316,663,19,1,1,682,1296
Conash,6,1292,921,371,550,30,6,4,580,1296
magi27,1,1295,816,479,337,44,1,1,381,1296
CyberSeal,1,1295,810,485,325,25,1,1,350,1296
kimmydkill,1,1295,765,530,235,45,1,1,280,1296
iKjQ2a4v,3,1292,950,342,608,28,3,3,636,1295
authorialintent,2,1293,903,390,513,75,2,2,588,1295
BillThePenguin,2,1293,902,391,511,24,2,2,535,1295
Jerameme,1,1294,727,567,160,108,1,1,268,1295
shankdaddyx,2,1295,733,562,171,27,2,0,198,1295
Julicious,1,1294,962,332,630,17,1,0,647,1294
harpster,7,1288,894,394,500,37,7,6,537,1294
EvanConover,1,1294,816,478,338,22,1,0,360,1294
cdmccabe,1,1293,726,567,159,59,1,1,218,1294
antireality,1,1292,950,342,608,15,1,1,623,1293
just_wonderjin,1,1293,922,371,551,38,1,0,589,1293
SeanRoar,1,1293,832,461,371,29,1,0,400,1293
Tru_Fakt,4,1289,967,322,645,28,4,3,673,1292
cullen9,2,1291,840,451,389,43,2,1,432,1292
LowPEZ,2,1289,1026,263,763,35,2,2,798,1291
princess94,1,1290,776,514,262,17,0,1,279,1291
Jemiller,1,1289,1061,228,833,29,0,1,862,1290
robovlasnik,1,1289,927,362,565,103,1,1,668,1290
hidedurk,1,1289,933,356,577,71,1,1,648,1290
LaserBacon,2,1290,866,424,442,57,2,0,499,1290
luketheduke03,2,1289,808,481,327,45,2,1,372,1290
ebullientity,5,1284,999,285,714,22,5,5,736,1289
8points,1,1288,882,406,476,32,1,1,508,1289
iweararubber,1,1288,829,459,370,37,0,1,407,1289
monstrodinessa,1,1288,796,492,304,91,1,1,395,1289
Deadlysin,2,1287,758,529,229,28,2,2,257,1289
Yelly,4,1284,1056,228,828,201,4,4,1029,1288
xNick,1,1288,852,436,416,21,1,0,437,1288
toastytoast00,2,1287,803,484,319,41,2,1,360,1288
downthestreet,1,1287,756,531,225,4,1,1,229,1288
risemix,1,1287,935,352,583,59,1,0,642,1287
skee323,1,1287,744,543,201,24,1,0,225,1287
Kjulo,5,1281,967,314,653,22,5,5,675,1286
unpopularcommentman,15,1272,879,393,486,71,13,14,557,1286
Grimmloch,1,1285,891,394,497,30,1,1,527,1286
So_angry_right_now,1,1286,824,462,362,52,1,0,414,1286
anthoneyk123,1,1285,829,456,373,27,1,1,400,1286
silentmage,2,1282,846,436,410,26,2,2,436,1284
NotYourAvgLurker,1,1283,816,467,349,27,1,1,376,1284
WhosLineIsIt,1,1282,984,298,686,24,0,1,710,1283
bingbongbebop,4,1279,945,334,611,91,3,4,702,1283
plastique216,1,1283,879,404,475,58,1,0,533,1283
PerplexedKitten,1,1282,831,451,380,69,1,1,449,1283
LinkBalls,1,1283,840,443,397,16,1,0,413,1283
JeremiahQuadsMaster,1,1282,790,492,298,64,1,1,362,1283
Ropes,1,1283,778,505,273,39,1,0,312,1283
webalert,1,1282,745,537,208,52,1,1,260,1283
DjKaiserCharles444,2,1280,1083,197,886,161,1,1,1047,1281
ChrisHernandez,11,1270,946,324,622,68,8,11,690,1281
MrBarnacus,1,1280,949,331,618,23,1,1,641,1281
mynameisnotjonas,3,1278,905,373,532,22,1,3,554,1281
mgr86,6,1276,840,436,404,44,5,5,448,1281
lolicats,1,1280,784,496,288,23,1,1,311,1281
vvarden,1,1279,917,362,555,162,1,1,717,1280
katarr,1,1280,937,343,594,81,1,0,675,1280
annygno,1,1279,970,309,661,11,1,1,672,1280
cinnamontoastPUNCH,1,1279,932,347,585,71,1,1,656,1280
derptyherp,2,1278,864,414,450,18,2,2,468,1280
3PICKYL3,1,1280,837,443,394,52,1,0,446,1280
Icomefromb,2,1278,840,438,402,22,2,2,424,1280
Danmark_rages,1,1278,888,390,498,18,1,1,516,1279
ConnorHD3,17,1268,796,472,324,29,6,11,353,1279
beanster,1,1279,755,524,231,37,1,0,268,1279
GodOfAtheism,13,1267,1161,106,1055,290,11,11,1345,1278
Linkexa,2,1276,853,423,430,14,2,2,444,1278
CyruscM,3,1275,960,315,645,26,3,2,671,1277
Sp4nc3r,1,1276,876,400,476,37,1,1,513,1277
Tushon,1,1276,778,498,280,90,1,1,370,1277
TheDudeAbides420,3,1275,796,479,317,11,3,2,328,1277
Hail-Of-Bullets,1,1276,1006,270,736,50,1,0,786,1276
brok3nlights,1,1275,919,356,563,14,1,1,577,1276
MikeTheRedditor,3,1272,935,337,598,15,3,3,613,1275
redtyu111,1,1274,690,584,106,35,1,1,141,1275
roffle24,2,1273,855,418,437,25,2,1,462,1274
SpicyWaffles1,1,1273,817,456,361,39,1,1,400,1274
ParadisePark,2,1272,957,315,642,118,1,1,760,1273
violentlymickey,1,1272,956,316,640,33,1,1,673,1273
Burnyc,1,1272,955,317,638,30,1,1,668,1273
haydenfitz,2,1271,932,339,593,37,2,2,630,1273
robinfiorenza,5,1270,801,469,332,43,5,3,375,1273
radioheads6,1,1272,761,511,250,86,1,1,336,1273
fleezie,3,1270,710,560,150,63,3,3,213,1273
eqao,1,1272,971,301,670,28,1,0,698,1272
whoosy,1,1271,893,378,515,16,1,1,531,1272
anipatty,1,1271,798,473,325,33,1,1,358,1272
PhuckmeRunning,1,1270,941,329,612,42,1,1,654,1271
mattzm,3,1268,731,537,194,19,3,3,213,1271
Godzillaboy5,2,1268,870,398,472,104,2,2,576,1270
HeWasAZombie,2,1267,954,313,641,20,1,2,661,1269
19_ploT,1,1268,927,341,586,65,0,1,651,1269
mshebel,1,1269,881,388,493,8,1,0,501,1269
Pr0nade,1,1268,791,477,314,27,1,1,341,1269
bcardoso,1,1268,700,568,132,27,1,1,159,1269
maC69,2,1266,812,454,358,41,2,2,399,1268
Soulfly37,4,1265,757,508,249,36,4,3,285,1268
ozymand1as,1,1266,988,278,710,33,0,1,743,1267
hooknife,6,1261,880,381,499,52,5,5,551,1266
unfurL,1,1265,817,448,369,48,1,1,417,1266
Follow_Follow,1,1266,752,514,238,25,1,0,263,1266
timonnpumba,1,1265,897,368,529,29,1,0,558,1265
cupcakemachine,1,1264,817,447,370,133,1,1,503,1265
Shootemsup,1,1264,794,470,324,15,1,1,339,1265
disgusted_orangutan,1,1263,962,301,661,9,1,1,670,1264
Anitor,2,1262,938,324,614,14,0,2,628,1264
JiggleBiscuits,1,1263,883,380,503,30,1,1,533,1264
Brewer730,1,1264,875,389,486,45,1,0,531,1264
loki2002,9,1255,1010,245,765,42,7,8,807,1263
iamnatehewa,1,1263,888,375,513,69,1,0,582,1263
BlackQT,1,1262,894,368,526,32,1,1,558,1263
tundra_cool,1,1262,882,380,502,14,1,1,516,1263
MrJustinTaylor,3,1259,934,325,609,100,3,3,709,1262
so_sick_of_that_guy,1,1261,952,309,643,51,0,1,694,1262
dbinpitt,1,1261,908,353,555,22,1,1,577,1262
StrungoutScott,1,1261,805,456,349,72,1,1,421,1262
veggiebrooke,2,1260,1086,174,912,41,2,1,953,1261
kwaylub,2,1259,940,319,621,32,2,2,653,1261
Herr_Reese,1,1261,804,457,347,51,1,0,398,1261
bungalow,1,1261,778,483,295,97,1,0,392,1261
euicho,1,1261,793,468,325,38,1,0,363,1261
ROFLMFAO,1,1259,925,334,591,24,1,1,615,1260
thomyorke64,1,1259,883,376,507,51,1,1,558,1260
breatheme,1,1259,815,444,371,20,1,1,391,1260
CAN_FAP_TO_DAT,1,1259,752,507,245,81,1,1,326,1260
adribbleofink,1,1258,1006,252,754,29,1,1,783,1259
juskajo,1,1258,799,459,340,49,1,1,389,1259
raffafreitas,1,1258,778,480,298,64,1,1,362,1259
gummy52,2,1258,780,478,302,49,2,1,351,1259
pipsquillion,1,1258,747,511,236,9,1,1,245,1259
iChickk,1,1257,1001,256,745,48,1,1,793,1258
mazingerz021,1,1257,886,371,515,34,1,1,549,1258
SaftySadie,1,1257,731,526,205,13,1,1,218,1258
WillWalrus,1,1257,1010,247,763,24,1,0,787,1257
Fonik_Freak,2,1255,969,286,683,27,2,2,710,1257
Browan,1,1255,1082,173,909,8,0,1,917,1256
JewBear3,1,1255,962,293,669,39,0,1,708,1256
laterus77,1,1255,869,386,483,22,1,1,505,1256
musical_hog,1,1255,870,385,485,10,1,1,495,1256
mcmark86,1,1255,827,428,399,20,1,1,419,1256
wtfbenlol,1,1256,793,463,330,32,1,0,362,1256
jopool,1,1255,957,298,659,24,1,0,683,1255
LoueyGG,2,1253,854,399,455,28,2,2,483,1255
TuneRaider,1,1254,718,536,182,14,1,1,196,1255
rebirthandvomit,1,1253,991,262,729,32,1,0,761,1253
imanslayer,2,1251,946,305,641,31,2,2,672,1253
Ghot,1,1252,869,383,486,72,1,1,558,1253
tuttomuscoli90,1,1252,842,410,432,22,1,1,454,1253
NOMADE55,2,1251,807,444,363,76,2,2,439,1253
mutantsarereal,1,1252,763,489,274,27,1,1,301,1253
Herion,1,1252,968,284,684,11,1,0,695,1252
hat0791,1,1250,884,366,518,173,1,1,691,1251
DangerZone25,3,1247,1011,236,775,29,3,3,804,1250
oooll,1,1249,846,403,443,28,1,1,471,1250
mindophobic,1,1249,920,329,591,37,1,0,628,1249
kmk1018,1,1248,785,463,322,15,1,1,337,1249
dihydroxyacetone,1,1248,1039,209,830,19,1,0,849,1248
Chemoot,2,1246,899,347,552,25,2,2,577,1248
doyouliekmudkipz,1,1247,814,433,381,104,1,1,485,1248
hellohipster,1,1247,878,369,509,86,1,0,595,1247
Tigger_Tickler,1,1247,885,362,523,43,1,0,566,1247
MrMango786,1,1247,805,442,363,67,1,0,430,1247
BOSINATOR,4,1242,875,367,508,39,4,4,547,1246
Jobeanie123,5,1241,806,435,371,22,5,5,393,1246
Loindsey,1,1245,960,285,675,15,1,0,690,1245
briarbeauty,10,1236,927,309,618,25,9,9,643,1245
DrBerry,5,1240,789,451,338,86,3,5,424,1245
Ravagingturkey,1,1244,804,440,364,19,1,1,383,1245
Under_Cover,1,1245,785,460,325,31,1,0,356,1245
maddog4526,1,1245,755,490,265,34,1,0,299,1245
twilight_eyes,1,1243,982,261,721,24,1,1,745,1244
matty__the_great,2,1242,935,307,628,50,1,2,678,1244
asherahh,1,1243,705,538,167,154,1,1,321,1244
extants,1,1242,828,414,414,37,1,1,451,1243
oldseacaptain,1,1243,774,469,305,27,1,0,332,1243
kharanos,1,1241,915,326,589,259,1,1,848,1242
Batsgeit,1,1241,901,340,561,18,1,1,579,1242
MyHandIsNumb,1,1241,872,369,503,32,1,1,535,1242
fefejones,1,1241,774,467,307,94,0,1,401,1242
Dovakhim,2,1239,965,274,691,77,2,2,768,1241
dlishanskiy,3,1238,862,376,486,20,3,3,506,1241
petuur,1,1239,888,351,537,47,1,1,584,1240
elsporko,2,1239,861,378,483,42,2,1,525,1240
halakon,1,1239,820,419,401,38,1,1,439,1240
WillThePickle,3,1237,1085,152,933,67,3,2,1000,1239
weinerdudley,1,1238,964,274,690,37,1,1,727,1239
StellaBadger,2,1237,943,294,649,17,2,2,666,1239
imaximus101,2,1237,847,390,457,176,2,2,633,1239
Haruko_MISK,1,1238,907,331,576,16,1,1,592,1239
Reedehr5,1,1238,904,334,570,20,1,1,590,1239
Trace41,1,1237,946,291,655,27,1,1,682,1238
Bogamann,1,1236,910,326,584,9,1,1,593,1237
j00lian,2,1235,870,365,505,25,2,2,530,1237
buggyakaevan,1,1236,771,465,306,36,1,1,342,1237
Zealex,3,1234,992,242,750,49,3,2,799,1236
oHenry12,1,1235,960,275,685,32,1,1,717,1236
_SquirtsMacIntosh,5,1234,865,369,496,60,5,2,556,1236
uncoolmike00,1,1234,1002,232,770,41,1,1,811,1235
SamTheManWithThePlan,4,1232,958,274,684,67,4,3,751,1235
Kratos119,1,1234,915,319,596,42,1,1,638,1235
gravesville,2,1233,809,424,385,122,0,2,507,1235
AustinIsTheMann,7,1231,867,364,503,29,7,3,532,1234
Miguek,1,1233,701,532,169,28,1,1,197,1234
NeoxGG,1,1234,663,571,92,22,1,0,114,1234
KramerZumach,1,1232,875,357,518,31,1,1,549,1233
vfr,1,1232,689,543,146,51,1,1,197,1233
Bottenbig,1,1232,955,277,678,41,1,0,719,1232
Grannyfister,3,1230,793,437,356,109,1,2,465,1232
Sim000nn,3,1230,804,426,378,23,3,2,401,1232
ashhead75,1,1231,808,423,385,16,1,1,401,1232
JacobThePianist,2,1230,770,460,310,28,2,2,338,1232
lynzee,1,1231,728,503,225,26,1,1,251,1232
brosiusra,1,1231,864,367,497,103,1,0,600,1231
aleksandr_X,1,1230,866,364,502,59,1,1,561,1231
jglavin823,3,1229,846,383,463,60,3,2,523,1231
pedrote,2,1229,745,484,261,87,2,2,348,1231
chirgalfrog,1,1229,846,383,463,31,1,1,494,1230
Joshisacowboy,2,1228,830,398,432,29,2,2,461,1230
Halojatahoo,6,1226,767,459,308,108,6,4,416,1230
jofosho,1,1229,789,440,349,14,1,1,363,1230
JoeBookAir,5,1225,961,264,697,18,4,4,715,1229
ExCerealKiller,1,1228,740,488,252,303,1,1,555,1229
alv1432,3,1225,933,292,641,35,3,3,676,1228
jreils28,1,1228,831,397,434,221,1,0,655,1228
WatersofNazareth,2,1226,871,355,516,41,2,1,557,1227
Voidsong23,1,1225,810,415,395,21,1,1,416,1226
CosmicBoogie,1,1225,800,425,375,23,1,1,398,1226
Soaplicker,1,1225,709,516,193,19,1,1,212,1226
lordvd70,4,1221,948,273,675,17,4,4,692,1225
arbpotatoes,1,1224,895,329,566,11,1,1,577,1225
bromination,1,1224,862,362,500,15,1,1,515,1225
theroadlesstraveled,1,1224,730,494,236,27,1,1,263,1225
eldonzalez,1,1225,681,544,137,40,1,0,177,1225
NhcNymo,1,1223,1005,218,787,36,1,1,823,1224
RebekahRave,1,1222,916,306,610,77,0,1,687,1223
Grimsonite,1,1222,795,427,368,29,1,1,397,1223
grabmyeye,1,1222,785,437,348,12,1,1,360,1223
lejudge,1,1222,705,517,188,17,1,1,205,1223
Glaphnoo,2,1221,984,237,747,36,2,1,783,1222
apriloneil,1,1222,967,255,712,48,1,0,760,1222
SheepKing,1,1221,915,306,609,15,1,1,624,1222
5D5hot,1,1222,769,453,316,57,1,0,373,1222
TheNickSnowShow,1,1221,709,512,197,32,1,1,229,1222
andiecandie,1,1220,949,271,678,47,0,1,725,1221
SashayShante,1,1220,904,316,588,66,1,1,654,1221
HerpDerpPurpleFlurp,2,1220,790,430,360,11,2,1,371,1221
robotbeard,1,1219,962,257,705,22,1,1,727,1220
Ruderich,1,1219,724,495,229,123,1,1,352,1220
ggpurehope,4,1217,941,276,665,58,4,2,723,1219
joscbear,1,1219,752,467,285,80,1,0,365,1219
catgirlmeow,1,1218,775,443,332,12,1,1,344,1219
andre821,5,1213,736,477,259,43,5,5,302,1218
Dudesan,2,1215,965,250,715,87,2,2,802,1217
Elisthomp,2,1215,972,243,729,45,2,2,774,1217
TriplH,2,1215,760,455,305,14,2,2,319,1217
reegz,1,1215,891,324,567,14,1,1,581,1216
sushi_lover,5,1214,807,407,400,53,5,2,453,1216
broseidonn,1,1215,791,424,367,25,1,0,392,1215
Reddit-Hivemind,1,1214,760,454,306,46,1,1,352,1215
akoblin927,2,1213,846,367,479,15,2,1,494,1214
Snoopy7393,2,1211,716,495,221,30,2,2,251,1213
jillillac,2,1210,899,311,588,33,2,2,621,1212
gunnerheadboy,3,1208,965,243,722,39,3,3,761,1211
Antraxas,1,1210,904,306,598,64,1,1,662,1211
cooljj_20,1,1210,858,352,506,55,1,1,561,1211
ChristianCMcKay,1,1210,853,357,496,17,1,1,513,1211
fahqredd,1,1210,841,369,472,24,1,1,496,1211
AGlegg,2,1209,803,406,397,24,1,2,421,1211
IveGotBallsOfSteel,1,1209,946,263,683,24,1,1,707,1210
mtiernan,1,1209,820,389,431,13,1,1,444,1210
marthameh,1,1209,810,399,411,14,1,1,425,1210
Shandd,1,1209,708,501,207,28,1,1,235,1210
monstor344,1,1209,637,572,65,42,1,1,107,1210
NumberMaphia,1,1209,835,374,461,36,1,0,497,1209
Drfruitloop,1,1208,795,413,382,26,1,1,408,1209
severedfinger,1,1208,691,517,174,20,1,1,194,1209
GOAS,3,1205,827,378,449,113,3,3,562,1208
MastaPtrus,1,1207,857,350,507,21,0,1,528,1208
matt04,2,1206,771,435,336,48,1,2,384,1208
theskabus,1,1207,738,469,269,56,1,1,325,1208
Centaurdragon97,1,1207,693,514,179,12,1,1,191,1208
-indagator-,3,1204,1005,199,806,25,1,3,831,1207
wuzhanninbruh,1,1207,825,382,443,9,1,0,452,1207
California2Barcelona,1,1206,705,501,204,104,1,1,308,1207
gryphonlord,1,1205,920,285,635,41,0,1,676,1206
lenarico,1,1205,886,319,567,22,1,1,589,1206
rumoko,2,1205,818,387,431,37,1,1,468,1206
Gierkej,2,1204,811,393,418,17,2,2,435,1206
nosefart,1,1205,742,463,279,15,1,1,294,1206
JonHanSolo,1,1204,889,315,574,20,1,1,594,1205
needdis,3,1202,867,335,532,17,2,3,549,1205
4rsha95,1,1204,769,435,334,12,1,1,346,1205
foulout55,1,1203,841,362,479,119,1,1,598,1204
vrakodar,5,1199,793,406,387,54,3,5,441,1204
Abyssalstudios,1,1203,798,405,393,25,1,1,418,1204
bizarrodave,1,1203,1018,185,833,36,1,0,869,1203
grave3far,1,1202,902,300,602,26,0,1,628,1203
brotkasten44,1,1201,987,214,773,52,0,1,825,1202
10erik01,2,1200,984,216,768,19,1,2,787,1202
waitwuhh,1,1201,791,410,381,56,1,1,437,1202
ImPrettyGay,1,1201,809,392,417,17,1,1,434,1202
angel_lust,5,1197,1014,183,831,51,2,4,882,1201
Blally,2,1200,972,228,744,62,2,1,806,1201
ALPHAMENSCH,2,1199,810,389,421,33,2,2,454,1201
MrGreenBeanz,1,1199,903,296,607,12,1,1,619,1200
lfabian,1,1199,827,372,455,25,1,1,480,1200
beanzerz,2,1199,809,390,419,31,2,1,450,1200
sarahcasarah,1,1199,810,389,421,16,1,1,437,1200
beansarnett,1,1199,763,436,327,71,1,1,398,1200
uabbweb,1,1199,977,222,755,55,1,0,810,1199
walenga,2,1196,719,477,242,25,2,2,267,1198
Mxrgan,1,1196,968,228,740,7,1,1,747,1197
galdor557,1,1196,838,358,480,185,1,1,665,1197
PeterAspen,3,1197,885,312,573,18,1,0,591,1197
Iheartdragonsmore,2,1195,878,317,561,21,1,2,582,1197
Adam4nt,1,1195,882,313,569,14,1,1,583,1196
InfiniteMindLoop,1,1195,860,335,525,24,1,1,549,1196
trigaderzad2606,1,1195,774,421,353,39,1,1,392,1196
m00sician,6,1189,1090,99,991,38,6,6,1029,1195
lllllllillllllllllll,5,1190,999,191,808,64,4,5,872,1195
Jeromeski,1,1194,833,361,472,19,1,1,491,1195
drbojangles,3,1193,798,395,403,19,3,2,422,1195
DroneMan11,6,1188,815,373,442,55,6,6,497,1194
mortalized,1,1193,748,445,303,31,1,1,334,1194
FSUfan35,1,1193,730,463,267,15,1,1,282,1194
nicholaskeller,1,1192,833,359,474,105,1,1,579,1193
bajablazer85,2,1191,840,351,489,17,2,2,506,1193
humantaco,2,1191,723,468,255,39,2,2,294,1193
EditShitBeaten,1,1192,987,205,782,16,1,0,798,1192
anxhelino1234,1,1191,972,219,753,16,1,1,769,1192
nfalcon,5,1188,932,256,676,57,5,4,733,1192
there_is_no_try,2,1191,803,388,415,28,2,1,443,1192
ktm_rider,2,1189,846,343,503,89,2,2,592,1191
stylezDWhite,1,1190,857,333,524,22,1,1,546,1191
Halfbloodlycan,1,1190,759,431,328,64,1,1,392,1191
NamelessWizard,1,1189,911,278,633,299,1,1,932,1190
BBQMeatTrain,1,1189,931,258,673,31,1,1,704,1190
Army0fMe,1,1190,889,301,588,23,1,0,611,1190
Hinek,2,1188,827,361,466,47,2,2,513,1190
diewhitegirls,8,1182,801,381,420,32,8,8,452,1190
Hudsonpilot,1,1189,761,428,333,29,1,1,362,1190
justfutt,2,1189,983,206,777,58,0,0,835,1189
LadyNerd,1,1188,823,365,458,15,1,1,473,1189
imjp,1,1188,752,436,316,97,1,1,413,1189
toastiesguy,1,1189,742,447,295,28,1,0,323,1189
ev_man,1,1187,878,309,569,16,1,1,585,1188
flyingbacon,5,1183,789,394,395,45,3,5,440,1188
shalala13,1,1187,767,420,347,27,1,1,374,1188
J_the_Man,1,1186,981,205,776,36,0,1,812,1187
AceGravyMaker,4,1183,902,281,621,20,3,4,641,1187
eiadcomics,1,1187,891,296,595,25,1,0,620,1187
thomastullis,1,1186,706,480,226,36,1,1,262,1187
PijiX,3,1183,850,333,517,36,2,3,553,1186
ABlindAssassin,1,1186,819,367,452,16,1,0,468,1186
Sam1r,1,1185,774,411,363,23,1,1,386,1186
ShutDownSchinDig,3,1182,1000,182,818,20,2,3,838,1185
DownWithTheSickness,1,1184,862,322,540,16,1,1,556,1185
ColeUnderPressure,1,1183,962,221,741,61,1,1,802,1184
RedditTreasures,3,1179,894,285,609,27,2,3,636,1182
jadler1,1,1181,818,363,455,143,1,1,598,1182
negro_gentleman,3,1178,894,284,610,18,2,3,628,1181
Lydundiah,1,1180,699,481,218,21,1,1,239,1181
doomtaco,1,1180,684,496,188,27,1,1,215,1181
gotmilt,3,1179,837,342,495,262,1,1,757,1180
ginggs,1,1179,809,370,439,23,1,1,462,1180
JGWentworth-,1,1180,795,385,410,18,1,0,428,1180
Ah-Cool,2,1179,752,427,325,11,2,1,336,1180
draktor,1,1179,689,490,199,27,1,1,226,1180
Grind0r,2,1178,882,296,586,34,2,1,620,1179
SinisterKid,4,1175,809,366,443,60,4,4,503,1179
Piker10,1,1178,786,392,394,20,1,1,414,1179
Secrete_Persona,2,1179,749,430,319,72,2,0,391,1179
220V-50Hz3WRoHS,1,1179,764,415,349,32,1,0,381,1179
molotovsoup,1,1178,667,511,156,56,1,1,212,1179
oversearainaxon,2,1177,942,235,707,14,2,1,721,1178
Hayday12,3,1178,791,387,404,61,3,0,465,1178
nineteeneleven,2,1175,957,218,739,33,2,2,772,1177
skibble,1,1176,903,273,630,79,1,1,709,1177
CokeHeadRob,1,1177,907,270,637,54,1,0,691,1177
Bisquick,1,1176,876,300,576,17,0,1,593,1177
Chity,1,1176,788,388,400,35,1,1,435,1177
ismarc,1,1176,704,472,232,49,1,1,281,1177
ImpressionVER615,5,1172,890,282,608,27,5,4,635,1176
freewibblebon,14,1165,870,295,575,49,10,11,624,1176
ArtemisFei,2,1175,831,344,487,51,2,1,538,1176
cottonmug,1,1174,908,266,642,73,1,0,715,1174
AllanX,1,1173,866,307,559,10,1,1,569,1174
Ianuam,1,1173,826,347,479,9,1,1,488,1174
purepwr410,2,1172,780,392,388,25,2,2,413,1174
KarmaWalker,1,1173,770,403,367,26,1,1,393,1174
Farthix,1,1172,890,282,608,15,1,1,623,1173
DoctorGun,2,1171,840,331,509,18,2,2,527,1173
moboization_28,2,1171,808,363,445,35,2,2,480,1173
Tuxeedo,2,1171,855,316,539,387,2,1,926,1172
vofawk,2,1170,940,230,710,34,2,2,744,1172
vegetate,2,1170,896,274,622,23,2,2,645,1172
BenjaminBreeg,1,1171,702,469,233,82,1,1,315,1172
v7o,3,1168,823,345,478,53,3,3,531,1171
loveheals,2,1171,707,464,243,66,2,0,309,1171
traitorjoe7,1,1170,868,302,566,45,1,0,611,1170
RedbullThief,2,1168,841,327,514,19,1,2,533,1170
jonnylongshlong,2,1168,822,346,476,31,2,2,507,1170
EatingTheRoad,1,1170,758,412,346,115,1,0,461,1170
jeremyfrankly,1,1169,684,485,199,34,1,1,233,1170
jdbee,1,1168,959,209,750,46,0,1,796,1169
censoredmonkey,1,1168,932,236,696,29,1,1,725,1169
Furtherthanfurther,1,1168,819,349,470,46,1,1,516,1169
_dLo,1,1168,823,345,478,12,1,1,490,1169
Albatrossavior,1,1168,731,437,294,26,1,1,320,1169
Sarax11,1,1169,709,460,249,5,1,0,254,1169
joshuaboz,1,1168,825,343,482,41,1,0,523,1168
one-to-many,1,1167,822,345,477,32,1,1,509,1168
CrypticDrumLord,1,1167,770,397,373,17,1,1,390,1168
diddydiv123,2,1166,717,449,268,119,2,2,387,1168
NoReallyruserious,1,1166,908,258,650,9,1,1,659,1167
morgatron151,1,1167,749,418,331,185,1,0,516,1167
stuba2,1,1166,822,344,478,22,1,1,500,1167
tummy_grumblinz,1,1166,733,433,300,13,1,1,313,1167
TheMagicLlama,2,1164,978,186,792,59,2,2,851,1166
btrav528,4,1162,878,284,594,27,4,4,621,1166
P_Duggy,2,1164,813,351,462,39,2,2,501,1166
rader32,1,1165,657,508,149,14,1,1,163,1166
Dreally,1,1164,906,258,648,164,1,1,812,1165
JKR93,7,1158,948,210,738,43,6,7,781,1165
I_Am_Chris625,2,1163,824,339,485,25,2,2,510,1165
UrssrUUrsSrU,1,1164,730,434,296,64,1,1,360,1165
LegendsNeverDie,1,1165,722,443,279,12,1,0,291,1165
RavenEyes91,1,1163,973,190,783,12,1,1,795,1164
Ziaki,1,1163,763,400,363,23,1,1,386,1164
donjuma,2,1161,830,331,499,40,2,2,539,1163
HerpDeDerpy,1,1162,776,386,390,43,1,1,433,1163
someones_dog,5,1159,651,508,143,33,5,4,176,1163
stevieraykatz,1,1161,884,277,607,151,1,1,758,1162
Ahanaf,3,1159,922,237,685,47,3,3,732,1162
nixaPiksa,2,1162,714,448,266,60,2,0,326,1162
thebeefytaco,4,1159,712,447,265,34,4,3,299,1162
rsBrian289,1,1160,891,269,622,14,1,1,636,1161
Ghodlynezz,1,1161,815,346,469,18,1,0,487,1161
omgabunny,3,1158,767,391,376,54,3,3,430,1161
Geoffbot,3,1158,669,489,180,33,3,3,213,1161
loonylucy363,1,1159,873,286,587,21,1,1,608,1160
lyric22,1,1159,740,419,321,12,1,1,333,1160
lukeco,1,1159,660,499,161,93,1,1,254,1160
MapTheSoul,1,1159,909,250,659,98,1,0,757,1159
JackRig95,2,1157,835,322,513,34,1,2,547,1159
DougFane,1,1158,786,372,414,29,1,1,443,1159
logahlok,1,1158,770,388,382,22,1,1,404,1159
Timmo885,1,1157,785,372,413,102,1,1,515,1158
DerpaNerb,1,1156,862,294,568,316,1,1,884,1157
Miropoi,4,1153,827,326,501,39,2,4,540,1157
AylaRolo,2,1156,728,428,300,29,2,1,329,1157
Venom0us,1,1156,1018,138,880,196,1,0,1076,1156
redjohnsayshi,1,1155,856,299,557,21,1,1,578,1156
Fr4t,2,1155,743,412,331,126,2,1,457,1156
Big_Stick,1,1155,783,372,411,16,1,1,427,1156
AnThonYMojO,6,1152,715,437,278,74,4,4,352,1156
LamiaM,1,1155,730,425,305,12,1,1,317,1156
wildefan,3,1153,1025,128,897,47,3,2,944,1155
OmanRunYo,1,1154,841,313,528,103,1,1,631,1155
micky260381,1,1154,854,300,554,21,1,1,575,1155
klossamera,2,1153,700,453,247,51,2,2,298,1155
Errday_Im_Hylian,1,1153,887,266,621,18,1,1,639,1154
donut211,1,1153,814,339,475,20,1,1,495,1154
incorrectlycorrects2,1,1153,779,374,405,45,1,1,450,1154
ARedFez,1,1153,699,454,245,67,1,1,312,1154
MarchtoRuin,3,1150,898,252,646,168,1,3,814,1153
Bekaloha,1,1152,673,479,194,14,1,1,208,1153
crunchyburger,2,1150,809,341,468,12,2,2,480,1152
bascule,1,1151,745,406,339,39,1,1,378,1152
NeverANovelty,1,1151,711,440,271,41,0,1,312,1152
qwertyertyuiop,2,1149,916,233,683,40,2,2,723,1151
Xorama,3,1148,796,352,444,69,3,3,513,1151
lewkiss,1,1150,764,386,378,25,1,1,403,1151
sallystitch,1,1150,754,396,358,10,1,1,368,1151
chaseiam,1,1149,843,306,537,69,1,1,606,1150
r-w-x,1,1150,802,348,454,143,1,0,597,1150
Crazy_Pillow,7,1142,910,232,678,24,4,7,702,1149
Gabe_20,1,1147,941,206,735,21,1,1,756,1148
screaming-rabbit,2,1146,806,340,466,21,2,2,487,1148
infinitelytwisted,1,1147,767,380,387,48,1,1,435,1148
creamer_time,3,1146,697,449,248,15,3,2,263,1148
mrdoink20,5,1142,884,258,626,40,4,5,666,1147
theprime,3,1146,851,295,556,16,3,1,572,1147
alexthelegend,1,1146,743,403,340,46,1,1,386,1147
mamjjasond,1,1146,953,193,760,10,0,0,770,1146
MitchB33,3,1143,900,243,657,27,2,3,684,1146
Westlund,3,1143,844,299,545,23,3,3,568,1146
FightingCats,1,1145,810,335,475,34,1,1,509,1146
osamabinnavi,8,1139,770,369,401,84,8,7,485,1146
KingHipposPenis,1,1146,748,398,350,16,1,0,366,1146
bbmgnt77,2,1143,731,412,319,48,2,2,367,1145
KyleBiem,1,1143,892,251,641,47,1,1,688,1144
alejomsc,1,1143,939,204,735,18,1,0,753,1143
Halloween_Jack,1,1142,874,268,606,37,1,1,643,1143
CowboyNinjaD,1,1142,787,355,432,15,1,1,447,1143
respect-it,2,1140,891,249,642,11,2,2,653,1142
barnicleman,1,1141,739,402,337,13,1,1,350,1142
Jagu4R,1,1141,701,440,261,30,1,1,291,1142
draqza,1,1141,852,289,563,28,1,0,591,1141
FuckingABear,1,1140,784,356,428,14,1,1,442,1141
tarballs_are_good,2,1141,709,432,277,42,2,0,319,1141
ZombiePanda83,2,1140,706,434,272,42,2,1,314,1141
oh_hidoggy,1,1139,815,324,491,20,1,1,511,1140
AlexV135,4,1136,797,339,458,42,3,4,500,1140
ebarnes88901,2,1138,807,331,476,19,2,2,495,1140
QAOP_Space,1,1138,799,339,460,7,1,1,467,1139
SamuraiZero,1,1138,776,362,414,40,1,1,454,1139
terabytepirate,1,1138,775,363,412,9,1,1,421,1139
THUMB5UP,2,1137,710,427,283,53,1,2,336,1139
forsaken318,4,1134,842,292,550,56,3,4,606,1138
mentholblack,1,1137,636,501,135,37,1,1,172,1138
tectactoe,2,1136,880,256,624,100,2,1,724,1137
fmgugle4,1,1136,811,325,486,25,1,1,511,1137
enthos87,2,1135,784,351,433,19,2,2,452,1137
tbc4,1,1135,890,245,645,27,1,1,672,1136
rosillyx,1,1135,847,288,559,14,1,1,573,1136
renderrobot,1,1135,821,314,507,82,1,0,589,1135
Ten_Trick_Pony,1,1134,835,299,536,14,1,1,550,1135
Typhzorz,2,1135,818,317,501,34,2,0,535,1135
kaitlinmarie23,1,1134,762,372,390,51,1,1,441,1135
bagada,1,1134,719,415,304,27,1,1,331,1135
Grayson1323,3,1132,695,437,258,47,3,3,305,1135
magenta_placenta,1,1133,959,174,785,37,1,1,822,1134
lemonfreedom,1,1133,813,320,493,200,1,1,693,1134
enterstip,9,1125,837,288,549,80,9,9,629,1134
Homsar98,3,1132,829,303,526,48,2,2,574,1134
boaka,1,1133,751,382,369,57,1,1,426,1134
itsliketwaaah,1,1132,783,349,434,72,1,1,506,1133
Aruza,1,1132,771,361,410,32,1,1,442,1133
Dtmrm2,1,1132,970,162,808,68,1,0,876,1132
HiginsB15,7,1126,869,257,612,29,4,6,641,1132
finalDraft_v012,1,1131,857,274,583,23,1,1,606,1132
CantankerousMind,1,1131,829,302,527,41,1,1,568,1132
c6balla,3,1129,826,303,523,32,2,3,555,1132
Ragefacesoflucy,4,1129,817,312,505,40,3,3,545,1132
TheShiz123,2,1130,810,320,490,21,2,2,511,1132
H4CK3R314,2,1129,869,260,609,19,2,1,628,1130
aNt-e,8,1123,807,316,491,84,7,7,575,1130
larry_ramsey,2,1128,832,296,536,26,2,2,562,1130
Ekorn,2,1128,705,423,282,22,2,2,304,1130
Michaelas10,1,1130,673,457,216,72,1,0,288,1130
moc_tidder,1,1130,661,469,192,62,1,0,254,1130
Cemitese,5,1125,875,250,625,35,2,4,660,1129
killer_ciroc,2,1128,837,291,546,38,1,1,584,1129
lucidlemming,1,1127,946,181,765,63,1,1,828,1128
japuteh13,1,1127,902,225,677,30,1,1,707,1128
NonPermissive,1,1128,711,417,294,13,1,0,307,1128
manderso,2,1125,912,213,699,27,1,2,726,1127
abigfatphoney,3,1124,777,347,430,129,3,3,559,1127
Reddog81,2,1125,771,354,417,24,2,2,441,1127
ex_ample,1,1127,742,385,357,24,1,0,381,1127
lizlikeslemons,1,1126,610,516,94,41,1,1,135,1127
Calethal,2,1124,865,259,606,14,0,2,620,1126
KatiKat123,1,1125,741,384,357,71,1,1,428,1126
h3ll0vicky,1,1125,894,231,663,18,1,0,681,1125
thescandall,1,1124,860,264,596,37,1,1,633,1125
JakeLunn,1,1124,850,274,576,37,1,1,613,1125
mmajewski,1,1125,748,377,371,46,1,0,417,1125
m4dlik4bull,1,1123,759,364,395,46,1,1,441,1124
finaleclipse,1,1123,746,377,369,27,1,1,396,1124
zarbon001,1,1124,669,455,214,12,1,0,226,1124
caitlinreid,3,1120,1014,106,908,37,3,3,945,1123
AznSushi,2,1122,842,280,562,10,2,1,572,1123
digitalbastard,1,1122,740,382,358,18,1,1,376,1123
TheSuburbs,2,1123,723,400,323,37,2,0,360,1123
ezoj123,1,1122,706,416,290,38,1,1,328,1123
mattsatwork,1,1122,665,457,208,75,1,1,283,1123
paranoidbillionaire,1,1122,737,385,352,31,1,0,383,1122
areasonforliving,1,1120,912,208,704,49,1,1,753,1121
Yvugvygichuv,2,1120,837,283,554,25,2,1,579,1121
Redheadshadz,2,1120,834,286,548,13,2,1,561,1121
Sumpm,2,1120,712,408,304,37,2,1,341,1121
frojoe,1,1119,825,294,531,96,1,1,627,1120
SPIDERMONKEY212,3,1118,695,423,272,39,3,2,311,1120
Edwardfy9,2,1117,918,199,719,37,1,2,756,1119
AUSternum,1,1118,792,326,466,33,1,1,499,1119
forlackofaclevername,3,1116,763,353,410,26,2,3,436,1119
Pezking343,1,1118,737,381,356,74,1,1,430,1119
Little_Bo_Jeep,1,1118,680,438,242,75,1,1,317,1119
Jasnps,2,1119,700,419,281,22,2,0,303,1119
moxiedrinker82,1,1117,861,256,605,39,1,1,644,1118
koshercowboy,2,1117,690,427,263,100,2,1,363,1118
WagnerLov3,1,1117,729,388,341,22,1,1,363,1118
Jerryfizzlepop,1,1116,911,205,706,43,1,1,749,1117
cwowtittybang,1,1117,895,222,673,22,1,0,695,1117
freedomman22,1,1116,766,350,416,37,1,1,453,1117
kiwala,1,1117,669,448,221,149,1,0,370,1117
Shadowkuta,1,1115,915,200,715,39,1,1,754,1116
Lovie_Smith,1,1115,894,221,673,15,1,1,688,1116
dsarpa,1,1115,860,255,605,43,1,1,648,1116
Necrocell,1,1116,809,307,502,70,1,0,572,1116
Radeks011,2,1113,698,415,283,53,2,2,336,1115
idlemute,1,1114,691,423,268,59,1,1,327,1115
readerseven,2,1113,664,449,215,15,1,2,230,1115
bigcory69,1,1114,663,451,212,57,1,0,269,1114
treycash,1,1112,810,302,508,24,1,1,532,1113
JCrowley2478,5,1108,766,342,424,28,5,5,452,1113
mmoser,1,1113,768,345,423,24,1,0,447,1113
kelev,2,1111,670,441,229,15,2,2,244,1113
rnpnkwsk,1,1111,908,203,705,25,0,1,730,1112
FriEntlyPhysician,3,1110,869,241,628,8,3,2,636,1112
Shadzta,1,1111,847,264,583,20,1,1,603,1112
Pollywaffle,3,1109,772,337,435,25,1,3,460,1112
leopluradon86,1,1111,632,479,153,28,1,1,181,1112
Goney,1,1110,826,284,542,22,1,1,564,1111
bconcon,1,1110,790,320,470,9,1,1,479,1111
maniachamp,5,1106,814,292,522,58,4,4,580,1110
spiffyteacup3,7,1103,798,305,493,16,6,7,509,1110
JRated,1,1109,627,482,145,182,1,1,327,1110
Viggerous,1,1109,681,428,253,32,1,1,285,1110
Nyght87,1,1108,856,252,604,31,1,1,635,1109
SociallyAwkwardPony,4,1105,847,258,589,22,4,4,611,1109
NinjaPineapples,3,1106,837,269,568,30,0,3,598,1109
nomau,3,1107,819,288,531,35,3,2,566,1109
DudeThatsAGG,2,1107,802,305,497,24,2,2,521,1109
Kritzelkrieger,1,1108,738,370,368,40,1,1,408,1109
superpissed,1,1108,658,450,208,19,1,1,227,1109
TLinchen,1,1107,937,170,767,17,1,1,784,1108
mindifoore,1,1107,861,246,615,9,1,1,624,1108
Vinsanity9,3,1105,822,283,539,23,2,3,562,1108
sarahbear121,1,1107,822,285,537,13,0,1,550,1108
itzamemario,1,1107,791,316,475,24,1,1,499,1108
nikiverse,1,1108,716,392,324,11,1,0,335,1108
DrMopinker,2,1107,661,446,215,24,1,1,239,1108
Lonelobo,1,1107,631,476,155,41,1,1,196,1108
Teknofobe,1,1105,809,296,513,21,1,1,534,1106
Liquidshine,1,1105,783,322,461,13,1,1,474,1106
bL1Nd,3,1104,761,343,418,19,3,2,437,1106
alabasterbrown,1,1104,869,235,634,54,1,1,688,1105
dkmc1721,7,1100,854,246,608,41,4,5,649,1105
Lafluer,1,1105,839,266,573,26,0,0,599,1105
Likeneoiamthe1,2,1103,788,315,473,21,2,2,494,1105
r0bbiedigital,1,1105,695,410,285,31,1,0,316,1105
JoeyHollywood,2,1102,819,283,536,18,2,2,554,1104
Professor226,3,1103,776,327,449,26,3,1,475,1104
rockthelaxwand,1,1103,770,333,437,21,1,1,458,1104
ChicksLoveMe,7,1097,874,223,651,41,1,6,692,1103
Muffinmaster19,1,1103,678,425,253,191,1,0,444,1103
JeezusCries,1,1103,671,432,239,64,1,0,303,1103
slups,1,1101,869,232,637,25,1,1,662,1102
Sketch257,1,1101,835,266,569,62,1,1,631,1102
Veening,1,1101,823,278,545,32,1,1,577,1102
popomcpumpkins,2,1101,648,453,195,38,2,1,233,1102
KevinPike,2,1099,907,192,715,40,2,2,755,1101
Terry5071,1,1100,857,243,614,19,1,1,633,1101
reece1218,3,1099,820,279,541,16,2,2,557,1101
yogurtsurprise,1,1099,846,253,593,11,1,1,604,1100
feedthekitty,1,1099,751,348,403,14,1,1,417,1100
capnthermostat,1,1100,713,387,326,22,1,0,348,1100
ultrakryptonite,1,1099,686,413,273,56,1,1,329,1100
TopHatz,1,1099,668,431,237,25,1,1,262,1100
isthatmybike,1,1097,739,358,381,31,1,1,412,1098
dalogi,1,1098,692,406,286,15,1,0,301,1098
jgrieshop08,1,1097,621,476,145,49,1,1,194,1098
lordkronos,1,1096,830,266,564,26,1,1,590,1097
version13,1,1096,818,278,540,24,1,1,564,1097
CutAndLovingIt,1,1096,763,333,430,82,1,1,512,1097
markieb09,2,1095,736,359,377,90,2,2,467,1097
beernerd,3,1095,716,379,337,31,3,2,368,1097
BestAnalogy,1,1095,858,237,621,59,1,1,680,1096
jenkem93,1,1095,789,306,483,109,1,1,592,1096
AyooGhinoo,1,1095,815,280,535,54,1,1,589,1096
severon,1,1095,895,200,695,305,1,0,1000,1095
kuntomatic9000,2,1094,665,429,236,36,2,1,272,1095
Sublime_illusion,1,1093,781,312,469,28,1,1,497,1094
Gurkaan,1,1093,775,318,457,13,1,1,470,1094
ElMalOjo,1,1093,613,480,133,23,1,1,156,1094
Phat_Neil,3,1090,866,224,642,36,3,3,678,1093
ZenithE,2,1091,754,337,417,48,1,2,465,1093
Kreepozoid,1,1092,727,365,362,39,1,1,401,1093
Mellowde,9,1088,705,383,322,49,7,5,371,1093
radonchong,1,1093,634,459,175,38,1,0,213,1093
Paradox295,2,1090,953,137,816,65,2,2,881,1092
thefirm1990,3,1090,845,245,600,59,1,2,659,1092
BabyT08,2,1090,816,274,542,14,2,2,556,1092
neonyc,6,1089,754,335,419,70,6,3,489,1092
BenjaminButtfranklin,2,1091,755,336,419,19,2,1,438,1092
GrkPranksta69,1,1090,938,152,786,9,1,1,795,1091
sexraptorsays,1,1090,830,260,570,104,1,1,674,1091
Browsing_From_Work,1,1090,791,299,492,62,1,1,554,1091
rurouni17,2,1090,675,415,260,48,2,1,308,1091
xCariio,1,1090,793,297,496,11,1,0,507,1090
missafine,1,1089,733,356,377,32,1,1,409,1090
thehydrastation,1,1090,690,400,290,54,1,0,344,1090
GuidoinaSpeedo,1,1088,883,205,678,79,1,1,757,1089
hentesveis,1,1089,860,229,631,39,1,0,670,1089
ynotasockpuppet,3,1085,845,240,605,19,2,3,624,1088
kjsutter,1,1087,784,303,481,14,1,1,495,1088
Gradually_Senile,1,1087,740,347,393,22,1,1,415,1088
held818,1,1088,692,396,296,18,1,0,314,1088
nutlessquirrel,1,1087,654,433,221,26,1,1,247,1088
StopHammerzeit,1,1086,794,292,502,63,0,1,565,1087
gummohumpers,1,1087,779,308,471,26,1,0,497,1087
fireflyinnocence,2,1086,748,338,410,40,2,1,450,1087
MrFarva,1,1086,680,406,274,21,0,1,295,1087
razzac11,1,1085,716,369,347,28,1,1,375,1086
Vparks,1,1085,844,241,603,11,1,0,614,1085
xScubast3vex,3,1082,781,301,480,68,3,3,548,1085
djweswalz,1,1084,788,296,492,9,1,1,501,1085
omgchrista,1,1084,728,356,372,22,1,1,394,1085
GrandmasterSexay,3,1085,694,391,303,73,3,0,376,1085
PlasmaNuke,1,1085,635,450,185,31,1,0,216,1085
djchilos,4,1080,927,153,774,11,2,4,785,1084
Eddster,1,1083,829,254,575,78,1,1,653,1084
exlike,1,1082,749,333,416,59,1,1,475,1083
igalco14,2,1081,738,343,395,73,2,2,468,1083
archaeo-nemesis,1,1082,700,382,318,71,1,1,389,1083
BioCal,2,1082,647,435,212,118,2,1,330,1083
Camden120,10,1073,653,420,233,34,4,10,267,1083
itsturningred,3,1079,870,209,661,16,1,3,677,1082
tflatau,3,1079,815,264,551,16,3,3,567,1082
dRu1Z,4,1077,801,276,525,73,2,4,598,1081
seconddealer,3,1078,809,269,540,57,2,3,597,1081
fleshgrind,1,1079,794,285,509,14,1,1,523,1080
Googunk,1,1080,773,307,466,42,0,0,508,1080
arabatheist,1,1080,708,372,336,48,1,0,384,1080
seriouslulz,1,1080,654,426,228,51,1,0,279,1080
Demicrex,1,1078,812,266,546,13,1,1,559,1079
lenoob,1,1079,679,400,279,52,1,0,331,1079
Ghongo,1,1078,654,424,230,25,1,1,255,1079
Whiskey_Fred,2,1078,846,232,614,23,1,0,637,1078
pparade,1,1077,673,404,269,80,1,1,349,1078
sgnied,2,1075,877,198,679,10,1,2,689,1077
MrTutti,10,1068,772,296,476,25,6,9,501,1077
IHateMyNickname,3,1074,750,324,426,39,3,3,465,1077
ollaa,1,1077,729,348,381,33,1,0,414,1077
borgqueen2373,1,1077,686,391,295,25,1,0,320,1077
Edible0bject,3,1073,796,277,519,22,3,3,541,1076
coolishsum,1,1075,799,276,523,11,1,1,534,1076
_Stay_Gold,1,1075,781,294,487,43,1,1,530,1076
panda12291,2,1074,760,314,446,53,2,2,499,1076
SkunkyFatBowl,3,1073,773,300,473,17,1,3,490,1076
KING246,1,1076,745,331,414,69,1,0,483,1076
Chelseagrin64,1,1075,761,314,447,17,1,1,464,1076
shniken,1,1076,754,322,432,25,1,0,457,1076
dominic13,1,1075,742,333,409,12,0,1,421,1076
sammwwise,1,1075,716,359,357,9,1,1,366,1076
brookiecookie123,3,1073,896,177,719,28,3,2,747,1075
foodsherpa,1,1074,706,368,338,55,1,1,393,1075
Vendulum,3,1071,852,219,633,10,3,3,643,1074
dormedas,1,1074,799,275,524,24,1,0,548,1074
redmagicwoman,5,1069,780,289,491,34,3,5,525,1074
DubiousBastard,1,1073,785,288,497,8,1,1,505,1074
PerfectCarve,3,1073,755,318,437,12,3,1,449,1074
Moreland,2,1072,733,339,394,31,1,2,425,1074
Pumpkinpopkin,1,1072,861,211,650,18,1,1,668,1073
silentseizures,1,1072,763,309,454,12,1,1,466,1073
SirTokerMcBongsmoker,1,1072,693,379,314,57,1,1,371,1073
SaltyWaffles,1,1071,726,345,381,15,0,1,396,1072
baxter0212,1,1071,668,403,265,11,1,1,276,1072
tstev19,1,1071,626,445,181,21,1,1,202,1072
DO_NOT_EAT,2,1070,911,159,752,58,2,1,810,1071
studder,1,1071,864,207,657,28,1,0,685,1071
Kitttteh,2,1071,645,426,219,34,2,0,253,1071
mandarambong,1,1069,868,201,667,69,0,1,736,1070
LagDragon,1,1069,797,272,525,65,1,1,590,1070
elpuffi,3,1068,771,297,474,35,3,2,509,1070
DrinkDrano,1,1069,724,345,379,36,0,1,415,1070
hai_bai,1,1069,659,410,249,59,1,1,308,1070
Rucuss,1,1069,643,426,217,9,1,1,226,1070
Mr_Fahrenhe1t,1,1069,621,448,173,40,1,1,213,1070
GuidoZ,1,1068,719,349,370,247,1,1,617,1069
jrmoore117,3,1065,815,250,565,25,3,3,590,1068
Coffeepillow,1,1067,799,268,531,19,1,1,550,1068
Painstar,1,1067,746,321,425,30,1,1,455,1068
JabberJauw,3,1065,665,400,265,58,2,3,323,1068
r0bb3d,1,1067,658,409,249,62,1,1,311,1068
withub,1,1067,613,454,159,49,1,1,208,1068
ultilink,1,1066,755,311,444,58,1,1,502,1067
OblitusSumMori,1,1066,673,393,280,23,1,1,303,1067
XzentraediX,1,1065,926,139,787,175,1,1,962,1066
REALLYANNOYING,2,1064,835,229,606,59,2,2,665,1066
ApexVibe541,2,1064,741,323,418,32,2,2,450,1066
prophaniti,1,1065,709,356,353,21,1,1,374,1066
dagodon,3,1063,640,423,217,26,3,3,243,1066
deeperkyo,1,1065,671,394,277,19,1,0,296,1065
DuneM,5,1059,910,149,761,80,5,5,841,1064
PoweredByADD,14,1053,835,218,617,62,4,11,679,1064
Uberguuy,1,1063,775,288,487,98,1,1,585,1064
keeganzero,1,1063,801,262,539,27,1,1,566,1064
spongik,1,1063,790,273,517,11,1,1,528,1064
pauldonatelli,1,1063,787,276,511,15,1,1,526,1064
botrys,1,1063,733,330,403,15,1,1,418,1064
anilsiv,1,1064,718,346,372,9,1,0,381,1064
cdn_madness,1,1064,621,443,178,32,1,0,210,1064
CH31415,1,1061,759,302,457,22,1,1,479,1062
likeneelyohara,2,1062,681,381,300,14,2,0,314,1062
evilmeow,3,1058,840,218,622,40,3,3,662,1061
TheD3cimator,2,1059,807,252,555,61,1,2,616,1061
syphonfilter989,4,1058,813,245,568,46,4,3,614,1061
Charwinger21,1,1060,815,245,570,19,1,1,589,1061
jlafou1,1,1060,819,241,578,9,1,1,587,1061
McPengas,1,1060,801,259,542,24,1,1,566,1061
Juscuz,1,1060,785,275,510,11,1,1,521,1061
Speakin_My_Mind,1,1060,732,328,404,10,1,1,414,1061
Pyehole,1,1060,684,376,308,69,1,1,377,1061
NL_Cereal,3,1057,719,338,381,30,1,3,411,1060
B1GgP3tE,1,1058,867,191,676,79,0,1,755,1059
Dub124,1,1058,809,249,560,174,1,1,734,1059
CR4ZY0WN3R,1,1058,799,259,540,125,1,1,665,1059
Pinknose_98,1,1058,691,367,324,36,1,1,360,1059
liime,1,1057,628,429,199,42,1,1,241,1058
Unt0rten,1,1056,770,286,484,58,1,1,542,1057
AtomicAunald,3,1055,755,300,455,12,1,2,467,1057
WhereAreMyMinds,2,1055,695,360,335,10,2,2,345,1057
mds2493,1,1056,674,382,292,8,1,1,300,1057
DerpLogic,1,1056,599,457,142,22,1,1,164,1057
luked22,1,1055,880,175,705,51,1,1,756,1056
DangerTits,2,1054,752,302,450,50,2,2,500,1056
devinchancexxx,1,1055,855,200,655,9,1,0,664,1055
mojofac,1,1054,703,351,352,28,1,1,380,1055
Julesybells,1,1054,629,425,204,39,1,1,243,1055
doublyu,2,1053,789,264,525,31,1,1,556,1054
winn123,1,1053,699,354,345,14,1,1,359,1054
Muffinstocks,5,1049,673,376,297,49,4,5,346,1054
ztesseract,2,1053,651,402,249,37,2,1,286,1054
jck123456,1,1052,624,428,196,54,1,1,250,1053
Baron_Tartarus,2,1050,846,204,642,62,2,2,704,1052
iMyth,2,1050,696,354,342,68,1,2,410,1052
ThisShitisBannanas,2,1049,816,233,583,40,2,2,623,1051
MrFishpaw,1,1050,820,230,590,23,0,1,613,1051
ekzactamoondo,1,1050,772,278,494,19,1,1,513,1051
DrNoobSauce,2,1049,725,324,401,15,2,2,416,1051
this1neguy,1,1050,661,389,272,21,1,1,293,1051
panicjames,1,1050,625,425,200,41,1,1,241,1051
buoybuoy,3,1047,873,174,699,33,3,3,732,1050
ChevalierNoiRJH,1,1049,784,265,519,16,1,1,535,1050
norwegianatheist,1,1049,760,289,471,37,1,1,508,1050
paula36,1,1049,752,297,455,18,1,1,473,1050
bunnyhug,1,1049,669,380,289,46,1,1,335,1050
swever,1,1049,933,116,817,144,1,0,961,1049
twitmer,1,1049,914,135,779,64,1,0,843,1049
Rulnos,6,1043,817,226,591,11,2,6,602,1049
WalrusWalrus,2,1048,782,266,516,59,1,1,575,1049
Rgr_Dgr,1,1048,614,434,180,12,1,1,192,1049
coldonmartin,3,1045,890,155,735,13,1,3,748,1048
addc182,1,1047,829,218,611,69,1,1,680,1048
squishyhomie,2,1046,715,331,384,25,2,2,409,1048
st3venb,1,1046,817,229,588,44,1,1,632,1047
dluksa,2,1045,736,309,427,36,2,2,463,1047
dtkb29,1,1047,600,447,153,27,1,0,180,1047
Primio,1,1045,825,220,605,4,1,1,609,1046
thexnotoriousxlmg,1,1045,652,393,259,29,1,1,288,1046
Herramenn,1,1045,631,414,217,31,1,1,248,1046
Ravn000,1,1044,784,260,524,28,1,1,552,1045
Stenzy,4,1041,698,343,355,139,4,4,494,1045
Evacuroppptio,2,1044,696,348,348,106,2,1,454,1045
dcramps,1,1044,845,199,646,31,1,0,677,1044
JustSomeEngGuy,1,1043,807,236,571,28,1,1,599,1044
dre8,1,1043,726,317,409,53,0,1,462,1044
CommanderWhatNow,1,1044,623,421,202,171,1,0,373,1044
CommanderAlexander,4,1040,662,378,284,36,4,4,320,1044
EvilDave219,1,1044,619,425,194,99,1,0,293,1044
rebillings,1,1043,612,431,181,46,1,1,227,1044
oh_shit_a_narwhal,1,1042,830,212,618,13,1,1,631,1043
dalbert720,2,1042,792,250,542,19,2,1,561,1043
BigBun,3,1040,734,306,428,63,1,3,491,1043
JabbawookiezDaBoss,2,1041,754,287,467,14,0,2,481,1043
whyhellothereray,4,1039,743,296,447,28,3,4,475,1043
wasteofcarbon,1,1042,748,294,454,18,1,1,472,1043
this1,1,1042,739,303,436,29,1,1,465,1043
samvin,1,1042,728,314,414,12,1,1,426,1043
firevice,1,1041,758,283,475,21,1,1,496,1042
kehrk,6,1037,717,320,397,97,6,5,494,1042
retshalgo,2,1040,642,398,244,46,2,1,290,1041
meghanmcmc,1,1041,645,396,249,34,1,0,283,1041
chili_cheese_dog,4,1036,859,177,682,20,1,4,702,1040
TheOriginalDeltaG,3,1037,811,226,585,13,1,3,598,1040
atooraya,1,1039,744,295,449,11,1,1,460,1040
herefishyfishyfishy,1,1039,719,320,399,33,1,1,432,1040
blunderchief,1,1039,685,354,331,20,1,1,351,1040
Philokalia,1,1038,870,168,702,36,1,1,738,1039
betterkiss1,7,1034,861,173,688,25,6,5,713,1039
doubledklondike,1,1039,650,389,261,208,1,0,469,1039
Logarn,2,1037,721,316,405,19,2,2,424,1039
holdir,1,1038,702,336,366,26,1,1,392,1039
elb4589,1,1038,696,342,354,18,1,1,372,1039
panzerschrek,1,1038,685,353,332,21,1,1,353,1039
oxgon,7,1033,652,381,271,30,7,6,301,1039
BooooooooooM,1,1038,620,418,202,16,1,1,218,1039
redherpbluederp,2,1038,611,427,184,32,2,1,216,1039
VaccusMonastica,1,1037,825,212,613,94,1,1,707,1038
handyman-dan,1,1037,696,341,355,32,1,1,387,1038
awalkingabortion,1,1037,638,399,239,39,1,1,278,1038
dasvenson,1,1037,817,220,597,52,1,0,649,1037
evilpancake123,1,1037,778,259,519,58,1,0,577,1037
likethatwhenigothere,2,1035,755,280,475,19,2,2,494,1037
wil,2,1035,665,370,295,27,2,2,322,1037
RedSquaree,1,1036,665,371,294,23,1,1,317,1037
I_eat_batteries,2,1035,650,385,265,19,2,2,284,1037
Natv,8,1030,880,150,730,46,6,6,776,1036
ConfutatisMaledictis,2,1036,626,410,216,20,2,0,236,1036
shakensparco,1,1034,821,213,608,12,0,1,620,1035
WhyPeepa,13,1028,768,260,508,43,2,7,551,1035
casper026,1,1034,719,315,404,15,1,1,419,1035
stevenjewell4216,2,1034,669,365,304,43,2,1,347,1035
denizs,4,1032,632,400,232,83,3,3,315,1035
flesmih,2,1032,825,207,618,19,2,2,637,1034
themegchan,1,1033,785,248,537,47,1,1,584,1034
knightmare07,2,1032,666,366,300,26,2,2,326,1034
argoss,1,1032,734,298,436,9,1,1,445,1033
darkstar_44,1,1031,782,249,533,22,1,1,555,1032
poopinyourpants,1,1031,709,322,387,33,1,1,420,1032
righteo,1,1031,658,373,285,8,1,1,293,1032
hinduone,1,1030,904,126,778,47,1,1,825,1031
Gavalar,1,1030,732,298,434,119,1,1,553,1031
Calamari213,1,1030,686,344,342,66,1,1,408,1031
Ddeven08,1,1030,673,357,316,21,1,1,337,1031
Mr_Pinata,1,1029,800,229,571,10,1,1,581,1030
Syncopia,1,1030,783,247,536,13,1,0,549,1030
AlecoBot,1,1030,775,255,520,5,1,0,525,1030
yakpimp,1,1029,724,305,419,48,1,1,467,1030
frame_limit,1,1029,652,377,275,59,1,1,334,1030
ahtahrim,3,1027,792,235,557,16,3,2,573,1029
Mr_Weee,5,1025,778,247,531,37,5,4,568,1029
BDTYS,1,1028,658,370,288,10,1,1,298,1029
YanGweiZi,1,1028,644,384,260,30,1,1,290,1029
ThomaSTi,1,1027,879,148,731,66,1,1,797,1028
rootbrian,7,1022,844,178,666,35,1,6,701,1028
Mr_Gutsy,1,1028,703,325,378,97,1,0,475,1028
am_305,3,1025,818,207,611,12,2,2,623,1027
iDolly,1,1026,797,229,568,44,1,1,612,1027
willzjc,1,1026,755,271,484,39,1,1,523,1027
SenseHey,1,1026,692,334,358,16,1,1,374,1027
ICanGifThat,1,1026,844,182,662,12,1,0,674,1026
i_am_that_human,1,1024,803,221,582,204,1,1,786,1025
LordChunkyPitt,1,1024,777,247,530,103,1,1,633,1025
abcftw,1,1024,781,243,538,17,1,1,555,1025
Alarune,2,1023,699,324,375,93,2,2,468,1025
MoldyBrick,2,1024,644,380,264,50,2,1,314,1025
ImJustReallyConfused,1,1024,651,373,278,23,1,1,301,1025
ruskeeblue,3,1024,593,431,162,81,2,1,243,1025
Micoxaflopin,3,1021,809,212,597,18,3,3,615,1024
JM_Amiens-18,2,1022,710,312,398,51,2,2,449,1024
Nivius,1,1023,699,324,375,34,0,1,409,1024
CherryJimbo,1,1023,704,319,385,22,1,1,407,1024
TheParasight,1,1023,719,304,415,64,1,0,479,1023
ssavage,1,1023,708,315,393,45,1,0,438,1023
enche,7,1016,818,198,620,36,6,6,656,1022
sunglassesintherain,1,1021,826,195,631,12,1,1,643,1022
bullybones,1,1022,643,379,264,148,1,0,412,1022
ShavenGoats,2,1021,692,329,363,26,2,1,389,1022
Xirii,1,1022,624,398,226,34,1,0,260,1022
SirHenryMorgan,3,1020,632,388,244,11,3,2,255,1022
LiquidDinnerTable,1,1021,751,270,481,30,1,0,511,1021
slaterhearst,2,1019,656,363,293,28,2,2,321,1021
lieksdamudkipz,1,1019,715,304,411,31,1,1,442,1020
Gemberlain,2,1018,687,331,356,28,1,2,384,1020
TheTasman,1,1019,685,334,351,33,1,1,384,1020
GrunkaLunka,1,1019,609,410,199,104,1,1,303,1020
dmiller6590,1,1019,794,225,569,113,1,0,682,1019
XschlotsofrageX,2,1016,770,246,524,29,2,2,553,1018
riqk,4,1016,764,252,512,26,4,2,538,1018
Wolfvillite,5,1013,707,306,401,17,5,5,418,1018
Eduard_Khil,5,1012,934,78,856,26,4,5,882,1017
ViktorStrangle,2,1015,757,258,499,19,2,2,518,1017
Hydrating,2,1015,751,264,487,10,2,2,497,1017
TheGag,1,1017,605,412,193,40,1,0,233,1017
miajewl,1,1015,817,198,619,16,1,1,635,1016
shtrudl,3,1013,754,259,495,44,3,3,539,1016
LurkerMcLurkerton,5,1011,733,278,455,34,3,5,489,1016
whicker117,1,1016,624,392,232,30,1,0,262,1016
LowlifePiano,3,1012,811,201,610,45,3,3,655,1015
mintXD,1,1014,760,254,506,28,1,1,534,1015
Pinnaple09,1,1014,724,290,434,11,1,1,445,1015
LiamHubbard,4,1011,701,310,391,49,2,4,440,1015
RadicalSelf,1,1015,712,303,409,19,1,0,428,1015
slamvengeful,1,1013,740,273,467,30,1,1,497,1014
DiscountRocket,1,1013,675,338,337,8,1,1,345,1014
ForeveraKrogan,7,1007,779,228,551,63,2,6,614,1013
Jonathonquil,1,1012,692,320,372,12,1,1,384,1013
RHuizing,2,1011,652,359,293,17,2,2,310,1013
cougher0,1,1011,640,371,269,18,1,1,287,1012
asid1,3,1008,796,212,584,46,3,3,630,1011
melaniewertheim,1,1011,776,235,541,48,1,0,589,1011
Weirdo502,4,1008,765,243,522,43,3,3,565,1011
pandafiesta,2,1009,774,235,539,14,2,2,553,1011
Raptordt1991,1,1010,704,306,398,61,1,1,459,1011
Yeshua_I,1,1010,687,323,364,46,1,1,410,1011
tophatmcbabs,1,1010,592,418,174,31,1,1,205,1011
newtrawn,3,1007,778,229,549,62,3,3,611,1010
xGandhix,1,1009,769,240,529,20,0,1,549,1010
professor_mcnutty,2,1009,682,327,355,19,2,1,374,1010
PurposeTroll,1,1010,657,353,304,53,1,0,357,1010
hannahisapalindrome,4,1009,645,364,281,19,4,1,300,1010
Oncled,1,1008,860,148,712,58,0,1,770,1009
xLKN,1,1008,799,209,590,33,1,1,623,1009
Jpait94,2,1007,754,253,501,31,1,2,532,1009
CP70,1,1009,747,262,485,16,0,0,501,1009
Crim91,10,1000,675,325,350,49,10,9,399,1009
DaveBacon,1,1007,837,170,667,13,1,1,680,1008
neko,2,1006,784,222,562,24,2,2,586,1008
iam4real,19,991,762,229,533,44,6,16,577,1007
yahtzeeee,2,1005,749,256,493,34,2,2,527,1007
6ksuit,1,1006,714,292,422,27,1,1,449,1007
andreidp,1,1006,593,413,180,125,1,1,305,1007
BassicallyJake,1,1005,751,254,497,30,1,1,527,1006
Awesumcakez,1,1005,756,249,507,9,1,1,516,1006
svm_invictvs,1,1005,684,321,363,24,1,1,387,1006
Estoked,1,1005,642,363,279,38,1,1,317,1006
shkaev,2,1004,810,194,616,65,2,1,681,1005
Double-Stuffed,5,1001,760,241,519,20,2,4,539,1005
unfortunatelyametfan,1,1004,747,257,490,25,1,1,515,1005
ehidalgo,1,1004,739,265,474,39,1,1,513,1005
BigMan120000,3,1003,737,266,471,32,3,2,503,1005
Wiretrip,1,1004,533,471,62,211,1,1,273,1005
beachbumnico,1,1003,808,195,613,11,0,1,624,1004
Bau5Revolution,3,1001,775,226,549,47,2,3,596,1004
slethikk,1,1003,747,256,491,30,1,1,521,1004
bryandenny71,2,1002,737,265,472,31,2,2,503,1004
lmmortal,3,1001,726,275,451,31,2,3,482,1004
oliverdekersodseon,1,1004,587,417,170,30,1,0,200,1004
jacksonPollack,1,1002,598,404,194,30,1,1,224,1003
wutwutgoose,1,1001,717,284,433,22,1,1,455,1002
docomostar,3,999,824,175,649,198,2,2,847,1001
sciencefiction9,1,1000,724,276,448,98,1,1,546,1001
Paublo1,3,999,672,327,345,23,3,2,368,1001
whalersbeard,1,1000,662,338,324,33,1,0,357,1000
johnster95,2,999,649,350,299,31,2,1,330,1000
andrestv93,1,999,586,413,173,10,1,1,183,1000
bigtymerz,1,998,807,191,616,39,0,1,655,999
sgntpepper03,1,998,776,222,554,12,1,1,566,999
DocJawbone,1,998,720,278,442,47,0,1,489,999
socke,1,999,649,350,299,49,1,0,348,999
downald,1,997,809,188,621,123,1,1,744,998
SodaPopinski69,2,997,805,192,613,57,1,1,670,998
Le_Reptile,2,996,758,238,520,46,2,2,566,998
PEEEETE,1,998,636,362,274,23,1,0,297,998
OnCallHero,1,998,577,421,156,35,1,0,191,998
Friendly_Ax_Murderer,1,996,748,248,500,21,1,1,521,997
DeWinkleberry,1,996,727,269,458,15,1,1,473,997
Yurkanis,2,995,606,389,217,18,2,2,235,997
Dumblefuck,1,995,773,222,551,111,1,1,662,996
caddierun1,1,996,707,289,418,49,1,0,467,996
Effeh,4,992,711,281,430,9,3,4,439,996
hacx,1,994,637,357,280,222,1,1,502,995
Sammer920,1,994,633,361,272,59,1,1,331,995
Cubanboy76,1,995,636,359,277,24,1,0,301,995
BigZBerserk,2,993,598,395,203,44,2,2,247,995
f1r3cr0tch,1,993,772,221,551,19,1,1,570,994
hoptowngurl09,1,994,741,253,488,76,1,0,564,994
Conkeldurr,3,991,742,249,493,28,3,3,521,994
fladaxe,1,993,693,300,393,15,1,1,408,994
faroutdudette,1,994,602,392,210,118,1,0,328,994
timtimkev,1,993,601,392,209,21,1,1,230,994
sambabriza,1,992,755,237,518,43,1,1,561,993
TwelveHawks,1,992,756,236,520,40,1,1,560,993
obievil,4,990,759,231,528,27,3,3,555,993
MLPFIM123,2,991,758,233,525,18,2,1,543,992
hide13,1,992,727,265,462,16,1,0,478,992
marinop95,1,991,702,289,413,12,1,1,425,992
Arntown,1,991,688,303,385,20,1,1,405,992
zoinks10,1,991,681,310,371,26,1,1,397,992
GavinRC,5,987,630,357,273,31,5,5,304,992
SarlCagan418,1,991,616,375,241,62,1,1,303,992
autocorrects,10,982,795,187,608,31,6,9,639,991
bassplayinboy7,1,990,582,408,174,270,1,1,444,991
LaLaBKS,1,989,753,236,517,20,0,1,537,990
mrdude817,2,988,702,286,416,16,2,2,432,990
NELCgeek,2,988,673,315,358,47,2,2,405,990
PrimeOdysseus,1,990,594,396,198,24,1,0,222,990
zalemam,2,987,596,391,205,185,2,2,390,989
Stevengodz,3,986,667,319,348,13,2,3,361,989
nonameuser,1,988,642,346,296,59,1,1,355,989
eire10,2,987,648,339,309,30,1,2,339,989
RightWinger,1,989,612,377,235,29,1,0,264,989
kthefallen,1,987,705,282,423,25,1,1,448,988
colt1911,1,988,700,288,412,22,1,0,434,988
chew_toyt,2,987,675,312,363,18,1,1,381,988
theWolfPack,1,986,836,150,686,9,1,1,695,987
theNYEHHH,1,987,767,220,547,54,1,0,601,987
xwing11,1,987,772,215,557,12,1,0,569,987
WilmaDickfit,1,987,689,298,391,9,1,0,400,987
n4mmo,1,986,648,338,310,34,1,1,344,987
Ivesauce,1,986,645,341,304,11,1,1,315,987
Fridgeman09,1,986,624,362,262,16,1,1,278,987
nneufeld,2,984,783,201,582,45,2,2,627,986
anichu,1,985,731,254,477,58,1,1,535,986
airmasszero,7,979,730,249,481,52,1,7,533,986
ThatFeelWhen,4,983,691,292,399,48,4,3,447,986
faeriechyld,1,985,680,305,375,32,1,1,407,986
Forever_Stoopit,1,985,630,355,275,17,1,1,292,986
THE_WALRUS_AWESOME,1,984,789,195,594,31,1,1,625,985
addie231097,2,983,767,216,551,35,1,2,586,985
miss_miggi,1,984,729,255,474,49,1,1,523,985
cuscino,3,982,713,269,444,19,3,3,463,985
Endorp,2,983,669,314,355,43,1,2,398,985
julirocks,1,985,640,345,295,42,1,0,337,985
ThePeculiarPenguin,2,982,800,182,618,15,2,2,633,984
saldigenova,4,980,720,260,460,29,4,4,489,984
saintdominic,1,983,657,326,331,17,1,1,348,984
3syllablewords,1,982,784,198,586,21,1,1,607,983
ChicagoPhotoShop,2,982,769,213,556,49,2,1,605,983
wilsonchico85,1,982,713,269,444,13,1,1,457,983
Cryptokeyblade,1,982,671,311,360,92,1,1,452,983
Tr3p,1,982,644,338,306,120,1,1,426,983
AtheistActivist,1,982,604,378,226,115,1,1,341,983
dangerousminority,2,980,768,212,556,9,2,2,565,982
DoctorSpacemann,1,981,574,407,167,15,1,1,182,982
TundraTheMedlabPony,1,980,743,237,506,12,1,1,518,981
466rtfge,3,978,712,266,446,25,1,3,471,981
cheyenneisRAD,1,980,695,285,410,27,1,1,437,981
Toxication,1,979,721,258,463,181,1,1,644,980
Disco_Drew,4,977,738,239,499,51,4,3,550,980
Rebel_Saint,3,979,690,289,401,52,3,1,453,980
caltrask55,1,979,651,328,323,76,0,1,399,980
brochill7,2,978,654,324,330,24,2,2,354,980
OnAutoPilot,1,980,661,319,342,10,1,0,352,980
Shinpryde,3,978,635,343,292,42,3,2,334,980
Mano21,1,980,604,376,228,30,1,0,258,980
DexterMorgan67,2,978,582,396,186,12,2,2,198,980
ASkyBird,1,978,644,334,310,15,1,1,325,979
RE9741,1,978,859,119,740,17,1,0,757,978
pluspluskid,2,976,677,299,378,14,2,2,392,978
superspas,3,974,693,281,412,36,2,3,448,977
TyPower,1,976,671,305,366,14,1,1,380,977
GujuBandana,2,975,657,318,339,37,2,2,376,977
SatyrMex,1,976,628,348,280,21,1,1,301,977
wcmbk,2,975,607,368,239,58,2,2,297,977
andersennavy,1,975,767,208,559,34,1,1,593,976
celeryman727,1,975,738,237,501,60,0,1,561,976
mostlyawesome,1,975,680,295,385,47,1,1,432,976
golden_owl,1,975,659,316,343,23,1,1,366,976
ColinsModeratelyCool,1,976,625,351,274,39,1,0,313,976
lexicoykoi,1,974,665,309,356,216,1,1,572,975
neonpredator,7,968,723,245,478,14,5,7,492,975
DevinVaiReptiles,2,973,634,339,295,40,2,2,335,975
LostInReddit22,2,973,612,361,251,66,2,2,317,975
nevergreen,1,974,591,383,208,27,1,1,235,975
drhuckstable,3,972,726,246,480,38,3,2,518,974
foreveralone_215,2,972,704,268,436,42,2,2,478,974
just_me_and_peanuts,1,973,716,257,459,11,1,1,470,974
John-aaa,1,973,623,350,273,12,1,1,285,974
yusefdoodie,2,973,600,373,227,41,2,1,268,974
berdiesan,1,972,749,223,526,25,1,1,551,973
deanopatty,1,972,731,241,490,28,1,1,518,973
Carbon_dude_oxide,1,972,707,265,442,5,1,1,447,973
simplistic,3,971,604,367,237,19,3,2,256,973
hercolicious,1,972,558,414,144,36,1,1,180,973
rcj66,1,971,735,236,499,17,1,1,516,972
plumaloco,2,970,683,287,396,49,2,2,445,972
ColdAnxiety,1,971,702,269,433,8,1,1,441,972
MD786,4,970,685,285,400,31,4,2,431,972
Oblived,1,971,630,341,289,18,1,1,307,972
Nifkin,1,970,744,226,518,16,1,1,534,971
RileyH,1,970,683,287,396,9,1,1,405,971
OliviaC,1,971,611,360,251,47,1,0,298,971
ThatGuyWithTheHat,2,970,595,375,220,39,2,1,259,971
theJUIC3_isL00se,2,969,720,249,471,38,2,1,509,970
goldenrod,1,969,659,310,349,37,1,1,386,970
ADuncan222,3,967,632,335,297,77,2,3,374,970
serversidesandwich,1,969,713,256,457,10,1,0,467,969
SpaceCadetKayla,1,969,625,344,281,16,1,0,297,969
Swampfoot,2,966,799,167,632,24,1,2,656,968
Lilyg3905,2,966,781,185,596,42,2,2,638,968
solateor,2,966,669,297,372,15,2,2,387,968
aimeejay,2,967,662,305,357,10,2,1,367,968
An_Emo_Dinosaur,2,966,563,403,160,30,2,1,190,967
TheFallenStar,3,965,831,134,697,66,1,1,763,966
Moony42,1,965,820,145,675,18,1,1,693,966
MonsieurLeGimp,1,966,810,156,654,27,1,0,681,966
TreeHouseUnited,1,965,806,159,647,16,1,1,663,966
deflorie,2,964,695,269,426,120,1,2,546,966
ozztye,1,966,712,254,458,40,1,0,498,966
gunnersaur,4,962,696,266,430,49,3,4,479,966
tehbrucebanner,1,964,674,290,384,20,1,1,404,965
sacredserenity,1,965,602,363,239,27,1,0,266,965
Pepper89,1,964,606,358,248,16,1,1,264,965
PvtCheese,1,964,763,201,562,151,1,0,713,964
MKorostoff,3,961,701,260,441,17,3,3,458,964
ivysaurus,1,963,629,334,295,41,1,1,336,964
badassmusketeer,1,964,625,339,286,43,1,0,329,964
sniffinballs,1,963,634,329,305,13,1,1,318,964
x1049,1,963,572,391,181,125,1,1,306,964
Xerocs,1,962,570,392,178,50,1,1,228,963
undercurrents,5,959,772,187,585,103,3,3,688,962
shallowbethygame,1,961,675,286,389,133,1,1,522,962
Fujionacone,1,961,654,307,347,52,1,1,399,962
stratomaster,1,961,643,318,325,63,1,1,388,962
forestal,1,961,595,366,229,43,1,1,272,962
defectoronethousand,1,961,774,187,587,13,1,0,600,961
lgspeck,2,959,682,277,405,137,2,2,542,961
rrawrcakes,1,960,726,234,492,15,1,1,507,961
theabes,1,960,667,293,374,44,1,1,418,961
Rotterfest,1,960,597,363,234,85,1,1,319,961
axshonjackson,4,956,754,202,552,31,2,4,583,960
mrhappysays,2,958,758,200,558,11,2,2,569,960
passionatelycurious,1,960,710,250,460,28,1,0,488,960
prettyprincess13,1,959,666,293,373,32,1,1,405,960
akirapointOH,1,960,629,331,298,72,1,0,370,960
ninjatechie,5,955,613,342,271,25,3,5,296,960
pedobearstare,8,954,690,264,426,26,6,5,452,959
Pilot_of_Pluto,1,958,697,261,436,9,1,1,445,959
spartish,1,958,690,268,422,16,1,1,438,959
Syzif,1,959,616,343,273,42,1,0,315,959
SandraBlo,7,952,609,343,266,32,7,7,298,959
delyryum,1,958,643,315,328,34,1,0,362,958
fcjan,1,957,562,395,167,35,1,1,202,958
frader12,1,957,535,422,113,64,1,1,177,958
alexedramirez,1,956,778,178,600,15,0,1,615,957
The_Castle,1,956,714,242,472,25,1,1,497,957
Levinsky,1,956,692,264,428,18,0,1,446,957
Obie416,1,956,687,269,418,11,1,1,429,957
mynameispaulsimon,2,955,569,386,183,27,2,2,210,957
allthebach,1,956,771,185,586,24,1,0,610,956
warmyellowsnow,1,955,747,208,539,14,0,1,553,956
saint666,1,955,566,389,177,41,1,1,218,956
lolkarma,1,955,550,405,145,36,1,1,181,956
gator_bites,1,954,780,174,606,36,0,1,642,955
Linear_River,1,954,667,287,380,8,1,1,388,955
FraydNot,1,954,623,331,292,17,1,1,309,955
nukleo777,1,953,695,258,437,99,1,1,536,954
aerns002,1,953,678,275,403,16,1,1,419,954
jking800,1,953,648,305,343,8,1,1,351,954
trentmcgrents,1,953,810,143,667,123,1,0,790,953
jordy240,2,952,723,229,494,102,2,1,596,953
mocotazo,4,952,739,213,526,31,4,1,557,953
Skrillmy,1,952,720,232,488,20,1,1,508,953
DanielZeevi,3,951,702,249,453,20,3,2,473,953
mbab349,3,952,696,256,440,22,1,1,462,953
uhadmeathello,2,952,619,333,286,52,2,1,338,953
dirtyultraface,1,952,591,361,230,35,1,1,265,953
Inspired_Kid,1,953,568,385,183,37,1,0,220,953
TisMurder,7,946,766,180,586,36,6,6,622,952
owwhatthe,3,950,734,216,518,27,2,2,545,952
Vetriz,1,951,711,240,471,57,1,1,528,952
Doctor_blocks,1,951,704,247,457,5,1,1,462,952
erviniumd,5,948,650,298,352,20,3,4,372,952
TheifsTheme,1,952,599,353,246,45,1,0,291,952
DrRodneyMckay,1,950,784,166,618,121,1,1,739,951
LeSnuggs,1,950,725,225,500,24,1,1,524,951
Projectile_Muffin,2,949,712,237,475,28,2,2,503,951
matthewmccoy6,5,946,688,258,430,33,5,5,463,951
Austinuga96,1,950,578,372,206,11,1,1,217,951
TheCudgeler,1,949,786,163,623,68,0,1,691,950
TazDevil234,2,948,733,215,518,21,2,2,539,950
Cookiemobsta,3,947,683,264,419,22,3,3,441,950
joemcirish,1,950,603,347,256,51,1,0,307,950
Laughing_Chipmunk,6,946,574,372,202,84,3,4,286,950
Kelwood,2,948,592,356,236,21,1,2,257,950
char-o-latte,3,946,766,180,586,16,3,3,602,949
redleif,4,945,667,278,389,83,4,4,472,949
Mentoz,4,946,624,322,302,57,3,3,359,949
Perr1man,1,947,738,209,529,15,1,1,544,948
goinunder0390,2,946,700,246,454,63,2,2,517,948
prolyfic,2,946,692,254,438,15,2,2,453,948
lizardtailgoescrazy,1,947,673,274,399,15,1,1,414,948
dtrainmcclain,3,946,656,290,366,45,3,2,411,948
ScubaSteve12,2,946,610,336,274,29,2,2,303,948
SOPA_NO,3,945,756,189,567,50,3,2,617,947
BBilal,1,946,764,182,582,13,1,1,595,947
Iarechristopher,1,946,740,206,534,21,0,1,555,947
ehullz,1,946,693,253,440,109,1,1,549,947
Bread-and-Circus,2,945,685,260,425,76,2,2,501,947
ezraandrewcelli,2,945,697,248,449,36,2,2,485,947
englad,1,947,569,378,191,42,1,0,233,947
hectorlca,1,945,566,379,187,79,1,1,266,946
uwobacon,1,944,769,175,594,10,0,1,604,945
Countryb0y22,1,944,714,230,484,64,1,1,548,945
aoiao,1,944,634,310,324,17,1,1,341,945
brotherofbadula,4,941,743,198,545,118,0,3,663,944
Rustyfoster,5,940,767,173,594,21,4,4,615,944
PedobearV2,2,942,667,275,392,18,2,2,410,944
Xcissors,1,943,630,313,317,46,1,1,363,944
nimmylebby,1,944,579,365,214,17,1,0,231,944
captmorgan24,1,943,701,242,459,26,1,0,485,943
ethanw24,3,940,659,281,378,25,2,3,403,943
SpikeKintarin,7,936,643,293,350,42,6,7,392,943
ERACiiO,5,938,651,287,364,14,5,5,378,943
redclown1,1,942,644,298,346,14,1,1,360,943
jimbo1988,2,940,793,147,646,15,1,2,661,942
Darth_Vaders_Dad,1,941,786,155,631,9,1,1,640,942
UpPooVowOuTedEd,2,940,678,262,416,43,2,2,459,942
deathtits,1,941,666,275,391,24,1,1,415,942
Fremenguy,1,942,618,324,294,54,1,0,348,942
sen_,1,941,560,381,179,45,1,1,224,942
Johnny_B_Goode,1,942,555,387,168,38,1,0,206,942
oshoney,1,940,664,276,388,38,1,1,426,941
manolox70,2,941,611,330,281,34,2,0,315,941
Telletubius,1,941,597,344,253,15,1,0,268,941
fuck_samuel83,1,940,826,114,712,28,1,0,740,940
tablesneakers,4,936,813,123,690,19,3,4,709,940
iamapizza,1,939,752,187,565,41,1,1,606,940
Cballinger79,1,939,741,198,543,36,1,1,579,940
mrtrollmaster,1,938,699,239,460,13,1,1,473,939
caseymustach,3,936,681,255,426,46,3,3,472,939
SteveV91,6,935,684,251,433,18,4,4,451,939
derpedditor,2,937,673,264,409,27,2,2,436,939
TheLegitZombie,1,938,611,327,284,16,1,1,300,939
RidiculousSN,1,938,593,345,248,22,1,1,270,939
fhbob,1,937,707,230,477,70,0,1,547,938
affalcon94,1,937,713,224,489,9,1,1,498,938
fleshbanana,1,937,690,247,443,19,1,1,462,938
Guy_Who_Upvotes_Name,3,935,679,256,423,30,3,3,453,938
TheBoskette,1,937,642,295,347,14,1,1,361,938
justthrowmeout,1,938,529,409,120,84,1,0,204,938
Tyrgrim,1,936,744,192,552,9,1,1,561,937
Lord_of_Potatoes,1,936,676,260,416,17,1,1,433,937
sarbarnana,2,935,649,286,363,18,2,2,381,937
BrennaElise,1,935,802,133,669,14,1,1,683,936
andreatjej,3,935,760,175,585,65,1,1,650,936
sirwillis,2,934,744,190,554,20,2,2,574,936
ForTheWhorde,1,935,709,226,483,23,1,1,506,936
systemcode2,2,934,654,280,374,20,2,2,394,936
dicatae,1,936,584,352,232,80,1,0,312,936
duke777,1,935,583,352,231,12,1,1,243,936
Sumidor,1,935,561,374,187,23,1,1,210,936
shadyperson,2,933,760,173,587,23,1,2,610,935
jvm4th,3,933,708,225,483,56,1,2,539,935
SocotraBrewingCo,1,934,659,275,384,13,1,1,397,935
WalterJrsBreakfast,1,934,643,291,352,5,1,1,357,935
slut_patrol,1,935,563,372,191,21,1,0,212,935
spartanmarauder,4,930,760,170,590,56,2,4,646,934
Champhall,3,932,746,186,560,20,1,2,580,934
theempires,4,931,701,230,471,33,3,3,504,934
hoswald,1,933,490,443,47,76,1,1,123,934
ndmasse,1,932,700,232,468,9,1,1,477,933
faceforest,1,933,646,287,359,43,1,0,402,933
Nonthrot,7,930,617,313,304,13,4,3,317,933
nailcoiledink,1,932,657,275,382,56,1,0,438,932
romestfub,1,931,646,285,361,15,1,1,376,932
derApfel44,1,931,599,332,267,11,1,1,278,932
Vinshade,1,931,571,360,211,25,1,1,236,932
dgarnett3,1,931,779,152,627,23,1,0,650,931
parlais,1,930,749,181,568,79,0,1,647,931
The_ChosenOne1,1,930,650,280,370,22,1,1,392,931
MakesItaMovieReview,1,930,653,277,376,12,1,1,388,931
aivzdog,1,930,631,299,332,52,1,1,384,931
EhrynMarie,1,930,586,344,242,37,1,1,279,931
irobot335,2,929,538,391,147,17,2,2,164,931
AndyfromLI,1,929,804,125,679,97,1,1,776,930
norskemann,1,929,743,186,557,38,1,1,595,930
quierotacos,1,929,719,210,509,5,1,1,514,930
AngryDeer,3,927,687,240,447,33,3,3,480,930
Bronans,1,928,755,173,582,42,1,1,624,929
BreakingBad86,2,927,692,235,457,9,2,2,466,929
BicycleCrasher,1,928,681,247,434,31,1,1,465,929
mk5p,1,928,676,252,424,9,1,1,433,929
GorthaurTheCruel,1,928,646,282,364,50,1,1,414,929
Theunknownbilphist,2,928,586,342,244,99,2,1,343,929
potterarchy,1,928,762,166,596,10,1,0,606,928
drpeppernerd,2,926,742,184,558,26,2,2,584,928
flawed1,2,926,670,256,414,23,2,2,437,928
PotataChipz,1,927,629,298,331,89,1,1,420,928
tokenwhiteguy,1,927,571,356,215,62,1,1,277,928
Intel81994,1,927,500,427,73,26,1,1,99,928
johnnybeefanus,2,925,756,169,587,36,1,2,623,927
semperpee,1,926,672,254,418,5,0,1,423,927
MyPancakesRback,1,927,591,336,255,123,1,0,378,927
tacobizzell,2,927,609,318,291,36,2,0,327,927
ColMustard29,3,923,762,161,601,8,2,3,609,926
schm3cky,1,925,650,275,375,18,1,1,393,926
fobbymaster,1,924,731,193,538,11,1,1,549,925
bobertdotcom,1,924,714,210,504,10,1,1,514,925
PeaceSentinel,2,924,641,283,358,41,2,1,399,925
girich,1,925,569,356,213,15,1,0,228,925
Mansyn,2,924,512,412,100,28,2,1,128,925
lulzKat,2,922,610,312,298,30,2,2,328,924
bearjew128,1,924,578,346,232,23,1,0,255,924
gadesxion,3,922,573,349,224,17,3,2,241,924
toolarmy,1,924,569,355,214,6,1,0,220,924
laughingisc0ntagious,5,919,735,184,551,27,5,4,578,923
Smith_Frank,1,923,684,239,445,32,1,0,477,923
createdtosaythiss,1,922,607,315,292,16,0,1,308,923
YouKnowMeFromSomewhe,1,922,584,338,246,28,1,1,274,923
bwaxxlo,1,922,552,370,182,30,1,1,212,923
vogeco,2,921,647,274,373,9,2,1,382,922
BenStorm92,1,921,637,284,353,13,1,1,366,922
dylsav,1,921,619,302,317,24,1,1,341,922
ohyeahmusic,1,921,583,338,245,34,1,1,279,922
neuroticmonkey,1,921,582,339,243,35,1,1,278,922
Cali-Born,1,921,563,358,205,40,1,1,245,922
FunkyFresh707,2,920,736,184,552,21,2,1,573,921
twoferstuesday,1,920,716,204,512,12,0,1,524,921
JewFacePennySaver,1,920,696,224,472,40,0,1,512,921
OgGorrilaKing,5,917,671,246,425,14,4,4,439,921
dinosaur-pie,1,920,637,283,354,77,0,1,431,921
iambutternumber,1,920,632,288,344,14,1,1,358,921
gandodepth,1,920,606,314,292,54,0,1,346,921
BostonFucktard,2,919,613,306,307,37,2,2,344,921
wajihah,1,921,567,354,213,43,1,0,256,921
n3rvousninja,1,919,707,212,495,41,0,1,536,920
135,1,919,673,246,427,13,1,1,440,920
royalstaircase,3,917,659,258,401,27,2,3,428,920
TheLighterDark,1,919,623,296,327,16,1,1,343,920
wjtech,1,919,619,300,319,15,1,1,334,920
fuck_william_cosby,1,918,725,193,532,25,1,1,557,919
iHeadshots,2,917,700,217,483,29,1,2,512,919
ohhaidoodz,1,919,630,289,341,28,1,0,369,919
bweegusta,1,918,590,328,262,21,1,1,283,919
belzner,1,918,792,126,666,146,1,0,812,918
gtrunkz,1,917,691,226,465,22,1,1,487,918
psy_ko,1,918,582,336,246,68,1,0,314,918
thomasrj,2,915,696,219,477,22,2,2,499,917
idontfreakincare,1,916,687,229,458,17,0,1,475,917
queeb,4,913,651,262,389,40,4,4,429,917
rmgimenez,3,914,652,262,390,35,3,3,425,917
rorozoro,1,916,602,314,288,30,1,1,318,917
averyisavillian,1,915,736,179,557,56,1,1,613,916
SteakandApples,4,912,742,170,572,26,3,4,598,916
Newkingdom,2,914,728,186,542,11,2,2,553,916
TheDMiester,3,913,713,200,513,40,2,3,553,916
Gryndyl,2,914,676,238,438,33,2,2,471,916
maxmtl11,1,915,668,247,421,45,1,1,466,916
AverageShenanagins,1,916,564,352,212,50,1,0,262,916
EnjoysMangos,2,913,730,183,547,20,2,2,567,915
basic_n8,1,914,684,230,454,16,1,1,470,915
thtsjank,1,914,662,252,410,6,1,1,416,915
blahhey123,5,909,752,157,595,5,5,5,600,914
MintyElfonzo,2,912,746,166,580,17,2,2,597,914
sircmpwn,1,913,709,204,505,11,1,1,516,914
1.11E+13,3,911,693,218,475,25,3,3,500,914
undeadkitty12,1,914,695,219,476,14,1,0,490,914
interwebman,2,913,642,271,371,109,1,1,480,914
TheivinStealberg,1,913,649,264,385,27,0,1,412,914
ranoutnimprovised,1,913,595,318,277,15,1,1,292,914
marvelousmooch,1,913,532,381,151,17,1,1,168,914
spinmasterflex,1,913,757,156,601,35,1,0,636,913
JBgreen,1,912,750,162,588,11,1,1,599,913
nicholastempus,1,912,718,194,524,26,1,1,550,913
gladd86,1,912,689,223,466,23,0,1,489,913
tdkaepora,2,911,658,253,405,77,2,2,482,913
aiui,1,912,642,270,372,30,1,1,402,913
Runninback405,1,912,642,270,372,20,1,1,392,913
Dudekota,2,911,535,376,159,29,2,2,188,913
Thadenvy,1,911,738,173,565,15,1,1,580,912
Jakeballs,2,910,711,199,512,14,2,2,526,912
ludwig99,2,910,704,206,498,24,2,2,522,912
Ross977,2,910,678,232,446,44,1,2,490,912
videotapeses,5,907,660,247,413,22,3,5,435,912
bastard_thought,2,911,617,294,323,58,2,1,381,912
RebelTactics,3,909,584,325,259,31,2,3,290,912
KingWaldo,1,911,701,210,491,36,1,0,527,911
MajorKirrahe,1,910,697,213,484,43,1,1,527,911
atcaskstrength,3,908,673,235,438,52,3,3,490,911
RndmHero,1,910,637,273,364,39,1,1,403,911
ask_me_about_my_dick,2,909,580,329,251,23,2,2,274,911
TheLemonKing,4,906,740,166,574,32,2,4,606,910
brownox,7,906,687,219,468,39,6,4,507,910
TH4TBROWNGUY,1,909,615,294,321,6,1,1,327,910
britany08,1,910,569,341,228,83,1,0,311,910
cdwillis,4,908,553,355,198,35,3,2,233,910
Robubie,1,908,632,276,356,10,1,1,366,909
touchingyourdrumset,1,908,604,304,300,48,1,1,348,909
Raav,2,908,567,341,226,101,2,1,327,909
HasselbladArm,1,909,557,352,205,122,1,0,327,909
RamonaTheCat,1,908,558,350,208,18,1,1,226,909
SunnySam,1,909,540,369,171,18,1,0,189,909
macchina50,1,907,727,180,547,62,1,1,609,908
Buck_Rider,6,903,691,212,479,27,6,5,506,908
catsilikecats,1,908,664,244,420,14,1,0,434,908
cmiper,1,907,575,332,243,24,1,1,267,908
psych00range,4,904,536,368,168,45,4,4,213,908
actipt17,1,907,494,413,81,21,1,1,102,908
TheR-RatedSuperstar,1,906,695,211,484,73,1,1,557,907
TheAtomicPlayboy,1,906,517,389,128,29,1,1,157,907
gasman,1,906,449,457,-8,113,1,1,105,907
knify-spoony,1,905,789,116,673,8,1,1,681,906
Spideux,1,905,712,193,519,52,1,1,571,906
Mever815,2,904,722,182,540,19,2,2,559,906
OMGjustin,2,904,679,225,454,28,1,2,482,906
Cutwen22s,1,905,622,283,339,28,1,1,367,906
NavidS,1,905,545,360,185,16,1,1,201,906
Fusi8n,1,904,709,195,514,3,1,1,517,905
walrusbot,1,904,668,236,432,61,1,1,493,905
The_Wumbologist,1,905,641,264,377,43,1,0,420,905
evbomby,1,904,640,264,376,13,1,1,389,905
simpliobvious,1,904,516,388,128,36,1,1,164,905
MrWhytie,2,904,635,269,366,210,1,0,576,904
awflipman,1,903,663,240,423,10,1,1,433,904
sdre468,1,903,641,262,379,21,1,1,400,904
death_and_taxes,1,903,572,331,241,115,1,1,356,904
Thorus,2,902,560,342,218,31,2,2,249,904
ssuu6,2,903,503,400,103,18,2,1,121,904
Lightfiend,1,902,708,194,514,50,1,0,564,902
justovidiuoprea_,6,896,653,243,410,59,3,6,469,902
CoolRunner,2,901,671,230,441,19,2,1,460,902
Lectril,1,901,611,290,321,49,1,1,370,902
Smipims,1,901,600,301,299,24,1,1,323,902
Henmanship,2,900,578,322,256,28,2,2,284,902
datlazerwolf,1,902,564,338,226,20,1,0,246,902
TROGDORRRR,3,898,701,197,504,21,3,3,525,901
jazzberry76,1,901,640,261,379,29,1,0,408,901
cyanide_paradox,1,900,634,266,368,8,1,1,376,901
Healthpotions,2,900,696,204,492,177,2,0,669,900
sablestryker,1,899,705,194,511,35,1,1,546,900
Pabl0Esc0bar,1,899,584,315,269,27,1,1,296,900
purdyparty_128,2,898,557,341,216,58,1,2,274,900
chuz0,2,898,519,379,140,14,2,2,154,900
Fish93,1,899,554,345,209,94,1,0,303,899
satx,3,895,776,119,657,54,3,3,711,898
Sir_Roche,1,897,686,211,475,12,1,1,487,898
ThatChick17,1,897,516,381,135,14,1,1,149,898
skitt123,1,896,693,203,490,49,1,1,539,897
cheemo,2,895,684,211,473,20,2,2,493,897
JOLLYJAKEGIANT,1,896,596,300,296,13,1,1,309,897
crazyxpro,1,895,709,186,523,25,1,1,548,896
Quantumfizzix,3,893,695,198,497,25,3,3,522,896
RossRau5,5,891,676,215,461,34,3,5,495,896
k259,3,894,681,213,468,14,2,2,482,896
Hadoukenator,4,893,673,220,453,8,4,3,461,896
Grackalackin,2,894,632,262,370,5,2,2,375,896
Mudcrab_Merchant,1,895,609,286,323,15,1,1,338,896
ydoug,2,895,590,305,285,31,2,1,316,896
Saigaijin,1,894,681,213,468,32,1,1,500,895
Cosmic-Fox,1,894,653,241,412,13,0,1,425,895
Zefis,1,894,541,353,188,60,1,1,248,895
HonoraryPlanet,1,894,707,187,520,137,1,0,657,894
wondersaboutcats,5,891,709,182,527,85,4,3,612,894
honeybirdy,5,890,711,179,532,25,5,4,557,894
DarthSokka,1,893,675,218,457,34,1,1,491,894
themadthinker,1,893,506,387,119,47,1,0,166,893
Broadcastorm,1,892,483,409,74,34,1,1,108,893
wobblytopp,1,891,604,287,317,24,1,1,341,892
xnyL,1,891,594,297,297,7,1,1,304,892
zerovertex,1,890,712,178,534,10,1,1,544,891
purpleolive,3,890,678,212,466,48,1,1,514,891
dsato,1,891,609,282,327,95,1,0,422,891
sMCq,2,889,599,290,309,32,2,2,341,891
synthesis11,1,891,556,335,221,19,1,0,240,891
moronometer,1,890,491,399,92,36,1,1,128,891
occupyhappiness,2,888,692,196,496,116,2,2,612,890
myname_ranaway,1,889,714,175,539,29,1,1,568,890
imicit,1,889,621,268,353,36,1,1,389,890
azinbroski,5,885,566,319,247,52,5,5,299,890
bmxrider3996,4,886,580,306,274,12,2,4,286,890
RejectorofDelusion,1,889,582,307,275,25,1,0,300,889
Cranium_Insaneum,2,888,572,316,256,28,2,1,284,889
rjbman,2,887,514,373,141,51,2,2,192,889
0hmyscience,1,888,503,385,118,18,1,1,136,889
thayes315,1,887,771,116,655,4,1,1,659,888
Pulok,1,888,752,136,616,17,1,0,633,888
daisykta,1,887,703,184,519,50,1,1,569,888
Picklwarrior,3,886,671,215,456,68,1,2,524,888
el3tricrhino,1,887,585,302,283,17,1,1,300,888
fat88cat8,1,887,577,310,267,21,1,1,288,888
frankastuto,2,886,570,316,254,22,2,2,276,888
spuncraz,2,888,531,357,174,25,2,0,199,888
kaeby,4,883,654,229,425,53,2,4,478,887
skatedud99,1,886,577,309,268,20,1,1,288,887
birkoph,1,886,565,321,244,7,1,1,251,887
duggtodeath,1,886,542,344,198,29,1,1,227,887
guriboysf,1,885,693,192,501,78,1,1,579,886
sryan2k1,1,886,660,226,434,15,1,0,449,886
iamtheliquor86,7,880,601,279,322,52,5,6,374,886
Never-Nude-Prude,1,885,561,324,237,16,1,1,253,886
refjep1,6,879,646,233,413,35,1,6,448,885
A_Hippie,1,884,613,271,342,57,1,1,399,885
Hatguy115,1,884,614,270,344,24,1,1,368,885
dmw3293,1,884,607,277,330,33,1,1,363,885
grantmoore3d,1,883,755,128,627,38,1,1,665,884
CamZillo,2,882,698,184,514,25,1,2,539,884
zp420,2,883,683,200,483,42,2,1,525,884
rummonkey,1,883,669,214,455,20,1,1,475,884
Syphilisordisorder,1,883,640,243,397,31,1,1,428,884
unicornsrhot,2,882,631,251,380,27,2,2,407,884
Casual_Bukkake,1,884,553,331,222,68,1,0,290,884
Dreamtallica,1,883,535,348,187,18,1,1,205,884
theotherspartan,2,883,702,181,521,31,1,0,552,883
ChiefNugs,1,883,647,236,411,38,1,0,449,883
IAmADino,1,882,564,318,246,143,1,1,389,883
Fergals1107,1,882,618,264,354,18,1,1,372,883
TMalthus,1,882,547,335,212,76,1,1,288,883
runtaylor,1,883,569,314,255,31,1,0,286,883
wadsworthsucks,2,881,547,334,213,28,2,2,241,883
bearlikerawwr,2,880,717,163,554,25,2,2,579,882
gravemind1763,7,875,680,195,485,94,2,7,579,882
KobraNemesis,1,881,638,243,395,72,1,1,467,882
TLKoontz,3,879,608,271,337,63,3,3,400,882
slid3r,1,881,545,336,209,34,1,1,243,882
K1MiQt,3,878,650,228,422,63,3,3,485,881
rlyx6x,4,877,640,237,403,14,4,4,417,881
ThaiKnee,2,879,597,282,315,29,2,2,344,881
caitygirl420,3,878,773,105,668,27,3,2,695,880
Rosy895,4,876,706,170,536,7,1,4,543,880
Pidgey_OP,2,878,678,200,478,26,2,2,504,880
unh20050,1,879,652,227,425,18,1,1,443,880
Sepiritz,1,879,646,233,413,10,1,1,423,880
noodlyjames,1,879,572,307,265,17,1,1,282,880
mryaz88,4,875,658,217,441,13,2,4,454,879
r3dh3rring,1,878,631,247,384,52,1,1,436,879
Talking_Head,1,879,606,273,333,61,1,0,394,879
Lightzephyrx,1,877,732,145,587,26,0,1,613,878
-random-,1,878,706,172,534,15,1,0,549,878
NuclearNoonga,1,877,618,259,359,122,1,1,481,878
HiggyMcBoson,1,877,663,214,449,27,1,1,476,878
heatseekr,1,877,541,336,205,17,1,1,222,878
masterboza,1,877,491,386,105,20,1,1,125,878
Bourbeau,8,870,678,192,486,73,4,7,559,877
COCKLAPS,3,874,696,178,518,36,2,3,554,877
Chazzithy,1,876,672,204,468,46,1,1,514,877
HitoHitoPirate,1,876,679,197,482,12,1,1,494,877
YouEatBabies,1,877,635,242,393,18,1,0,411,877
iama_girl_ama,1,876,611,265,346,28,1,1,374,877
NostalgicX,2,874,728,146,582,119,2,2,701,876
VI0LENTjoe,1,875,674,201,473,18,1,1,491,876
Je11yMonster,1,875,587,288,299,10,1,1,309,876
bke1j1h,2,873,747,126,621,14,2,2,635,875
Ender0811,1,874,654,220,434,38,1,1,472,875
oinkinstein,2,873,633,240,393,15,2,2,408,875
ryuugen,1,874,588,286,302,43,0,1,345,875
Life1nDreaming,1,874,588,286,302,18,1,1,320,875
vinomatt,2,874,564,310,254,32,2,1,286,875
veisc2,2,872,685,187,498,13,2,2,511,874
sashshsh,1,873,638,235,403,31,1,1,434,874
Anon232,1,873,630,243,387,30,1,1,417,874
Polywogs,1,873,567,306,261,37,1,1,298,874
EliSavich,1,872,727,145,582,45,0,1,627,873
elessarjd,1,872,727,145,582,24,1,1,606,873
NeighborNextDoor,3,872,701,171,530,44,3,1,574,873
ParaanoidT,1,872,698,174,524,45,1,1,569,873
remokillen,1,872,607,265,342,14,1,1,356,873
NFLD-Trooper,2,872,583,289,294,14,2,1,308,873
I_LEIK_BUGS,2,871,544,327,217,27,1,2,244,873
cajaks2,2,871,529,342,187,46,2,2,233,873
Onemanwolfpack17,1,871,649,222,427,3,1,1,430,872
cosaga,8,865,604,261,343,41,6,7,384,872
Hun89,5,867,573,294,279,34,3,5,313,872
batmanz,2,869,655,214,441,101,2,2,542,871
zomgdavidbowie,1,870,619,251,368,16,1,1,384,871
SinSha,1,870,674,196,478,57,1,0,535,870
mayonnaise123,1,869,609,260,349,16,1,1,365,870
barefoot_zg,1,868,729,139,590,58,1,1,648,869
yamancool63,1,869,563,306,257,35,1,0,292,869
gruntfuttock,1,868,572,296,276,15,1,1,291,869
iliveinabunkbed,1,869,524,345,179,35,1,0,214,869
YouSuckAtTrolling___,1,867,540,327,213,49,1,1,262,868
razmathazmat,1,867,516,351,165,27,1,1,192,868
gliscameria,1,866,763,103,660,50,1,1,710,867
backeast_headedwest,1,866,742,124,618,13,1,1,631,867
DaLilGuido,1,866,701,165,536,24,0,1,560,867
ChewyScrotum,1,866,684,182,502,34,1,1,536,867
mainpmf,3,864,629,235,394,25,3,3,419,867
manix_maximus,2,866,625,241,384,21,2,1,405,867
ProfessorWhale,1,865,581,284,297,15,1,1,312,866
superblinky,3,864,543,321,222,66,3,2,288,866
tylerandv,1,864,590,274,316,16,1,1,332,865
GothicFighter,2,863,688,175,513,47,1,1,560,864
Xenocide112,1,864,664,200,464,20,1,0,484,864
Nillabeans,1,863,658,205,453,28,1,1,481,864
OblivionGuardsman,1,863,529,334,195,9,1,1,204,864
TheGrapeTheif69,1,862,714,148,566,114,0,1,680,863
doritodragon,1,862,728,134,594,19,0,1,613,863
DonPatrizio,1,863,513,350,163,38,1,0,201,863
WarSucksLetsParty,1,861,699,162,537,129,1,1,666,862
dirty_paki,3,859,733,126,607,19,1,3,626,862
znegly,2,861,687,174,513,23,2,1,536,862
justcallmechase,1,861,629,232,397,93,1,1,490,862
snowball88,3,859,665,194,471,18,3,3,489,862
Sterendude,2,861,655,206,449,22,2,1,471,862
notadaddy,1,861,657,204,453,12,1,1,465,862
Boredom_rage,2,861,637,224,413,10,2,1,423,862
Ekushia,1,861,612,249,363,13,1,1,376,862
bill_cosby86,1,861,587,274,313,27,1,1,340,862
Malteb,1,862,491,371,120,105,1,0,225,862
sriyegna,1,862,532,330,202,15,1,0,217,862
gslice,4,858,631,227,404,47,4,3,451,861
hobbin,2,859,616,243,373,19,1,2,392,861
whitaker019,1,860,600,260,340,12,1,1,352,861
ehecatlsighs,1,861,568,293,275,35,1,0,310,861
drdelius,1,861,550,311,239,45,1,0,284,861
rxyzyxr,1,859,740,119,621,21,1,1,642,860
sh0rty,3,857,715,142,573,53,3,3,626,860
tuzesviz,2,858,606,252,354,21,2,2,375,860
LewisSomerville,1,859,602,257,345,13,1,1,358,860
portuguese_ent,2,857,662,195,467,24,2,2,491,859
BlackSheep261,3,856,636,220,416,24,2,3,440,859
p00pboy,1,858,616,242,374,25,1,1,399,859
jmhimara,8,852,590,262,328,44,5,7,372,859
q8iftw,3,856,518,338,180,29,3,3,209,859
krazyski,1,858,751,107,644,46,1,0,690,858
Confusedisconnection,1,857,657,200,457,6,0,1,463,858
F7u12revur_alone,2,856,622,234,388,9,2,2,397,858
ohhhhderp,1,857,604,253,351,44,1,1,395,858
Karl_Marx_,2,855,684,171,513,5,1,2,518,857
fastunlimited,1,856,642,214,428,35,1,1,463,857
apl760,1,856,641,215,426,15,1,1,441,857
Im_a_sassy_hamster,1,856,532,324,208,42,1,1,250,857
w_is_for_tungsten,3,855,734,121,613,41,3,1,654,856
kittenmittenns,1,854,660,194,466,23,1,1,489,855
thisislejit,3,851,655,196,459,28,1,3,487,854
dadof2,1,853,659,194,465,15,1,1,480,854
gwmaw365,1,853,627,226,401,11,1,1,412,854
actionscripture,1,854,557,297,260,23,1,0,283,854
Tr1nt,1,853,556,297,259,22,1,1,281,854
ctk9,1,853,496,357,139,32,1,1,171,854
TrollTitty,2,851,574,277,297,47,2,2,344,853
JuliaBee,2,851,552,299,253,86,2,2,339,853
illgresi,2,853,552,301,251,30,2,0,281,853
prylex3,1,852,526,326,200,38,1,1,238,853
sjtebarek,1,852,523,329,194,41,1,1,235,853
jenns505,1,851,707,144,563,18,1,1,581,852
tigerlilyw,1,851,649,202,447,8,1,1,455,852
soundslikegabe,1,851,600,251,349,23,1,1,372,852
oohitsjinmo,2,850,597,253,344,25,1,2,369,852
tMoneyMoney,5,851,575,276,299,63,5,1,362,852
Mjap52,1,851,595,256,339,17,1,1,356,852
Papa-Lazarou,2,850,577,273,304,31,2,2,335,852
hipporama,3,849,507,342,165,20,3,3,185,852
ReallyForeverAlone,7,844,650,194,456,28,5,7,484,851
Go4th88,8,844,590,254,336,48,8,7,384,851
schrapa,1,850,581,269,312,72,1,1,384,851
Jmackilla,3,848,576,272,304,47,3,3,351,851
Shit-Barometer,5,846,535,311,224,40,5,5,264,851
BitchNowYouKnow,1,849,739,110,629,21,1,1,650,850
sukinonmybalzak,9,843,584,259,325,79,8,7,404,850
1.23E+11,2,848,548,300,248,131,2,2,379,850
Darthgamep,1,849,601,248,353,9,1,1,362,850
smatastic,1,848,617,231,386,86,1,1,472,849
paper_ducks,1,848,628,220,408,10,1,1,418,849
Bhenders14,1,848,555,293,262,20,1,1,282,849
gary0ak,4,846,544,302,242,36,4,3,278,849
n3o7,3,846,540,306,234,39,3,3,273,849
Ubergeeek,1,848,517,331,186,15,1,1,201,849
footstepsfading,3,846,745,101,644,28,2,2,672,848
Whatthefuckamisaying,2,847,523,324,199,243,2,1,442,848
rilba,2,845,692,153,539,34,2,2,573,847
Joelsaurus,1,846,688,158,530,41,0,1,571,847
The_collieman,2,845,651,194,457,12,1,2,469,847
ispoiler,1,846,602,244,358,17,1,1,375,847
jamiemanlaflare,1,846,565,281,284,16,1,1,300,847
Dweebiechimp,2,846,531,315,216,53,2,1,269,847
jakubzaur,2,845,481,364,117,98,2,2,215,847
timmyveeKC,1,846,500,346,154,22,1,1,176,847
heckleberryfinn,1,845,685,160,525,51,1,1,576,846
PaperStApe,1,845,653,192,461,11,0,1,472,846
ButterDrums,1,845,616,229,387,10,1,1,397,846
Vitupe,1,845,608,237,371,26,1,1,397,846
ramzie,2,844,580,264,316,34,2,2,350,846
cznb,1,846,502,344,158,27,1,0,185,846
jinglesassy,2,843,699,144,555,64,2,2,619,845
dabears4dabowl,1,844,578,266,312,10,1,1,322,845
Soonerfan32,4,841,549,292,257,28,2,4,285,845
IAmAmalin,1,844,505,339,166,6,1,1,172,845
BIRDS_IN_MY_RECTUM,6,839,640,199,441,16,5,5,457,844
ShiPieLargeCoffee,4,840,613,227,386,20,2,4,406,844
MrsGlover,1,843,594,249,345,14,1,1,359,844
DucknutZ,1,842,723,119,604,39,1,1,643,843
AnonThoughts,1,842,657,185,472,40,1,1,512,843
Gx4,4,841,651,190,461,27,3,2,488,843
BackFromTheFuture12,1,842,652,190,462,13,1,1,475,843
nexXtec,1,842,634,208,426,7,1,1,433,843
Zenen,1,842,617,225,392,7,1,1,399,843
Potato_killer,2,841,598,243,355,32,2,2,387,843
talbotron22,2,842,534,308,226,47,2,1,273,843
Deaththekid4,1,842,550,292,258,8,1,1,266,843
el_tacado,2,841,506,335,171,19,2,2,190,843
Cabnit47,1,842,476,366,110,33,0,1,143,843
specialdefects,3,839,662,177,485,25,3,3,510,842
IrreligiousIndian,1,841,609,232,377,64,1,1,441,842
shmexy_sammich_maker,1,841,585,256,329,32,1,1,361,842
miss_liddy,1,841,575,266,309,9,1,1,318,842
johny-drama,1,841,554,287,267,8,1,1,275,842
wallymcwalrus,3,838,756,82,674,27,3,3,701,841
Splatterh0use,3,838,727,111,616,72,2,3,688,841
moosetracks24,3,838,659,179,480,29,2,3,509,841
Stargleam52,1,840,563,277,286,123,1,1,409,841
kramcamp,1,840,606,234,372,21,1,1,393,841
RUINR,1,841,530,311,219,12,1,0,231,841
Smokekiller,1,840,481,359,122,21,1,1,143,841
l30,1,840,629,211,418,29,1,0,447,840
tm00r3,1,839,625,214,411,27,1,1,438,840
evidentlychickentown,1,840,591,249,342,77,1,0,419,840
Reflex2011,1,839,563,276,287,14,1,1,301,840
trippingouttostuff,1,839,534,305,229,21,1,1,250,840
devllen05,2,837,624,213,411,27,2,2,438,839
Ebshanks,1,838,548,290,258,63,1,1,321,839
objv,1,838,561,277,284,36,1,1,320,839
travelmedia,1,837,749,88,661,30,1,1,691,838
Namaha,1,837,665,172,493,8,1,1,501,838
Atrolle224,2,836,617,219,398,17,2,2,415,838
useyourblinker,2,838,571,267,304,25,2,0,329,838
akibapower711,1,838,567,271,296,23,1,0,319,838
AThinker661,1,836,668,168,500,68,1,1,568,837
Jakemillermx,4,834,637,197,440,19,1,3,459,837
nicque,1,836,638,198,440,7,1,1,447,837
dumbfriendbrian,2,835,551,284,267,26,2,2,293,837
Qingy,1,837,514,323,191,45,1,0,236,837
mrmoma,1,835,599,236,363,42,1,1,405,836
XcrossNK,1,836,592,244,348,41,1,0,389,836
confluxus,1,835,552,283,269,33,1,1,302,836
Komori,1,835,579,256,323,25,1,0,348,835
rabidkitty,1,834,531,303,228,23,1,1,251,835
mohananv,3,834,513,321,192,15,3,1,207,835
mdrops,1,834,492,342,150,39,1,1,189,835
bistromathic,2,832,761,71,690,39,2,2,729,834
gruntznclickz,1,833,639,194,445,101,1,1,546,834
obadetona,3,832,614,218,396,121,2,2,517,834
McJew-Fro,1,833,658,175,483,6,0,1,489,834
davetsteele,2,832,637,195,442,21,1,2,463,834
Potater757,1,832,588,244,344,18,1,1,362,833
BumpSkump420,1,832,577,255,322,10,1,1,332,833
dimebag993,1,832,503,329,174,24,1,1,198,833
dreamerzz,2,832,482,350,132,11,2,1,143,833
myu2,1,832,470,362,108,22,1,1,130,833
I_Are_Brown_Bear,1,831,661,170,491,22,0,1,513,832
keeewiii,3,829,631,198,433,23,2,3,456,832
wattsie247,2,830,634,196,438,14,1,2,452,832
bronananana,2,830,613,217,396,20,2,2,416,832
Kalel795,1,831,588,243,345,50,1,1,395,832
brandonfoster1991,1,832,575,257,318,17,1,0,335,832
crevcr,1,831,568,263,305,19,1,1,324,832
Sir_Ginger,1,831,498,333,165,91,1,1,256,832
DeltaZuluDelta,1,831,527,304,223,21,1,1,244,832
DragnKing,1,830,639,191,448,10,1,1,458,831
ily112,1,830,542,288,254,51,1,1,305,831
ErlendJ,2,828,678,150,528,24,2,2,552,830
CommentOnMyUsername,1,829,644,185,459,38,1,1,497,830
PBandK96,2,828,600,228,372,28,1,2,400,830
Barleybomb,2,828,574,254,320,74,2,2,394,830
Kujata,1,829,556,273,283,32,1,1,315,830
gifforc,2,829,488,341,147,113,2,1,260,830
cerem86,2,827,667,160,507,25,1,2,532,829
411_WAS_AN_INFO_JOB,1,827,660,167,493,65,1,1,558,828
shiningmidnight,1,827,620,207,413,19,1,1,432,828
Looooooooo,1,828,538,290,248,37,1,0,285,828
ternativetaylor,1,826,651,175,476,9,0,1,485,827
eskimopie26,4,823,597,226,371,17,4,4,388,827
HenryCrinkle,1,826,489,337,152,41,1,1,193,827
bminus,1,827,464,363,101,35,1,0,136,827
masou2,2,824,616,208,408,36,1,2,444,826
knutolee,1,825,629,196,433,5,1,1,438,826
krevo,2,824,586,238,348,16,1,2,364,826
ShezUK,1,825,536,289,247,13,1,1,260,826
AlexBurnsRed,2,823,592,231,361,44,2,2,405,825
moonclash,2,823,582,241,341,48,2,2,389,825
stendhalian,2,824,518,306,212,34,2,1,246,825
millywalkav,6,818,734,84,650,25,6,6,675,824
KentuckyforKentucky,1,824,637,187,450,31,0,0,481,824
espositojoe,2,823,635,188,447,33,2,1,480,824
kirby4vr,1,823,633,190,443,14,0,1,457,824
go_balls_deep,1,823,561,262,299,21,1,1,320,824
Koshgel,1,823,530,293,237,22,1,1,259,824
PenguinCowboy,1,822,650,172,478,20,1,1,498,823
animeengineer,8,815,620,195,425,61,3,8,486,823
findler,1,822,640,182,458,27,1,1,485,823
TehStupid,1,822,566,256,310,13,1,1,323,823
maxwell600,1,822,556,266,290,9,1,1,299,823
twostarare,1,823,536,287,249,8,1,0,257,823
keepforward,1,822,481,341,140,18,1,1,158,823
bumpfire,1,822,462,360,102,10,1,1,112,823
BearfootXmormon,2,820,650,170,480,18,1,2,498,822
scumbag-reddit,1,822,646,176,470,15,1,0,485,822
bent_my_wookie,1,821,578,243,335,45,1,1,380,822
proto84,6,817,581,236,345,30,6,5,375,822
YoungR97,1,821,589,232,357,18,1,1,375,822
wirtaz,2,820,570,250,320,14,2,2,334,822
frizzball89,1,821,521,300,221,62,0,1,283,822
kmoose89,1,822,500,322,178,48,1,0,226,822
AzNeuh,1,821,482,339,143,45,1,1,188,822
Brand_New_Cyde,1,820,613,207,406,12,0,1,418,821
Eric_Forman,4,816,703,113,590,17,2,4,607,820
thejumbo,1,819,628,191,437,13,1,1,450,820
wombatthing,2,818,578,240,338,40,0,2,378,820
LlamaAlpaca,5,815,553,262,291,41,4,5,332,820
Ssejors,1,819,537,282,255,60,0,1,315,820
kashaanm,1,819,552,267,285,11,1,1,296,820
DancingDanny,1,819,528,291,237,41,1,1,278,820
beatlesfan18,1,820,523,297,226,19,1,0,245,820
markusday,4,817,488,329,159,48,4,3,207,820
Roland1232,1,818,661,157,504,52,1,1,556,819
Krh_Zsr,2,817,645,172,473,24,2,2,497,819
RaulCQ,1,819,647,172,475,16,1,0,491,819
BfmVfan1,2,817,600,217,383,35,2,2,418,819
BBrown7,7,813,588,225,363,38,7,6,401,819
hughjass2300,2,819,539,280,259,122,2,0,381,819
netsfanatic1212,1,818,580,238,342,13,1,1,355,819
WhatTheMoonBrings,2,818,558,260,298,15,1,1,313,819
caitlinnormal,5,814,510,304,206,71,5,5,277,819
creativeusername2,2,816,591,225,366,205,2,2,571,818
karmacy,2,817,646,171,475,60,2,1,535,818
bluepearsauce,2,817,607,210,397,10,2,1,407,818
BrownBear93,1,817,603,214,389,16,1,1,405,818
BOTCH__TOE,1,817,560,257,303,22,1,1,325,818
michfan97,4,814,561,253,308,13,4,4,321,818
tawmie,2,815,679,136,543,36,2,2,579,817
DrAbro,1,816,610,206,404,11,1,1,415,817
twistedeggs,1,817,579,238,341,32,1,0,373,817
taakalover,4,813,578,235,343,7,4,4,350,817
joshfs,1,816,544,272,272,19,1,1,291,817
Epitometric,1,817,531,286,245,12,1,0,257,817
davinkho,2,814,675,139,536,26,2,2,562,816
Catinherhat,1,815,612,203,409,5,1,1,414,816
johnnycade,1,816,567,249,318,17,1,0,335,816
Najkan,2,815,543,272,271,7,2,1,278,816
dz1262,1,815,541,274,267,8,1,1,275,816
Tsclack,1,815,518,297,221,10,1,1,231,816
slagathora,1,815,506,309,197,18,1,1,215,816
munklunk,1,816,501,315,186,15,1,0,201,816
YourWelcomeOrMine,1,814,675,139,536,10,1,1,546,815
lordt,4,811,633,178,455,52,3,4,507,815
Matt08642,2,814,609,205,404,29,2,1,433,815
Mountainfog,1,815,582,233,349,37,1,0,386,815
NeekGerd,1,814,570,244,326,29,1,1,355,815
TwoHobosOneBox,1,814,525,289,236,12,1,1,248,815
666turd666,1,813,602,211,391,13,1,1,404,814
BrushGod,3,812,598,214,384,16,2,2,400,814
Annies_Boobs,1,813,552,261,291,60,1,1,351,814
candleelit,4,810,560,250,310,20,3,4,330,814
Redditokki,1,814,529,285,244,43,1,0,287,814
zakrn,1,814,461,353,108,141,1,0,249,814
jleonardbc,8,809,505,304,201,34,4,5,235,814
arabianmango,4,809,646,163,483,32,1,4,515,813
i_also_wear_shoes,1,812,580,232,348,127,1,1,475,813
confusedcrib,1,812,614,198,416,44,1,1,460,813
ugmiester,2,811,610,201,409,13,2,2,422,813
SealSwimmer,2,813,540,273,267,59,0,0,326,813
DaisyLayz,2,810,569,241,328,199,2,2,527,812
ragevvorks,1,811,588,223,365,83,1,1,448,812
MandrewL,2,810,571,239,332,29,2,2,361,812
Bout_It_Bout_It,1,811,552,259,293,19,1,1,312,812
ThatNoob,1,810,537,273,264,10,1,1,274,811
SnoLeopard,1,810,532,278,254,7,1,1,261,811
redscream,1,810,491,319,172,3,1,1,175,811
MistaTom,2,809,615,194,421,61,2,1,482,810
kjphill1,1,809,633,176,457,24,1,1,481,810
abbybrian,8,803,579,224,355,42,6,7,397,810
iHumpMyCAPSLOCK,1,809,561,248,313,26,1,1,339,810
diggdead,1,810,519,291,228,49,1,0,277,810
LlazerLlama,1,809,491,318,173,21,1,1,194,810
ShahpEleven,1,808,718,90,628,50,1,1,678,809
yipskip,2,807,658,149,509,23,2,2,532,809
Prathik,2,807,639,168,471,13,2,2,484,809
liverguts99,1,808,634,174,460,24,1,1,484,809
jerrycasto,1,809,635,174,461,17,1,0,478,809
drex100,1,808,591,217,374,19,1,1,393,809
brand0nn,1,808,554,254,300,21,1,1,321,809
rarez,1,808,480,328,152,36,1,1,188,809
melvinsucks,1,808,638,170,468,32,1,0,500,808
skylerdray,1,807,587,220,367,110,1,1,477,808
mr_moby,1,807,606,201,405,16,1,1,421,808
AnIrrelevantElephant,2,806,585,221,364,26,2,2,390,808
Brittnet,1,807,571,236,335,14,1,1,349,808
losibali,1,807,691,116,575,16,1,0,591,807
shamwowamon,1,806,642,164,478,21,1,1,499,807
sozialabfall,4,803,577,226,351,14,3,4,365,807
23mac,2,805,515,290,225,121,1,2,346,807
avon_barksale,1,807,513,294,219,32,1,0,251,807
Pg21_SubsecD_Pgrph12,1,805,686,119,567,42,1,1,609,806
Photosaurusrex04,1,805,646,159,487,10,1,1,497,806
Aikukun,5,802,524,278,246,54,4,4,300,806
Hesherkiin,1,804,670,134,536,23,1,1,559,805
petedog,2,804,628,176,452,11,2,1,463,805
antivist,2,804,595,209,386,75,2,1,461,805
TheLoneHoot,2,804,583,221,362,70,2,1,432,805
absolutelypointless,1,804,595,209,386,23,1,1,409,805
LondonDave,2,804,554,250,304,89,2,1,393,805
marlonjr,2,805,550,255,295,23,2,0,318,805
Beyond_Stoopid,1,803,606,197,409,14,1,1,423,804
onthatbasis,1,804,573,231,342,14,1,0,356,804
lukeonice,5,799,550,249,301,47,4,5,348,804
EqualizerJLW,2,802,551,251,300,22,2,2,322,804
whittler,2,803,523,280,243,51,1,1,294,804
cindsecert,1,803,499,304,195,11,1,1,206,804
xtremeradness,1,803,424,379,45,58,1,1,103,804
Pfmohr2,4,799,689,110,579,81,3,4,660,803
mehcore,3,802,647,155,492,139,2,1,631,803
thecoletrane,1,802,622,180,442,61,1,1,503,803
reminissn,1,803,552,251,301,31,1,0,332,803
doobado,1,802,516,286,230,21,1,1,251,803
big_sister89,1,802,484,318,166,13,1,1,179,803
david7902,1,802,677,125,552,129,1,0,681,802
Syllabi,1,802,563,239,324,13,1,0,337,802
bendh18,1,800,633,167,466,19,1,1,485,801
jrizzly,2,799,613,186,427,12,2,2,439,801
dostal325,3,798,578,220,358,32,3,3,390,801
meiam001,1,800,561,239,322,64,1,1,386,801
thelazt1,2,799,575,224,351,19,0,2,370,801
Orangutan,3,798,686,112,574,64,0,2,638,800
robotmlg,1,800,665,135,530,2,1,0,532,800
keiners,1,799,646,153,493,20,1,1,513,800
Maximus93,7,794,628,166,462,19,6,6,481,800
SillyMacey,1,799,614,185,429,21,1,1,450,800
getsuei,1,799,594,205,389,18,1,1,407,800
tatatitita,1,799,531,268,263,33,1,1,296,800
WrigleyJohnson,1,798,640,158,482,17,0,1,499,799
OrryRob,1,798,567,231,336,33,1,1,369,799
silhoutte,2,797,540,257,283,9,2,2,292,799
DubTeeDub,2,796,707,89,618,12,2,2,630,798
RSismylife,7,791,692,99,593,19,3,7,612,798
DrBibby,1,797,651,146,505,55,1,1,560,798
Sharin97,1,797,591,206,385,15,1,1,400,798
ihasthegame,3,795,568,227,341,17,3,3,358,798
huckstah,7,792,535,257,278,36,7,6,314,798
tylermcbride,1,798,510,288,222,45,1,0,267,798
katelusive,3,796,506,290,216,29,3,2,245,798
richmondroyals11,1,797,458,339,119,52,1,1,171,798
hayberry,1,796,601,195,406,26,0,1,432,797
anthereddit,2,795,608,187,421,8,2,2,429,797
Tetchy,1,797,584,213,371,28,1,0,399,797
frewp,1,795,650,145,505,72,1,1,577,796
DevourerOfCookies,1,796,618,178,440,26,1,0,466,796
marinadjogic,4,793,607,186,421,24,3,3,445,796
JxGonzo,1,795,573,222,351,16,1,1,367,796
banieldradley,1,795,588,207,381,86,1,0,467,795
Nukls,1,795,598,197,401,62,1,0,463,795
aheller7,1,794,558,236,322,70,1,1,392,795
number1creeper,3,792,545,247,298,21,3,3,319,795
131ackknight,1,794,541,253,288,13,1,1,301,795
HighwireAct,1,794,484,310,174,28,1,1,202,795
j3ffy,1,794,473,321,152,34,1,1,186,795
Deeznutz86,1,794,463,331,132,34,1,1,166,795
shearedlife,1,794,657,137,520,78,1,0,598,794
Cornerian,8,787,599,188,411,21,7,7,432,794
memymineown,1,793,542,251,291,92,1,1,383,794
GodlessInGomorrah,1,793,548,245,303,14,1,1,317,794
Brinkofdawn,2,792,526,266,260,51,2,2,311,794
Manpreetdhot,1,793,520,273,247,21,1,1,268,794
bumblingmumbling,1,792,667,125,542,57,1,1,599,793
doctorsnazzbaggle,1,792,563,229,334,84,1,1,418,793
Xe72q8TZx,1,792,566,226,340,17,1,1,357,793
Cryptonox,1,792,558,234,324,31,1,1,355,793
Zephyr009,1,793,554,239,315,13,1,0,328,793
zagreus9,1,792,534,258,276,44,1,1,320,793
xavur,4,789,540,249,291,22,2,4,313,793
The_Wayfairer,2,791,544,247,297,12,2,2,309,793
njakubow,2,792,512,280,232,61,1,1,293,793
lolalololee,1,792,656,136,520,91,1,0,611,792
tpwpjun20,3,789,620,169,451,43,3,3,494,792
Shart_Craft,1,791,632,159,473,7,1,1,480,792
ddb5049,1,791,599,192,407,4,1,1,411,792
DRUMBSHIT,2,791,574,217,357,45,2,1,402,792
mikebearpig,1,791,528,263,265,11,1,1,276,792
Iamsexyandiknowit,1,790,672,118,554,73,1,1,627,791
TricycleGods,9,782,598,184,414,25,3,9,439,791
Technodude9000,4,789,591,198,393,23,2,2,416,791
The_pillsbury_doeboi,1,790,513,277,236,12,1,1,248,791
13mellman,1,790,500,290,210,17,1,1,227,791
Bikesandcorgis,1,789,638,151,487,20,0,1,507,790
Cam-Will,1,789,592,197,395,28,1,1,423,790
misterhastedt,2,788,558,230,328,39,2,2,367,790
ReignOfTerror,1,789,540,249,291,48,1,1,339,790
PissedInYourCheerios,2,788,535,253,282,20,2,2,302,790
2_feet_too_tall,1,789,510,279,231,7,1,1,238,790
CANADIANxPUNKx,3,786,598,188,410,93,3,3,503,789
Kida89,1,789,634,155,479,15,1,0,494,789
thegayestfaggot,4,787,581,206,375,18,3,2,393,789
ratedhero,1,789,545,244,301,64,1,0,365,789
TestSubject19,1,789,462,327,135,222,1,0,357,789
blue222,1,788,557,231,326,12,1,1,338,789
The_Turbinator,1,788,487,301,186,18,1,1,204,789
spektr,1,788,697,91,606,132,1,0,738,788
Benzona,5,783,659,124,535,17,4,5,552,788
moukou9,3,786,644,142,502,24,3,2,526,788
swsfnnj,1,787,608,179,429,33,0,1,462,788
myfourthHIGHaccount,1,787,604,183,421,18,0,1,439,788
ImpendingxDoom,1,787,537,250,287,29,1,1,316,788
Tetrakis,1,787,502,285,217,28,1,1,245,788
DakotaSeitz,1,786,598,188,410,18,1,1,428,787
Gearhead90,1,786,540,246,294,8,1,1,302,787
HerrGoldfish,1,786,437,349,88,13,1,1,101,787
TheGuv29,2,786,574,212,362,176,1,0,538,786
Dyscal-Culia,1,786,620,166,454,18,1,0,472,786
I_Think_IShit_Myself,5,782,620,162,458,11,5,4,469,786
Ceridwwen,2,784,601,183,418,42,2,2,460,786
adamsawesome10,1,786,558,228,330,85,1,0,415,786
RocketEngineer,1,785,579,206,373,19,1,1,392,786
Von_Miller,2,784,598,186,412,20,1,1,432,785
thclvr1,1,784,592,192,400,16,1,1,416,785
jles,2,783,552,231,321,65,2,2,386,785
julieabee,1,784,574,210,364,5,1,1,369,785
Gremlinskaffa,9,779,652,127,525,20,6,5,545,784
Beatlemaniac9,2,782,634,148,486,31,1,2,517,784
Splogaton,2,782,610,172,438,29,2,2,467,784
rubix5609,2,782,599,183,416,12,2,2,428,784
lostandsafe,1,783,568,215,353,20,1,1,373,784
friednoodles,3,783,546,237,309,29,2,1,338,784
yesjoshyes,2,784,505,279,226,31,2,0,257,784
gomexz,1,783,492,291,201,32,1,1,233,784
thebaysix,1,783,497,286,211,18,1,1,229,784
_Linbaba_,1,783,469,314,155,12,1,1,167,784
milhouse3083,1,782,580,202,378,28,1,1,406,783
UseTheWench,4,779,579,200,379,19,4,4,398,783
watk,1,782,543,239,304,30,1,1,334,783
animalkracker,3,781,669,112,557,51,2,1,608,782
F13thFreak,2,781,630,151,479,56,2,1,535,782
kohlerb,1,781,574,207,367,36,1,1,403,782
LikeHonestlyBro,1,782,491,291,200,44,1,0,244,782
Megadeth619,3,779,471,308,163,25,3,3,188,782
curtissimpson,2,779,585,194,391,9,1,2,400,781
Staplerman3,1,781,571,210,361,21,1,0,382,781
djspacebunny,2,781,513,268,245,54,2,0,299,781
PlumpPlatapus,1,780,517,263,254,11,1,1,265,781
Zeds_dead,1,781,491,290,201,25,1,0,226,781
StopYourWhining,1,781,487,294,193,20,1,0,213,781
slavio,2,778,628,150,478,53,2,2,531,780
gabetron0,4,777,595,182,413,29,4,3,442,780
abearwithcubs,3,777,553,224,329,46,2,3,375,780
mustnotbenamed,1,779,557,222,335,27,1,1,362,780
winstoncash,3,777,515,262,253,62,2,3,315,780
skierbum,1,779,477,302,175,6,1,1,181,780
Zackst,3,776,617,159,458,12,2,3,470,779
ImNotJesus,7,773,584,189,395,37,6,6,432,779
Aoife246,8,771,509,262,247,26,7,8,273,779
comienzo,2,777,501,276,225,31,2,2,256,779
aboynamedsu,1,777,732,45,687,49,1,1,736,778
csqui55,2,776,622,154,468,15,2,2,483,778
yourmomm,2,777,618,159,459,23,2,1,482,778
mike23pizzo,1,777,591,186,405,32,1,1,437,778
thenicky0,2,776,594,182,412,15,2,2,427,778
Razzooz,1,777,572,205,367,55,1,1,422,778
SamBoogie,1,776,621,155,466,25,1,1,491,777
Karthos69,1,776,586,190,396,28,1,1,424,777
Aeroalcky,2,776,549,227,322,74,2,1,396,777
amazingathiestlover,2,777,498,279,219,95,1,0,314,777
isarealboy,1,776,536,240,296,17,1,1,313,777
Vonzipper1337,2,775,535,240,295,16,2,2,311,777
NickRPS,1,777,507,270,237,30,1,0,267,777
He11razor,3,775,470,305,165,94,3,2,259,777
lyssmpls,1,776,502,274,228,3,1,1,231,777
benquartermain,1,776,587,189,398,17,0,0,415,776
InternetLoveMachine,3,773,471,302,169,41,3,3,210,776
mcslamhouse,1,774,589,185,404,9,1,1,413,775
Garby-biscuit,1,775,565,210,355,19,1,0,374,775
calebb,3,772,544,228,316,30,3,3,346,775
LittleHoss,1,774,484,290,194,63,1,1,257,775
Greenlantern187,3,774,500,274,226,18,3,1,244,775
AznBeast42,1,774,494,280,214,8,1,1,222,775
Josh_Hardman,3,772,480,292,188,25,3,3,213,775
ariz0ner,1,773,575,198,377,62,1,1,439,774
Pandalism,2,772,552,220,332,49,2,2,381,774
Wolfmade,1,773,558,215,343,33,1,1,376,774
entre3000,2,773,497,276,221,71,2,1,292,774
tr4656,1,773,469,304,165,96,1,1,261,774
philosyche,4,773,481,292,189,50,4,1,239,774
pinkbarracuda,4,769,663,106,557,8,4,4,565,773
louiefetus,4,769,631,138,493,13,4,4,506,773
LocalMexican,1,773,606,167,439,25,1,0,464,773
hopefullyromantic,1,772,565,207,358,15,1,1,373,773
niibs,2,771,569,202,367,4,2,2,371,773
muellkonto,1,772,546,226,320,30,1,1,350,773
nicshly,1,772,547,225,322,14,1,1,336,773
UrbanShark,4,769,533,236,297,31,4,4,328,773
One_Giant_Nostril,2,770,702,68,634,27,2,2,661,772
MichaelGalos,1,771,633,138,495,31,1,1,526,772
trololololohxc,1,771,580,191,389,31,1,1,420,772
BmrbYes,1,771,559,212,347,40,1,1,387,772
triforcemack,1,771,546,225,321,46,1,1,367,772
Rswany,1,771,520,251,269,14,1,1,283,772
superfr3sh,1,771,503,268,235,10,1,1,245,772
Jonachan,1,771,490,281,209,19,0,1,228,772
Peter_Nincompoop,1,772,492,280,212,6,1,0,218,772
ben587,2,769,620,149,471,18,2,2,489,771
pugwalker,1,770,621,149,472,13,1,1,485,771
g3no,4,769,577,192,385,20,3,2,405,771
JigGuhBo,1,770,502,268,234,27,1,1,261,771
Diquebutt,1,771,496,275,221,20,1,0,241,771
MarkMagdaleno,3,768,488,280,208,25,2,3,233,771
drsatan1,2,770,481,289,192,19,2,1,211,771
strangeitude,1,771,420,351,69,20,1,0,89,771
MrNewking,1,769,628,141,487,11,1,1,498,770
skrillexisokay,1,769,583,186,397,22,0,1,419,770
Misquote_The_Bible,2,768,572,196,376,6,2,2,382,770
stesch,2,768,525,243,282,56,0,2,338,770
XXVII27,2,768,531,237,294,27,2,2,321,770
dE3L,2,768,504,264,240,37,2,2,277,770
scorpionbowl,1,768,619,149,470,19,1,1,489,769
splel_cechk_fwt,5,765,611,154,457,18,5,4,475,769
nachopoop789,1,768,585,183,402,7,0,1,409,769
williammaier,2,767,571,196,375,15,2,2,390,769
BurglarDeCat,1,768,568,200,368,9,1,1,377,769
forgeticus,3,767,536,231,305,16,2,2,321,769
killerado,1,767,671,96,575,100,0,1,675,768
captnwednesday,2,766,642,124,518,20,2,2,538,768
RiveraMarcel,1,767,614,153,461,11,1,1,472,768
nps,1,767,543,224,319,26,0,1,345,768
Spontaneous_Question,2,767,539,228,311,26,2,1,337,768
peitsad,1,767,530,237,293,14,1,1,307,768
herostatus,1,767,510,257,253,9,1,1,262,768
runforrest,1,767,494,273,221,13,1,1,234,768
Demonbrick,2,766,481,285,196,34,2,2,230,768
wackman,1,767,621,146,475,37,1,0,512,767
reillyg,1,766,583,183,400,34,1,1,434,767
yournextfriend,1,766,496,270,226,32,1,1,258,767
mohsinzakaria,1,766,459,307,152,9,1,1,161,767
hirschmj,1,765,585,180,405,29,1,1,434,766
hflol,1,766,529,237,292,56,1,0,348,766
popscythe,1,766,537,229,308,27,1,0,335,766
TheKkatrin,4,763,533,230,303,22,4,3,325,766
bodydouble,1,765,468,297,171,42,1,1,213,766
SEXKlTTEN,3,762,653,109,544,4,3,3,548,765
mlijgib,2,763,568,195,373,123,2,2,496,765
BlazenLumenaze,1,764,500,264,236,144,1,1,380,765
SiirPatron,1,764,560,204,356,13,1,1,369,765
KennyLovesYou,1,764,551,213,338,11,1,1,349,765
sirius25,1,764,536,228,308,7,0,1,315,765
FuglyShmugly,1,764,474,290,184,22,1,1,206,765
reddit_top,1,764,467,297,170,247,1,0,417,764
TurtleCave,5,759,534,225,309,41,4,5,350,764
RollAD6,1,763,480,283,197,84,1,1,281,764
karibear909,1,763,468,295,173,57,1,1,230,764
ShitTalkWarrior,1,762,686,76,610,62,1,1,672,763
disinfectingwipes,1,762,566,196,370,24,1,1,394,763
xyzornat,1,762,555,207,348,12,0,1,360,763
WhyYouThinkThat,1,762,543,219,324,33,1,1,357,763
namrog84,1,762,547,215,332,13,1,1,345,763
ShenTheWise,1,762,502,260,242,32,1,1,274,763
yobmasunshyne,2,761,606,155,451,21,2,1,472,762
danhendricks,3,759,579,180,399,31,3,3,430,762
jwinf843,1,761,555,206,349,53,1,1,402,762
misterrightnow1911,1,761,561,200,361,18,1,1,379,762
CommandoCubone,1,761,566,195,371,5,0,1,376,762
JxSam,1,762,493,269,224,48,1,0,272,762
flip_flap,5,757,497,260,237,19,5,5,256,762
getfuckingreal,1,762,453,309,144,104,1,0,248,762
Hydronaut,1,761,662,99,563,22,1,0,585,761
akvashi24,1,760,632,128,504,14,1,1,518,761
darwins_hoya,1,760,614,146,468,46,1,1,514,761
CrimsonV9,1,760,592,168,424,9,1,1,433,761
IncendiaryAmmo,1,760,588,172,416,10,1,1,426,761
ashep24,1,759,610,149,461,24,1,1,485,760
yodigity,1,759,581,178,403,29,1,1,432,760
ciacciojon,3,757,558,199,359,46,3,3,405,760
Wolfen32,2,758,568,190,378,26,0,2,404,760
Oniros,1,759,551,208,343,26,1,1,369,760
Billymaloney4,1,759,489,270,219,32,1,1,251,760
Aezzem,1,759,461,298,163,15,1,1,178,760
NumberOfFucks,1,758,648,110,538,48,1,1,586,759
RPESteven,1,759,600,159,441,86,1,0,527,759
Shitty-time,1,758,592,166,426,26,1,1,452,759
lillzorz,2,758,595,163,432,10,2,1,442,759
SBecker30,1,758,563,195,368,40,1,1,408,759
Sherlcok,3,758,571,187,384,15,2,1,399,759
blueburnsorange,5,755,563,192,371,20,5,4,391,759
superbamf,1,758,517,241,276,39,1,1,315,759
pragmatao,1,758,438,320,118,65,1,1,183,759
jackooman,1,757,616,141,475,7,1,1,482,758
A_Pissed_Penguin,1,757,574,183,391,11,1,1,402,758
sschudel,1,757,546,211,335,43,1,1,378,758
deathbysnusnu12,18,740,535,205,330,27,8,18,357,758
zigkingdom,2,756,529,227,302,28,1,2,330,758
maryjane111,1,757,522,235,287,8,1,1,295,758
sadderdaysunday,1,758,514,244,270,18,1,0,288,758
edwardsfl,3,754,604,150,454,8,3,3,462,757
jailhawkk,4,753,566,187,379,58,3,4,437,757
boonanana,1,756,549,207,342,11,1,1,353,757
clapper1317,1,757,521,236,285,10,0,0,295,757
indiebass,1,756,518,238,280,13,1,1,293,757
crhone,1,756,508,248,260,23,1,1,283,757
TicTacTaliban,4,754,489,265,224,47,4,3,271,757
halogrand,1,756,496,260,236,10,1,1,246,757
DSice16,2,756,451,305,146,46,1,1,192,757
goddamnhivemind,1,757,464,293,171,10,1,0,181,757
mayafied,1,755,660,95,565,81,1,1,646,756
cheroPjack,1,755,680,75,605,30,1,1,635,756
biafra89,1,755,654,101,553,51,1,1,604,756
JessesGurl,7,750,584,166,418,25,5,6,443,756
gunngunn,2,754,586,168,418,13,1,2,431,756
Infernum,3,754,514,240,274,30,3,2,304,756
rxneutrino,1,755,493,262,231,49,1,1,280,756
Teddster,2,754,429,325,104,14,2,2,118,756
-Gravitron-,2,753,520,233,287,193,2,2,480,755
Bosu_No_Haruhi,1,754,606,148,458,12,1,1,470,755
18bananas,1,754,559,195,364,63,1,1,427,755
100cottage,1,754,564,190,374,48,1,1,422,755
TheRealEggNogAdam,5,752,496,256,240,23,5,3,263,755
thebaine,1,754,474,280,194,43,1,1,237,755
DoctorDeath,1,754,468,286,182,42,0,1,224,755
I_Am_TheSnuggler,2,753,686,67,619,16,1,1,635,754
tylersstandingonit,1,753,611,142,469,67,1,1,536,754
Entrarchy,8,748,594,154,440,80,7,6,520,754
rougetoxicity,2,752,608,144,464,27,0,2,491,754
Doebino,5,749,549,200,349,35,4,5,384,754
woodyallin,5,749,534,215,319,46,2,5,365,754
Moldybooks,2,753,520,233,287,43,2,1,330,754
SirPepperMint,1,753,497,256,241,40,1,1,281,754
cronos844,2,752,492,260,232,16,2,2,248,754
chicken_phat,5,748,561,187,374,45,5,5,419,753
Dub_Duck26,1,752,558,194,364,16,1,1,380,753
clarkeside,3,752,507,245,262,48,3,1,310,753
JantersGonnaJante,2,752,476,276,200,20,2,1,220,753
Shiizzy,1,751,567,184,383,90,1,1,473,752
TooCloseForComfort,1,751,562,189,373,93,1,1,466,752
Watchmen_Hsu,2,750,497,253,244,18,2,2,262,752
batterup1,3,751,453,298,155,85,3,1,240,752
theangrynoobs,3,751,474,277,197,20,2,1,217,752
bennyguitar,3,748,603,145,458,14,2,3,472,751
jesbus,1,751,465,286,179,46,1,0,225,751
stereopump,2,748,633,115,518,57,2,2,575,750
ecudorian,2,748,548,200,348,20,1,2,368,750
toRnandloSt,5,745,534,211,323,26,4,5,349,750
dkman22,6,745,467,278,189,114,4,5,303,750
crusheen,1,749,497,252,245,56,1,1,301,750
hyas1nth,1,749,497,252,245,55,1,1,300,750
DubstepMeGusta,2,748,482,266,216,24,2,2,240,750
Benassi,2,748,449,299,150,34,2,2,184,750
willreavis,1,748,640,108,532,34,0,1,566,749
ddavies5,1,748,598,150,448,79,1,1,527,749
niGhTm4r3,2,747,618,129,489,19,2,2,508,749
DeadmanDexter,1,748,605,143,462,15,1,1,477,749
Politoed6,2,747,576,171,405,10,1,2,415,749
THE_BOSS93,1,748,572,176,396,11,1,1,407,749
lastnamewastaken,1,748,557,191,366,18,1,1,384,749
5shot6shot7shotfloor,3,746,498,248,250,19,3,3,269,749
maddscientist,1,748,473,275,198,56,1,1,254,749
BasslineRaver,1,748,483,265,218,20,1,1,238,749
coolmandan03,5,744,476,268,208,26,4,5,234,749
firebearhero,1,748,482,266,216,7,1,1,223,749
jhughes2223,1,749,474,275,199,12,1,0,211,749
buschleague55,3,747,460,287,173,19,3,2,192,749
jodansokutogeri,1,747,568,179,389,42,0,1,431,748
chincyincincy,1,747,564,183,381,13,1,1,394,748
lutheranian,1,747,463,284,179,204,1,1,383,748
cbopps34,1,748,557,191,366,15,1,0,381,748
Aninga,1,747,522,225,297,23,1,1,320,748
Golfguy5801,2,745,596,149,447,75,2,2,522,747
hbocao,1,747,609,138,471,49,1,0,520,747
MasCapital,2,746,500,246,254,9,2,1,263,747
Hayyden,1,746,481,265,216,6,1,1,222,747
WittyName13,1,745,522,223,299,9,1,1,308,746
StupidBoxFort,2,744,508,236,272,14,2,2,286,746
hippiemachine,4,745,453,292,161,59,4,1,220,746
peachknees,1,746,426,320,106,21,1,0,127,746
zanycaswell,2,743,614,129,485,111,2,2,596,745
doubleMdoubleL,2,743,633,110,523,41,2,2,564,745
TheCrazedOne,1,744,557,187,370,52,0,1,422,745
vodkasasquatch,2,743,563,180,383,12,2,2,395,745
freeloosedirt,1,744,533,211,322,10,1,1,332,745
aedinius,2,743,496,247,249,22,2,2,271,745
course_you_do,2,742,583,159,424,75,2,2,499,744
schuhshine,5,739,533,206,327,19,5,5,346,744
theybuildbuildings,2,743,438,305,133,24,2,1,157,744
baconia,1,743,562,181,381,274,1,0,655,743
comingundone,1,743,653,90,563,27,1,0,590,743
tapanojum,1,742,602,140,462,38,1,1,500,743
bhatch729,2,741,570,171,399,46,0,2,445,743
erk_816,1,743,583,160,423,10,1,0,433,743
drewniverse,7,737,502,235,267,32,7,6,299,743
slimwill,2,741,503,238,265,24,2,2,289,743
jstnrssdwlk,1,742,478,264,214,17,1,1,231,743
shat93,1,742,434,308,126,65,1,1,191,743
slh314,2,740,593,147,446,27,2,2,473,742
jbonz,2,741,562,179,383,46,1,1,429,742
ebrennan10,1,741,565,176,389,11,1,1,400,742
Inaktiv_Wol,2,740,510,230,280,32,2,2,312,742
Qwort,2,742,471,271,200,101,1,0,301,742
Paradox357,1,741,505,236,269,27,1,1,296,742
astrosmash,4,737,623,114,509,22,4,4,531,741
mrmoustache8765,4,738,599,139,460,33,3,3,493,741
tecksbuk,1,741,520,221,299,10,1,0,309,741
NotaMethAddict,8,732,585,147,438,86,6,8,524,740
redsunglasses,1,739,572,167,405,74,1,1,479,740
NickLaz0r,2,738,591,147,444,5,2,2,449,740
goob,1,739,557,182,375,15,0,1,390,740
SlickLithium,1,739,547,192,355,7,1,1,362,740
Wistuba17,3,738,479,259,220,15,3,2,235,740
letsdocoke,4,738,436,302,134,37,4,2,171,740
Cban51,1,739,660,79,581,26,1,0,607,739
sfgeek,2,737,640,97,543,31,2,2,574,739
totellyouthetruth,1,738,615,123,492,77,0,1,569,739
MaRiNexICEx,1,739,538,201,337,64,1,0,401,739
moondawg422,2,738,515,223,292,31,2,1,323,739
Jiggy11,1,739,495,244,251,14,1,0,265,739
DuhStar,2,736,615,121,494,14,1,2,508,738
joshuad80,2,736,568,168,400,33,2,2,433,738
chuckFKNdiesel,1,738,555,183,372,27,1,0,399,738
Dunmor,1,737,530,207,323,54,1,1,377,738
Say_Ocean,1,737,482,255,227,10,1,1,237,738
IllusionOf_Integrity,5,733,590,143,447,299,4,4,746,737
graciefatfacie,1,736,595,141,454,17,1,1,471,737
rohirs,4,734,450,284,166,128,1,3,294,737
MrDynazty,2,735,505,230,275,8,2,2,283,737
Lafret,1,737,398,339,59,175,1,0,234,737
nick27545,1,736,423,313,110,5,1,1,115,737
carny666,3,735,692,43,649,21,3,1,670,736
KelseyN,1,735,598,137,461,14,1,1,475,736
Texas0324,1,735,568,167,401,13,1,1,414,736
WerBlerr,2,734,509,225,284,27,2,2,311,736
pratorian,1,735,469,266,203,51,0,1,254,736
introitus,1,735,472,263,209,28,1,1,237,736
1ns0mn1a,2,736,438,298,140,61,2,0,201,736
practicestabbin,1,735,629,106,523,18,0,0,541,735
2hris,1,734,592,142,450,13,1,1,463,735
rdiddles,1,734,578,156,422,31,1,1,453,735
sittty,3,732,551,181,370,31,3,3,401,735
helarias,1,734,478,256,222,135,1,1,357,735
crapfoodpants,1,734,492,242,250,24,1,1,274,735
AdamLynch,1,734,391,343,48,43,1,1,91,735
Inityx,1,733,599,134,465,22,1,1,487,734
DLLN,3,731,571,160,411,36,2,3,447,734
PaynoH,1,733,566,167,399,14,1,1,413,734
cleggcleggers,2,733,495,238,257,86,2,1,343,734
Erright,1,734,471,263,208,20,1,0,228,734
japanpole,1,733,458,275,183,24,1,1,207,734
amazonosaur,1,733,433,300,133,46,1,1,179,734
dearcatherine,1,733,630,103,527,15,1,0,542,733
RandomUsername55,1,732,610,122,488,7,1,1,495,733
MetaphorSoup,2,732,496,236,260,7,2,1,267,733
clownshoe,2,731,477,254,223,27,1,2,250,733
frenchy1980,1,733,435,298,137,12,1,0,149,733
lookitskelvin,2,730,583,147,436,24,2,2,460,732
thisisitfornow,2,730,496,234,262,6,2,2,268,732
cg2916,4,728,583,145,438,29,1,3,467,731
Notmyrulname_,1,730,564,166,398,38,1,1,436,731
jusksmit,1,730,520,210,310,9,1,1,319,731
erikaosland,1,730,457,273,184,26,1,1,210,731
miluoki,1,729,587,142,445,37,0,1,482,730
thatsthejokeguys,1,729,568,161,407,22,1,1,429,730
captainpiggies,4,726,490,236,254,31,3,4,285,730
majorpaine99,1,729,465,264,201,21,1,1,222,730
ShadowAmbipom,2,728,456,272,184,19,2,2,203,730
Aldundra,3,728,435,293,142,54,3,2,196,730
killing_you_softly,1,728,601,127,474,14,1,1,488,729
Cralineleader,1,728,582,146,436,9,1,1,445,729
hotdamn4chan,1,728,577,151,426,9,1,1,435,729
Numbsphynx,3,726,555,171,384,18,3,3,402,729
Delicrow,3,727,527,200,327,32,1,2,359,729
Wolfenstein22,3,726,502,224,278,41,3,3,319,729
talsemgeest,2,727,416,311,105,38,2,2,143,729
Nbrandwine,3,725,557,168,389,122,3,3,511,728
truthtransmission,1,727,584,143,441,21,1,1,462,728
DickeSchlampe,1,727,545,182,363,7,1,1,370,728
Nortedesigns,6,724,538,186,352,11,5,4,363,728
theamazingjew,4,724,470,254,216,74,4,4,290,728
californiademise3,1,727,497,230,267,16,1,1,283,728
Willb3tray4food,1,726,544,182,362,145,0,1,507,727
Geouug,3,725,547,178,369,17,3,2,386,727
dantealucard823,1,726,522,204,318,21,1,1,339,727
gobanana1,1,727,496,231,265,24,1,0,289,727
Postedavideo,1,726,451,275,176,13,1,1,189,727
HeLiX_C,4,723,538,185,353,73,3,3,426,726
pinchy13,2,724,546,178,368,24,2,2,392,726
1stTWO10,1,725,550,175,375,13,1,1,388,726
nipplenuggets,1,725,510,215,295,32,1,1,327,726
gamergirlbunny,10,716,461,255,206,37,7,10,243,726
Strivez,1,724,574,150,424,33,0,1,457,725
Fadsafda,1,725,579,146,433,11,1,0,444,725
davis1601,1,724,543,181,362,10,1,1,372,725
drctrgenius,2,725,489,236,253,102,2,0,355,725
anikan72,2,723,505,218,287,21,2,2,308,725
101facts,1,724,452,272,180,39,1,1,219,725
AlphaWolf69,1,723,568,155,413,14,1,1,427,724
Always_Naysaying,1,723,438,285,153,55,1,1,208,724
VThokie14,1,723,437,286,151,15,1,1,166,724
kingtrix,1,722,516,206,310,109,1,1,419,723
insaneinthememebrain,2,722,522,200,322,31,2,1,353,723
fullmetalraz,1,722,526,196,330,20,1,1,350,723
mdl4,2,721,508,213,295,30,2,2,325,723
birthstain,1,722,499,223,276,16,1,1,292,723
lasrith,3,720,455,265,190,18,2,3,208,723
RoccoRocco,3,722,456,266,190,11,1,1,201,723
Bolts_and_Nuts,2,721,427,294,133,15,2,2,148,723
Velma_Kelly,1,721,565,156,409,48,1,1,457,722
TonyTheBean,1,721,551,170,381,68,1,1,449,722
donnyt,1,722,556,166,390,26,1,0,416,722
Bobyoby,3,719,467,252,215,95,3,3,310,722
laur7620,3,719,488,231,257,19,3,3,276,722
servohahn,1,722,453,269,184,16,1,0,200,722
candy21101,3,718,558,160,398,16,1,3,414,721
JonLuca,8,714,544,170,374,35,7,7,409,721
tsaifer,1,720,454,266,188,25,1,1,213,721
Jherome58,3,718,422,296,126,41,2,3,167,721
derpsei,1,720,416,304,112,6,1,1,118,721
koshkakartoshka,5,717,612,105,507,34,5,3,541,720
ThePowerOfGeek,1,720,569,151,418,35,1,0,453,720
somerandomdude3,1,719,544,175,369,56,1,1,425,720
BUCKMEISTERFULLER,1,719,542,177,365,39,1,1,404,720
guitargriffin,2,718,555,163,392,6,2,2,398,720
Taters625,3,717,535,182,353,43,3,3,396,720
zipmic,1,719,514,205,309,8,1,1,317,720
airportdrunk,1,719,452,267,185,77,1,1,262,720
introducing23,1,718,573,145,428,25,1,1,453,719
MattHeavi,1,718,569,149,420,31,1,1,451,719
MarebaraKeiichi,1,718,556,162,394,39,1,1,433,719
imwatchinu,1,718,548,170,378,35,1,1,413,719
Tromeen1972,1,718,558,160,398,10,1,1,408,719
TheRedBlueberry,1,718,491,227,264,23,0,1,287,719
sweeptheaorta,1,719,492,227,265,20,1,0,285,719
eafkuor,1,718,451,267,184,83,1,1,267,719
DanJuice,1,718,478,240,238,20,0,1,258,719
appydays,3,716,626,90,536,27,2,2,563,718
omnicist,4,714,563,151,412,8,4,4,420,718
chaos1224,3,715,519,196,323,31,3,3,354,718
timgaga,2,716,522,194,328,24,2,2,352,718
AquaEights,3,715,506,209,297,20,3,3,317,718
troller10,1,718,471,247,224,19,1,0,243,718
razor01,1,718,438,280,158,15,1,0,173,718
ishyaboy,2,715,571,144,427,13,2,2,440,717
Sweetdaddyde,1,716,556,160,396,24,1,1,420,717
fatziggy,2,715,516,199,317,39,2,2,356,717
DullDieHard,2,715,450,265,185,150,2,2,335,717
zonkyslayer,1,716,499,217,282,39,1,1,321,717
stay_easy,1,716,502,214,288,12,1,1,300,717
AtheistNamedFaith,1,716,498,218,280,15,1,1,295,717
denalidee,1,716,489,227,262,12,1,1,274,717
WYMIISNTYAWYS,1,716,475,241,234,17,1,1,251,717
Jimskee,1,716,477,239,238,6,1,1,244,717
zpcraft,1,716,438,278,160,13,1,1,173,717
dhavalhirdhav,1,716,414,302,112,15,1,1,127,717
cobbicus333,2,714,600,114,486,80,2,2,566,716
oldswirlo,1,715,592,123,469,5,1,1,474,716
Albatoonoe,1,715,501,214,287,66,1,1,353,716
Engenuity,2,715,501,214,287,7,1,1,294,716
Battle4Seattle,1,715,492,223,269,23,0,1,292,716
Bottleman,7,711,459,252,207,64,7,5,271,716
Visola,1,715,421,294,127,31,1,1,158,716
XemnesBW,1,716,428,288,140,15,1,0,155,716
sweatysocks,1,714,653,61,592,37,1,1,629,715
ThePwnStick,1,715,477,238,239,211,1,0,450,715
MT_Vittle_Me,2,713,559,154,405,23,2,2,428,715
funkboy27,1,715,475,240,235,123,1,0,358,715
drewgarske,15,700,501,199,302,22,9,15,324,715
nowaydood,1,715,469,246,223,13,1,0,236,715
Starnois,1,713,515,198,317,21,1,1,338,714
BoldxFresh,4,710,480,230,250,65,4,4,315,714
imgonnawin,2,712,477,235,242,39,2,2,281,714
TILwhofarted,1,713,491,222,269,4,1,1,273,714
xtriickster8,2,714,466,248,218,8,1,0,226,714
AwkwardlyPlacedWink,1,712,592,120,472,11,1,1,483,713
kirroyale,1,712,539,173,366,93,0,1,459,713
ackc522,1,713,555,158,397,32,1,0,429,713
BenitoBro,1,712,469,243,226,136,1,1,362,713
nonex,2,712,499,213,286,33,2,1,319,713
gettingnerdy,1,712,473,239,234,84,1,1,318,713
turduckenstan,2,712,463,249,214,54,2,1,268,713
klobbermang,1,713,413,300,113,26,1,0,139,713
zombieladykiller,2,710,612,98,514,10,2,2,524,712
myrepostingexperimen,2,710,569,141,428,14,2,2,442,712
JudiciousJay,1,711,568,143,425,7,1,1,432,712
elmn8tr,1,711,545,166,379,9,1,1,388,712
Freedem35,3,709,523,186,337,33,3,3,370,712
sinfulgamer_,1,711,430,281,149,12,1,1,161,712
toppel5,2,710,556,154,402,26,2,1,428,711
Arctrum,4,707,530,177,353,60,2,4,413,711
hoti0101,1,711,489,222,267,145,1,0,412,711
komse,2,709,501,208,293,18,2,2,311,711
xizorkatarn,1,710,485,225,260,45,1,1,305,711
AngryJozh,1,711,468,243,225,4,1,0,229,711
zidler17,2,708,636,72,564,19,2,2,583,710
Sokonomi,1,709,601,108,493,3,0,1,496,710
TurtleStroker,1,709,511,198,313,11,1,1,324,710
konsollfreak,1,709,486,223,263,19,1,1,282,710
rebekuhisdashit,1,710,459,251,208,28,1,0,236,710
BrookMorrison,4,706,442,264,178,22,4,4,200,710
HolyTak,1,709,431,278,153,22,1,1,175,710
Rawdog_69,3,707,526,181,345,37,1,2,382,709
blooye,1,708,527,181,346,4,1,1,350,709
cplguy,10,700,485,215,270,31,10,9,301,709
redpanda252,1,708,461,247,214,82,1,1,296,709
Dinasoursarealive,2,707,471,236,235,12,2,2,247,709
RNecromancer,1,707,498,209,289,167,1,1,456,708
roopn,2,707,561,146,415,14,1,1,429,708
Parsignia,3,706,551,155,396,29,3,2,425,708
Bigal1542,3,706,479,227,252,37,2,2,289,708
rugbyx,1,707,426,281,145,38,1,1,183,708
OnceAndFutureThing,1,706,564,142,422,167,1,1,589,707
djfacemachine,1,706,575,131,444,19,1,1,463,707
stillydgnYDG,2,705,575,130,445,18,1,2,463,707
FunsizedJenny,1,706,565,141,424,16,1,1,440,707
tohsimas135,1,706,563,143,420,20,1,1,440,707
Perk-a-Derk,1,706,547,159,388,23,1,1,411,707
IamMNightShyamalan,3,704,523,181,342,15,3,3,357,707
dave786,3,705,517,188,329,25,3,2,354,707
moosemoose12,1,706,495,211,284,13,1,1,297,707
chiknnugt,1,707,482,225,257,21,1,0,278,707
ihawktech,1,707,424,283,141,13,1,0,154,707
redalurk,1,705,587,118,469,14,0,1,483,706
-1-3-8-,1,705,557,148,409,19,0,1,428,706
deadfermata,2,705,521,184,337,23,2,1,360,706
zach7953,1,705,528,177,351,4,1,1,355,706
FerociousImbecile,9,699,475,224,251,90,7,7,341,706
Bogdan12spore,4,702,504,198,306,24,3,4,330,706
New-Guy-Redditor,1,705,468,237,231,11,1,1,242,706
JoeDusk,1,706,428,278,150,54,1,0,204,706
Th1rtyThr33,1,706,426,280,146,51,1,0,197,706
_tweaks,2,703,613,90,523,16,2,2,539,705
christopheles,1,705,553,152,401,58,1,0,459,705
kanodonn,2,703,518,185,333,28,2,2,361,705
SirLaxer,1,704,492,212,280,10,1,1,290,705
Broseph_Waxley,1,704,423,281,142,20,1,1,162,705
polarbz,1,703,557,146,411,61,1,1,472,704
jawhnii,2,702,577,125,452,18,1,2,470,704
balonibutt,1,703,521,182,339,13,0,1,352,704
derogatorysphinx,1,704,499,205,294,18,1,0,312,704
henryl25,1,703,454,249,205,56,1,1,261,704
AJRiddle,1,704,451,253,198,25,1,0,223,704
ShootMinePlay,1,703,423,280,143,11,1,1,154,704
TheNork,1,703,602,101,501,15,1,0,516,703
brad_harless2010,1,702,583,119,464,13,1,1,477,703
Bobbacar,1,702,572,130,442,34,1,1,476,703
Beefus_of_Canada,1,702,499,203,296,148,1,1,444,703
paeniz,3,701,520,181,339,14,1,2,353,703
peno_asslace,1,703,441,262,179,92,1,0,271,703
HannahDanielle,1,702,462,240,222,10,1,1,232,703
paperbagprincess,1,702,456,246,210,6,1,1,216,703
ic9deadpeople,1,701,587,114,473,39,0,1,512,702
becausepuppies,1,701,594,107,487,5,1,1,492,702
Tonks11,2,700,491,209,282,27,2,2,309,702
bittercupojoe,2,700,456,244,212,15,2,2,227,702
abdrone,1,701,410,291,119,10,1,1,129,702
Mienio,2,699,588,111,477,55,2,2,532,701
Syzzzygy,1,700,560,140,420,17,1,1,437,701
lenchmob,1,700,506,194,312,48,1,1,360,701
WolfDemon,2,699,513,186,327,23,2,2,350,701
imuro,1,700,491,209,282,6,1,1,288,701
X_StreetCred_X,1,700,437,263,174,47,1,1,221,701
ZeBauss,2,701,440,261,179,4,2,0,183,701
cino237,1,701,427,274,153,21,1,0,174,701
Gold_likes_epic,1,699,507,192,315,12,1,1,327,700
babby_jesus,2,700,467,233,234,16,1,0,250,700
FarSide792,1,699,456,243,213,24,1,1,237,700
ragingbuns,1,699,524,175,349,72,1,0,421,699
Ridiciliculous,1,699,507,192,315,24,1,0,339,699
pookiemon,1,698,444,254,190,46,1,1,236,699
lgriffin123,5,694,436,258,178,55,5,5,233,699
Nephshano,1,698,421,277,144,10,1,1,154,699
Studmonkey3,1,697,566,131,435,12,1,1,447,698
Huggbees,2,696,548,148,400,28,2,2,428,698
mod101,1,697,541,156,385,9,1,1,394,698
moammargandalfi,4,695,513,182,331,14,3,3,345,698
thrillhouse3671,2,696,506,190,316,18,1,2,334,698
browens13,4,694,478,216,262,24,4,4,286,698
TheMoistTip,1,697,438,259,179,69,1,1,248,698
CrazedSquirrel22,1,698,432,266,166,22,1,0,188,698
TalkingMuffin85,1,696,589,107,482,35,0,1,517,697
WakingWind,1,696,541,155,386,36,1,1,422,697
Oxford_karma,2,695,544,151,393,26,1,2,419,697
jeffythunders,2,696,492,204,288,31,2,1,319,697
ObjectionYourHonor,2,696,466,230,236,50,2,1,286,697
Troller97,1,696,480,216,264,13,1,1,277,697
jslice_,1,696,475,221,254,13,1,1,267,697
emp733,1,696,455,241,214,29,1,1,243,697
weaselgregory13,2,694,587,107,480,12,2,2,492,696
zelom37,1,696,569,127,442,14,1,0,456,696
songbird2488,2,694,557,137,420,10,1,2,430,696
avnerd,3,694,521,173,348,11,3,2,359,696
epic_ghost1237,2,694,493,201,292,52,2,2,344,696
MCCornflake1,1,695,490,205,285,21,1,1,306,696
Sd56fan,1,695,471,224,247,14,1,1,261,696
bsuch,1,696,450,246,204,20,1,0,224,696
LeftPocket,1,696,415,281,134,25,1,0,159,696
mclaughlin6464,2,694,598,96,502,22,2,1,524,695
kreiffer,1,695,545,150,395,12,1,0,407,695
adamcollins87,1,694,527,167,360,14,1,1,374,695
Tessonia,1,694,465,229,236,52,1,1,288,695
Joe197,1,695,471,224,247,19,1,0,266,695
sammymcjack,1,694,468,226,242,8,1,1,250,695
LTL,1,693,544,149,395,29,1,1,424,694
LioydJour,1,694,505,189,316,26,1,0,342,694
Niklasas,1,693,467,226,241,16,1,1,257,694
ojolejano,2,692,434,258,176,14,2,2,190,694
lowsodiumpolio,2,693,548,145,403,51,1,0,454,693
amkurtz,1,693,522,171,351,39,1,0,390,693
donkanis,1,692,503,189,314,31,1,1,345,693
sheletor,1,692,451,241,210,11,1,1,221,693
VirtualWork,1,693,417,276,141,21,1,0,162,693
vvarpidgeon,1,691,596,95,501,96,1,1,597,692
Irf00,1,692,531,161,370,15,1,0,385,692
lowguns3,5,689,511,178,333,35,4,3,368,692
InfantDick,1,691,471,220,251,13,1,1,264,692
chchCheese,2,690,448,242,206,15,2,2,221,692
katiekaypotatofry,2,690,410,280,130,20,2,2,150,692
vagijn,1,690,562,128,434,27,1,1,461,691
HomerG,1,690,559,131,428,24,1,1,452,691
pizzapizza420,1,691,545,146,399,51,1,0,450,691
Travelling_Turnip,1,691,540,151,389,36,1,0,425,691
Liam_Nissan,1,690,506,184,322,28,1,1,350,691
tmla,1,691,476,215,261,8,1,0,269,691
khan13,1,690,463,227,236,8,1,1,244,691
Mangster6302,1,691,440,251,189,39,1,0,228,691
Woolfenstien,1,690,620,70,550,14,1,0,564,690
MrSamKing,1,689,563,126,437,45,1,1,482,690
departedbasterd,1,689,544,145,399,50,1,1,449,690
gimmesomefiction,3,687,540,147,393,15,3,3,408,690
anotherDocObVious,1,689,543,146,397,7,0,1,404,690
MapleAdams,1,689,531,158,373,14,1,1,387,690
MiDaWest,2,689,521,168,353,28,2,1,381,690
boronoxygen,1,689,510,179,331,40,1,1,371,690
theillinestvillain,1,689,522,167,355,13,1,1,368,690
piraptedpi,1,689,496,193,303,25,1,1,328,690
Honeybadger90,1,689,505,184,321,5,0,1,326,690
KravenDanger,1,689,483,206,277,5,1,1,282,690
Exstatic_Iguana,1,689,455,234,221,21,0,1,242,690
vaudevillevik,1,689,453,236,217,8,1,1,225,690
ketchupwfries,1,689,411,278,133,9,1,1,142,690
I_Dont_Eat,2,687,600,87,513,60,1,2,573,689
lickBallZ,1,688,535,153,382,30,0,1,412,689
TheBlindJustice,2,687,534,153,381,27,2,2,408,689
RobosaurusRex2000,2,687,453,234,219,32,2,2,251,689
Sinarian,1,687,599,88,511,6,0,1,517,688
MrewDorrison,1,687,497,190,307,12,1,1,319,688
DrFourton,1,687,479,208,271,14,1,1,285,688
Sizzmo,1,687,405,282,123,14,1,1,137,688
BlueBloxman,1,686,569,117,452,5,0,1,457,687
wakeupsheep,1,686,535,151,384,17,1,1,401,687
jconstam,1,686,532,154,378,14,1,1,392,687
my_b_folder,1,686,489,197,292,16,1,1,308,687
Yedudenope,2,685,484,201,283,21,2,2,304,687
JacknCoke19,1,686,481,205,276,10,1,1,286,687
BillDAWG,1,687,463,224,239,30,1,0,269,687
mtfr,1,687,408,279,129,17,1,0,146,687
StalinsLastStand,2,686,400,286,114,26,2,1,140,687
Elfking,2,684,519,165,354,43,2,2,397,686
DakotaIndustries,2,684,503,181,322,17,2,2,339,686
rkaz246,3,683,480,203,277,9,3,3,286,686
chloroformperfume,1,685,460,225,235,12,1,1,247,686
KangarooSong,1,684,539,145,394,8,1,1,402,685
bezenartw,1,685,506,179,327,40,1,0,367,685
tombah99,2,684,507,177,330,10,2,1,340,685
FrancisDollarHyde,2,683,470,213,257,32,2,2,289,685
minibum,1,684,464,220,244,42,1,1,286,685
nghtcrawler5,1,684,418,266,152,69,1,1,221,685
cyberfreak77,2,684,436,248,188,30,1,1,218,685
AllMightyWalrus,3,681,479,202,277,230,1,3,507,684
Austin_OL,1,684,544,140,404,34,1,0,438,684
TheyCallMeStewie,2,682,483,199,284,12,2,2,296,684
trav1sss,1,683,485,198,287,7,1,1,294,684
rocksteady516,1,683,458,225,233,25,1,1,258,684
magicporcupine5,1,683,453,230,223,15,1,1,238,684
justerik,2,682,431,251,180,22,2,2,202,684
sgtdisembodied,1,683,436,247,189,5,1,1,194,684
Rolanditis,1,683,424,259,165,25,1,1,190,684
JazzyPanda7,1,684,413,271,142,12,1,0,154,684
bamfmcgee,1,682,490,192,298,8,1,1,306,683
Glueyfeathers,1,682,433,249,184,26,1,1,210,683
oreoisfat,1,682,398,284,114,23,1,1,137,683
DeskFlyer,3,679,605,74,531,58,3,3,589,682
TehRainbowKiwi,1,681,591,90,501,17,1,1,518,682
tcmmct,3,679,517,162,355,28,3,3,383,682
BoiledEggs,1,682,440,242,198,58,1,0,256,682
foziebear,1,682,387,295,92,37,1,0,129,682
whodeywant_flip,1,680,595,85,510,25,1,1,535,681
PagePark,1,680,499,181,318,13,1,1,331,681
Respondir,1,679,559,120,439,27,1,1,466,680
TheJonzeRocket,3,677,516,161,355,15,2,3,370,680
RamenPoodle,1,679,509,170,339,15,1,1,354,680
humbug_ok,1,679,478,201,277,23,1,1,300,680
Vincent133,1,679,441,238,203,52,1,1,255,680
B33sting,2,678,422,256,166,13,2,2,179,680
EndofRebirth,1,678,512,166,346,11,1,1,357,679
Taviiiiii,3,676,499,177,322,22,2,3,344,679
PHALLUS_OF_MALICE,1,678,467,211,256,38,1,1,294,679
mongoosity,1,678,463,215,248,27,1,1,275,679
Chargos,1,678,463,215,248,14,1,1,262,679
toucher,2,678,554,124,430,27,2,0,457,678
honeybadgerZA,2,676,530,146,384,9,2,2,393,678
seoulbandit84,9,671,510,161,349,31,8,7,380,678
oneslyfox,1,677,481,196,285,16,1,1,301,678
princen,1,677,410,267,143,68,1,1,211,678
saggy_vegetables,1,677,427,250,177,19,1,1,196,678
giava,1,678,424,254,170,12,1,0,182,678
GIJesus,1,678,399,279,120,22,1,0,142,678
jakernaut117,1,676,517,159,358,78,1,1,436,677
roflbox,2,677,526,151,375,60,2,0,435,677
Sternenlicht,2,676,525,151,374,28,2,1,402,677
ayukhimets,8,670,480,190,290,17,8,7,307,677
tapiralec,1,676,463,213,250,3,1,1,253,677
Krissprolls,1,676,383,293,90,52,1,1,142,677
cool_playa,2,674,450,224,226,51,2,2,277,676
Live4FruitsBasket,1,676,440,236,204,9,1,0,213,676
service_plumber,1,675,437,238,199,12,1,1,211,676
Brukarnamn,1,674,549,125,424,32,0,1,456,675
iRodTouch,1,674,547,127,420,9,1,1,429,675
bmx4life54321,1,674,516,158,358,20,1,1,378,675
Jogore,1,674,514,160,354,12,1,1,366,675
remembername,4,672,492,180,312,41,2,3,353,675
ogge7,1,674,482,192,290,33,1,1,323,675
jordan7797,2,673,472,201,271,50,1,2,321,675
Driese,1,674,471,203,268,19,1,1,287,675
offworld92,1,674,470,204,266,9,1,1,275,675
juandell,2,673,432,241,191,48,2,2,239,675
Murphy_Its_You,1,674,426,248,178,17,1,1,195,675
ADIDASyesADIDAS,1,673,551,122,429,8,1,1,437,674
mrfresh5,1,673,533,140,393,20,1,1,413,674
munchy508,1,673,531,142,389,2,1,1,391,674
urgenham,1,673,501,172,329,55,1,1,384,674
btwomfgstfu,1,673,480,193,287,10,1,1,297,674
IAmAllowedOutside,1,673,431,242,189,53,1,1,242,674
ThrustLust2000,1,672,568,104,464,4,0,1,468,673
miss_ksterner,4,669,546,123,423,15,4,4,438,673
Gramatik,4,670,530,140,390,40,4,3,430,673
The_Friskiest_Dingo,2,671,522,149,373,24,2,2,397,673
Louis0nFire,1,672,518,154,364,25,1,1,389,673
tightinaspeedo,1,672,579,93,486,9,1,0,495,672
VeronicaFaithhh,2,671,573,98,475,12,1,1,487,672
kaylaism,2,671,487,184,303,20,2,1,323,672
missstar,3,670,412,258,154,64,2,2,218,672
angry_zellers,3,671,412,259,153,26,3,1,179,672
phisherman662,1,671,395,276,119,27,1,1,146,672
TheFunkyCat,1,671,575,96,479,80,1,0,559,671
esparza74,2,669,556,113,443,27,1,2,470,671
Protozoanic,1,669,554,115,439,7,0,1,446,670
chuckthecoolkid,1,669,542,127,415,8,1,1,423,670
DrWobbler,2,668,486,182,304,91,1,2,395,670
Thausex,1,669,513,156,357,25,0,1,382,670
Dahaole,1,669,489,180,309,28,1,1,337,670
Whistlepig71,2,668,461,207,254,56,2,2,310,670
glodarzz,1,669,435,234,201,79,1,1,280,670
smurrth,4,667,432,235,197,18,4,3,215,670
banditmcgee,1,668,536,132,404,26,1,1,430,669
shartcheddar,1,668,506,162,344,38,1,1,382,669
N3koChan,3,667,489,178,311,20,3,2,331,669
ionlyrepost,2,667,459,208,251,55,2,2,306,669
deyterkyerjerb,2,668,475,193,282,10,2,1,292,669
kandeskie,1,668,467,201,266,21,1,1,287,669
GenericCanadian,1,668,468,200,268,16,1,1,284,669
almosttherebutnotrea,2,667,464,203,261,22,2,2,283,669
boosterjoose,1,668,380,288,92,19,1,1,111,669
jhw549,2,666,547,119,428,69,2,2,497,668
trigg73,4,664,539,125,414,16,4,4,430,668
theknowledger,1,668,526,142,384,26,1,0,410,668
ILLED,1,667,498,169,329,11,0,1,340,668
WasayZ,1,667,465,202,263,34,0,1,297,668
that1guywithredhair,1,667,473,194,279,15,0,1,294,668
wookie89,1,667,446,221,225,12,1,1,237,668
shampistols76,2,668,420,248,172,9,2,0,181,668
Pineh,1,667,374,293,81,37,1,1,118,668
Lemonegro,2,668,377,291,86,29,2,0,115,668
rightsbot,1,667,537,130,407,6,1,0,413,667
Reginleif,1,666,497,169,328,21,1,1,349,667
Davincivik,1,666,442,224,218,95,1,1,313,667
theKalash,1,666,480,186,294,14,1,1,308,667
xb4r7x,1,666,437,229,208,23,1,1,231,667
drunkendonuts,2,666,416,250,166,63,2,1,229,667
afghanistanbanastand,1,667,430,237,193,20,1,0,213,667
WhiteWhale42,1,666,398,268,130,6,1,1,136,667
c_a_turner,1,666,375,291,84,18,1,1,102,667
ChitownBulls,1,665,580,85,495,13,1,1,508,666
colloquy,1,666,549,117,432,63,1,0,495,666
chellylauren,1,665,546,119,427,46,1,1,473,666
iambrundlefly,4,664,548,116,432,28,2,2,460,666
Sdingel,1,665,526,139,387,55,1,1,442,666
jabaloop,7,659,528,131,397,24,7,7,421,666
WheelBarrows,2,664,538,126,412,4,2,2,416,666
AsifKaz,1,665,493,172,321,13,0,1,334,666
kevo1237,1,665,445,220,225,22,1,1,247,666
jtle24,1,665,449,216,233,13,1,1,246,666
iloveue,3,663,421,242,179,13,3,3,192,666
ekarshi,2,663,536,127,409,8,2,2,417,665
blufox4900,1,664,517,147,370,15,1,1,385,665
ApologeticCanadian,2,663,496,167,329,41,2,2,370,665
Alexxandros,3,662,493,169,324,39,3,3,363,665
exizt,2,663,489,174,315,19,2,2,334,665
Smotethef0rk,1,664,491,173,318,6,1,1,324,665
jam3zz,1,664,413,251,162,42,1,1,204,665
ihaveabomb,1,664,414,250,164,8,1,1,172,665
eklipse01022,1,663,564,99,465,26,1,1,491,664
GotAccordion,11,653,547,106,441,31,6,11,472,664
ntwdude,2,664,505,159,346,44,1,0,390,664
Negro_Napoleon,6,659,488,171,317,15,5,5,332,664
Seburrstian,1,663,470,193,277,18,0,1,295,664
NotSoMichaelangelo,3,660,536,124,412,42,2,3,454,663
Lost_Thought,1,663,543,120,423,10,1,0,433,663
brown_bean,1,662,543,119,424,6,0,1,430,663
TehBiblae,2,661,504,157,347,22,2,2,369,663
bradleypaul82,2,661,465,196,269,19,1,2,288,663
ceho,1,663,447,216,231,9,1,0,240,663
jamieleto,2,660,516,144,372,13,2,2,385,662
Mailboxjackson23,1,661,503,158,345,13,1,1,358,662
swedishfurnishings,1,662,490,172,318,26,1,0,344,662
torsk,1,661,482,179,303,21,1,1,324,662
D-Fence,2,660,461,199,262,18,1,2,280,662
Hella_Norcal,1,661,417,244,173,26,1,1,199,662
thats-so-gay,3,658,552,106,446,58,3,3,504,661
kelsbar,1,660,553,107,446,16,1,1,462,661
crazyguns,1,660,510,150,360,15,1,1,375,661
WATUP_BRAH,1,660,485,175,310,23,1,1,333,661
Atticus_Flinch,1,661,458,203,255,36,1,0,291,661
deptii,1,660,466,194,272,5,1,1,277,661
hundizzle,1,661,459,202,257,17,1,0,274,661
joekerr_tv,1,661,414,247,167,91,1,0,258,661
eZCoffeE,2,660,455,205,250,7,2,1,257,661
abusivemoo,1,660,390,270,120,28,1,1,148,661
zramsell,1,659,565,94,471,73,1,1,544,660
hprshredder,1,659,496,163,333,19,1,1,352,660
CanniBusDriver,2,658,497,161,336,14,2,2,350,660
joshistheman3,1,659,459,200,259,20,1,1,279,660
keeper6701,2,658,437,221,216,51,2,2,267,660
Jopinder,1,658,536,122,414,17,1,1,431,659
oiturtlez,2,657,478,179,299,97,2,2,396,659
U4IC,1,658,480,178,302,20,1,1,322,659
4FukSake,3,657,406,251,155,28,3,2,183,659
hougs199,1,657,495,162,333,209,1,1,542,658
shaggorama,1,657,543,114,429,23,0,1,452,658
Cebuboy,2,656,525,131,394,49,2,2,443,658
yelnatz,2,656,479,177,302,13,2,2,315,658
googie_g15,5,655,454,201,253,51,5,3,304,658
musolff92,1,657,466,191,275,21,1,1,296,658
clearlyreading,6,653,462,191,271,12,4,5,283,658
nickyvincenth,1,656,551,105,446,19,0,1,465,657
TitaniumShovel,4,655,469,186,283,28,4,2,311,657
Lawrence789,3,654,474,180,294,17,2,3,311,657
JewsusKingKhan,1,656,455,201,254,27,1,1,281,657
GM7b5,1,657,407,250,157,57,1,0,214,657
ActionHotDogGo,2,656,372,284,88,26,2,1,114,657
hinduchild,1,655,550,105,445,17,1,1,462,656
rhoswhen,1,655,513,142,371,8,1,1,379,656
Limitless101,4,652,493,159,334,8,3,4,342,656
explosive_diarrhea,1,656,430,226,204,14,1,0,218,656
Valtieri,1,654,548,106,442,24,1,1,466,655
tommy13v,2,653,513,140,373,8,2,2,381,655
cdp1193,1,654,503,151,352,17,1,1,369,655
rent0n86,2,653,490,163,327,12,2,2,339,655
EnvyAdams,3,652,462,190,272,37,3,3,309,655
yanniD,2,653,417,236,181,57,2,2,238,655
Noobfish,1,654,415,239,176,9,1,1,185,655
Lemonface,1,655,406,249,157,12,1,0,169,655
DrWatson21,1,654,549,105,444,83,1,0,527,654
Kylanorrie,5,649,549,100,449,21,4,5,470,654
adrenaline_rush,1,654,532,122,410,19,1,0,429,654
Nolanoscopy,5,650,489,161,328,31,4,4,359,654
wafflestix,2,653,411,242,169,123,2,1,292,654
DarthWeezie,2,652,445,207,238,35,2,2,273,654
hunt3rshadow,1,654,394,260,134,31,1,0,165,654
the_boss_23,2,651,525,126,399,44,2,2,443,653
hawtsoup,1,653,525,128,397,10,1,0,407,653
AR777,1,652,443,209,234,50,1,1,284,653
Natanus122,2,650,576,74,502,29,1,2,531,652
ImminentDecay,2,651,547,104,443,14,0,1,457,652
CQuintanilla218,1,652,528,124,404,11,1,0,415,652
4the1st,1,651,514,137,377,16,1,1,393,652
toy205,1,651,480,171,309,17,0,1,326,652
sudbury,1,651,456,195,261,26,1,1,287,652
AbbyMoriah,2,651,464,187,277,8,2,1,285,652
HuXu7,2,651,433,218,215,32,2,1,247,652
ereldar,2,651,433,218,215,13,2,1,228,652
skierCT,1,650,543,107,436,36,0,1,472,651
GoodGuy04,1,650,514,136,378,18,1,1,396,651
vohit4rohit,3,649,502,147,355,20,2,2,375,651
run2014,2,650,441,209,232,31,2,1,263,651
VforVenreddit,1,650,446,204,242,7,1,1,249,651
drfunshine,1,650,396,254,142,70,1,1,212,651
Irony_Maiden,1,650,394,256,138,7,1,1,145,651
cphoover,1,649,582,67,515,82,1,1,597,650
ITStheFIVEwordGENIE,2,649,547,102,445,5,0,1,450,650
sambond1,2,648,498,150,348,21,2,2,369,650
ghostsquad57,2,648,497,151,346,11,2,2,357,650
oMachetteo,2,649,436,213,223,12,2,1,235,650
Lilday,3,646,583,63,520,78,2,3,598,649
FallenAngelShi,1,648,573,75,498,29,1,1,527,649
andr0medam31,1,648,570,78,492,25,1,1,517,649
DeadOnDrugs,2,647,552,95,457,26,2,2,483,649
Father_Torch,2,648,472,176,296,42,1,1,338,649
KittenSquish,2,647,485,162,323,13,2,2,336,649
jaguarpaws7,8,641,460,181,279,2,7,8,281,649
pizzaperty,1,648,447,201,246,27,1,1,273,649
deepsubs1200,1,648,412,236,176,3,1,1,179,649
nward21,6,644,390,254,136,39,5,5,175,649
greeneggsnham,6,642,580,62,518,52,2,6,570,648
Kornikus,1,647,504,143,361,31,1,1,392,648
ravenpride,4,644,480,164,316,21,2,4,337,648
csdev,1,648,470,178,292,43,1,0,335,648
JerMenKoO,1,648,465,183,282,23,1,0,305,648
drofenaz,1,647,383,264,119,15,1,1,134,648
flexmyrex,1,647,364,283,81,26,1,1,107,648
thesupermooper,1,647,552,95,457,30,1,0,487,647
j508,1,646,548,98,450,15,1,1,465,647
captnyxa,1,646,489,157,332,13,0,1,345,647
KatyScratchPerry,1,646,458,188,270,7,1,1,277,647
iamslm22,2,645,397,248,149,24,1,2,173,647
hotjoelove,3,644,523,121,402,14,3,2,416,646
Rawso,1,645,495,150,345,24,1,1,369,646
nujavalabes,4,642,493,149,344,19,4,4,363,646
SenorFluffy,2,644,493,151,342,18,2,2,360,646
omgcatsandppl,1,645,488,157,331,6,1,1,337,646
MajorN00b,1,645,474,171,303,19,0,1,322,646
ThaGovernor,1,645,468,177,291,14,1,1,305,646
JTIZNIPS,1,646,420,226,194,40,1,0,234,646
cheapdvds,2,644,424,220,204,14,2,2,218,646
ICanSeeTheWholeRoom,1,644,587,57,530,5,1,1,535,645
bonesmccoy,1,644,480,164,316,9,1,1,325,645
sheayesac,1,644,466,178,288,19,1,1,307,645
arpeggi4,1,643,530,113,417,69,1,1,486,644
TheKhajiit,1,643,467,176,291,138,1,1,429,644
Anti-Citizen,1,644,475,169,306,57,1,0,363,644
dampierp,1,643,474,169,305,11,1,1,316,644
Georgesthoughts,3,641,461,180,281,16,3,3,297,644
MusicLikeDNB,2,642,434,208,226,35,2,2,261,644
Dustinm16,1,644,405,239,166,4,1,0,170,644
Yakobalhassan,1,642,466,176,290,99,1,1,389,643
Hoaxmetal,2,641,491,150,341,13,2,2,354,643
JustDroppinBy,1,642,447,195,252,21,1,1,273,643
Frenchesca,1,642,446,196,250,10,1,1,260,643
arya__stark,1,643,417,226,191,67,1,0,258,643
atomicwrangler,1,641,570,71,499,14,1,1,513,642
feelingnodefeat,1,641,562,79,483,23,1,1,506,642
happy_otter,2,640,507,133,374,32,1,2,406,642
Midnightwolf72,1,641,453,188,265,19,1,1,284,642
junkboy350,1,641,453,188,265,10,1,1,275,642
Djteejay,5,637,436,201,235,39,5,5,274,642
hamletvontrier,1,641,406,235,171,65,1,1,236,642
RequiredCheese,2,641,423,218,205,9,2,1,214,642
Mud_devil,2,640,420,220,200,13,1,2,213,642
MoldyAvacado,1,641,413,228,185,11,1,1,196,642
Capercaillie,2,639,535,104,431,25,2,2,456,641
willgrum,1,640,448,192,256,159,1,1,415,641
heander2,1,640,518,122,396,13,1,1,409,641
EireJoker,1,640,435,205,230,32,0,1,262,641
Imanari,1,640,440,200,240,16,1,1,256,641
nckclsn,1,640,427,213,214,5,1,1,219,641
kencat1,1,640,401,239,162,3,1,1,165,641
FullMoonRising1,1,639,477,162,315,24,1,1,339,640
ohforf,1,639,439,200,239,76,1,1,315,640
Tobislu,1,639,504,135,369,15,1,0,384,639
Dranharelo,1,638,485,153,332,20,1,1,352,639
JeremyHillaryBoobPhD,1,639,468,171,297,40,1,0,337,639
pjh,2,637,473,164,309,11,2,2,320,639
TBDM2,2,637,466,171,295,6,2,2,301,639
kinther,2,637,455,182,273,9,2,2,282,639
Greenkeyys,3,636,450,186,264,13,3,3,277,639
Karunamon,1,637,507,130,377,60,1,1,437,638
Stamp_Mcfury,1,637,492,145,347,65,1,1,412,638
inyourowntime,2,636,512,124,388,15,2,2,403,638
Prozn,2,636,484,152,332,17,2,2,349,638
cauchy37,2,636,444,192,252,60,1,2,312,638
splooiemello,2,636,434,202,232,45,2,2,277,638
prussianiron,2,636,437,199,238,25,1,2,263,638
skakruk,6,632,416,216,200,58,6,6,258,638
Theolore,3,635,407,228,179,25,3,3,204,638
molooch,1,637,396,241,155,34,1,1,189,638
FakeColours,1,638,384,254,130,45,1,0,175,638
theGIFman,1,637,392,245,147,13,1,1,160,638
AimsForNothing,2,637,569,68,501,12,1,0,513,637
steveXray,1,636,555,81,474,21,0,1,495,637
Linuxrules1,1,636,491,145,346,20,1,1,366,637
ThevDarkness,1,636,485,151,334,8,0,1,342,637
WildFireca,6,631,437,194,243,96,5,6,339,637
Insomaniacc,2,635,479,156,323,7,2,2,330,637
PurpPinnochio,1,636,458,178,280,39,1,1,319,637
themightychuck,4,633,451,182,269,15,2,4,284,637
ahard206,1,636,444,192,252,22,1,1,274,637
fringerunner,2,635,422,213,209,16,2,2,225,637
jhayes41798,1,635,482,153,329,34,1,1,363,636
Strrratton,2,635,480,155,325,25,2,1,350,636
teeno731,1,635,451,184,267,23,1,1,290,636
lxKurupt,2,634,448,186,262,10,2,2,272,636
cmcgovern1990,1,635,411,224,187,23,1,1,210,636
Mr_Ect,1,634,525,109,416,9,1,1,425,635
KillinFoCoons,1,635,494,141,353,69,1,0,422,635
Starworshipper,2,634,512,122,390,11,2,1,401,635
afrankiewicz12,2,633,480,153,327,18,1,2,345,635
jrgrahams,1,634,461,173,288,27,1,1,315,635
arcvile,1,634,462,172,290,11,1,1,301,635
Xiren,1,634,412,222,190,17,1,1,207,635
r0ssr0ss,1,634,551,83,468,37,1,0,505,634
BlissyB,1,633,510,123,387,10,1,1,397,634
Jehmimah,1,633,485,148,337,60,0,1,397,634
RebelliousFB,1,633,451,182,269,123,1,1,392,634
BillygotTalent,1,633,496,137,359,31,0,1,390,634
PsychoJester,1,634,460,174,286,85,1,0,371,634
frinklemingle,1,633,467,166,301,17,1,1,318,634
Level_75_Zapdos,4,630,453,177,276,36,4,4,312,634
nomanoid,4,630,450,180,270,18,4,4,288,634
renco,1,634,434,200,234,10,1,0,244,634
rocki08,2,632,395,237,158,34,2,2,192,634
FestiveSquash,1,632,564,68,496,28,0,1,524,633
Johnmcguirk,5,632,537,95,442,76,2,1,518,633
Lovre,4,630,511,119,392,21,3,3,413,633
lupianwolf,1,632,496,136,360,42,1,1,402,633
frozenfever,2,631,475,156,319,18,1,2,337,633
IzTheFizz,1,632,464,168,296,24,1,1,320,633
Captain_Bojangles,1,632,463,169,294,24,0,1,318,633
letachalupa,1,632,464,168,296,17,1,1,313,633
kites47,1,633,426,207,219,57,1,0,276,633
red1392,1,632,439,193,246,24,1,1,270,633
Emergencyegret,2,633,408,225,183,20,2,0,203,633
comicspolitics,1,631,579,52,527,80,1,1,607,632
oOBryceOo,3,629,455,174,281,14,3,3,295,632
reposts_are_good,1,631,442,189,253,10,1,1,263,632
x0klly0x,1,631,432,199,233,9,1,1,242,632
brettdupuis,1,632,409,223,186,5,1,0,191,632
greasy_badger,1,631,379,252,127,41,1,1,168,632
Xerticle,1,632,349,283,66,61,1,0,127,632
acoustic_phil,1,630,508,122,386,16,1,1,402,631
chicken21200,1,630,492,138,354,21,1,1,375,631
the_smith_1,1,630,482,148,334,6,1,1,340,631
r_e_d_d_i_t,8,626,463,163,300,22,2,5,322,631
iamthewalrus8689,2,629,466,163,303,7,2,2,310,631
KalsyWalsy,1,631,426,205,221,52,1,0,273,631
goodgold,2,630,515,115,400,44,1,0,444,630
Katmtay,1,629,482,147,335,17,1,1,352,630
shtef2012,1,629,476,153,323,24,1,1,347,630
Mr_Papagiorgio,1,629,476,153,323,20,0,1,343,630
Strantjanet,2,628,439,189,250,17,2,2,267,630
jbridgiee,1,629,431,198,233,19,1,1,252,630
damnit_mic,1,630,428,202,226,4,1,0,230,630
_prefs,1,629,415,214,201,14,1,1,215,630
Biggrodd,4,625,527,98,429,32,4,4,461,629
sn1p3rb8,2,627,497,130,367,57,2,2,424,629
TheFuzzyMan,2,627,512,115,397,24,1,2,421,629
chaserplus4,1,628,414,214,200,23,1,1,223,629
t3hwookie90,2,628,382,246,136,12,2,1,148,629
apexplosive,1,628,372,256,116,20,0,1,136,629
OrestesM,1,628,476,152,324,173,1,0,497,628
1MintBerryCrunch1,2,626,533,93,440,13,2,2,453,628
LicoriceMan,1,627,493,134,359,11,0,1,370,628
wedway,1,627,485,142,343,24,0,1,367,628
i_finger_cats,1,627,461,166,295,41,1,1,336,628
Sicci,1,627,429,198,231,25,1,1,256,628
kezorN,4,624,404,220,184,11,4,4,195,628
kexin365,1,627,350,277,73,15,1,1,88,628
eyelykedakaht,1,626,497,129,368,82,1,1,450,627
its_Basi,1,626,528,98,430,9,1,1,439,627
StevenRocks13,2,625,465,160,305,11,2,2,316,627
irishbryan84,1,627,386,241,145,132,1,0,277,627
the-iek,4,626,393,233,160,27,4,1,187,627
Incoherentrant,34,620,558,62,496,35,6,6,531,626
ygrn,1,625,463,162,301,51,1,1,352,626
fingle85,1,625,472,153,319,14,1,1,333,626
nyrfan317,1,625,462,163,299,12,1,1,311,626
Zinidane,3,626,426,200,226,63,3,0,289,626
pablo_honey_,2,624,433,191,242,25,2,2,267,626
ZeSean,1,625,425,200,225,7,1,1,232,626
jkorms,2,624,524,100,424,11,1,1,435,625
mrstody,4,621,503,118,385,17,3,4,402,625
Jinxxx14,1,624,498,126,372,16,1,1,388,625
paigie89,2,623,461,162,299,21,2,2,320,625
AmateurDude,2,623,449,174,275,18,2,2,293,625
GangstaElf,3,622,404,218,186,38,3,3,224,625
Y_U_NO_KARMA_WHOR,1,623,506,117,389,21,0,1,410,624
Copertone,1,624,480,144,336,21,1,0,357,624
wratther,1,623,454,169,285,49,1,1,334,624
sandiegan21,2,622,443,179,264,13,2,2,277,624
wishanem,1,623,433,190,243,23,1,1,266,624
spark0,3,621,416,205,211,15,1,3,226,624
Didyoujustdurp,1,623,411,212,199,16,1,1,215,624
altbaby,1,622,561,61,500,7,0,1,507,623
ductions,1,623,493,130,363,79,1,0,442,623
briannaleighh,1,622,516,106,410,6,1,1,416,623
mattiematthijs,2,622,492,130,362,9,2,1,371,623
banananinja,4,619,474,145,329,33,4,4,362,623
cyanbang,1,622,451,171,280,22,1,1,302,623
grgathegoose,7,616,435,181,254,21,1,7,275,623
estroili,1,622,426,196,230,38,1,1,268,623
thiby,1,622,427,195,232,19,1,1,251,623
WeaselLatte,2,621,569,52,517,20,2,1,537,622
colmoutard,1,621,541,80,461,8,1,1,469,622
CeruleanThunder,4,618,476,142,334,44,3,4,378,622
SuddenEnd,1,621,489,132,357,12,1,1,369,622
kylaau,1,621,468,153,315,10,1,1,325,622
immarried,2,620,457,163,294,14,2,2,308,622
thesneak155,2,621,371,250,121,31,2,1,152,622
Quail666,2,620,519,101,418,32,2,1,450,621
PinkEchoes02,3,618,452,166,286,74,2,3,360,621
stevebeyten,1,621,445,176,269,65,1,0,334,621
SkipCloud,2,620,468,152,316,13,2,1,329,621
AngelWings92,2,619,448,171,277,27,0,2,304,621
thatsnomoon,1,621,430,191,239,37,1,0,276,621
spike312,1,620,443,177,266,2,1,1,268,621
MadHatter69,2,619,425,194,231,22,2,2,253,621
ads91,3,618,424,194,230,14,3,3,244,621
unquevai,1,621,387,234,153,18,1,0,171,621
Mack488,2,618,505,113,392,41,0,2,433,620
readcommentbackwards,3,617,481,136,345,26,0,3,371,620
jkeyz42,2,619,450,169,281,28,2,1,309,620
Shamu4Life,1,619,446,173,273,13,1,1,286,620
uniin,1,619,425,194,231,28,1,1,259,620
seanilliamic,4,616,419,197,222,17,3,4,239,620
weirdinnit,1,619,398,221,177,34,1,1,211,620
teejay29,1,619,397,222,175,33,1,1,208,620
blisstonia,1,619,565,54,511,7,1,0,518,619
whatsupnigga,1,618,464,154,310,26,0,1,336,619
crimsonwolf,1,618,387,231,156,20,1,1,176,619
Hazmat41,1,618,389,229,160,7,1,1,167,619
ngamau,6,616,496,120,376,77,3,2,453,618
Traygansdad,3,615,480,135,345,25,2,3,370,618
NeonDisease,2,617,480,137,343,19,1,1,362,618
Todayman12,1,617,479,138,341,10,1,1,351,618
BehindtheHype,1,618,473,145,328,14,1,0,342,618
RenegadeSpade,3,616,463,153,310,7,3,2,317,618
Hayjay83,1,617,457,160,297,10,1,1,307,618
EternalNothing,4,615,438,177,261,20,3,3,281,618
DoahMont,1,617,398,219,179,101,1,1,280,618
nathanthesniper,2,616,428,188,240,17,1,2,257,618
IwillReadThings,1,618,398,220,178,31,1,0,209,618
Bryce2826,3,615,371,244,127,77,1,3,204,618
Uglylicious99,2,616,360,256,104,22,2,2,126,618
aherco,2,617,475,142,333,18,2,0,351,617
6473,2,615,429,186,243,23,2,2,266,617
Hawk_Blue,2,615,433,182,251,15,2,2,266,617
psychuil,3,614,388,226,162,53,2,3,215,617
Romito55,2,615,375,240,135,32,2,2,167,617
dinanipedro,1,615,550,65,485,76,1,1,561,616
DykeButte,1,615,448,167,281,24,1,1,305,616
therussian124,2,614,445,169,276,20,2,2,296,616
bw2002,3,613,418,195,223,71,3,3,294,616
quantazelle,3,614,424,190,234,58,3,2,292,616
AaronRodgers16,1,615,428,187,241,14,1,1,255,616
Fieel,2,614,410,204,206,36,2,2,242,616
pentahelix,1,615,402,213,189,52,1,1,241,616
bens111,3,614,397,217,180,41,2,2,221,616
vivereloud,1,615,368,247,121,16,1,1,137,616
kc9,2,615,505,110,395,16,1,0,411,615
BlaqkJak,3,612,468,144,324,30,2,3,354,615
resonatingfury,1,614,457,157,300,21,1,1,321,615
TakingTheXOutOfXmas,1,614,453,161,292,21,1,1,313,615
ccnova,3,614,438,176,262,20,2,1,282,615
TylerDurdenJunior,4,611,425,186,239,32,4,4,271,615
condorre,1,614,393,221,172,29,1,1,201,615
sinnfrei,1,614,375,239,136,36,1,1,172,615
Meatball_on_a_Fork,1,613,527,86,441,14,0,1,455,614
CS01,1,613,516,97,419,21,0,1,440,614
woodstock123,2,612,495,117,378,19,2,2,397,614
Exposedo,4,612,474,138,336,30,1,2,366,614
MrMagpie93,4,610,427,183,244,9,4,4,253,614
h8sgonah8,2,612,515,97,418,36,0,1,454,613
RustyEight,1,612,524,88,436,8,1,1,444,613
ZionsAssassin25,1,612,514,98,416,11,1,1,427,613
maldekai,1,612,494,118,376,24,1,1,400,613
0rgasm0,2,612,481,131,350,13,2,1,363,613
italkaboutmylife,1,612,465,147,318,37,1,1,355,613
KingOfThePlayground,1,612,404,208,196,20,1,1,216,613
deltatriad,1,612,395,217,178,18,1,1,196,613
steviiee,4,608,459,149,310,19,4,4,329,612
shikhargpt,1,611,467,144,323,5,1,1,328,612
Xyncx,4,608,454,154,300,13,4,4,313,612
imperator285,3,609,441,168,273,20,1,3,293,612
Wudjey,1,611,414,197,217,18,1,1,235,612
Thomasinolovesmuse,2,610,391,219,172,18,2,2,190,612
Fuzzywraith,16,600,359,241,118,33,9,12,151,612
Alteriorid,2,609,524,85,439,16,2,2,455,611
ancientshoes,1,610,502,108,394,12,0,1,406,611
HydroCrank,1,610,489,121,368,15,0,1,383,611
RustyF,2,610,480,130,350,20,2,1,370,611
tusk_and_ink,1,610,481,129,352,10,1,1,362,611
tmrxwoot,3,608,470,138,332,24,3,3,356,611
Cyori,2,610,450,160,290,53,2,1,343,611
Smileygodzlla5,1,610,420,190,230,22,1,1,252,611
jonakajon,4,607,402,205,197,36,4,4,233,611
IndianaSolo,1,610,397,213,184,39,1,1,223,611
ima-bear,1,610,392,218,174,4,1,1,178,611
barowski,1,610,369,241,128,36,1,1,164,611
Red3StandingBy,1,609,493,116,377,31,1,1,408,610
DJ_Hipster,2,609,482,127,355,9,1,1,364,610
KlaireBop,4,606,437,169,268,11,0,4,279,610
giantbob,1,609,423,186,237,14,1,1,251,610
Blinkatl,1,609,399,210,189,18,1,1,207,610
bloodsplatter,1,609,376,233,143,12,1,1,155,610
Navster,1,609,351,258,93,22,1,1,115,610
shullmaster3000,4,605,493,112,381,31,2,4,412,609
emayms,1,608,486,122,364,9,1,1,373,609
Mike-Bolton,1,608,424,184,240,78,1,1,318,609
renavenclaw,1,608,429,179,250,57,1,1,307,609
yonlyindreams,1,608,417,191,226,17,1,1,243,609
OctoMouse,1,608,420,188,232,10,1,1,242,609
avdude13,2,606,512,94,418,9,1,2,427,608
unit2244,1,608,488,120,368,10,1,0,378,608
xawesome,4,604,451,153,298,23,1,4,321,608
ishottheman,1,607,420,187,233,23,1,1,256,608
malgagenie,2,606,389,217,172,16,2,2,188,608
noidle,1,608,356,252,104,53,1,0,157,608
brotle,1,606,542,64,478,28,1,1,506,607
Westonski,1,606,489,117,372,57,1,1,429,607
Guinlyone,3,605,467,138,329,17,3,2,346,607
sebastian80,2,605,428,177,251,67,2,2,318,607
aselle,1,606,445,161,284,9,1,1,293,607
longingforlong,1,606,425,181,244,21,1,1,265,607
k7b7y7,2,605,395,210,185,14,1,2,199,607
ThePlastics,1,606,542,64,478,24,1,0,502,606
WrexUrdn0t,1,606,508,98,410,14,1,0,424,606
elkyy,1,605,441,164,277,13,1,1,290,606
SurfinGrandma,2,605,414,191,223,22,1,1,245,606
fuckface92,2,605,376,229,147,22,2,1,169,606
fatkidswinatseesaw,1,604,536,68,468,49,1,1,517,605
ladystrongstyle,1,604,502,102,400,17,1,1,417,605
AChildCalledClit,2,603,435,168,267,58,1,2,325,605
Paradoxou,5,600,437,163,274,30,5,5,304,605
Medic90,2,603,410,193,217,65,2,2,282,605
waterinabottle,2,604,385,219,166,17,2,1,183,605
markgeard,3,601,430,171,259,78,2,3,337,604
Whozha,2,603,456,147,309,14,1,1,323,604
Lurknasty22,7,598,442,156,286,29,7,6,315,604
csharp1990,1,603,430,173,257,23,1,1,280,604
Anterogreat,3,603,421,182,239,13,1,1,252,604
PoisonSkorpio,3,600,501,99,402,5,0,3,407,603
Juicebox1926,4,599,460,139,321,27,4,4,348,603
DryRoastedPenis,1,602,428,174,254,19,1,1,273,603
whales5431,1,603,422,181,241,20,1,0,261,603
ProSkrapeboarder,1,602,382,220,162,25,1,1,187,603
azura26,1,602,355,247,108,21,1,1,129,603
asexylioness,1,602,353,249,104,11,1,1,115,603
Tr3phine,1,602,478,124,354,64,1,0,418,602
Amour_Fou,1,601,474,127,347,12,1,1,359,602
M1k3tehrippa,2,600,426,174,252,20,2,2,272,602
LoudSar,1,602,428,174,254,16,1,0,270,602
armadillo69,1,602,419,183,236,27,1,0,263,602
poopwhilereading,1,601,398,203,195,27,1,1,222,602
Maboz,1,601,396,205,191,17,1,1,208,602
eisfeld,1,601,368,233,135,29,0,1,164,602
mavrick2004,1,602,368,234,134,23,1,0,157,602
Adaptingfate,1,601,369,232,137,16,1,1,153,602
Metaphoricalsimile,1,602,369,233,136,17,1,0,153,602
Dmike,2,599,508,91,417,34,1,2,451,601
7-sidedDice,1,600,477,123,354,46,1,1,400,601
elchapoguzman,4,597,444,153,291,15,3,4,306,601
yesoccifer,1,600,423,177,246,41,1,1,287,601
El_Josho,2,599,396,203,193,42,2,2,235,601
Icomey,1,600,403,197,206,9,1,1,215,601
lambrean,1,601,393,208,185,22,1,0,207,601
Tzpike05,1,600,356,244,112,29,1,1,141,601
cashmunny,1,600,507,93,414,10,1,0,424,600
RyanCoke,2,598,472,126,346,19,2,2,365,600
HadManySons,3,597,456,141,315,13,3,3,328,600
rraptor1985,2,598,444,154,290,5,0,2,295,600
yodamuppet,1,599,415,184,231,6,1,1,237,600
gtavc94,1,599,403,196,207,12,1,1,219,600
mamurny,2,599,358,241,117,27,2,1,144,600
pitster03,1,599,357,242,115,19,1,1,134,600
mbluhm36420,1,598,496,102,394,8,1,1,402,599
tfryk,1,598,466,132,334,20,1,1,354,599
Nickb2288,1,598,465,133,332,12,1,1,344,599
hawk554,1,598,422,176,246,19,1,1,265,599
atr88,1,598,416,182,234,30,1,1,264,599
SuccessfulRepoST,6,593,389,204,185,49,6,6,234,599
improv32,1,598,393,205,188,31,1,1,219,599
jtotheesus,1,598,376,222,154,25,1,1,179,599
somad_,1,598,362,236,126,16,1,1,142,599
xemnyx,1,598,338,260,78,23,1,1,101,599
bobnojio,1,597,412,185,227,33,0,1,260,598
Omar_Indeed,1,598,368,230,138,58,1,0,196,598
benmarvin,2,597,361,236,125,24,2,1,149,598
scarface910,1,597,355,242,113,27,1,1,140,598
timobrien93,1,597,319,278,41,44,1,1,85,598
agentcooper2001,1,596,452,144,308,23,0,1,331,597
wiffleball_lgnd,1,596,408,188,220,49,1,1,269,597
dereking,4,596,387,209,178,49,4,1,227,597
kylejackson,1,596,396,200,196,27,1,1,223,597
BrittanyZombie,1,596,368,228,140,11,1,1,151,597
miss_masked,1,596,359,237,122,10,1,1,132,597
nryyan,1,595,481,114,367,20,0,1,387,596
LikeCricket,3,593,418,175,243,9,3,3,252,596
bRizzz,1,596,403,193,210,33,1,0,243,596
trikay45,1,595,412,183,229,12,0,1,241,596
Keksi,2,594,394,200,194,33,2,2,227,596
bignosepooper,1,594,468,126,342,35,1,1,377,595
jwr_,3,594,468,126,342,11,3,1,353,595
joshtaylormusic,1,594,463,131,332,8,1,1,340,595
NewFashionedTimes,1,594,453,141,312,20,1,1,332,595
adalsteinsson,1,594,440,154,286,25,0,1,311,595
Duke_Of_Dust,1,593,481,112,369,5,1,1,374,594
ASUstoner,2,592,463,129,334,26,2,2,360,594
YeahVeryeah,2,593,458,135,323,21,1,1,344,594
herobotic,3,591,403,188,215,74,3,3,289,594
za1us,1,594,381,213,168,28,1,0,196,594
BrawlStrogg88,1,592,474,118,356,272,1,1,628,593
Darkmatter010,1,592,481,111,370,13,1,1,383,593
boop-boop-a-doop,2,593,479,114,365,9,1,0,374,593
NotVerySmarts,1,592,459,133,326,21,0,1,347,593
Morgasimjr,2,591,453,138,315,11,1,2,326,593
roosterteeth,1,593,452,141,311,14,1,0,325,593
NeueAlliTodeskunst,1,592,430,162,268,38,1,1,306,593
RyanFBaby,1,592,436,156,280,25,1,1,305,593
locust64,1,593,438,155,283,12,1,0,295,593
timoleon,1,592,433,159,274,19,1,1,293,593
CogBlocker,4,589,465,124,341,12,4,3,353,592
jdsamford,2,591,457,134,323,5,2,1,328,592
arnie420,2,590,430,160,270,41,2,2,311,592
bender_is_great,1,591,432,159,273,11,1,1,284,592
tiezep,1,592,380,212,168,92,1,0,260,592
racecardiver,1,591,384,207,177,14,1,1,191,592
SirHerpOfDerp,1,591,368,223,145,41,1,1,186,592
venatic,1,591,372,219,153,11,1,1,164,592
TheHuffness,1,590,487,103,384,42,1,1,426,591
fosterlywill,1,590,456,134,322,83,1,1,405,591
breax992,4,587,447,140,307,23,2,4,330,591
Krizstof,1,590,401,189,212,93,1,1,305,591
zillah1985,2,589,403,186,217,13,2,2,230,591
Torgrimm,1,591,392,199,193,10,1,0,203,591
Eraser1024,1,590,386,204,182,19,1,1,201,591
pikuchan,1,590,356,234,122,9,1,1,131,591
NotSoRandomNorwegian,1,589,461,128,333,30,1,1,363,590
robogucci,1,590,455,135,320,22,1,0,342,590
inthisrapturousstate,1,589,443,146,297,24,1,1,321,590
xXDragonKillKingXx,1,589,444,145,299,11,1,1,310,590
monstrous_moose,2,588,439,149,290,18,2,2,308,590
beermuffs,2,589,399,190,209,13,2,1,222,590
joelsmith,5,585,357,228,129,11,3,5,140,590
trmaps,1,589,337,252,85,31,0,1,116,590
SillySal,1,588,450,138,312,118,1,1,430,589
herintheselights,1,589,450,139,311,32,1,0,343,589
foosking,1,588,444,144,300,9,1,1,309,589
Jaketheawesom1,1,588,423,165,258,12,1,1,270,589
honeybadger1192,1,588,401,187,214,36,1,1,250,589
indifferent_nick,1,589,386,203,183,15,1,0,198,589
Juri777,3,587,383,204,179,18,3,2,197,589
earthcoast,1,588,369,219,150,45,1,1,195,589
DarknStormies,1,587,433,154,279,99,0,1,378,588
JRWinn17,1,587,438,149,289,48,1,1,337,588
Zzwwwzz,2,587,441,146,295,12,2,1,307,588
BCBUDDHA,3,585,433,152,281,11,3,3,292,588
ctaylor1991,1,587,411,176,235,18,1,1,253,588
Danny0706,1,587,373,214,159,32,1,1,191,588
absentmindedjwc,5,583,338,245,93,41,5,5,134,588
Rypeno,1,586,480,106,374,11,0,1,385,587
imafugginunicorn,1,586,457,129,328,24,1,1,352,587
misstotoro,1,586,458,128,330,21,1,1,351,587
Rockon66,1,586,399,187,212,16,1,1,228,587
david31,2,587,356,231,125,25,2,0,150,587
abatesyy,1,586,505,81,424,20,1,0,444,586
Denyial,1,585,418,167,251,75,1,1,326,586
Tharishad,1,585,444,141,303,23,1,1,326,586
SaraPhax,1,585,425,160,265,50,1,1,315,586
lpen-z,1,585,393,192,201,109,0,1,310,586
terafail,4,583,401,182,219,35,4,3,254,586
SoloJones,1,586,411,175,236,11,1,0,247,586
eugenefarkas,1,585,400,185,215,25,1,1,240,586
wthisthat,3,583,359,224,135,32,3,3,167,586
AISockets,1,585,329,256,73,10,1,1,83,586
edeo2011,4,582,496,86,410,26,3,3,436,585
italiandan1291,1,584,476,108,368,18,1,1,386,585
BaconPit,1,585,452,133,319,16,1,0,335,585
ibnsomeone,1,584,445,139,306,7,1,1,313,585
GnarlyThor,2,583,416,167,249,5,2,2,254,585
Solidchrome,1,584,330,254,76,11,1,1,87,585
Surfcasper,1,583,463,120,343,9,1,1,352,584
Cathcart22,1,583,449,134,315,23,1,1,338,584
noodlesfordaddy,1,583,421,162,259,28,1,1,287,584
twinglockfortys,6,579,419,160,259,13,5,5,272,584
gatesy992,2,583,400,183,217,43,2,1,260,584
TheMusicalVito,2,584,376,208,168,20,2,0,188,584
TwelveOunceProphet,2,583,378,205,173,15,2,1,188,584
schnitzelstein,2,583,357,226,131,29,2,1,160,584
BrickHardcheese,2,583,356,227,129,28,2,1,157,584
Repeated_Visions,2,582,343,239,104,41,2,2,145,584
Alexander_Penn,2,581,452,129,323,45,2,2,368,583
cpietr01,3,581,443,138,305,21,0,2,326,583
SpeedyTaco626,4,579,417,162,255,27,4,4,282,583
Foreall,1,582,410,172,238,25,1,1,263,583
SaltyDogBiscuit,1,582,416,166,250,12,1,1,262,583
badang888,1,582,415,167,248,12,1,1,260,583
delitt,1,582,400,182,218,40,1,1,258,583
Themanwithstones,1,582,398,184,214,7,1,1,221,583
Munnlos,1,582,381,201,180,13,1,1,193,583
navek8,1,582,369,213,156,32,1,1,188,583
thebigmack,1,583,379,204,175,9,1,0,184,583
denverduck,1,582,361,221,140,43,1,1,183,583
Marko1000Marko,1,582,362,220,142,7,1,1,149,583
Imperial-legion,1,582,327,255,72,9,1,1,81,583
jonms83,1,582,491,91,400,21,1,0,421,582
sexyhangnail,1,581,481,100,381,30,0,1,411,582
GhostOfAStranger,1,581,474,107,367,23,1,1,390,582
ITSBIGGUCCI8,1,581,420,161,259,50,0,1,309,582
iDoiStuff,3,579,406,173,233,66,2,3,299,582
reckinday,3,579,418,161,257,41,3,3,298,582
beneaththeradar,1,581,428,153,275,18,1,1,293,582
jlkirsch,1,581,377,204,173,85,1,1,258,582
richasa,2,581,406,175,231,15,2,1,246,582
TheHangOfThursday,1,581,398,183,215,21,1,1,236,582
GameKid55,1,581,387,194,193,23,1,1,216,582
supplepanda,3,579,379,200,179,14,3,3,193,582
Knuk,1,582,338,244,94,92,1,0,186,582
NyxZeta,1,581,362,219,143,13,1,1,156,582
Fromdapresent,1,582,356,226,130,17,1,0,147,582
eric513,1,581,354,227,127,11,1,1,138,582
MartMillz,1,580,464,116,348,9,0,1,357,581
kirbydude1234,1,580,456,124,332,14,1,1,346,581
rhyso90,2,580,444,136,308,31,2,1,339,581
PEnnyLane3,1,581,401,180,221,28,1,0,249,581
KellFXX,2,579,409,170,239,3,2,2,242,581
dbarts21,1,580,354,226,128,8,1,1,136,581
ehsteve23,2,578,517,61,456,49,2,2,505,580
pchqueiou,2,579,458,121,337,19,2,1,356,580
Andyman1247,3,578,450,128,322,20,0,2,342,580
Crap4Soul,4,577,438,139,299,14,2,3,313,580
hobbymaster001,2,578,431,147,284,20,2,2,304,580
nativemotion,1,579,436,143,293,6,1,1,299,580
tjmonjay,1,579,424,155,269,10,1,1,279,580
woodabeen,1,579,422,157,265,11,1,1,276,580
FFFUUUme,3,577,398,179,219,25,3,3,244,580
imaginarynumber6,1,579,391,188,203,17,1,1,220,580
insidethesun,3,577,379,198,181,31,3,3,212,580
mylittl3pwny,4,577,358,219,139,65,4,3,204,580
ruggy5000,2,579,369,210,159,33,2,1,192,580
andill,1,578,459,119,340,33,1,1,373,579
OG3XOG,1,578,413,165,248,89,1,1,337,579
gotogoatmeal,1,578,446,132,314,12,1,1,326,579
JereHakala,1,578,439,139,300,16,1,1,316,579
sgards,1,578,427,151,276,8,1,1,284,579
TheLonelyTroll,14,568,403,165,238,27,12,11,265,579
mattrox217,2,577,407,170,237,26,2,2,263,579
TheGreenCouch,1,578,394,184,210,15,1,1,225,579
chiefhanker,2,577,381,196,185,29,2,2,214,579
kingka,2,578,363,215,148,13,1,1,161,579
akinator2000,3,576,357,219,138,9,3,3,147,579
errorsix,1,577,488,89,399,64,1,1,463,578
janeesah,1,578,479,99,380,11,1,0,391,578
preacher37,2,576,464,112,352,18,2,2,370,578
Julz96,1,577,461,116,345,15,1,1,360,578
Pauls2theWall,2,576,457,119,338,20,1,2,358,578
awemazeinc,1,577,434,143,291,11,1,1,302,578
tolepathyny,1,578,424,154,270,25,1,0,295,578
Suiiii,3,575,406,169,237,28,3,3,265,578
illady,1,577,392,185,207,36,1,1,243,578
TheGreenestbud,1,577,384,193,191,15,1,1,206,578
puzz13,1,576,462,114,348,10,1,1,358,577
black_out_ronin,1,576,431,145,286,69,1,1,355,577
a_tall_Gimli,1,576,434,142,292,7,1,1,299,577
daveyboy9,2,576,429,147,282,11,2,1,293,577
gerbilownage,1,576,408,168,240,53,1,1,293,577
Surajkiin,1,576,425,151,274,12,1,1,286,577
thatcamguy,1,576,381,195,186,30,1,1,216,577
thejavolina,1,576,352,224,128,74,1,1,202,577
atomicbutterfly,1,577,380,197,183,14,1,0,197,577
alaskasam,1,576,361,215,146,9,1,1,155,577
charmandus,2,575,348,227,121,7,2,2,128,577
cyber_dude,1,575,431,144,287,156,1,1,443,576
ChrnoIV,1,575,464,111,353,79,1,1,432,576
SpaceTourettes,1,575,492,83,409,23,1,1,432,576
SmokeyBaxter,1,575,444,131,313,88,0,1,401,576
ChinaShopBully,3,574,479,95,384,13,3,2,397,576
the_wonder_llama,3,574,444,130,314,15,3,2,329,576
cmarshgonzo69,2,574,434,140,294,10,2,2,304,576
wessing,1,575,398,177,221,42,1,1,263,576
dieyoubastards,3,574,367,207,160,32,3,2,192,576
downer3d,1,575,356,219,137,25,1,1,162,576
Costi10,1,575,336,239,97,16,1,1,113,576
RealBean,4,571,474,97,377,16,1,4,393,575
yabaibye,1,575,397,178,219,12,1,0,231,575
thefauxfinestfind,3,573,360,213,147,27,3,2,174,575
U731lvr,1,575,334,241,93,69,1,0,162,575
rdmqwerty,2,572,502,70,432,9,1,2,441,574
alamotexas,1,573,437,136,301,15,1,1,316,574
IncarnatedFate,3,571,421,150,271,19,3,3,290,574
Kazzap,2,573,424,149,275,11,2,1,286,574
themarquard,2,572,416,156,260,9,2,2,269,574
magare808,2,572,382,190,192,29,2,2,221,574
blacktaxi2d,1,573,348,225,123,40,1,1,163,574
Lunchables,1,573,340,233,107,29,1,1,136,574
sd528,3,571,346,225,121,10,3,3,131,574
calebkraft,1,573,534,39,495,38,1,0,533,573
k8o,1,573,493,80,413,33,1,0,446,573
Aleco06,1,572,484,88,396,17,0,1,413,573
Kamikaze8,1,572,470,102,368,13,1,1,381,573
Zhang5,2,571,459,112,347,27,2,2,374,573
Dean_thedream,2,571,452,119,333,8,2,2,341,573
Lauderish,1,572,439,133,306,22,1,1,328,573
Cern_Stormrunner,1,572,420,152,268,47,1,1,315,573
AK_Mutt,2,571,434,137,297,16,2,2,313,573
TaranulaToxxic,5,568,416,152,264,20,2,5,284,573
xcfool,1,572,414,158,256,9,1,1,265,573
MissMalapropisms,1,572,404,168,236,13,1,1,249,573
cjk52793,2,572,363,209,154,40,2,1,194,573
ArsenalOwl,1,571,427,144,283,5,1,1,288,572
Cornbread_v2,1,571,401,170,231,22,1,1,253,572
smokingbowls,1,571,385,186,199,23,1,1,222,572
Peripheryy,5,568,367,201,166,51,5,4,217,572
dalix,2,571,387,184,203,6,2,1,209,572
deepfryerdan,1,572,381,191,190,12,1,0,202,572
biteysaur,1,571,375,196,179,4,1,1,183,572
WeaponexT,1,570,494,76,418,24,1,1,442,571
agus468,2,569,493,76,417,19,2,2,436,571
WTF_R_32,1,570,442,128,314,21,1,1,335,571
DannyLFC,1,570,428,142,286,43,1,1,329,571
newtothelyte,4,567,438,129,309,19,4,4,328,571
T3hSav,3,568,424,144,280,25,2,3,305,571
SlyStones,2,569,432,137,295,7,2,2,302,571
globalenglish,1,570,428,142,286,5,1,1,291,571
noah74,1,570,404,166,238,53,1,1,291,571
LadySiara,1,571,387,184,203,8,1,0,211,571
sedditrhit,1,570,369,201,168,32,1,1,200,571
basorexia,1,571,369,202,167,17,1,0,184,571
Zuricho,2,569,342,227,115,26,2,2,141,571
meee_owth,2,569,496,73,423,38,2,1,461,570
Timmytanks40,1,569,473,96,377,16,1,1,393,570
meowmeowhello,1,569,442,127,315,17,1,1,332,570
ShortieMcFresh,2,569,412,157,255,13,2,1,268,570
afinequip,1,569,413,156,257,6,1,1,263,570
nachocheese1243,1,569,397,172,225,11,1,1,236,570
Gnarlie,1,569,354,215,139,11,1,1,150,570
xArthasx,1,569,336,233,103,3,1,1,106,570
Anangrychip,1,569,471,98,373,26,1,0,399,569
badshaah,4,565,434,131,303,11,1,4,314,569
eHgg,3,568,420,148,272,21,3,1,293,569
Nightstorm600,3,566,409,157,252,40,3,3,292,569
timsandtoms,1,568,421,147,274,9,1,1,283,569
Scary_The_Clown,1,568,317,251,66,59,1,1,125,569
molozzy,1,568,337,231,106,16,1,1,122,569
Whaffel,2,566,461,105,356,17,2,2,373,568
Yokuo,1,567,378,189,189,44,1,1,233,568
lolodotkoli,1,567,378,189,189,30,1,1,219,568
Fatjitas93,3,565,377,188,189,14,3,3,203,568
missginj,1,566,497,69,428,37,0,1,465,567
hanging_tree,1,566,472,94,378,17,1,1,395,567
comicreliefboy,1,566,439,127,312,19,1,1,331,567
blue_oxen,5,562,395,167,228,35,3,5,263,567
ied1209,2,566,399,167,232,16,2,1,248,567
nathan_aeroson,2,565,397,168,229,12,2,2,241,567
mudah,2,566,356,210,146,28,2,1,174,567
ChocolateCyanide,1,566,343,223,120,13,1,1,133,567
TenaciousC89,1,565,496,69,427,59,1,1,486,566
Killghostkills,2,566,448,118,330,67,1,0,397,566
icelongclaw,2,564,453,111,342,26,1,2,368,566
triad203,1,565,448,117,331,9,1,1,340,566
Ticklemeharderpercy,1,565,439,126,313,25,0,1,338,566
Hmmmm_Interesting,4,562,421,141,280,24,3,4,304,566
FUNKYDISCO,2,564,413,151,262,27,2,2,289,566
CaptainPuff117,1,565,418,147,271,9,1,1,280,566
Anhur55,1,565,389,176,213,27,1,1,240,566
Randomphyre,1,566,378,188,190,45,1,0,235,566
MuffinGuffin,2,564,383,181,202,24,2,2,226,566
iCanFight,1,565,380,185,195,7,1,1,202,566
BarelyClothed,1,565,329,236,93,25,1,1,118,566
trollxic,1,564,455,109,346,15,1,1,361,565
T_cubed,1,564,444,120,324,10,1,1,334,565
MBJHide,1,564,417,147,270,10,1,1,280,565
kay41,1,564,396,168,228,31,1,1,259,565
KBall629,1,564,384,180,204,16,1,1,220,565
Bluenarwhal,1,564,369,195,174,40,1,1,214,565
virtualbeggar,1,565,381,184,197,8,1,0,205,565
Fudgefactor7,1,565,363,202,161,17,1,0,178,565
gillettegetit,1,564,321,243,78,39,1,1,117,565
rabbit_trousers,1,563,471,92,379,8,1,1,387,564
rawrmufasa,1,563,450,113,337,14,1,1,351,564
Stosswalkinator,2,562,435,127,308,19,1,2,327,564
kujo2,1,564,429,135,294,10,1,0,304,564
StonerMunkee,2,562,423,139,284,12,1,2,296,564
tamarak,4,561,396,165,231,25,4,3,256,564
4scoresn7yrsago,3,561,369,192,177,35,3,3,212,564
Go-Go-Gadget-Dick,3,562,356,206,150,45,3,2,195,564
im4keitr4in,1,563,348,215,133,19,1,1,152,564
AmaraDarkblade,2,561,507,54,453,28,2,2,481,563
Kyler562,3,560,434,126,308,15,2,3,323,563
the_hinter,1,562,433,129,304,10,1,1,314,563
Heckytorr,1,562,410,152,258,28,1,1,286,563
lweiss13,4,559,409,150,259,21,3,4,280,563
Johnnie_Ganem,4,559,374,185,189,39,3,4,228,563
migu31,1,563,313,250,63,31,1,0,94,563
neofool,3,559,496,63,433,28,3,3,461,562
THORneedsANOTHER,1,561,464,97,367,24,1,1,391,562
jjgarcia87,2,560,444,116,328,14,1,2,342,562
LukeCreator,1,561,432,129,303,25,0,1,328,562
CanadianWhovian,1,561,431,130,301,14,0,1,315,562
jablair51,1,561,370,191,179,17,1,1,196,562
jmc8,1,561,371,190,181,5,1,1,186,562
tory108,1,561,511,50,461,7,1,0,468,561
goobysalad,1,560,447,113,334,21,1,1,355,561
ObieBryce,1,560,443,117,326,12,1,1,338,561
ThePieGuy,5,557,416,141,275,19,3,4,294,561
15calderm,4,557,406,151,255,18,4,4,273,561
psychonautic,1,561,365,196,169,27,1,0,196,561
secretchimp,2,560,369,191,178,13,1,1,191,561
tilors,1,560,348,212,136,25,1,1,161,561
mrkenneh,1,560,350,210,140,11,1,1,151,561
gregasaurus0,1,560,346,214,132,16,1,1,148,561
Hoser117,1,560,312,248,64,9,1,1,73,561
Ramtinb,3,559,453,106,347,8,3,1,355,560
Troll_Bogey,1,559,387,172,215,109,1,1,324,560
Warwickist,4,558,397,161,236,19,3,2,255,560
KeepJerseyDirty,1,559,388,171,217,34,1,1,251,560
hgpsycho,1,560,363,197,166,16,1,0,182,560
EpicRageGuy,1,559,469,90,379,29,1,0,408,559
Jipptomilly,1,559,466,93,373,5,1,0,378,559
Buddychrist08,3,556,391,165,226,87,3,3,313,559
Goldd,1,559,415,144,271,23,1,0,294,559
cday119,1,558,420,138,282,8,1,1,290,559
Sabelan,1,558,407,151,256,20,1,1,276,559
petethepeanut23,4,555,399,156,243,13,3,4,256,559
roshane69,1,559,380,179,201,14,1,0,215,559
Veven,2,557,362,195,167,23,2,2,190,559
sublimeguide,1,558,355,203,152,7,1,1,159,559
Sfork,2,559,339,220,119,18,1,0,137,559
boredandworking,2,556,425,131,294,20,2,2,314,558
lyssafaith,6,552,408,144,264,16,5,6,280,558
SMUT_ADDICT,3,555,391,164,227,38,3,3,265,558
t1w,2,556,391,165,226,14,2,2,240,558
bigdicksidekick,3,555,366,189,177,22,3,3,199,558
StOryx,1,557,360,197,163,26,1,1,189,558
0rigin,1,558,343,215,128,41,1,0,169,558
ipostshinygirls,1,556,432,124,308,102,1,1,410,557
shurq_elalle,1,556,459,97,362,13,0,1,375,557
khorne3,4,553,413,140,273,17,0,4,290,557
Cheap_Plastic_Toys,1,556,407,149,258,29,1,1,287,557
andywarno,1,556,404,152,252,22,0,1,274,557
Hickspy,3,555,403,152,251,8,3,2,259,557
BaconAndGrizzlyBears,1,556,392,164,228,20,0,1,248,557
elchip,2,555,381,174,207,20,1,2,227,557
Lim_Dul,1,556,382,174,208,13,1,1,221,557
Neleig,2,555,372,183,189,15,2,2,204,557
LemonStealer,1,556,345,211,134,23,1,1,157,557
gonebeyond8,1,556,345,211,134,22,1,1,156,557
DerMann,1,556,336,220,116,30,1,1,146,557
rightn0w_,1,556,470,86,384,6,1,0,390,556
lawlsport,1,555,423,132,291,51,1,1,342,556
cocobreezy,1,555,432,123,309,8,1,1,317,556
techfish,1,555,409,146,263,27,1,1,290,556
tuckertucker,1,555,410,145,265,24,1,1,289,556
Us24man,3,554,381,173,208,38,3,2,246,556
Violent_broccoli,3,556,358,198,160,45,3,0,205,556
Wynaut,1,555,370,185,185,9,0,1,194,556
han-sh0t-first,1,555,468,87,381,21,1,0,402,555
Kingelmobap,2,553,434,119,315,13,2,2,328,555
onemorepost,2,555,379,176,203,88,2,0,291,555
ambling,1,554,350,204,146,119,1,1,265,555
Yeebeme,1,555,397,158,239,10,1,0,249,555
pfrench,1,555,363,192,171,23,1,0,194,555
CallerNumber4,1,555,351,204,147,32,1,0,179,555
goisart,1,553,460,93,367,5,1,1,372,554
SomeCapsRage,2,552,438,114,324,25,2,2,349,554
braniac,4,550,432,118,314,14,2,4,328,554
I_I_II_III_IIIII,3,551,423,128,295,16,3,3,311,554
cwitsil12,1,553,418,135,283,3,1,1,286,554
Ericzzz,1,553,413,140,273,5,1,1,278,554
Strike1H8tr,1,553,374,179,195,36,1,1,231,554
YOMYGOD,1,553,376,177,199,29,1,1,228,554
prinknash,1,553,469,84,385,21,1,0,406,553
pieman69,2,551,451,100,351,4,2,2,355,553
ken27238,8,546,416,130,286,8,7,7,294,553
NommyKookys,1,552,384,168,216,8,1,1,224,553
trullard,1,552,468,84,384,12,1,0,396,552
grantly0711,1,551,456,95,361,7,1,1,368,552
FHSlaughter,5,548,393,155,238,42,4,4,280,552
missinglink00,2,550,395,155,240,30,1,2,270,552
TonyMontana12,2,551,391,160,231,35,1,1,266,552
Ace0fClubs,1,551,385,166,219,25,1,1,244,552
llamacheesecakellama,2,550,387,163,224,13,2,2,237,552
JuFiN,1,552,361,191,170,38,1,0,208,552
SecretAgentZeroNine,1,551,315,236,79,23,0,1,102,552
brianstk,2,550,306,244,62,21,1,2,83,552
Beltran22,3,548,472,76,396,71,3,3,467,551
Ximerian,1,550,438,112,326,11,1,1,337,551
HiddenText,2,549,416,133,283,31,1,2,314,551
multiplegoregasms,1,551,422,129,293,13,1,0,306,551
iGotDatDainbramage,1,550,417,133,284,7,0,1,291,551
Osama_Bin_Downloadin,1,551,382,169,213,64,1,0,277,551
thecacti,1,550,398,152,246,3,1,1,249,551
Soupynorman,4,548,386,162,224,18,4,3,242,551
mnutta90,1,550,362,188,174,10,1,1,184,551
MurderSheScrote,1,551,327,224,103,29,1,0,132,551
FlamingCobra,2,550,325,225,100,23,2,1,123,551
lolomg,1,549,443,106,337,77,0,1,414,550
BestRbx,1,550,471,79,392,10,1,0,402,550
Itsmeagainmom,2,549,444,105,339,41,2,1,380,550
BurtonGusterson,1,549,456,93,363,17,1,1,380,550
AstronomicalCat,1,549,453,96,357,11,1,1,368,550
KingofSkitz,1,549,439,110,329,20,1,1,349,550
Tokestra420,6,546,433,113,320,27,5,4,347,550
Kooshawa,2,548,407,141,266,52,2,2,318,550
hoonmaster,1,549,416,133,283,18,1,1,301,550
AdventureDonutTime,1,549,403,146,257,17,1,1,274,550
Masturdate,1,549,387,162,225,14,1,1,239,550
Khoops66,1,550,359,191,168,34,1,0,202,550
NotABiscuit,4,548,342,206,136,33,4,2,169,550
VelvetOnion,1,549,382,167,215,18,1,0,233,549
kamploopstrout,2,548,377,171,206,20,2,1,226,549
SenorPantalones,1,548,368,180,188,24,1,1,212,549
Pizza_The_Hutt,2,547,370,177,193,16,2,2,209,549
justdokeit,1,548,338,210,128,45,1,1,173,549
canard_glasgow,1,547,486,61,425,85,1,1,510,548
thundertitz,1,547,476,71,405,10,1,1,415,548
Codemonky,1,547,404,143,261,10,1,1,271,548
unglaublitch,7,541,392,149,243,21,7,7,264,548
DoctorVonDeath,1,547,390,157,233,7,1,1,240,548
DONT_EAT_ME,2,546,386,160,226,7,2,2,233,548
discospacellama,1,548,340,208,132,19,1,0,151,548
RainbowMeow,1,547,471,76,395,20,1,0,415,547
wittywhit,2,545,443,102,341,6,1,2,347,547
slaminsammy,2,545,430,115,315,24,2,2,339,547
ayures,1,547,356,191,165,31,1,0,196,547
PlatinumToasterRape,1,546,478,68,410,46,1,0,456,546
3roser,1,545,435,110,325,25,1,1,350,546
medicineboy,2,545,425,120,305,13,2,1,318,546
Existenzphilosophie,1,545,399,146,253,48,1,1,301,546
legend_forge,1,545,408,137,271,4,1,1,275,546
Homycraz2,1,545,384,161,223,27,1,1,250,546
Jibrish08,1,545,390,155,235,6,1,1,241,546
TehSpyCrab,1,545,360,185,175,41,1,1,216,546
fnupvote89,1,545,334,211,123,16,1,1,139,546
black_sky,1,545,319,226,93,13,1,1,106,546
gio_yo,1,544,469,75,394,14,1,1,408,545
Pamela_Handerson,1,544,453,91,362,17,1,1,379,545
IlCattivo91,1,544,438,106,332,7,1,1,339,545
JonDiebler,1,544,403,141,262,33,1,1,295,545
Dragday,2,543,362,181,181,50,2,2,231,545
bitchtits42,1,544,375,169,206,14,1,1,220,545
theghostinside,2,543,367,176,191,9,2,2,200,545
hokie240,2,544,364,180,184,11,2,1,195,545
edhughesiv,3,543,354,189,165,23,3,2,188,545
Filmer99,3,542,348,194,154,15,3,3,169,545
exceedsexpectations,1,544,347,197,150,13,1,1,163,545
InjusticeLeague,1,545,331,214,117,40,1,0,157,545
1stGenRex,1,544,345,199,146,8,1,1,154,545
synapticimpact,1,544,308,236,72,23,1,1,95,545
v_soma,1,543,427,116,311,166,1,1,477,544
topps0708,4,541,462,79,383,16,4,3,399,544
Swaqqalicious,1,543,456,87,369,10,1,1,379,544
mtlSam,2,542,416,126,290,10,2,2,300,544
UtterlyShelly,2,542,410,132,278,19,2,2,297,544
Saxophobia1275,1,543,383,160,223,17,1,1,240,544
mikedante2011,1,543,381,162,219,6,1,1,225,544
23funsizr,1,543,376,167,209,10,1,1,219,544
afjamg88,1,543,362,181,181,33,1,1,214,544
pittfan53,2,542,341,201,140,25,2,2,165,544
Mkh2012,1,543,339,204,135,13,0,1,148,544
rahl404,1,543,335,208,127,15,1,1,142,544
onyxbobonyx,1,543,308,235,73,17,1,1,90,544
wetzels-pretzels,3,541,480,61,419,27,2,2,446,543
thebloodgrinder,1,542,429,113,316,29,1,1,345,543
Wreckn,1,542,392,150,242,38,1,1,280,543
champloooo,4,540,396,144,252,7,1,3,259,543
chapsgonewild,2,541,380,161,219,36,2,2,255,543
Frankocean2,2,541,358,183,175,34,2,2,209,543
DOBBYISDEAD,1,542,356,186,170,16,1,1,186,543
ProfessorNope,1,543,347,196,151,18,1,0,169,543
gentoosu,1,543,325,218,107,55,1,0,162,543
JScholar93,1,542,448,94,354,41,1,0,395,542
synaptiv,1,541,402,139,263,21,1,1,284,542
coldknees,1,541,397,144,253,20,1,1,273,542
suddz,1,541,387,154,233,15,1,1,248,542
corndrop,6,538,347,191,156,30,6,4,186,542
PeeinIan123,1,542,338,204,134,25,1,0,159,542
terw6361,1,541,309,232,77,27,1,1,104,542
DieselMC,1,540,436,104,332,4,0,1,336,541
Mujapro,1,540,432,108,324,4,1,1,328,541
Streeb-Greebling,3,539,410,129,281,24,2,2,305,541
hipeechic,1,540,407,133,274,11,1,1,285,541
TriforceOfPower,2,539,374,165,209,47,2,2,256,541
thinkeric,1,540,332,208,124,50,1,1,174,541
jmasse,1,540,332,208,124,25,1,1,149,541
KUmitch,1,539,444,95,349,28,1,1,377,540
trolol_12,1,539,440,99,341,13,1,1,354,540
mulletarian,1,540,434,106,328,12,1,0,340,540
peppajack217,1,539,403,136,267,33,1,1,300,540
rob_ob,3,538,399,139,260,18,3,2,278,540
Fusion124,4,536,393,143,250,13,3,4,263,540
givemebackmyjacket,2,538,394,144,250,8,2,2,258,540
deathbunny28,1,539,385,154,231,12,1,1,243,540
ShinyTinyLights,1,540,369,171,198,41,1,0,239,540
tomorrowsday,1,539,373,166,207,7,1,1,214,540
Zoup,3,538,308,230,78,111,3,2,189,540
xdkyx,1,539,350,189,161,10,1,1,171,540
Magikarp_Use_Splash,1,539,320,219,101,21,0,1,122,540
GenrlWashington,3,536,412,124,288,11,3,3,299,539
hello8104,1,538,369,169,200,7,1,1,207,539
stoicgargyle,1,538,342,196,146,18,1,1,164,539
zefir738,1,537,434,103,331,8,1,1,339,538
elephantking,1,537,405,132,273,15,1,1,288,538
brucewayne87,2,536,402,134,268,8,2,2,276,538
Pancakepiles,2,536,394,142,252,16,2,2,268,538
highoncollege,1,537,398,139,259,8,1,1,267,538
MrBiscuitESQ,3,535,382,153,229,13,3,3,242,538
Analtraffic,1,537,362,175,187,54,0,1,241,538
cinnamonrefresh,3,536,372,164,208,22,3,2,230,538
jorizz,2,537,344,193,151,16,2,1,167,538
LHN,1,537,330,207,123,25,1,1,148,538
pakmanistan,1,537,310,227,83,10,1,1,93,538
ch00f,2,535,480,55,425,30,1,2,455,537
KingKryptonite,1,536,462,74,388,21,0,1,409,537
Aframe95,1,536,453,83,370,15,1,1,385,537
Achrist466,2,535,388,147,241,67,2,2,308,537
ElephantToast33,4,533,403,130,273,25,3,4,298,537
EverybodyWantsSomeE,1,536,399,137,262,15,1,1,277,537
the_shape,2,535,364,171,193,36,2,2,229,537
LuckyXIII,2,536,360,176,184,17,2,1,201,537
vicwolfe,1,537,340,197,143,58,1,0,201,537
phorofor,1,536,349,187,162,13,1,1,175,537
rv77ax,1,535,485,50,435,8,1,1,443,536
pickledinevil,1,535,454,81,373,19,1,1,392,536
RealHT,1,535,439,96,343,18,1,1,361,536
LePure,1,535,407,128,279,66,1,1,345,536
Richara9,2,535,418,117,301,24,2,1,325,536
ezza61,1,535,396,139,257,14,1,1,271,536
Shipmatewarrior,1,535,382,153,229,17,1,1,246,536
FlyingPotatoChickens,1,535,360,175,185,51,1,1,236,536
Mountaineerhill,1,535,378,157,221,7,1,1,228,536
Jamielynn80,2,535,335,200,135,82,2,1,217,536
andrewgomez,1,535,328,207,121,15,1,1,136,536
yb1337,1,535,324,211,113,16,1,1,129,536
MarkBC,1,534,437,97,340,37,0,1,377,535
Ella6361,1,534,411,123,288,18,1,1,306,535
mRNA28,1,535,412,123,289,9,1,0,298,535
NotKorbin,1,534,396,138,258,3,1,1,261,535
antonarn1991,1,534,380,154,226,26,1,1,252,535
yti555,1,534,372,162,210,34,1,1,244,535
blaqueice,2,533,366,167,199,28,1,2,227,535
captainbacon,1,534,340,194,146,33,1,1,179,535
robpbb,1,533,433,100,333,15,1,1,348,534
whatups,2,533,414,119,295,35,2,1,330,534
j0npau1,1,533,403,130,273,17,1,1,290,534
Niciii,1,533,391,142,249,33,1,1,282,534
RelativeCommunitygif,2,533,399,134,265,6,2,1,271,534
Aixyz,1,533,388,145,243,21,1,1,264,534
nickyrr,1,533,372,161,211,10,1,1,221,534
eyes_be_shifty,1,533,340,193,147,47,1,1,194,534
TheSpaceZombie,1,533,337,196,141,28,1,1,169,534
Nopeasuoli,1,533,493,40,453,5,1,0,458,533
chlobab1,1,532,470,62,408,18,1,1,426,533
Teejuliano,1,533,388,145,243,9,1,0,252,533
tamrix,1,533,321,212,109,75,1,0,184,533
misscoollike,1,532,348,184,164,6,1,1,170,533
felinemetamorphosis,1,532,325,207,118,4,1,1,122,533
sprohi,1,531,468,63,405,65,1,1,470,532
lejefferson,5,530,434,96,338,15,3,2,353,532
johnfoof,4,528,403,125,278,29,4,4,307,532
MrBhavin,3,529,389,140,249,17,3,3,266,532
CosmicFitness,2,530,388,142,246,16,2,2,262,532
Extraltodeus,3,529,354,175,179,71,2,3,250,532
nwhalloway,1,531,294,237,57,16,1,1,73,532
mortypm,2,531,448,83,365,27,2,0,392,531
FuarkSadCunts,1,531,431,100,331,36,1,0,367,531
JustinG432,1,530,340,190,150,12,1,1,162,531
skyroof_hilltop,3,528,470,58,412,27,3,2,439,530
kb1315,3,528,423,105,318,14,3,2,332,530
treegrass,2,529,408,121,287,23,2,1,310,530
admiral_taco,1,529,408,121,287,21,1,1,308,530
Awildupvoteappears,5,526,389,137,252,7,1,4,259,530
PacmanAL,2,530,355,175,180,67,2,0,247,530
lssrules787,3,527,383,144,239,7,2,3,246,530
redman2014,1,530,364,166,198,3,0,0,201,530
MyInf3rno,1,528,454,74,380,9,1,1,389,529
Turtlesaur,1,528,441,87,354,17,1,1,371,529
puppy22,4,525,393,132,261,11,4,4,272,529
kredor,1,529,373,156,217,38,1,0,255,529
steakmm,1,528,359,169,190,43,1,1,233,529
chotsky84,1,528,370,158,212,12,1,1,224,529
Hollow87,1,528,318,210,108,16,1,1,124,529
aBadyl,1,528,292,236,56,22,1,1,78,529
byebyebicycle,1,527,384,143,241,11,1,1,252,528
night_goonch,1,528,372,156,216,29,1,0,245,528
tunnelsnakesrule,2,527,376,151,225,16,2,1,241,528
jlamb26,1,527,373,154,219,18,1,1,237,528
GIFMAN123,1,528,353,175,178,15,1,0,193,528
Milk_Jagger,1,528,337,191,146,26,1,0,172,528
Dudeimanoldfart,1,527,323,204,119,52,1,1,171,528
Djloudenclear,1,526,432,94,338,20,1,1,358,527
HahnMangler,7,522,343,179,164,51,6,5,215,527
chezfez,2,525,353,172,181,24,2,2,205,527
multiplesof3,1,526,360,166,194,5,1,1,199,527
someonethatisme,1,527,312,215,97,24,1,0,121,527
NZFLE,9,518,427,91,336,154,8,8,490,526
k0sTi,1,526,474,52,422,23,1,0,445,526
computertitan,3,523,416,107,309,13,2,3,322,526
zoidd,1,525,383,142,241,74,0,1,315,526
5acred,2,524,404,120,284,18,2,2,302,526
greekguy69,3,523,394,129,265,18,3,3,283,526
thingkr,1,525,387,138,249,10,1,1,259,526
devstar,1,526,377,149,228,3,1,0,231,526
yellow_mellow01,2,524,366,158,208,9,2,2,217,526
incendiarylemons,1,525,352,173,179,15,1,1,194,526
zsoltika,1,525,334,191,143,13,1,1,156,526
cugelth3clever,1,525,335,190,145,8,1,1,153,526
arabdude,1,524,417,107,310,9,1,1,319,525
JustinKBrown,1,524,408,116,292,10,1,1,302,525
cinematic_is_horses,3,522,390,132,258,18,3,3,276,525
SinisterCanuck,2,523,367,156,211,19,2,2,230,525
thebrachknocker,1,525,345,180,165,15,1,0,180,525
demo183,1,524,313,211,102,15,1,1,117,525
sprshrp,1,523,447,76,371,26,1,1,397,524
spanderfan,1,523,444,79,365,20,1,1,385,524
fudgeKnuckle,1,523,437,86,351,9,1,1,360,524
jangstar,1,523,408,115,293,15,0,1,308,524
trollerz,2,524,371,153,218,34,2,0,252,524
KingQuagaar,2,522,359,163,196,45,2,2,241,524
GROiU,1,523,344,179,165,13,1,1,178,524
jax133jax,1,523,307,216,91,9,1,1,100,524
wweld17,1,523,285,238,47,23,1,1,70,524
LightningTea,1,522,413,109,304,69,1,1,373,523
blazedshaggy,2,521,429,92,337,0,1,2,337,523
Iheardyoulikeoatmeal,1,522,400,122,278,27,1,1,305,523
weeniehut,1,522,382,140,242,55,1,1,297,523
luhbell,3,520,397,123,274,13,3,3,287,523
Frostygaze,1,522,399,123,276,10,1,1,286,523
Hupso,3,520,394,126,268,17,2,3,285,523
HannahLovesNarwhals,1,523,399,124,275,4,1,0,279,523
AWildVenusaur,1,522,363,159,204,15,1,1,219,523
rodrigo2220,1,522,332,190,142,53,1,1,195,523
Snodgrass82,1,522,355,167,188,7,1,1,195,523
-SD-,2,522,337,185,152,10,2,1,162,523
Saske92,5,519,426,93,333,11,3,3,344,522
NewJustAGuy,1,521,421,100,321,15,1,1,336,522
Spitfire75,1,522,417,105,312,18,0,0,330,522
liver_pains,1,521,390,131,259,12,1,1,271,522
justAfad,2,520,341,179,162,9,2,2,171,522
teddy-roosevelt,1,521,337,184,153,18,1,1,171,522
bschwag,1,521,334,187,147,11,1,1,158,522
k0rny,1,522,307,215,92,9,1,0,101,522
Skullpuck,1,522,303,219,84,11,1,0,95,522
ZombieMolester,5,516,408,108,300,21,4,5,321,521
alpa__chino,1,520,374,146,228,47,1,1,275,521
Zhizzle08,1,520,328,192,136,7,1,1,143,521
ElMustachio719,1,519,432,87,345,16,1,1,361,520
tosbourn,1,519,429,90,339,5,1,1,344,520
TrollLevel100,2,518,402,116,286,52,2,2,338,520
dragontooth99,1,519,404,115,289,12,1,1,301,520
fatfook,2,518,381,137,244,7,2,2,251,520
randyjohns,2,518,363,155,208,22,2,2,230,520
everestdesign,2,519,362,157,205,21,1,1,226,520
ChopinLives81,1,519,357,162,195,22,1,1,217,520
fgn89,2,519,348,171,177,15,2,1,192,520
FormerContra,1,519,337,182,155,10,1,1,165,520
smokinchokin,1,519,339,180,159,6,1,1,165,520
ThreeDJr,1,519,287,232,55,21,1,1,76,520
anotariano,1,518,424,94,330,31,1,1,361,519
DrOktoepoos,1,518,420,98,322,14,1,1,336,519
tconvery,1,518,410,108,302,23,1,1,325,519
stealingyourpixels,6,513,380,133,247,21,3,6,268,519
royalhippogriff,1,518,367,151,216,16,1,1,232,519
cobdale,1,518,347,171,176,6,1,1,182,519
sevenwordsting,1,519,331,188,143,29,1,0,172,519
jelly_wobble_head,1,519,329,190,139,21,1,0,160,519
KangarooK,1,519,328,191,137,8,1,0,145,519
lilmul123,1,518,413,105,308,79,1,0,387,518
alphawolfgang,2,516,411,105,306,12,2,2,318,518
TheMaster00,2,516,387,129,258,10,1,2,268,518
scarecrowe72,1,517,385,132,253,2,1,1,255,518
Amicar,2,517,357,160,197,32,2,1,229,518
ohgodwhydidIjoin,1,517,351,166,185,8,1,1,193,518
Its_not_me_its_you,1,517,341,176,165,11,1,1,176,518
Harrier10k,1,516,446,70,376,25,0,1,401,517
genna903,2,515,431,84,347,7,2,2,354,517
snowlions,1,516,421,95,326,21,1,1,347,517
DoctorPantsmaster,2,516,410,106,304,26,2,1,330,517
ferrari1320,2,515,411,104,307,13,2,2,320,517
ehgitt,1,517,369,148,221,20,1,0,241,517
rkuroiwa,1,516,353,163,190,43,1,1,233,517
wimmyjales,1,517,353,164,189,23,1,0,212,517
Darth_AV83,1,516,352,164,188,7,1,1,195,517
bajandy,2,516,476,40,436,22,2,0,458,516
seainhd,2,515,454,61,393,17,2,1,410,516
brittnoose,1,516,430,86,344,17,1,0,361,516
heelsonholiday,1,515,433,82,351,9,1,1,360,516
nessarose4,1,515,417,98,319,17,1,1,336,516
Mowery60,1,515,376,139,237,61,1,1,298,516
BoydCrowder,2,514,365,149,216,14,2,2,230,516
pboconnell,1,515,350,165,185,36,1,1,221,516
yousaidicould,1,515,358,157,201,9,1,1,210,516
beerguts,3,513,350,163,187,13,2,3,200,516
ericpratum,1,515,322,193,129,32,1,1,161,516
LilBamBam,2,514,298,216,82,31,2,2,113,516
IM_A_MONSTERRR,1,516,312,204,108,5,1,0,113,516
radrico,4,511,429,82,347,59,4,4,406,515
e_vision,1,514,435,79,356,8,1,1,364,515
PenalHardships,2,514,428,86,342,7,1,1,349,515
okay_063,4,511,394,117,277,20,4,4,297,515
superdurp69,2,513,394,119,275,15,2,2,290,515
FazeD_FrosT,6,510,383,127,256,21,3,5,277,515
PhenomDePlume,1,514,392,122,270,4,1,1,274,515
OMGZombii,1,514,356,158,198,13,1,1,211,515
The_Milkman,1,515,349,166,183,15,1,0,198,515
mastergangles,1,513,455,58,397,64,1,1,461,514
wishyouwerebeer,1,513,427,86,341,8,1,1,349,514
mFsTermina,1,514,390,124,266,67,1,0,333,514
TIMMAHHH,6,508,378,130,248,39,5,6,287,514
ctr613,3,512,371,141,230,9,1,2,239,514
Bebebebe1987,2,514,370,144,226,11,2,0,237,514
1clownShoe,1,513,349,164,185,12,1,1,197,514
PanchDog,3,511,324,187,137,33,2,3,170,514
JungleSumTimes,2,511,446,65,381,15,0,2,396,513
Lugozi,2,511,424,87,337,7,2,2,344,513
nothingwillhurt,1,512,406,106,300,9,1,1,309,513
dechero,1,512,351,161,190,19,0,1,209,513
morningelwood,3,512,331,181,150,21,3,1,171,513
gigabored,2,511,322,189,133,33,2,2,166,513
StikIt,2,512,328,184,144,12,2,1,156,513
totallysharky,1,512,287,225,62,22,1,1,84,513
celticagent,2,511,395,116,279,110,2,1,389,512
Pinkteam,1,512,414,98,316,33,1,0,349,512
curlyfries10,1,512,406,106,300,43,1,0,343,512
bonerjams7,2,510,421,89,332,10,2,2,342,512
WhyJ,2,511,422,89,333,5,1,1,338,512
ast03,1,511,378,133,245,10,1,1,255,512
XdsXc,1,511,372,139,233,10,1,1,243,512
klipse,3,509,365,144,221,20,2,3,241,512
burgenic,1,511,367,144,223,14,1,1,237,512
Nechro,2,510,330,180,150,57,2,2,207,512
Mustachio121,1,512,333,179,154,38,1,0,192,512
hilzrose,1,511,330,181,149,23,1,1,172,512
handsolo85,2,510,309,201,108,9,1,2,117,512
spoone,1,510,386,124,262,10,1,1,272,511
RichardRider,2,509,355,154,201,28,1,2,229,511
wannabewallaby,2,510,355,155,200,19,2,1,219,511
micmea668,1,510,333,177,156,26,1,1,182,511
Winston_Legthigh,1,509,399,110,289,102,1,1,391,510
TrickOrBanana,1,509,406,103,303,18,1,1,321,510
ice2morrow,1,509,411,98,313,5,1,1,318,510
wikichipi,1,510,394,116,278,18,1,0,296,510
EndThisGame,1,509,389,120,269,16,1,1,285,510
mbacon101,1,509,391,118,273,6,1,1,279,510
SkyBS,1,509,363,146,217,29,1,1,246,510
isuckwithusernames,1,509,368,141,227,10,1,1,237,510
franciscotech,1,510,314,196,118,12,1,0,130,510
JewishGun,1,509,303,206,97,30,1,1,127,510
schnoz,1,510,276,234,42,8,1,0,50,510
SideEyed,1,508,405,103,302,31,1,1,333,509
orotoss,1,508,319,189,130,170,1,1,300,509
turtleVirus,1,509,398,111,287,9,1,0,296,509
evan342,1,508,379,129,250,14,1,1,264,509
Thatotherjanitor,1,508,343,165,178,18,0,1,196,509
VeeBe,1,509,342,167,175,11,1,0,186,509
r0b0l0g0d0,1,508,310,198,112,43,1,1,155,509
Schamson,1,509,306,203,103,27,1,0,130,509
kikabkika,1,508,312,196,116,12,1,1,128,509
MarkusRP,1,509,306,203,103,13,1,0,116,509
Dawnsc2,1,507,374,133,241,168,1,1,409,508
iturner82,1,507,373,134,239,133,1,1,372,508
supaskia,3,505,410,95,315,4,3,3,319,508
TheSixFeet,3,505,393,112,281,34,3,3,315,508
doktorbombay,1,507,396,111,285,13,1,1,298,508
iLiketrains131,1,507,393,114,279,13,1,1,292,508
randominality,1,507,388,119,269,9,1,1,278,508
TravelingTJ,1,507,377,130,247,19,1,1,266,508
oppandadardar,1,507,368,139,229,32,1,1,261,508
Mighty72,1,507,335,172,163,15,1,1,178,508
75CB360T,1,507,320,187,133,7,1,1,140,508
loopdigga420,1,507,301,206,95,35,1,1,130,508
salz12,1,508,315,193,122,5,1,0,127,508
Measure76,2,505,457,48,409,34,2,2,443,507
sdvaletone,1,506,429,77,352,15,1,1,367,507
LugubriousDrollery,1,506,394,112,282,16,1,1,298,507
frogman787,1,507,369,138,231,17,1,0,248,507
deltron2020,1,507,358,149,209,20,0,0,229,507
Ryan7395,1,506,305,201,104,22,1,1,126,507
askox,1,506,293,213,80,29,1,1,109,507
TreasureBox,1,507,298,209,89,7,1,0,96,507
Gorillaz_Noodle,5,502,428,74,354,22,3,4,376,506
23rdEye,4,502,388,114,274,47,3,4,321,506
Edibleface,2,504,392,112,280,13,2,2,293,506
Benapenis42,1,505,370,135,235,16,1,1,251,506
can_tankbuilder,1,506,314,192,122,98,1,0,220,506
ic3cold,1,505,358,147,211,8,1,1,219,506
Askura,1,506,352,154,198,10,0,0,208,506
KindBass,2,505,327,178,149,14,2,1,163,506
Tattered,1,504,418,86,332,40,1,1,372,505
ColonolCool,3,502,419,83,336,26,2,3,362,505
Calculatrice,4,502,412,90,322,20,4,3,342,505
Rogue_Samurai,1,504,406,98,308,10,1,1,318,505
finnthehuman11,1,504,390,114,276,5,1,1,281,505
du_coeur,3,502,382,120,262,17,2,3,279,505
moonbatghostie,3,504,363,141,222,19,3,1,241,505
CaptainCornLobby,1,505,291,214,77,118,1,0,195,505
ksaj,2,503,318,185,133,14,1,2,147,505
NonstopBLU,5,499,439,60,379,3,2,5,382,504
WaluiJ,1,503,402,101,301,49,1,1,350,504
rolling_in_d_deep,1,503,421,82,339,9,1,1,348,504
dirkadirk2011,1,503,339,164,175,23,1,1,198,504
mheole,1,504,325,179,146,34,1,0,180,504
sfitsea,1,503,329,174,155,12,1,1,167,504
WhereAreAllTheDinos,1,503,325,178,147,10,1,1,157,504
chriszuma,1,504,295,209,86,23,1,0,109,504
stretch_nuts,3,500,401,99,302,25,3,3,327,503
Eat_Bacon_nomnomnom,2,501,400,101,299,15,1,2,314,503
LeSpatula,2,501,393,108,285,9,2,2,294,503
Oythebrave,1,503,370,133,237,45,1,0,282,503
Malfatto,2,501,368,133,235,28,1,2,263,503
Nellington,3,500,364,136,228,12,3,3,240,503
mrmunkey,1,502,335,167,168,33,1,1,201,503
LMSavage,1,503,346,157,189,10,1,0,199,503
cege,1,502,328,174,154,30,1,1,184,503
awkwardhandjob,1,502,334,168,166,11,1,1,177,503
eaglemike,1,502,324,178,146,19,1,1,165,503
AnthonySlips,1,503,317,186,131,28,1,0,159,503
Sidewinder289,2,501,299,202,97,31,2,2,128,503
bitGAMER,1,502,306,196,110,13,1,1,123,503
tossmeoff,2,501,405,96,309,16,2,1,325,502
haddis,3,501,399,102,297,17,1,1,314,502
justacsb,1,501,381,120,261,11,1,1,272,502
Kayy1515,1,501,382,119,263,4,1,1,267,502
mktical,2,502,352,150,202,25,2,0,227,502
shuritsen,2,502,330,172,158,15,2,0,173,502
lord_of_a_thing,1,502,315,187,128,4,1,0,132,502
Chainsaw_Gutfuck,1,500,421,79,342,67,1,1,409,501
saltyfood,4,497,417,80,337,10,3,4,347,501
HorriblePerson911,1,500,403,97,306,12,1,1,318,501
k1aymen,2,500,380,120,260,31,2,1,291,501
GregariousGecko,4,497,388,109,279,8,4,4,287,501
JBehm194,1,500,366,134,232,45,1,1,277,501
workworkworkworkwork,1,500,368,132,236,16,1,1,252,501
ColonisetheMoon,1,500,324,176,148,54,1,1,202,501
guntz1092,2,500,335,165,170,22,2,1,192,501
Danixcore,1,500,340,160,180,12,1,1,192,501
Sgt_A,1,500,337,163,174,14,0,1,188,501
tensecoconut,1,500,332,168,164,20,1,1,184,501
CarlTheCamel,1,499,428,71,357,16,1,1,373,500
SheltonTheKid,2,498,385,113,272,26,2,2,298,500
ThatOneKidWithHair,3,497,380,117,263,31,3,3,294,500
PoopyBloodCum,1,500,360,140,220,37,1,0,257,500
urmyfavoritecustomer,1,499,365,134,231,15,1,1,246,500
IAM8bitt,2,498,358,140,218,16,2,2,234,500
LordEdward,1,499,347,152,195,32,1,1,227,500
1stfakeaccount,1,500,322,178,144,71,1,0,215,500
emr1028,8,493,334,159,175,35,7,7,210,500
MrKrucible,1,499,330,169,161,7,1,1,168,500
Albion06,1,499,324,175,149,18,1,1,167,500
sharkbyte08,2,500,310,190,120,23,2,0,143,500
TwatMobile,1,499,298,201,97,13,0,1,110,500
meatpod,2,497,402,95,307,31,2,2,338,499
JacqiSack,1,498,405,93,312,15,0,1,327,499
one00percents,4,495,401,94,307,11,2,4,318,499
hok9,3,496,380,116,264,18,3,3,282,499
Odubj,9,490,370,120,250,19,4,9,269,499
kirikor7,1,498,345,153,192,59,1,1,251,499
NuclearPotatoes,1,498,369,129,240,9,1,1,249,499
heyredridinghood,2,498,343,155,188,17,2,1,205,499
mastershake04,1,499,326,173,153,6,1,0,159,499
Effervescent-Cricket,1,499,318,181,137,20,1,0,157,499
mrctte,1,498,403,95,308,146,1,0,454,498
oatwife,1,497,437,60,377,8,1,1,385,498
Kebre,1,497,434,63,371,6,0,1,377,498
Journalisto,2,496,402,94,308,19,1,2,327,498
GreenGunz,2,496,362,134,228,18,2,2,246,498
I_Know_Kung-fu,1,497,326,171,155,74,1,1,229,498
sicktor,1,497,350,147,203,13,1,1,216,498
Trixter117,3,496,284,212,72,27,3,2,99,498
josh6499,1,497,463,34,429,37,1,0,466,497
DizzyEwok,1,496,407,89,318,36,1,1,354,497
Lohlein,5,492,386,106,280,68,4,5,348,497
kitney,1,496,404,92,312,6,1,1,318,497
theCheekyBastard,1,496,364,132,232,27,1,1,259,497
SpottieOttieDopa,1,496,354,142,212,18,1,1,230,497
serych,1,496,348,148,200,17,1,1,217,497
SovV,1,497,352,145,207,8,1,0,215,497
reynolad,1,496,328,168,160,52,1,1,212,497
prince_of_spades,1,496,337,159,178,11,1,1,189,497
LRP,2,495,271,224,47,19,2,2,66,497
crispls,1,496,431,65,366,33,1,0,399,496
Landfrog,1,495,409,86,323,22,1,1,345,496
Mitoni,2,494,406,88,318,22,1,2,340,496
scottg96,3,494,390,104,286,30,3,2,316,496
snevriden,1,495,383,112,271,9,1,1,280,496
Veothrosh,2,494,375,119,256,18,2,2,274,496
W_ChurchillsSkeleton,2,494,361,133,228,8,2,2,236,496
Firerhea,1,496,309,187,122,43,1,0,165,496
ZmbKllr,1,496,312,184,128,28,1,0,156,496
ISITONPARKINGCONES,1,496,278,218,60,16,1,0,76,496
flaoser,1,495,272,223,49,11,1,1,60,496
questionsleft,1,494,418,76,342,10,1,1,352,495
Eastixk,5,491,412,79,333,15,3,4,348,495
likexvines,2,493,392,101,291,5,2,2,296,495
raistblackmagi,2,493,376,117,259,14,2,2,273,495
deathpulse42,2,493,333,160,173,14,2,2,187,495
dderosa,1,493,388,105,283,14,1,1,297,494
Z0MBIEStheyN0MBIES,1,493,361,132,229,21,1,1,250,494
brianw1123,1,493,349,144,205,12,1,1,217,494
backreaper_nl,3,491,326,165,161,26,3,3,187,494
metabrain,1,493,332,161,171,11,1,1,182,494
badmotherfucker1969,1,493,322,171,151,23,1,1,174,494
justinxduff,2,493,301,192,109,17,2,1,126,494
Wherethemooseare7,11,482,429,53,376,17,6,11,393,493
kittygator,1,492,376,116,260,72,1,1,332,493
chinnamonsallenge,1,492,389,103,286,4,1,1,290,493
sweetslagpie,1,492,375,117,258,12,1,1,270,493
KatofSpades,1,492,371,121,250,19,0,1,269,493
bboo,1,492,373,119,254,7,1,1,261,493
lobotomatic,1,493,304,189,115,130,1,0,245,493
gamerx11,2,491,341,150,191,27,2,2,218,493
DerickObama,1,492,317,175,142,19,1,1,161,493
ruckuslol,3,490,292,198,94,20,3,3,114,493
CaptainTheGabe,5,488,390,98,292,48,5,4,340,492
supersketch,1,492,385,107,278,40,1,0,318,492
cmbezln,4,488,333,155,178,28,4,4,206,492
lukedogg,1,491,330,161,169,34,1,1,203,492
Taxi_06,4,489,329,160,169,28,4,3,197,492
fatalvaux,2,491,305,186,119,38,2,1,157,492
Hillside_Strangler,1,491,307,184,123,30,0,1,153,492
josshhhh,2,491,263,228,35,111,2,1,146,492
narblynibbles,1,490,422,68,354,28,1,1,382,491
SploogeMcFuck,1,491,373,118,255,10,1,0,265,491
littlemisshoneypot,6,485,337,148,189,66,5,6,255,491
speedslice,5,486,363,123,240,14,5,5,254,491
rvignesh,2,489,331,158,173,42,2,2,215,491
reddittem,3,488,346,142,204,8,1,3,212,491
iambecomedeath7,1,490,289,201,88,33,1,1,121,491
mm28,1,490,294,196,98,18,1,1,116,491
clueda,1,490,266,224,42,7,1,1,49,491
somegaychick,2,488,410,78,332,49,2,2,381,490
Julian702,1,489,411,78,333,28,0,1,361,490
David_The_Atheist,2,488,400,88,312,17,2,2,329,490
pintopete,1,489,392,97,295,10,0,1,305,490
Leopard27,2,488,379,109,270,7,1,2,277,490
strebornator,1,490,380,110,270,5,1,0,275,490
cobalt999,1,489,297,192,105,14,1,1,119,490
wheet-woo,1,489,282,207,75,11,1,1,86,490
spyman1991,1,488,397,91,306,6,1,1,312,489
homerpalooza101,5,486,371,115,256,51,5,3,307,489
U_C_,1,488,383,105,278,20,1,1,298,489
dngu00,1,488,370,118,252,6,1,1,258,489
mysneezeshurt,2,488,301,187,114,114,2,1,228,489
POLYMERIZED-TREE-SAP,2,487,344,143,201,20,2,2,221,489
CWGM,1,489,316,173,143,13,1,0,156,489
Uptokies,1,488,313,175,138,10,1,1,148,489
ruled_notebook,1,488,297,191,106,10,1,1,116,489
treystar3,1,487,419,68,351,3,1,1,354,488
tuggadefault,1,487,396,91,305,7,1,1,312,488
AlexanderNoys,1,487,387,100,287,15,1,1,302,488
SteamPoweredTroll,1,487,378,109,269,20,0,1,289,488
slumberlust,1,487,359,128,231,23,1,1,254,488
tomnomnom12,1,487,326,161,165,16,1,1,181,488
lovemorgul,1,487,431,56,375,65,1,0,440,487
Bittervirus,4,483,423,60,363,70,4,4,433,487
magnumz,1,486,376,110,266,30,1,1,296,487
BrandoGil,4,484,289,195,94,125,2,3,219,487
mels234,3,485,334,151,183,14,3,2,197,487
ryanms15,1,486,325,161,164,6,1,1,170,487
fragiledonotdrop,1,487,319,168,151,16,1,0,167,487
rabidanimals,1,486,308,178,130,9,1,1,139,487
evilspoink,1,486,275,211,64,13,1,1,77,487
mjxii,1,485,406,79,327,56,1,1,383,486
upizdown,4,484,402,82,320,13,3,2,333,486
Whereisnumnum,1,485,374,111,263,5,1,1,268,486
CCDubs,1,485,358,127,231,36,1,1,267,486
TheMightyBarabajagal,1,485,367,118,249,16,1,1,265,486
jerryconnelly,2,484,341,143,198,51,2,2,249,486
heccubus,1,486,337,149,188,26,1,0,214,486
justusisserved,5,481,336,145,191,11,5,5,202,486
ARO530,1,486,330,156,174,23,1,0,197,486
8lack5ky,4,482,381,101,280,62,4,3,342,485
fattyk00,1,484,396,88,308,22,1,1,330,485
Hartbreaker,2,483,398,85,313,11,2,2,324,485
Dogjet,1,484,381,103,278,22,1,1,300,485
Icanollie187,3,483,366,117,249,34,2,2,283,485
Ashtwain,1,484,373,111,262,14,1,1,276,485
k0L4n,1,484,363,121,242,6,1,1,248,485
lawlers,3,482,334,148,186,56,3,3,242,485
Goosage,1,484,360,124,236,5,1,1,241,485
lsqDrunkenMaster,1,484,350,134,216,21,1,1,237,485
rylindstrom,3,482,333,149,184,8,3,3,192,485
funkybrassmonkey,1,484,315,169,146,23,1,1,169,485
nadiajeann,1,484,307,177,130,30,1,1,160,485
velkyr,1,484,272,212,60,9,1,1,69,485
belladonnadiorama,2,483,440,43,397,20,1,1,417,484
RABBIT_IN_MY_ANUS,1,483,387,96,291,53,0,1,344,484
biffosaur,1,483,381,102,279,9,1,1,288,484
elephentsayoink,1,483,363,120,243,22,1,1,265,484
ginkoms,3,481,355,126,229,15,2,3,244,484
llnk,1,483,351,132,219,17,1,1,236,484
DrShelby87,1,483,352,131,221,11,1,1,232,484
ProfKABOOM,3,481,347,134,213,12,3,3,225,484
MetalDevil,2,482,338,144,194,29,0,2,223,484
DJTurnitup,2,483,333,150,183,12,1,1,195,484
Jonmaxblack,1,483,333,150,183,6,1,1,189,484
aloeicious,1,483,308,175,133,53,1,1,186,484
patpend,1,483,408,75,333,16,1,0,349,483
IchBinLiebe,1,482,387,95,292,39,1,1,331,483
gondor2222,1,483,389,94,295,26,1,0,321,483
cjoy555,1,482,348,134,214,68,1,1,282,483
rburkh,4,479,370,109,261,13,3,4,274,483
redneckhell,1,482,367,115,252,3,1,1,255,483
atomsapple,1,482,348,134,214,33,1,1,247,483
ImbeinThatGuy,5,479,356,123,233,10,3,4,243,483
busymommy83,1,482,342,140,202,15,1,1,217,483
LovePeaceLove27,2,482,342,140,202,15,1,1,217,483
huarw123,3,480,326,154,172,24,3,3,196,483
CuzinVinny,2,481,301,180,121,28,2,2,149,483
AuzzyT,2,481,296,185,111,15,1,2,126,483
mister_mental,1,482,295,187,108,10,1,1,118,483
Swampassjr,1,482,278,204,74,5,1,1,79,483
argus1608,2,480,394,86,308,8,1,2,316,482
FusRoBlah,1,481,381,100,281,11,1,1,292,482
SuckMyUFO,2,480,344,136,208,65,2,2,273,482
Giterdun456,2,480,361,119,242,8,2,2,250,482
lcplmurphy,1,481,328,153,175,21,1,1,196,482
There_can_only_be_1,2,481,323,158,165,18,2,1,183,482
porrasta,2,479,427,52,375,24,1,2,399,481
pierenjan,1,481,415,66,349,15,1,0,364,481
angryapathy,1,480,377,103,274,27,1,1,301,481
EmoMnMs,2,479,375,104,271,7,2,2,278,481
Linalineh,2,480,359,121,238,31,2,1,269,481
doGtsopeR,1,481,324,157,167,100,1,0,267,481
Coolkid251,11,470,362,108,254,6,5,11,260,481
Baron_Von_Gagenshatz,2,480,360,120,240,18,2,1,258,481
barinS,1,480,357,123,234,20,1,1,254,481
trevman_1513,2,479,361,118,243,8,1,2,251,481
daveirl,1,480,327,153,174,47,1,1,221,481
lolwut_noway,1,480,342,138,204,13,1,1,217,481
Peylev,1,480,335,145,190,19,1,1,209,481
shanep35,1,480,317,163,154,35,1,1,189,481
Nihilisst,2,479,321,158,163,12,2,2,175,481
rufi885,1,480,298,182,116,50,1,1,166,481
mooman22,4,478,296,182,114,40,3,3,154,481
Grachiaire,1,480,296,184,112,17,1,1,129,481
hockeyking655,1,479,408,71,337,42,0,1,379,480
Nathan9912,4,477,378,99,279,12,3,3,291,480
Stiggles4,1,480,357,123,234,38,1,0,272,480
Brettster,2,478,357,121,236,17,2,2,253,480
Disconsolate,1,479,343,136,207,35,1,1,242,480
Kutchyx,3,478,342,136,206,22,3,2,228,480
thogervo,3,477,329,148,181,14,3,3,195,480
pawkair,5,476,323,153,170,7,3,4,177,480
MrMMMM,1,480,292,188,104,30,1,0,134,480
PotvinSux,1,479,392,87,305,14,1,0,319,479
macfamgirl,1,478,387,91,296,7,1,1,303,479
johnly13,1,479,369,110,259,20,1,0,279,479
geeza23,1,478,339,139,200,36,1,1,236,479
CuseTown,7,474,302,172,130,34,5,5,164,479
TryingToFindAnExit,1,477,416,61,355,12,1,1,367,478
xDecibelx,2,477,398,79,319,20,2,1,339,478
carmel33,2,476,386,90,296,34,2,2,330,478
Liquid_Senjutsu,2,476,385,91,294,18,1,2,312,478
BigTexasButters,1,477,364,113,251,14,1,1,265,478
roobot,1,477,363,114,249,12,1,1,261,478
JadedVII,2,476,353,123,230,15,2,2,245,478
goontownpopyou,1,477,333,144,189,12,1,1,201,478
Dee_the_Lovebeast,2,476,288,188,100,26,0,2,126,478
me_goomba,3,476,291,185,106,18,2,2,124,478
airspitter,1,476,410,66,344,8,1,1,352,477
roccosocko98,5,473,345,128,217,19,5,4,236,477
Hetfeeld,1,476,339,137,202,28,1,1,230,477
superbambooski,1,476,345,131,214,8,1,1,222,477
SpookyAssGhost,2,475,335,140,195,19,1,2,214,477
Drives_to_fast,1,476,333,143,190,12,0,1,202,477
ashliroller1990,2,476,302,174,128,44,2,1,172,477
Radiosucks,2,476,308,168,140,22,2,1,162,477
GeorgeOwnwell,1,476,295,181,114,17,1,1,131,477
Infernaloneshot,1,475,373,102,271,9,1,1,280,476
bamp,12,465,359,106,253,25,9,11,278,476
pholla37,1,475,356,119,237,26,1,1,263,476
gkrumm,1,475,350,125,225,18,1,1,243,476
Dirty_Roughneck,3,473,351,122,229,12,2,3,241,476
HuFst40K,1,475,355,120,235,6,1,1,241,476
liesforliars,1,475,293,182,111,20,1,1,131,476
dubqnp,1,475,395,80,315,12,1,0,327,475
Matanza,1,474,388,86,302,23,1,1,325,475
theshoelessone,1,474,372,102,270,41,1,1,311,475
Duk3e,1,474,384,90,294,3,1,1,297,475
jklop60,1,474,368,106,262,8,0,1,270,475
jaes2m,2,473,367,106,261,7,2,2,268,475
CleverGirrl,1,474,364,110,254,14,1,1,268,475
itsmillertime,1,474,356,118,238,14,1,1,252,475
scottschism,7,468,339,129,210,10,7,7,220,475
fawkme,2,474,336,138,198,6,2,1,204,475
mesoamerica97,1,474,325,149,176,11,1,1,187,475
Wheres_Naldo69,3,473,297,176,121,46,3,2,167,475
waltermasterson,1,474,312,162,150,10,1,1,160,475
MuzzyBear,1,475,301,174,127,7,1,0,134,475
kjonasty,2,473,289,184,105,11,2,2,116,475
Kozmi,2,472,420,52,368,73,2,2,441,474
Orgish,1,473,370,103,267,46,1,1,313,474
Jetthebuizel,1,474,327,147,180,13,1,0,193,474
Niggabackstabber,3,472,317,155,162,18,3,2,180,474
tacobell,1,474,293,181,112,6,1,0,118,474
light_sweet_crude,1,472,408,64,344,26,1,1,370,473
shalene,2,471,403,68,335,8,2,2,343,473
gianhut,1,472,372,100,272,10,1,1,282,473
Krotchkoman,1,472,353,119,234,17,1,1,251,473
degandi,5,469,352,117,235,14,5,4,249,473
blackburn025,1,472,357,115,242,7,1,1,249,473
bowtiesrcool,2,471,315,156,159,80,2,2,239,473
K_K_K_KARMABREAKER,2,471,345,126,219,13,2,2,232,473
cuzucant,1,472,341,131,210,10,1,1,220,473
8doobies,3,470,333,137,196,14,3,3,210,473
Trentl14,3,470,337,133,204,6,1,3,210,473
bells47,1,472,331,141,190,7,1,1,197,473
GummyDeath,1,472,332,140,192,3,1,1,195,473
Image-Thee-Mistress,1,473,319,154,165,25,1,0,190,473
KingsCounty,2,472,316,156,160,22,2,1,182,473
nokobueno,1,472,281,191,90,47,1,1,137,473
Sir_Aous,1,471,397,74,323,16,1,1,339,472
SonOfAGrayHairedMan,1,471,385,86,299,10,1,1,309,472
The_GIFsmith,1,471,372,99,273,15,1,1,288,472
Havokk,1,471,350,121,229,13,1,1,242,472
Tyllier,1,471,353,118,235,6,1,1,241,472
JCalhoun13,1,470,371,99,272,155,1,1,427,471
Doberman11,1,471,381,90,291,69,1,0,360,471
JesusOfSuburbia4,1,470,407,63,344,4,0,1,348,471
Kodlak,4,467,385,82,303,24,4,4,327,471
gylez,1,470,388,82,306,5,1,1,311,471
DumpsterZombie,1,470,380,90,290,16,0,1,306,471
Skanh,2,469,380,89,291,5,2,2,296,471
Haahee2,1,471,351,120,231,22,1,0,253,471
sophmiester,4,467,341,126,215,11,4,4,226,471
longlivethequeen,1,470,343,127,216,10,1,1,226,471
RobotChrist,1,471,304,167,137,45,1,0,182,471
newsmagnet,2,470,265,205,60,10,2,1,70,471
clicksnd,4,467,425,42,383,17,2,3,400,470
cubedG,4,466,395,71,324,27,4,4,351,470
SetYourGoals,1,469,395,74,321,9,1,1,330,470
thesoulismine,1,469,378,91,287,7,1,1,294,470
excellentSK,1,469,354,115,239,6,1,1,245,470
rewster,1,469,323,146,177,58,1,1,235,470
Unplugged84,1,469,348,121,227,4,1,1,231,470
RBrouse,3,468,269,199,70,50,3,2,120,470
Dont_Believe_Me_Ever,1,469,405,64,341,10,1,0,351,469
LPN,1,468,384,84,300,29,1,1,329,469
betweenthebars24,2,467,368,99,269,13,2,2,282,469
thefunnyzach,1,468,352,116,236,16,0,1,252,469
braun29,1,468,355,113,242,8,1,1,250,469
TheMightGinger,1,468,349,119,230,18,1,1,248,469
Chachoregard,4,466,338,128,210,27,3,3,237,469
dude_wth,5,464,314,150,164,56,1,5,220,469
handsome_manson,1,468,335,133,202,18,1,1,220,469
embolalia,1,468,328,140,188,13,1,1,201,469
Indianmirage,1,469,295,174,121,79,1,0,200,469
Zaxl,1,469,313,156,157,7,1,0,164,469
DeuxBoy,1,468,289,179,110,26,1,1,136,469
e000,1,468,266,202,64,53,1,1,117,469
americnleprchaun,1,468,285,183,102,8,1,1,110,469
DJSloth,1,468,255,213,42,20,1,1,62,469
Stig_Of_The_Dump,1,467,415,52,363,47,1,1,410,468
MrBullyGoat,1,467,392,75,317,25,1,1,342,468
kshump,1,467,370,97,273,36,0,1,309,468
neon_purple,1,467,368,99,269,9,1,1,278,468
CrunchyPubes,1,467,367,100,267,4,0,1,271,468
fernandoandretn,1,467,348,119,229,15,1,1,244,468
Luclinn,1,467,352,115,237,7,1,1,244,468
Risingdead52,1,467,301,166,135,81,1,1,216,468
Blarginsnarf,1,467,304,163,141,28,1,1,169,468
MegaXwatt,1,467,273,194,79,86,1,1,165,468
scooperupper,1,467,305,162,143,11,1,1,154,468
itheabstract,1,466,411,55,356,44,1,1,400,467
e_money860,3,465,387,78,309,10,2,2,319,467
joeality,1,466,370,96,274,5,1,1,279,467
orangecrocodile,2,465,358,107,251,15,2,2,266,467
mossyoak33,1,466,352,114,238,7,1,1,245,467
thelcusi,2,466,343,123,220,18,1,1,238,467
xfaspartan,1,466,337,129,208,12,1,1,220,467
The_Kapitan,1,466,314,152,162,23,1,1,185,467
bosstycoon617,1,466,317,149,168,14,1,1,182,467
upper_d3cker,2,465,297,168,129,14,2,2,143,467
lolidragon,1,467,293,174,119,8,1,0,127,467
Frede1kirk,1,466,383,83,300,31,1,0,331,466
TlFF,1,465,340,125,215,80,1,1,295,466
No_pants_no_owl,1,465,354,111,243,14,1,1,257,466
luckycypher,1,465,355,110,245,11,1,1,256,466
epidose,3,464,324,140,184,27,3,2,211,466
melonmeli23,2,465,324,141,183,9,2,1,192,466
CandyAss14,1,465,319,146,173,10,1,1,183,466
davidjs_uk,1,465,309,156,153,19,1,1,172,466
oldkingcoles,1,466,281,185,96,64,1,0,160,466
bret813,1,466,272,194,78,23,1,0,101,466
thegooddocgonzo,2,463,364,99,265,86,2,2,351,465
frenchtoasted15,1,465,366,99,267,17,1,0,284,465
CompanionCalculator,1,465,328,137,191,43,1,0,234,465
8bit64,1,464,337,127,210,16,1,1,226,465
bufftrek,1,464,327,137,190,10,1,1,200,465
pfitz6,2,463,330,133,197,2,2,2,199,465
Imperial_Walker,1,465,323,142,181,15,1,0,196,465
TheButtOfTheJoke,2,464,301,163,138,49,1,1,187,465
rbtdom,1,465,302,163,139,13,1,0,152,465
mrhunter1337,1,463,372,91,281,53,0,1,334,464
BadAssMotherFuckers,2,463,314,149,165,97,2,1,262,464
Randyh524,1,463,356,107,249,5,1,1,254,464
mzk,1,463,348,115,233,14,1,1,247,464
plannpony,3,461,325,136,189,29,3,3,218,464
EZ_In,2,462,334,128,206,11,1,2,217,464
Cruxius,1,464,284,180,104,69,1,0,173,464
mrcheeps,1,463,313,150,163,9,1,1,172,464
Dptkelly,2,463,298,165,133,26,2,1,159,464
gibblyop5,3,462,285,177,108,31,3,2,139,464
cloq,2,463,437,26,411,24,2,0,435,463
celticsbig4,1,462,424,38,386,5,1,1,391,463
nimishadudari,1,462,354,108,246,5,1,1,251,463
DrunkTheSea,1,462,333,129,204,19,1,1,223,463
Hghwytohell,1,462,340,122,218,2,1,1,220,463
rocketape,2,461,330,131,199,12,2,2,211,463
blue1710,1,463,324,139,185,10,1,0,195,463
JustinianthegreatF,1,462,311,151,160,27,1,1,187,463
Elohiem,1,463,306,157,149,23,1,0,172,463
flippinkittin,1,463,292,171,121,10,1,0,131,463
ScruffyTheDog,2,460,406,54,352,5,0,2,357,462
CareerSavingAccount,1,461,376,85,291,42,0,1,333,462
a_shitty_repost,1,461,355,106,249,9,1,1,258,462
Lolologist,1,461,353,108,245,13,1,1,258,462
Bl00mp,4,458,318,140,178,27,4,4,205,462
AlbertAnnis,1,461,313,148,165,28,1,1,193,462
Bilbothemoonbear,1,461,309,152,157,13,1,1,170,462
drock304,1,461,306,155,151,11,1,1,162,462
djnathanv,1,461,292,169,123,3,1,1,126,462
The_Polish_Jew,1,461,273,188,85,23,1,1,108,462
CoughLCA,4,458,369,89,280,66,3,3,346,461
pablodiablo906,1,460,386,74,312,13,1,1,325,461
citidela,1,461,377,84,293,23,1,0,316,461
slexd8,1,460,370,90,280,13,1,1,293,461
rickierihal92,2,459,369,90,279,10,2,2,289,461
gimpisgawd,2,459,353,106,247,35,2,2,282,461
barneel0verz,1,460,354,106,248,18,1,1,266,461
Xerae550,1,460,352,108,244,8,1,1,252,461
5280neversummer,1,460,351,109,242,9,1,1,251,461
hannahkacian,3,458,345,113,232,15,3,3,247,461
Moe_Leicester,4,461,347,114,233,7,1,0,240,461
kirbysamful,1,460,339,121,218,13,1,1,231,461
jndorst,1,460,316,144,172,10,1,1,182,461
tanskies,1,460,311,149,162,8,1,1,170,461
ScootinFruity,1,459,373,86,287,101,1,1,388,460
inallthecomics,1,459,396,63,333,5,0,1,338,460
MooseCaca,1,459,360,99,261,56,1,1,317,460
CWibiral,4,456,378,78,300,11,2,4,311,460
thebigbaus707,1,459,350,109,241,12,1,1,253,460
Spiritenemy,1,459,347,112,235,16,1,1,251,460
banguras,1,459,345,114,231,19,1,1,250,460
joostain,1,459,342,117,225,10,1,1,235,460
prule84,2,458,341,117,224,3,2,2,227,460
gooch9000,1,459,316,143,173,29,1,1,202,460
Life_Fantastic,1,459,326,133,193,5,1,1,198,460
Lucifers_Ka,1,459,297,162,135,29,1,1,164,460
T_White,2,460,300,160,140,17,2,0,157,460
rufio808,1,460,286,174,112,17,1,0,129,460
sequentialsilence,1,459,286,173,113,16,1,1,129,460
DBurdie91,1,459,405,54,351,38,1,0,389,459
richardwanket,3,457,373,84,289,25,3,2,314,459
Nuggetized,1,459,376,83,293,13,1,0,306,459
Bbrowny,2,457,374,83,291,11,2,2,302,459
godlyjacob,1,459,358,101,257,24,1,0,281,459
abudabu,1,458,301,157,144,9,1,1,153,459
1950DA,1,458,286,172,114,9,1,1,123,459
sjohnson23,1,458,288,170,118,4,1,1,122,459
Estatus,2,456,377,79,298,6,2,2,304,458
The_Internet_Cometh,2,456,376,80,296,4,2,2,300,458
carrietee,1,457,354,103,251,11,1,1,262,458
blackpirate121,1,457,349,108,241,12,1,1,253,458
iwasbornag,1,457,312,145,167,72,1,1,239,458
ImDuppy,2,456,320,136,184,54,1,2,238,458
MrMacro,1,457,323,134,189,18,1,1,207,458
clothes_are_optional,1,457,299,158,141,37,1,1,178,458
KazamaSmokers,4,454,261,193,68,100,4,4,168,458
FeliciaHardy,1,457,266,191,75,12,1,1,87,458
dogblessyew,1,457,395,62,333,15,1,0,348,457
timeconsumerii,1,456,355,101,254,18,1,1,272,457
Fluffish,1,457,357,100,257,11,1,0,268,457
BlizzardBeast,3,456,319,137,182,27,3,1,209,457
OliveBeee,1,457,269,188,81,113,1,0,194,457
whats_his_face,3,454,315,139,176,11,3,3,187,457
wirsteve,1,456,303,153,150,24,1,1,174,457
XHV,1,456,309,147,162,11,0,1,173,457
throte,1,457,291,166,125,33,1,0,158,457
Pesceman3,1,457,296,161,135,14,1,0,149,457
XCryptoX,3,454,294,160,134,9,3,3,143,457
hmnow,1,456,290,166,124,11,1,1,135,457
TheUKLibertarian,1,457,283,174,109,18,1,0,127,457
durtywurk,1,456,263,193,70,41,1,1,111,457
NegraDamus,2,455,264,191,73,36,2,2,109,457
ribbitimafrog,1,455,367,88,279,11,1,1,290,456
Dave_Steel,2,454,370,84,286,2,2,2,288,456
wolfmanprophecies,2,455,347,108,239,22,2,1,261,456
ikick,2,455,328,127,201,37,2,1,238,456
MNicholl,1,455,324,131,193,34,1,1,227,456
kolalid,2,454,335,119,216,7,2,2,223,456
majician55,1,455,334,121,213,8,1,1,221,456
starrynightgirl,4,452,328,124,204,16,4,4,220,456
taperjeang1rl,1,456,310,146,164,9,1,0,173,456
Cavla,1,456,298,158,140,16,1,0,156,456
mastrann,2,454,277,177,100,14,2,2,114,456
Vkkhamul,1,456,266,190,76,20,1,0,96,456
DoctorT97,1,455,374,81,293,122,1,0,415,455
jabbott95,1,454,393,61,332,3,0,1,335,455
clusterfunk,1,454,339,115,224,97,1,1,321,455
iamah,1,455,369,86,283,10,1,0,293,455
redlust85,2,454,348,106,242,38,2,1,280,455
MKLaw,2,453,355,98,257,22,2,2,279,455
Phr057,1,454,343,111,232,19,1,1,251,455
nighthawk3000,1,455,342,113,229,8,1,0,237,455
Atomica3000,2,453,327,126,201,19,2,2,220,455
manageo01,1,454,321,133,188,11,0,1,199,455
Squirms81,1,454,310,144,166,10,1,1,176,455
ForSee__,1,454,300,154,146,26,0,1,172,455
iknowhowtointernets,1,455,275,180,95,11,1,0,106,455
Scorp63,1,454,406,48,358,12,1,0,370,454
asb3stos,2,452,390,62,328,38,1,2,366,454
AtrumTalio,1,453,398,55,343,14,0,1,357,454
Doomchinchila,2,452,374,78,296,31,2,2,327,454
michaelnstuff,1,453,386,67,319,8,1,1,327,454
shiskebob,5,449,374,75,299,14,5,5,313,454
haleria,3,451,365,86,279,7,1,3,286,454
xinebriated,3,453,342,111,231,36,2,1,267,454
M0nsterpower,1,453,343,110,233,12,1,1,245,454
CactusHugger,1,453,323,130,193,48,1,1,241,454
wcrisler,2,452,337,115,222,7,2,2,229,454
indylec,1,453,338,115,223,2,1,1,225,454
mgignac,1,453,309,144,165,15,1,1,180,454
Zanchbot,1,453,306,147,159,17,1,1,176,454
hwitknee,2,453,288,165,123,34,2,1,157,454
finsup,2,452,291,161,130,15,2,2,145,454
parramatta,1,452,391,61,330,3,1,1,333,453
Froobyflake,1,452,369,83,286,6,1,1,292,453
TruthTrain,1,452,357,95,262,17,1,1,279,453
egoslam,1,452,339,113,226,10,1,1,236,453
dangersgirl,3,452,331,121,210,17,2,1,227,453
guillelon,3,451,312,139,173,13,3,2,186,453
ninjadude2112,3,450,303,147,156,18,2,3,174,453
joem13,1,452,298,154,144,14,1,1,158,453
fts55,2,451,294,157,137,6,2,2,143,453
StaticKeptSecret,1,453,280,173,107,7,1,0,114,453
sbond007,1,452,259,193,66,34,1,1,100,453
catillac42,1,451,399,52,347,19,1,1,366,452
imyourplusone,1,452,404,48,356,7,1,0,363,452
Adoxo,1,452,378,74,304,12,1,0,316,452
angelcake893,1,451,376,75,301,9,0,1,310,452
freeqs,2,450,364,86,278,28,2,2,306,452
rea557,1,451,359,92,267,7,0,1,274,452
EpicOreo,1,451,349,102,247,4,0,1,251,452
dancingthemantaray,1,451,346,105,241,6,1,1,247,452
random_seals,1,451,327,124,203,44,1,1,247,452
kingnarwhal29,2,450,335,115,220,13,2,2,233,452
KTallday,1,451,332,119,213,6,1,1,219,452
iNsaNe_oNERRR,1,451,327,124,203,15,1,1,218,452
AC5L4T3R,1,451,306,145,161,28,1,1,189,452
noelster,1,451,287,164,123,24,1,1,147,452
Mr_Fuzzo,2,451,268,183,85,41,2,1,126,452
Animalnum,1,452,280,172,108,7,1,0,115,452
uradholl,1,450,370,80,290,31,1,1,321,451
lifeisublime,2,449,363,86,277,19,2,2,296,451
failrail,1,450,362,88,274,17,0,1,291,451
Julian-Delphiki,1,451,340,111,229,55,1,0,284,451
Matteas,1,451,337,114,223,45,1,0,268,451
aButterKnif3,1,451,350,101,249,17,1,0,266,451
abbaby85,5,447,343,104,239,23,4,4,262,451
blinkdmb,1,450,325,125,200,18,1,1,218,451
promonk,1,450,324,126,198,18,1,1,216,451
saywhatisobvious,3,448,309,139,170,16,3,3,186,451
alendiel,1,450,302,148,154,22,1,1,176,451
lukalukaluka,2,449,269,180,89,71,2,2,160,451
drinkmorecoffee,1,450,284,166,118,4,1,1,122,451
omalley95,1,450,258,192,66,30,1,1,96,451
thru7staunch,1,449,390,59,331,13,1,1,344,450
Absinthe_Mind,1,449,389,60,329,11,1,1,340,450
amusing_name,1,449,364,85,279,11,1,1,290,450
Shalelol,1,449,294,155,139,133,1,1,272,450
I_Harp_The_Darp,1,449,333,116,217,42,0,1,259,450
DaDornta,2,448,316,132,184,39,2,2,223,450
supericy,1,449,316,133,183,8,1,1,191,450
griffinhamilton,1,449,296,153,143,34,1,1,177,450
NotsorAnDomcAPs,1,449,411,38,373,10,1,0,383,449
ProfessorChaosx,1,448,355,93,262,33,0,1,295,449
ConorBroberst,1,449,305,144,161,127,1,0,288,449
0katypotaty0,1,448,349,99,250,14,1,1,264,449
barkman,1,449,342,107,235,20,1,0,255,449
tree_boy,4,445,338,107,231,14,3,4,245,449
LongBoardacious,1,448,344,104,240,4,1,1,244,449
PiperQT,1,448,319,129,190,17,1,1,207,449
Tkozy,1,448,316,132,184,15,1,1,199,449
duber2au,1,449,277,172,105,46,1,0,151,449
Aesthenaut,2,447,282,165,117,23,1,2,140,449
davidVileo1,1,448,264,184,80,15,1,1,95,449
SethingtonMoss,1,447,392,55,337,16,0,1,353,448
Physo,1,447,371,76,295,51,1,1,346,448
at_me_come,1,447,347,100,247,17,1,1,264,448
LAFamily,2,447,311,136,175,10,2,1,185,448
tehteh67,2,446,305,141,164,21,2,2,185,448
rogozjin,1,448,271,177,94,23,1,0,117,448
cripplingSeann,2,445,398,47,351,23,1,2,374,447
Rinomaru,1,446,398,48,350,12,0,1,362,447
willsayswhatsup,1,446,355,91,264,64,1,1,328,447
Syktyvkar,3,445,359,86,273,12,3,2,285,447
effervescentia,2,446,327,119,208,5,1,1,213,447
Yellow_giraffe,1,446,295,151,144,49,1,1,193,447
Am_no_longer_lurking,1,446,306,140,166,22,1,1,188,447
OhLookASquirrel,2,446,312,134,178,10,0,1,188,447
Mew151,3,444,280,164,116,17,3,3,133,447
koama,2,446,259,187,72,21,1,1,93,447
tebu810,1,447,262,185,77,12,1,0,89,447
daskoon,1,445,392,53,339,18,1,1,357,446
phillyzz,1,445,366,79,287,31,1,1,318,446
TheGoldenLance,1,445,370,75,295,22,0,1,317,446
Barbequber,1,445,329,116,213,93,1,1,306,446
S282,1,445,371,74,297,3,1,1,300,446
arjed,1,445,327,118,209,16,1,1,225,446
nachos_,1,445,324,121,203,10,1,1,213,446
GoodOlSpence,2,444,274,170,104,0,1,2,104,446
Jollyman21,1,445,271,174,97,7,1,1,104,446
Tree_Dolphin,1,444,359,85,274,44,1,1,318,445
LittleMissLoud,1,444,332,112,220,6,0,1,226,445
Grimmbles,2,443,327,116,211,10,2,2,221,445
GWarrior5595,1,444,316,128,188,16,1,1,204,445
huuvp,6,441,287,154,133,38,6,4,171,445
leo986,1,444,296,148,148,13,1,1,161,445
smt1,1,444,285,159,126,2,1,1,128,445
mdpthegreek,1,445,278,167,111,8,1,0,119,445
CominHome,3,441,416,25,391,13,3,3,404,444
CaptainRandus,1,443,383,60,323,70,1,1,393,444
drpapa74,2,442,360,82,278,25,2,2,303,444
V01c30f4ll,2,443,326,117,209,15,1,1,224,444
culturalelitist,1,443,325,118,207,11,1,1,218,444
toxinn,1,443,326,117,209,7,1,1,216,444
Hunter5474,1,443,320,123,197,12,1,1,209,444
_Periwinkle_,1,443,305,138,167,17,1,1,184,444
brigodon,1,443,292,151,141,22,1,1,163,444
Kwasbeb,1,443,296,147,149,14,1,1,163,444
alalune,1,443,270,173,97,32,1,1,129,444
leg_humper,1,443,232,211,21,32,1,1,53,444
Shitebum,1,442,386,56,330,12,1,1,342,443
Hands,1,442,343,99,244,60,1,1,304,443
twelfthmillion,1,442,345,97,248,24,1,1,272,443
pandaham,1,442,337,105,232,8,1,1,240,443
whiletrueaddbeer,1,442,300,142,158,55,1,1,213,443
Havezel,2,441,307,134,173,11,2,2,184,443
TrippyVersion,2,441,294,147,147,16,2,2,163,443
maybe21,10,433,288,145,143,13,7,10,156,443
HoundDawg3,1,442,287,155,132,9,1,1,141,443
latorta,1,442,279,163,116,22,1,1,138,443
helloCastrooo,1,442,275,167,108,17,1,1,125,443
Bobby824,3,442,261,181,80,12,3,1,92,443
Rekarmapost,1,442,201,241,-40,2,1,1,-38,443
PunchOfTheFalcon,1,441,378,63,315,9,1,1,324,442
Meacaveman,1,441,359,82,277,12,1,1,289,442
onesweetDay,1,442,346,96,250,7,1,0,257,442
hkpsnstore,2,441,326,115,211,35,2,1,246,442
guyev,2,441,325,116,209,35,2,1,244,442
Zach_Arani,1,441,327,114,213,20,1,1,233,442
davemonty,4,438,305,133,172,26,2,4,198,442
MrsFisher,1,441,307,134,173,15,1,1,188,442
Heester,3,439,305,134,171,16,3,3,187,442
Crackillsbaby,2,440,293,147,146,9,2,2,155,442
Fuck_off_lax_bro,1,442,276,166,110,41,1,0,151,442
flick92,1,441,281,160,121,17,0,1,138,442
skriptteaze,1,441,280,161,119,12,1,1,131,442
sje46,1,440,386,54,332,50,1,1,382,441
rayball36,1,441,383,58,325,17,1,0,342,441
Kurat00r,1,440,378,62,316,16,0,1,332,441
viostrich,1,440,376,64,312,12,1,1,324,441
acatalinar,2,440,354,86,268,17,2,1,285,441
Seductivecat,4,437,347,90,257,11,4,4,268,441
cse1670,1,441,323,118,205,48,1,0,253,441
chronic2001,1,440,327,113,214,14,1,1,228,441
chesshaha,1,441,325,116,209,2,1,0,211,441
lukethecouch,1,440,312,128,184,15,1,1,199,441
TheMull,1,441,292,149,143,23,1,0,166,441
ragelife202,6,436,271,165,106,14,5,5,120,441
Tr1pe,1,441,263,178,85,16,1,0,101,441
whysoomayo,2,440,257,183,74,14,2,1,88,441
jakeypooh,2,438,356,82,274,13,2,2,287,440
TissueInMyAss,1,439,352,87,265,17,1,1,282,440
Bobbyejones,1,440,333,107,226,11,1,0,237,440
Twinretro,2,438,322,116,206,21,0,2,227,440
Remerez,1,439,319,120,199,13,1,1,212,440
strongbowed,1,439,315,124,191,10,1,1,201,440
kaput,1,439,302,137,165,29,1,1,194,440
Cryptoprocta_ferox,1,440,296,144,152,7,1,0,159,440
fidju,1,440,291,149,142,14,1,0,156,440
McNyrat,1,439,275,164,111,23,1,1,134,440
usclone,1,439,265,174,91,13,0,1,104,440
drbooberry,1,438,354,84,270,80,1,1,350,439
educatedllama,1,438,359,79,280,8,1,1,288,439
sentient_mcrib,2,438,354,84,270,12,2,1,282,439
emeralddiamond,3,436,341,95,246,21,3,3,267,439
Crackdave,1,438,336,102,234,14,0,1,248,439
4rch7ek,1,438,304,134,170,23,1,1,193,439
yorrick21,4,435,292,143,149,27,3,4,176,439
Pepper-Fox,2,437,281,156,125,31,2,2,156,439
Huffalicious,1,439,284,155,129,27,1,0,156,439
Monkeypear,1,438,262,176,86,5,1,1,91,439
Skyliine,1,437,398,39,359,21,1,1,380,438
tdubya84,1,437,377,60,317,19,1,1,336,438
INormallyLurk6947,1,437,363,74,289,19,1,1,308,438
harry20larry,1,437,358,79,279,6,1,1,285,438
Sliceburgslim,3,435,332,103,229,17,2,3,246,438
Rentington,1,438,316,122,194,19,1,0,213,438
forrestgump1652,1,437,296,141,155,21,1,1,176,438
hollowgram,1,437,294,143,151,20,1,1,171,438
MagicalOrgazm,3,435,279,156,123,18,2,3,141,438
liquidMountaun,1,437,249,188,61,44,1,1,105,438
i_raped_katz,1,438,264,174,90,12,1,0,102,438
btoxic,1,437,228,209,19,20,1,1,39,438
Hot_Mess_Express,1,437,370,67,303,28,1,0,331,437
767,2,435,362,73,289,34,2,2,323,437
graysa,1,437,346,91,255,62,1,0,317,437
stonesfcr,1,436,359,77,282,15,0,1,297,437
Grumblecaaaakes,1,436,338,98,240,25,1,1,265,437
Wakarimasen,1,436,338,98,240,7,1,1,247,437
SouthernExile,1,436,320,116,204,25,1,1,229,437
Mythiicmaan,2,435,323,112,211,5,2,2,216,437
Marmaladegrenade,1,436,309,127,182,23,0,1,205,437
ThisMeansWarm,1,437,295,142,153,27,1,0,180,437
wmalone3,3,435,290,145,145,25,2,2,170,437
jacksondavid14,2,435,294,141,153,6,2,2,159,437
Matterplay,1,436,260,176,84,2,1,1,86,437
Renegade1942,1,435,349,86,263,41,1,1,304,436
superjosh92,1,435,358,77,281,10,1,1,291,436
mrsstorm,1,435,359,76,283,7,1,1,290,436
txgirl390,1,435,335,100,235,15,1,1,250,436
higdog827,1,435,327,108,219,14,1,1,233,436
terrafutrobot,1,435,321,114,207,22,1,1,229,436
SonOfSatan,1,435,312,123,189,32,1,1,221,436
d4rn3ll,1,435,314,121,193,22,1,1,215,436
RandomGirl93,1,435,317,118,199,11,1,1,210,436
SpaceBandito,2,434,293,141,152,20,2,2,172,436
LurkerBeGone,1,435,292,143,149,10,1,1,159,436
woahlookihaveapillow,1,436,276,160,116,20,1,0,136,436
killerpen,1,436,229,207,22,22,1,0,44,436
XxmsmaliciousxX,1,435,386,49,337,47,0,0,384,435
aMUSEme420,2,433,368,65,303,8,0,2,311,435
Pareeeee,1,435,344,91,253,6,1,0,259,435
GigaPuddiMan,1,434,327,107,220,20,1,1,240,435
Generalhjort,1,434,330,104,226,12,1,1,238,435
WinPhiz,1,434,312,122,190,33,1,1,223,435
Colesephus,1,434,325,109,216,5,1,1,221,435
BlondeGhandi,2,434,317,117,200,9,2,1,209,435
SuperGlex,1,434,297,137,160,14,1,1,174,435
FlickMasher,2,433,276,157,119,21,2,2,140,435
MahirFR,3,432,362,70,292,41,2,2,333,434
ButImNotARapper_,1,434,373,61,312,14,1,0,326,434
AkitheFrivolicious,2,433,358,75,283,5,1,1,288,434
MrSwanson2UMN,1,433,322,111,211,22,1,1,233,434
Rawwh,2,433,316,117,199,17,1,1,216,434
Reddit_Delenda_Est,1,433,312,121,191,25,1,1,216,434
vnads,1,434,290,144,146,26,1,0,172,434
karan_r,1,433,292,141,151,13,1,1,164,434
Nub_Sauce,2,432,273,159,114,5,2,2,119,434
enzoal,1,433,272,161,111,5,1,1,116,434
Kiziaru,1,432,342,90,252,159,1,1,411,433
divellent,1,432,354,78,276,12,1,1,288,433
ImHully,2,431,330,101,229,9,2,2,238,433
Medialunch,1,433,321,112,209,27,1,0,236,433
Tangalor,6,427,302,125,177,30,6,6,207,433
Ikemx,1,432,307,125,182,12,1,1,194,433
jsr696,2,431,305,126,179,11,2,2,190,433
okm332,2,431,301,130,171,17,2,2,188,433
maxfargo,1,432,295,137,158,30,1,1,188,433
rookayyy,1,431,397,34,363,30,1,1,393,432
dtwilliams,2,430,367,63,304,8,1,2,312,432
happyleapday,2,430,356,74,282,5,2,2,287,432
drewsaysgoveg,1,431,339,92,247,33,0,1,280,432
drewby89,2,430,316,114,202,10,2,2,212,432
otwem,1,432,304,128,176,27,1,0,203,432
aaroo,1,431,305,126,179,18,1,1,197,432
Cbarns88,7,425,292,133,159,19,6,7,178,432
Swolenerd,1,431,260,171,89,65,1,1,154,432
iTrololol,1,431,287,144,143,9,1,1,152,432
balloseater,1,431,270,161,109,21,1,1,130,432
ozdok,3,432,267,165,102,26,3,0,128,432
thrillhousevanhouten,3,428,374,54,320,83,3,3,403,431
Thunderbandit,1,430,392,38,354,11,1,1,365,431
Wild__Card__Bitches,1,430,345,85,260,85,1,1,345,431
altmedsol,1,430,350,80,270,17,1,1,287,431
red__beard,2,430,354,76,278,7,2,1,285,431
tulygonen,1,430,347,83,264,17,1,1,281,431
SquibbyDibz,1,430,339,91,248,18,1,1,266,431
ciaobellllllllllllla,1,430,343,87,256,8,1,1,264,431
swank_kitten,1,430,305,125,180,5,1,1,185,431
Tofurkey9000,3,431,290,141,149,19,3,0,168,431
GrumpaDirt,1,431,279,152,127,26,1,0,153,431
weatherfieldandus,1,430,236,194,42,16,1,1,58,431
bloodywarz,1,429,391,38,353,4,0,1,357,430
koremanmusic,1,429,351,78,273,38,1,1,311,430
lunkavitch,1,430,359,71,288,12,1,0,300,430
PattyMcWagon,1,429,357,72,285,6,1,1,291,430
Cargbrock,1,429,341,88,253,21,1,1,274,430
freckled_dreadhead,2,428,310,118,192,54,2,2,246,430
zipdiss,1,429,287,142,145,95,1,1,240,430
kamikazikid,1,429,315,114,201,7,1,1,208,430
semprfityrannosaurus,1,429,301,128,173,20,1,1,193,430
cocobango,4,426,275,151,124,55,4,4,179,430
bathysphere22,1,430,295,135,160,17,1,0,177,430
IcemanPaulWall,1,429,290,139,151,22,1,1,173,430
herpaderpette,1,429,282,147,135,10,1,1,145,430
ic2drop,1,428,384,44,340,44,1,1,384,429
Shadowslcie,2,427,359,68,291,38,2,2,329,429
Chesstariam,1,428,359,69,290,16,1,1,306,429
wil555,2,428,326,102,224,29,2,1,253,429
moogrum,2,428,325,103,222,28,1,1,250,429
wizard_mundungus,3,426,326,100,226,14,2,3,240,429
sstonn,2,428,329,99,230,6,2,1,236,429
Ozyman666,1,428,322,106,216,12,0,1,228,429
stickyturtle,1,428,320,108,212,15,1,1,227,429
Nesyaj0,1,428,310,118,192,33,1,1,225,429
SmallvilleCK,1,428,297,131,166,50,1,1,216,429
onlyforthisonepost,1,428,301,127,174,25,0,1,199,429
TearHugger,6,424,296,128,168,10,4,5,178,429
ChingShih,1,428,381,47,334,94,1,0,428,428
bau5e,2,426,349,77,272,8,2,2,280,428
tanzorbarbarian,1,427,327,100,227,43,1,1,270,428
everolimus,1,427,318,109,209,8,1,1,217,428
CivilBrocedure,1,427,311,116,195,21,1,1,216,428
Rmanfataleye,1,427,311,116,195,10,1,1,205,428
ImNotAnAlien,5,423,305,118,187,13,5,5,200,428
nsarlo,1,427,312,115,197,3,1,1,200,428
IReallyHateCats,1,427,298,129,169,11,1,1,180,428
badcomment,1,428,282,146,136,39,1,0,175,428
reiter761,2,427,277,150,127,23,2,1,150,428
fishmonkey1203,1,428,288,140,148,2,1,0,150,428
BillyGoatBluff,1,427,283,144,139,9,1,1,148,428
tech_support_geek,1,427,283,144,139,4,1,1,143,428
highchaz,2,427,233,194,39,24,2,1,63,428
Doomed,1,427,401,26,375,46,1,0,421,427
HuppariC,1,426,362,64,298,5,1,1,303,427
dizzyfingerz3525,1,426,335,91,244,5,1,1,249,427
LuluFrappe,1,426,325,101,224,13,1,1,237,427
RogerBunkleFunk,1,426,328,98,230,3,1,1,233,427
Hoodliner,1,427,311,116,195,20,1,0,215,427
notthebestusername,1,426,313,113,200,13,1,1,213,427
100100100,4,424,273,151,122,48,4,3,170,427
Noreaga,3,424,287,137,150,12,2,3,162,427
IogicaI,2,425,284,141,143,19,1,2,162,427
JimboWiz,1,426,272,154,118,33,1,1,151,427
bonochromatic,2,425,276,149,127,18,2,2,145,427
turbie,3,424,270,154,116,29,2,3,145,427
moop__,1,426,277,149,128,15,1,1,143,427
SaltFrog,1,426,271,155,116,18,1,1,134,427
jeepgun,1,426,244,182,62,27,1,1,89,427
kasutori_Jack,2,425,393,32,361,31,2,1,392,426
CdubWillia,1,425,396,29,367,11,1,1,378,426
ZombieDracula,1,425,339,86,253,38,0,1,291,426
Crazzn8r,1,425,343,82,261,3,1,1,264,426
kflesch2011,1,425,329,96,233,11,1,1,244,426
aStonedSquirtle,2,424,315,109,206,18,2,2,224,426
charlemang,1,425,314,111,203,6,1,1,209,426
jpd118,3,423,273,150,123,38,3,3,161,426
brennan17,1,425,269,156,113,15,1,1,128,426
killkyle,1,426,267,159,108,18,1,0,126,426
Generic_Name_Here,1,424,357,67,290,60,1,1,350,425
pepe_81,2,423,363,60,303,37,2,2,340,425
DavidRA,1,424,354,70,284,14,1,1,298,425
hlmcuss,1,424,349,75,274,3,1,1,277,425
Fireplay,2,423,343,80,263,6,2,2,269,425
ozymandias21,1,424,327,97,230,18,1,1,248,425
Philmecrakin,1,424,324,100,224,14,1,1,238,425
unicknn,1,424,320,104,216,20,1,1,236,425
gangleon,1,424,317,107,210,20,1,1,230,425
Shnakenhoarche,1,425,310,115,195,10,1,0,205,425
zofriel,2,423,302,121,181,5,2,2,186,425
B4rrow,2,424,293,131,162,9,1,1,171,425
Siriann,7,420,260,160,100,57,6,5,157,425
Wincko,1,424,277,147,130,8,1,1,138,425
Carnifax66,4,421,259,162,97,18,1,4,115,425
iliveinabucket,1,425,257,168,89,23,1,0,112,425
zombiethoven,1,423,390,33,357,11,1,1,368,424
BoColdBlooded,1,423,380,43,337,19,1,1,356,424
superglueman4,1,423,380,43,337,4,1,1,341,424
obsidian2501,1,423,325,98,227,23,1,1,250,424
Turkman-182,1,423,333,90,243,7,1,1,250,424
spacejams,1,423,324,99,225,14,1,1,239,424
smartalecky,1,423,307,116,191,10,1,1,201,424
Sphyrnidae13,1,423,304,119,185,6,1,1,191,424
mrsaturn3000,1,424,253,171,82,66,1,0,148,424
185139,6,419,256,163,93,15,6,5,108,424
Notarize,1,423,243,180,63,7,1,1,70,424
Majorbob10,1,422,366,56,310,11,1,1,321,423
Arnn,1,422,352,70,282,8,1,1,290,423
earthDF,1,422,332,90,242,10,1,1,252,423
BUKkAKE_WINDMILL,3,421,271,150,121,89,3,2,210,423
rdkitchens,1,423,277,146,131,67,1,0,198,423
ClinTrojan,2,422,290,132,158,12,2,1,170,423
bobrossisgod,1,422,281,141,140,3,1,1,143,423
kuking,1,421,374,47,327,2,0,1,329,422
BBQcupcakes,2,420,358,62,296,8,1,2,304,422
DontPostMuch,1,422,340,82,258,15,1,0,273,422
Gyaruson,2,420,337,83,254,19,0,2,273,422
delabass,1,421,316,105,211,14,1,1,225,422
SlattCatt,3,419,306,113,193,27,3,3,220,422
anepnpiam,1,422,288,134,154,38,1,0,192,422
Tyzone,2,420,282,138,144,25,2,2,169,422
Executioner1337,1,421,269,152,117,8,1,1,125,422
cntmason,1,421,241,180,61,18,1,1,79,422
picadilly17,1,420,377,43,334,23,1,1,357,421
t3hTr0n,1,420,355,65,290,17,0,1,307,421
AwwFapWTF,1,420,332,88,244,20,0,1,264,421
Vigilent24,1,420,307,113,194,26,1,1,220,421
jfredsox,1,420,315,105,210,9,1,1,219,421
Glubberer90,1,420,315,105,210,7,1,1,217,421
Cacodemon,4,417,297,120,177,30,4,4,207,421
Dr_Po,1,420,307,113,194,8,1,1,202,421
ss32,1,420,310,110,200,2,1,1,202,421
CheFlegel,1,420,304,116,188,8,1,1,196,421
Grimmsterj,5,416,296,120,176,9,5,5,185,421
LeanBean17,1,421,298,123,175,6,1,0,181,421
slumslum,1,421,277,144,133,22,1,0,155,421
cookiemachine,1,420,265,155,110,21,1,1,131,421
Erin5453,1,419,347,72,275,15,1,1,290,420
innersarcasm,2,418,332,86,246,15,2,2,261,420
alyssa_2012,2,418,333,85,248,6,1,2,254,420
easternone,1,420,319,101,218,18,1,0,236,420
kanchendzonga,1,419,320,99,221,12,1,1,233,420
mdwr0211,1,419,306,113,193,8,1,1,201,420
myzene,2,418,297,121,176,18,2,2,194,420
27mcmurdo,3,417,295,122,173,17,3,3,190,420
Sam_Gribley,1,419,288,131,157,7,1,1,164,420
dktom94,1,419,281,138,143,10,1,1,153,420
CharmanderisHot,1,418,358,60,298,17,1,1,315,419
dibetta,2,417,345,72,273,27,2,2,300,419
Kalfira,1,418,335,83,252,4,1,1,256,419
Immostarr,1,419,331,88,243,7,1,0,250,419
MHoynoski,1,418,321,97,224,11,1,1,235,419
dayman763,1,418,309,109,200,6,1,1,206,419
Dragon_Champ,3,416,295,121,174,13,3,3,187,419
Ax3boy,1,418,287,131,156,23,1,1,179,419
patrickthebeerguy,1,419,271,148,123,16,1,0,139,419
gannerhorn,3,417,261,156,105,20,3,2,125,419
1NDawesome,2,417,257,160,97,13,2,2,110,419
EyesWideShutTonight,1,418,224,194,30,41,1,1,71,419
bris,1,417,382,35,347,35,1,1,382,418
RedditStoleMyMan,1,417,359,58,301,67,1,1,368,418
KazzaBiss,1,417,365,52,313,28,1,1,341,418
justsomeguyudontknow,1,418,360,58,302,28,1,0,330,418
donutz0r,1,417,344,73,271,28,1,1,299,418
42w,1,417,334,83,251,12,1,1,263,418
Aesonium,1,417,332,85,247,7,1,1,254,418
chemaster23,2,416,299,117,182,8,2,2,190,418
marsperson,1,417,285,132,153,20,1,1,173,418
bestworldstarman,3,415,264,151,113,14,3,3,127,418
thejesse,1,417,251,166,85,12,1,1,97,418
theskyisblue222,2,415,352,63,289,8,1,2,297,417
OhhBradley,2,415,321,94,227,7,2,2,234,417
hi-liter25,1,416,307,109,198,17,1,1,215,417
Cryptic-Panther,1,416,296,120,176,21,0,1,197,417
Squishyballs11,2,415,293,122,171,15,2,2,186,417
jagershotzz,2,417,289,128,161,17,2,0,178,417
CourtneyStar,1,416,285,131,154,8,1,1,162,417
ThatOneGuyFromCali,1,416,278,138,140,13,1,1,153,417
danihendrix,1,416,245,171,74,19,1,1,93,417
LagunaGTO,3,414,248,166,82,7,2,3,89,417
refredsemaeb,1,416,372,44,328,23,1,0,351,416
Cormorrant,1,415,331,84,247,8,1,1,255,416
reneeny,1,415,324,91,233,8,1,1,241,416
Tr0llzor,5,411,303,108,195,24,5,5,219,416
peanutbuttermayhem,1,415,301,114,187,30,1,1,217,416
The_Dirty_Dutchman,1,415,313,102,211,5,1,1,216,416
JustJoey,1,415,306,109,197,16,1,1,213,416
TheeCalistoga,1,415,298,117,181,21,1,1,202,416
siltfilter,1,415,266,149,117,77,1,1,194,416
hellobandit,1,415,292,123,169,12,1,1,181,416
LiveshreddedDieMirin,1,415,293,122,171,10,1,1,181,416
Qrko,4,414,273,141,132,40,4,2,172,416
pearsond,3,413,267,146,121,50,3,3,171,416
AStudyInScarlet,1,415,290,125,165,6,1,1,171,416
AmiableGuy,2,414,267,147,120,5,2,2,125,416
mikaelamartin,3,412,355,57,298,9,2,3,307,415
Mitchypoo,1,414,339,75,264,4,1,1,268,415
o0Bex0o,2,413,339,74,265,2,2,2,267,415
piratestronghold,2,413,312,101,211,26,2,2,237,415
That_GIF_Guy,2,413,306,107,199,13,2,2,212,415
freeform,1,414,278,136,142,7,1,1,149,415
EvoX650,1,415,248,167,81,63,1,0,144,415
tenacious_me,1,415,264,151,113,14,1,0,127,415
Pukedukem,1,413,388,25,363,54,1,1,417,414
kurtkaboom,1,413,375,38,337,26,1,1,363,414
ortusdux,1,413,347,66,281,49,1,1,330,414
Terrik27,2,413,293,120,173,155,2,1,328,414
JDawg2332,1,413,364,49,315,3,1,1,318,414
firefighter210,3,411,344,67,277,17,3,3,294,414
joehara23,1,413,350,63,287,6,1,1,293,414
OneLastAccount,1,413,343,70,273,6,1,1,279,414
MrXxxKillsHimself,3,412,328,84,244,16,3,2,260,414
kulrajwashere,3,411,312,99,213,14,2,3,227,414
SuperPixel,1,413,313,100,213,9,1,1,222,414
CanadianWalrus,2,412,303,109,194,15,2,2,209,414
YourBabyDaddy,1,413,295,118,177,21,1,1,198,414
PunPuncher,3,412,288,124,164,21,1,2,185,414
Jessyux3,1,413,282,131,151,31,1,1,182,414
lmc211,2,412,275,137,138,11,2,2,149,414
Niacin_Flush,1,413,255,158,97,31,1,1,128,414
d1sturb4nc3,2,413,260,153,107,15,2,1,122,414
Aaaristarhs,1,413,253,160,93,12,1,1,105,414
bradyh8,2,411,330,81,249,17,2,2,266,413
sailawaysail,1,412,302,110,192,17,1,1,209,413
reidhershl,3,410,301,109,192,11,3,3,203,413
garbageeater,1,412,275,137,138,26,1,1,164,413
darkstarohio,1,412,285,127,158,5,1,1,163,413
Bunny23,1,412,273,139,134,23,1,1,157,413
OminousLatinWord,2,411,258,153,105,33,2,2,138,413
nicklewers,1,412,266,146,120,14,1,1,134,413
jojo87,1,412,256,156,100,6,1,1,106,413
mpavlofsky,1,412,336,76,260,25,1,0,285,412
aJarofDirt,1,412,311,101,210,25,1,0,235,412
misterdirector,1,411,303,108,195,36,1,1,231,412
FISArocks,1,411,310,101,209,11,1,1,220,412
Writing0nTheWalls,2,410,303,107,196,21,2,2,217,412
ARandomBush,1,411,306,105,201,9,1,1,210,412
sirkingsleyz,4,409,289,120,169,21,3,3,190,412
Jtop80,1,411,272,139,133,18,1,1,151,412
LunarSailor,1,410,358,52,306,4,0,1,310,411
Dick_Dollars,2,411,314,97,217,37,1,0,254,411
MIKE11481,4,408,316,92,224,19,3,3,243,411
wantitbringit,1,410,310,100,210,23,1,1,233,411
martentk,2,409,309,100,209,15,1,2,224,411
420BlazingButterflie,2,409,296,113,183,21,2,2,204,411
wingdem,1,410,267,143,124,39,1,1,163,411
Rubin0,1,410,259,151,108,6,1,1,114,411
ImNotGaySoStopAsking,1,411,227,184,43,19,1,0,62,411
catechizer,1,409,353,56,297,87,0,1,384,410
DevilMirage,1,410,364,46,318,15,1,0,333,410
mdclarkster,1,409,358,51,307,10,1,1,317,410
DaKong,1,409,354,55,299,6,1,1,305,410
jambox888,1,410,324,86,238,17,1,0,255,410
Linemenpwn,1,409,326,83,243,8,1,1,251,410
deans_burritos,2,408,316,92,224,12,2,2,236,410
FookingPrawns,2,408,310,98,212,7,1,2,219,410
zufanka,1,409,304,105,199,3,1,1,202,410
mordred,1,409,292,117,175,18,1,1,193,410
schlampe13,3,407,281,126,155,29,3,3,184,410
DaBigCheese,1,409,288,121,167,8,1,1,175,410
happyfinesad,3,407,277,130,147,23,2,3,170,410
MyCommentIs27,1,408,334,74,260,10,1,1,270,409
omarali1324,1,408,330,78,252,6,1,1,258,409
suckMEdry,1,408,324,84,240,7,1,1,247,409
My_Pet_Robot,1,408,300,108,192,28,1,1,220,409
leadfollower,1,408,290,118,172,32,1,1,204,409
mrkowz,4,405,295,110,185,16,4,4,201,409
S3XPanther,1,408,283,125,158,16,1,1,174,409
pain_perdu,5,405,271,134,137,14,4,4,151,409
Xiab,1,408,257,151,106,36,0,1,142,409
bilateralconfusion,2,408,256,152,104,22,2,1,126,409
iamjackiechan,1,408,246,162,84,41,1,1,125,409
VWBusMan,2,408,258,150,108,14,2,1,122,409
PaconBizza,1,408,234,174,60,13,1,1,73,409
GenocidalJam,1,407,348,59,289,54,1,1,343,408
clydefrogqt,3,407,335,72,263,50,2,1,313,408
microcrossbulb,2,406,336,70,266,23,2,2,289,408
Kosmikaterpillar,1,408,326,82,244,20,1,0,264,408
fig_,1,407,320,87,233,21,1,1,254,408
kayceepea14,1,407,317,90,227,15,1,1,242,408
lachupacabraaa,2,406,309,97,212,11,2,2,223,408
tymuthi,1,407,303,104,199,23,1,1,222,408
fancy_sandwich,2,406,296,110,186,34,2,2,220,408
Derpina69,2,406,299,107,192,11,1,2,203,408
Fusylum,1,407,276,131,145,9,1,1,154,408
iliketurtl3s,5,403,241,162,79,30,4,5,109,408
jdscarface,2,405,321,84,237,20,2,2,257,407
shiittyboom,1,406,324,82,242,7,1,1,249,407
roperac,1,406,310,96,214,21,1,1,235,407
LabJacket,2,405,275,130,145,75,2,2,220,407
wigglystyle,1,407,297,110,187,10,1,0,197,407
olsmobile,1,406,282,124,158,11,1,1,169,407
nipple_beast,1,407,272,135,137,5,1,0,142,407
TheRealSandwich,3,404,268,136,132,8,1,3,140,407
DrJudgmental,1,406,261,145,116,12,1,1,128,407
NeedsAGoodUsername,1,406,260,146,114,6,1,1,120,407
PlNG,1,407,255,152,103,11,1,0,114,407
bthekid,1,406,241,165,76,18,1,1,94,407
ZobeWan,1,405,364,41,323,8,0,1,331,406
NikVik,3,403,348,55,293,5,1,3,298,406
tdrunner95,1,406,347,59,288,5,1,0,293,406
splice123,4,402,330,72,258,16,2,4,274,406
vVvMaze,3,403,328,75,253,12,3,3,265,406
Likezoinks1,6,401,309,92,217,22,5,5,239,406
agstock,2,404,301,103,198,23,2,2,221,406
jarkana,1,406,246,160,86,109,1,0,195,406
Unclezombie,2,404,284,120,164,28,2,2,192,406
burnner_,3,403,284,119,165,7,3,3,172,406
Bau5man,1,405,259,146,113,19,1,1,132,406
Remmib,1,405,264,141,123,8,1,1,131,406
Ghenges,1,405,248,157,91,23,1,1,114,406
j_ray,4,403,249,154,95,17,4,3,112,406
needmoney90,1,405,242,163,79,20,1,1,99,406
MichaelAnthony88,1,404,352,52,300,4,1,1,304,405
Yownine,1,404,313,91,222,53,1,1,275,405
leftmid77,1,404,316,88,228,4,1,1,232,405
boxtops91,1,404,307,97,210,17,0,1,227,405
just_quit_smoking,1,404,284,120,164,6,1,1,170,405
Caxinator,2,403,269,134,135,8,2,2,143,405
rainydays4,1,404,249,155,94,39,1,1,133,405
jaimemh,1,404,258,146,112,17,1,1,129,405
artschoolvillian,2,403,251,152,99,11,2,2,110,405
iNchok,1,404,245,159,86,10,1,1,96,405
MrLadyfingers,2,402,331,71,260,11,1,2,271,404
1337Scott,3,401,306,95,211,20,3,3,231,404
Get_Husky,1,403,286,117,169,26,1,1,195,404
cpt_bluebear,1,403,286,117,169,7,1,1,176,404
hobbes011,1,403,279,124,155,13,1,1,168,404
TheJakeRockz,4,401,259,142,117,14,4,3,131,404
Solbia,1,403,247,156,91,17,1,1,108,404
megusta21,1,404,237,167,70,27,1,0,97,404
xRicheyx,1,403,238,165,73,5,1,1,78,404
middo,1,403,345,58,287,69,1,0,356,403
Iamgrahamcracker,1,402,354,48,306,23,0,1,329,403
Tbabs,1,402,350,52,298,16,1,1,314,403
ventian,3,400,317,83,234,42,3,3,276,403
LainIwakura,1,402,306,96,210,26,0,1,236,403
Grammar_PoPo,4,400,299,101,198,11,3,3,209,403
titoisking,1,402,299,103,196,5,1,1,201,403
SeanLikesCake099,3,400,292,108,184,15,2,3,199,403
RedLolBotz,1,403,296,107,189,8,1,0,197,403
stonedthevolcom,3,403,290,113,177,14,3,0,191,403
sweetlou623,2,403,275,128,147,37,2,0,184,403
Junior5150,1,402,268,134,134,38,0,1,172,403
TheFireOnMainSt,1,403,269,134,135,31,1,0,166,403
MrAviators,1,403,269,134,135,11,1,0,146,403
KirnMX,1,402,264,138,126,10,1,1,136,403
katsuga125,1,402,257,145,112,24,0,1,136,403
MasterBaters,1,402,253,149,104,12,1,1,116,403
nick-greco,1,402,238,164,74,12,1,1,86,403
grimebox,1,401,355,46,309,9,1,1,318,402
dat-reddit,3,399,330,69,261,23,3,3,284,402
fnumber33,1,401,338,63,275,0,1,1,275,402
RaichuLover,1,401,312,89,223,29,1,1,252,402
mcdolsa,3,399,288,111,177,17,3,3,194,402
digg_made_me_do_it,1,401,287,114,173,5,1,1,178,402
ontherok,1,401,286,115,171,4,1,1,175,402
maciekk,1,401,282,119,163,10,0,1,173,402
gavarit_blox_pl,1,402,271,131,140,27,1,0,167,402
xwexcollidex,3,400,269,131,138,23,2,2,161,402
san8055,1,402,231,171,60,34,1,0,94,402
B_ILL,1,402,238,164,74,14,1,0,88,402
Leefan,2,400,218,182,36,11,2,2,47,402
nowhere_man_1992,1,400,301,99,202,72,1,1,274,401
jturn3r,1,400,314,86,228,4,1,1,232,401
suckerswag,1,401,307,94,213,16,1,0,229,401
bitcheslovedroids,1,400,306,94,212,8,1,1,220,401
GrammarPlease,1,400,284,116,168,42,1,1,210,401
mamamahalos,1,401,281,120,161,7,1,0,168,401
epic_awesome,1,399,346,53,293,46,0,1,339,400
rabidbasher,1,399,339,60,279,16,1,1,295,400
Petrarch1603,1,399,305,94,211,68,1,1,279,400
TheDoctor2332,2,399,318,81,237,33,2,1,270,400
zippy1990,1,400,313,87,226,27,1,0,253,400
tomselleckstache,1,399,320,79,241,7,1,1,248,400
a_Big_Wet_Hen,1,399,317,82,235,7,1,1,242,400
Zamalek,2,398,311,87,224,13,2,2,237,400
mrkillbob,1,399,274,125,149,41,1,1,190,400
charliespaceship,1,399,283,116,167,10,1,1,177,400
GreyStone1922,10,390,268,122,146,16,9,10,162,400
malicecooper84,3,398,269,129,140,13,3,2,153,400
bananaskates,3,397,262,135,127,16,1,3,143,400
mktange,1,399,264,135,129,10,1,1,139,400
anotherworlda,1,400,254,146,108,26,1,0,134,400
kiddywinks,3,397,220,177,43,9,2,3,52,400
Seductive_Domo,1,399,192,207,-15,56,1,1,41,400
CookieMonster17,2,397,335,62,273,31,2,2,304,399
ralphpotato,1,398,342,56,286,9,1,1,295,399
OceansofLotion,1,398,322,76,246,16,1,1,262,399
hazard7645,3,396,313,83,230,11,1,3,241,399
BlueMunky,3,396,289,107,182,39,2,3,221,399
AceDrummer,1,399,303,96,207,11,1,0,218,399
maxwellrockies,1,398,275,123,152,43,0,1,195,399
poopsmith666,1,398,284,114,170,12,1,1,182,399
JNGCSK,1,398,280,118,162,18,1,1,180,399
ShiggityShwah,1,398,278,120,158,10,1,1,168,399
cjw1986,3,396,277,119,158,8,2,3,166,399
googol88,2,397,264,133,131,22,2,2,153,399
99th,1,398,271,127,144,6,1,1,150,399
cool2chris,1,399,266,133,133,14,1,0,147,399
varrogath,2,398,253,145,108,28,2,1,136,399
foodpenis,1,397,363,34,329,10,0,1,339,398
Weldz,1,397,358,39,319,8,1,1,327,398
marissa_smore,1,398,343,55,288,10,1,0,298,398
game_phreak449,1,397,331,66,265,7,1,1,272,398
AIMMOTH,1,397,287,110,177,88,1,1,265,398
dracopervicax,2,396,323,73,250,15,1,2,265,398
Miless456,3,395,324,71,253,10,3,3,263,398
caspatzrophe,3,395,308,87,221,19,3,3,240,398
spgtothemax,1,397,304,93,211,8,1,1,219,398
HeyPatWhatsUp,6,392,285,107,178,31,6,6,209,398
Packattack210,1,397,294,103,191,10,1,1,201,398
CowSauce,1,397,286,111,175,9,1,1,184,398
rachelrawr,1,397,262,135,127,48,1,1,175,398
lookwhoitbe,3,395,263,132,131,30,3,3,161,398
woops_wrong_thread,1,397,273,124,149,6,1,1,155,398
megalosaurus,1,397,266,131,135,11,1,1,146,398
TCASH,1,398,238,160,78,53,1,0,131,398
JTGtoniteonly,2,396,253,143,110,15,2,2,125,398
obeya,1,397,244,153,91,29,1,1,120,398
justaride91,3,394,360,34,326,16,3,3,342,397
Tasty_Mango,1,396,351,45,306,14,0,1,320,397
Joecandelora,1,396,305,91,214,28,1,1,242,397
triggermortis,2,395,300,95,205,28,1,2,233,397
MrRickAwesome,6,393,303,90,213,9,3,4,222,397
Varo112,3,394,296,98,198,7,2,3,205,397
Roman_Senataur,1,396,292,104,188,14,1,1,202,397
stmblpssy,2,395,296,99,197,5,1,2,202,397
TheSerion,1,396,287,109,178,17,1,1,195,397
ThreeOhFour,1,396,278,118,160,26,1,1,186,397
tiddeRtime,1,397,273,124,149,12,1,0,161,397
donutv,1,396,257,139,118,34,1,1,152,397
JordanBlythe,3,394,250,144,106,22,3,3,128,397
acmercer,1,395,338,57,281,30,1,1,311,396
oPsYo,1,395,333,62,271,9,1,1,280,396
dyingenglish,4,394,314,80,234,25,4,2,259,396
turkishpresident,6,390,310,80,230,9,2,6,239,396
ProfBurial,5,392,297,95,202,34,4,4,236,396
AutumnShade44,1,396,307,89,218,9,1,0,227,396
Schpoobi,1,395,301,94,207,17,1,1,224,396
futbol4life22,2,394,302,92,210,11,2,2,221,396
yerbzz,1,395,288,107,181,14,0,1,195,396
kewl_64,1,395,285,110,175,14,1,1,189,396
Pokebarrs024,5,392,271,121,150,20,5,4,170,396
EnviousDan,2,394,256,138,118,34,2,2,152,396
Smishery,4,392,250,142,108,22,4,4,130,396
jam6,2,396,244,152,92,22,2,0,114,396
billsdabills,4,391,290,101,189,33,3,4,222,395
jcloudd_713,1,394,295,99,196,16,1,1,212,395
TheZephyr,1,394,281,113,168,38,1,1,206,395
muhzr,2,393,294,99,195,6,2,2,201,395
aazav,1,395,266,129,137,23,1,0,160,395
mtreef2,1,394,269,125,144,7,1,1,151,395
summerteeth,1,395,256,139,117,15,1,0,132,395
Italian_Barrel_Roll,1,394,182,212,-30,24,1,1,-6,395
subaru,2,392,329,63,266,45,2,2,311,394
Worms1991,1,393,341,52,289,8,1,1,297,394
Wilmot_Pioneer,1,394,310,84,226,10,1,0,236,394
Ben__Linus,1,393,297,96,201,15,1,1,216,394
annoyedturtle,1,393,289,104,185,9,0,1,194,394
Jawski,3,391,285,106,179,12,2,3,191,394
Snoblex,1,393,260,133,127,31,1,1,158,394
Wwille,2,393,258,135,123,16,2,1,139,394
muffinnsss,1,393,251,142,109,21,1,1,130,394
subterraneanzen,1,394,252,142,110,7,1,0,117,394
E-bo_Fo_Sho,1,394,242,152,90,17,1,0,107,394
CoolMoose,1,393,218,175,43,16,1,1,59,394
wheatlie,1,392,353,39,314,10,1,1,324,393
ultraluminous,1,393,303,90,213,33,1,0,246,393
horridmemory,1,392,311,81,230,15,0,1,245,393
cassinator,1,392,296,96,200,14,1,1,214,393
danielwb,2,391,281,110,171,41,2,2,212,393
axeman157,1,392,278,114,164,22,1,1,186,393
ark91,1,392,273,119,154,7,1,1,161,393
punx_at_heart,2,392,244,148,96,33,2,1,129,393
ilikehamburgers,7,387,239,148,91,27,2,6,118,393
tjburns85,2,391,229,162,67,51,1,2,118,393
letutin,1,392,241,151,90,9,1,1,99,393
BG_MaSTeRMinD,1,392,239,153,86,11,1,1,97,393
EpicDougC,1,391,332,59,273,25,0,1,298,392
molecular,1,392,335,57,278,8,1,0,286,392
the-finisher2,2,390,312,78,234,11,2,2,245,392
deadsoldier,1,392,310,82,228,11,1,0,239,392
Kovaelin,1,391,306,85,221,12,1,1,233,392
Inofa,1,392,292,100,192,18,1,0,210,392
smpx,1,391,288,103,185,18,1,1,203,392
mocoworm,1,391,271,120,151,13,1,1,164,392
niceguyMarcus,1,391,257,134,123,30,0,1,153,392
jentaculophile,1,392,262,130,132,4,1,0,136,392
HerpinAndDerpin,3,391,242,149,93,30,3,1,123,392
epyk93,1,391,353,38,315,32,1,0,347,391
magicp00p,2,391,347,44,303,41,1,0,344,391
Tehdew,1,390,326,64,262,43,1,1,305,391
d0berman,2,390,315,75,240,23,2,1,263,391
GhostBalls25,2,389,305,84,221,21,2,2,242,391
Wah_Lau_Eh,1,390,308,82,226,9,0,1,235,391
redstonenico,3,388,300,88,212,20,2,3,232,391
asdfghjklol,1,390,294,96,198,30,1,1,228,391
wbsonic,1,390,306,84,222,5,1,1,227,391
Robborob,1,390,288,102,186,34,1,1,220,391
dream5eller,2,389,285,104,181,38,2,2,219,391
pantsmessiah,1,390,298,92,206,6,1,1,212,391
browjs,1,390,288,102,186,21,1,1,207,391
Guy_with_an_opinion,7,384,285,99,186,14,4,7,200,391
AmericaWolff,4,387,279,108,171,28,4,4,199,391
Shade08,1,390,278,112,166,28,1,1,194,391
queenbrownie124,1,390,289,101,188,5,1,1,193,391
AchieveDeficiency,3,389,279,110,169,23,3,2,192,391
Super_Human_Samurai,1,391,265,126,139,48,1,0,187,391
tubesock22,2,389,284,105,179,3,2,2,182,391
Viralsun,1,390,247,143,104,42,1,1,146,391
IAmAKanyeWestAMA,1,390,250,140,110,15,1,1,125,391
TyPiper93,2,389,250,139,111,6,2,2,117,391
joebell93,1,390,244,146,98,12,1,1,110,391
allhailxenu,3,388,229,159,70,35,3,3,105,391
Ibanezman,1,390,220,170,50,25,0,1,75,391
DrOrpheus,1,389,356,33,323,27,1,1,350,390
Ak_Branden,1,389,321,68,253,13,1,1,266,390
Funtastik,1,389,310,79,231,6,1,1,237,390
davvik,1,389,298,91,207,26,1,1,233,390
simlew86,1,389,290,99,191,38,0,1,229,390
jeffpaulgault,3,387,295,92,203,9,3,3,212,390
hazyharry,2,388,282,106,176,9,2,2,185,390
CrunchBang,1,389,275,114,161,11,1,1,172,390
benkovian,2,388,271,117,154,7,2,2,161,390
AlchemicalBliss,2,389,245,144,101,30,2,1,131,390
waltzingaround,1,390,257,133,124,4,1,0,128,390
Chaddyboy,1,390,245,145,100,19,1,0,119,390
Robelius,5,387,211,176,35,35,5,3,70,390
S069334761,2,387,318,69,249,19,2,2,268,389
TheChillsauce,1,388,315,73,242,8,1,1,250,389
baksteen,1,388,308,80,228,15,1,1,243,389
ScribblesReddit,3,387,299,88,211,30,3,2,241,389
Kuro_yami,1,388,278,110,168,62,1,1,230,389
machshadow,1,388,273,115,158,63,1,1,221,389
Sublime-Silence,1,388,293,95,198,16,1,1,214,389
EDante,1,388,277,111,166,23,0,1,189,389
polar-bear-club,2,387,275,112,163,21,2,2,184,389
ohnojoebro,1,388,275,113,162,5,1,1,167,389
Lanceruto,2,389,258,131,127,26,2,0,153,389
Kuklachev,1,387,317,70,247,22,1,1,269,388
calebt53,1,387,310,77,233,27,1,1,260,388
AllDayWin,2,386,319,67,252,6,1,2,258,388
Sandysamwich,1,387,305,82,223,12,1,1,235,388
twofortomatoes,3,385,298,87,211,9,3,3,220,388
CannedMoose8,2,386,295,91,204,7,2,2,211,388
allhailskippy,1,387,273,114,159,11,1,1,170,388
firesquasher,1,387,250,137,113,56,1,1,169,388
blunderful,1,387,238,149,89,73,1,1,162,388
NeverEnoughCharacter,1,386,309,77,232,77,1,1,309,387
CainInACan,5,383,316,67,249,12,5,4,261,387
eb891,1,387,306,81,225,14,1,0,239,387
PouxOnU,3,384,302,82,220,6,3,3,226,387
KornyG,1,386,294,92,202,5,1,1,207,387
nebber,1,386,285,101,184,10,1,1,194,387
danialistrollface,2,385,286,99,187,0,2,2,187,387
Dordo3,1,386,253,133,120,58,1,1,178,387
TheMittenMan,9,380,265,115,150,16,7,7,166,387
GellyNose,1,386,264,122,142,22,1,1,164,387
poochi,3,384,266,118,148,14,3,3,162,387
AlexanderSalamander,2,386,249,137,112,19,2,1,131,387
Freshenstein,1,386,238,148,90,25,1,1,115,387
boundedsnake395,2,385,237,148,89,13,2,2,102,387
Spacelab,1,386,349,37,312,119,1,0,431,386
chitejin,1,385,328,57,271,56,1,1,327,386
RuskiTavarish,1,386,315,71,244,22,1,0,266,386
PremmyJack,1,385,314,71,243,17,1,1,260,386
mrossier42,5,381,304,77,227,32,4,5,259,386
donaldsikert,1,385,315,70,245,2,1,1,247,386
lisan_al_gaib,1,385,288,97,191,8,1,1,199,386
grahamster612,1,385,283,102,181,10,1,1,191,386
HNW,1,385,281,104,177,7,1,1,184,386
JADLES89,1,385,270,115,155,26,1,1,181,386
Windstonam,1,385,266,119,147,7,1,1,154,386
Smashman2004,3,384,246,138,108,18,3,2,126,386
brickler,1,385,250,135,115,8,1,1,123,386
EliteHunting,1,385,227,158,69,6,1,1,75,386
TEH_SAUCE_BOSS,2,384,220,164,56,10,2,2,66,386
AlwaysOpenMinded,1,384,323,61,262,26,1,1,288,385
licensedtocreep,1,385,309,76,233,26,1,0,259,385
brewstah,1,384,318,66,252,5,1,1,257,385
IamVasi,5,382,307,75,232,20,1,3,252,385
Joined_For_Joke,1,384,304,80,224,23,1,1,247,385
tarzandrew,1,384,295,89,206,35,1,1,241,385
chalz108,1,384,305,79,226,11,0,1,237,385
linkdude101,1,384,278,106,172,35,0,1,207,385
kyosuifa,2,384,276,108,168,9,2,1,177,385
shitpissass,1,384,266,118,148,8,1,1,156,385
lanunzil,1,384,258,126,132,4,1,1,136,385
Minor_stupidity_win,1,384,256,128,128,6,1,1,134,385
xirho67,1,384,217,167,50,32,1,1,82,385
xWolfiezx,2,383,288,95,193,71,2,1,264,384
gogogadgetschlong,1,384,309,75,234,18,1,0,252,384
Flasche5,1,383,300,83,217,9,1,1,226,384
bucknakid14,4,380,291,89,202,19,4,4,221,384
sabotourAssociate,1,383,293,90,203,12,1,1,215,384
mmr0317,3,381,287,94,193,12,3,3,205,384
grumpysnap,1,383,281,102,179,4,1,1,183,384
Tambe,1,383,275,108,167,15,1,1,182,384
driderqueen,1,383,276,107,169,8,1,1,177,384
Splicer006,1,383,274,109,165,12,1,1,177,384
tmackattak,3,382,258,124,134,35,3,2,169,384
StricklandPropane,2,382,267,115,152,11,2,2,163,384
berrausmaximus8,1,384,267,117,150,5,1,0,155,384
LittleMonkey69,1,384,260,124,136,3,1,0,139,384
eliteXshadow8,14,370,226,144,82,16,2,14,98,384
mamahamster,8,376,224,152,72,22,5,8,94,384
zyyklon,2,381,333,48,285,13,2,2,298,383
Frend0,1,382,279,103,176,117,1,1,293,383
mythril98,1,382,319,63,256,12,1,1,268,383
AmusedMoosed,1,382,303,79,224,21,1,1,245,383
Filipp0,1,382,301,81,220,25,1,1,245,383
hansel4150,3,380,304,76,228,16,2,3,244,383
GuilRosmer,2,381,291,90,201,12,2,2,213,383
Calibud101,1,382,281,101,180,15,1,1,195,383
kbakermemphis,1,382,283,99,184,9,1,1,193,383
XenomorphSB,4,379,278,101,177,13,3,4,190,383
Alt_f4_,1,382,280,102,178,8,0,1,186,383
Just_A_Train,1,382,265,117,148,27,0,1,175,383
refer_2_me,4,381,254,127,127,25,3,2,152,383
carmexgrl,1,382,255,127,128,14,1,1,142,383
Ingram_5,11,374,223,151,72,23,7,9,95,383
typewriters305,1,381,338,43,295,60,0,1,355,382
Company_Rep,1,382,323,59,264,43,1,0,307,382
Gir_wants_cupcake,1,381,333,48,285,11,1,1,296,382
franny123,3,379,325,54,271,18,3,3,289,382
DuderBobJones,1,381,287,94,193,29,1,1,222,382
andrewsmith1986,1,381,281,100,181,26,1,1,207,382
tylewis22,1,381,262,119,143,54,1,1,197,382
Pimpin__Karma,2,380,274,106,168,21,2,2,189,382
SuprDrummy,4,378,272,106,166,15,3,4,181,382
staplestable,1,381,272,109,163,8,1,1,171,382
HINDBRAIN,1,381,251,130,121,27,1,1,148,382
T0mb3rg,2,380,251,129,122,21,2,2,143,382
sempiris,4,380,242,138,104,8,4,2,112,382
TRiPgod,1,381,228,153,75,18,1,1,93,382
kraz023,1,381,229,152,77,9,1,1,86,382
Commander1812,2,380,229,151,78,6,2,2,84,382
DICK_BAG_PANDA,1,380,349,31,318,16,0,1,334,381
toomanylayers,1,381,328,53,275,7,1,0,282,381
dryandsmooth,1,381,309,72,237,14,1,0,251,381
Mushbroom,1,380,308,72,236,8,1,1,244,381
gfro,2,379,304,75,229,13,1,2,242,381
polkadots1999,1,380,304,76,228,9,0,1,237,381
LGoodman,1,380,292,88,204,7,0,1,211,381
ClintonHarvey,6,375,285,90,195,7,5,6,202,381
DatFrigginGuy,2,379,250,129,121,59,2,2,180,381
AcidicToast,2,379,272,107,165,9,1,2,174,381
smithie123,1,380,263,117,146,9,1,1,155,381
pathetichumans,1,380,239,141,98,23,1,1,121,381
goldinarack,1,380,340,40,300,21,1,0,321,380
Insanejavo,10,371,322,49,273,16,3,9,289,380
Euphemismic,3,378,320,58,262,0,3,2,262,380
stev_meli,1,379,299,80,219,17,1,1,236,380
nutshells,2,378,296,82,214,12,2,2,226,380
le_paranoid,1,379,285,94,191,14,1,1,205,380
Not_Austin,5,377,284,93,191,8,4,3,199,380
mcbuddyface,1,379,276,103,173,11,0,1,184,380
Spencer487,1,379,262,117,145,21,1,1,166,380
trollsarefun,1,379,235,144,91,57,1,1,148,380
motherlode,1,380,252,128,124,5,1,0,129,380
flyvaion,2,378,213,165,48,21,2,2,69,380
Shitty_Watercolour,1,379,351,28,323,21,1,0,344,379
jimeno,1,378,306,72,234,49,0,1,283,379
Laurentius_the_pyro,2,378,318,60,258,15,1,1,273,379
ersala89,1,378,311,67,244,18,1,1,262,379
rosapennan,1,378,318,60,258,4,1,1,262,379
Parkwaydrive,2,377,289,88,201,57,1,2,258,379
socky1234111,4,375,309,66,243,6,3,4,249,379
BeastModeYouBeezy,1,378,302,76,226,21,1,1,247,379
alcoolico,1,378,306,72,234,4,1,1,238,379
roaddog1,1,378,300,78,222,12,1,1,234,379
qqqqqqqq,2,377,283,94,189,29,2,2,218,379
RazzQuit,1,378,294,84,210,3,1,1,213,379
Fatalblue0923,2,377,288,89,199,9,2,2,208,379
dhthoff,1,378,288,90,198,8,1,1,206,379
FrankCashio,1,379,278,101,177,16,1,0,193,379
ThatSassyStraightGuy,2,377,276,101,175,11,2,2,186,379
theobanger,2,377,275,102,173,5,2,2,178,379
ndatoxicity,1,379,251,128,123,50,1,0,173,379
giftedgothic,1,378,245,133,112,41,1,1,153,379
racheyxoxo,1,378,260,118,142,2,1,1,144,379
sadie724,1,378,251,127,124,11,1,1,135,379
Ninjatertl,1,378,238,140,98,3,1,1,101,379
vito_uk,1,377,299,78,221,18,1,1,239,378
Apple_Snob,1,377,302,75,227,3,0,1,230,378
Azor2500,3,376,289,87,202,6,3,2,208,378
ManicMarisa,1,377,288,89,199,9,1,1,208,378
zgoldinger,1,377,285,92,193,5,1,1,198,378
xJDRAGx,3,375,271,104,167,15,3,3,182,378
Patagucci,1,377,266,111,155,7,1,1,162,378
Sasquatch99,2,377,258,119,139,11,1,1,150,378
frkcool,1,377,257,120,137,9,1,1,146,378
revoltage,1,378,256,122,134,12,1,0,146,378
crazyman01,4,374,247,127,120,7,3,4,127,378
b1ane2010,7,372,214,158,56,49,6,6,105,378
InsayneBatmayne,1,377,228,149,79,10,1,1,89,378
tarlack,1,377,358,19,339,12,1,0,351,377
Zappastuski,1,376,296,80,216,7,1,1,223,377
silentcrs,2,375,282,93,189,20,2,2,209,377
AmiraMalicious,2,375,274,101,173,17,2,2,190,377
lolbacon,1,377,244,133,111,73,1,0,184,377
kmaster223,4,373,273,100,173,6,4,4,179,377
Camo4ammo,2,375,271,104,167,7,2,2,174,377
The_Real_Cats_Eye,3,374,262,112,150,19,2,3,169,377
goldenfidelity,1,376,258,118,140,19,1,1,159,377
BraveArt,1,376,252,124,128,10,1,1,138,377
ThisIsntProof,2,375,238,137,101,17,2,2,118,377
ComeJoinTheFeast,1,376,234,142,92,18,1,1,110,377
boxhead04,1,376,240,136,104,4,1,1,108,377
mudkipzftw,1,376,225,151,74,10,1,1,84,377
Crimsai,1,375,317,58,259,22,1,1,281,376
bridgesandballoons,2,375,306,69,237,7,1,1,244,376
Luigifan13,1,375,294,81,213,14,1,1,227,376
koleheltman,1,375,265,110,155,56,1,1,211,376
Chronic_Misery,2,374,278,96,182,17,1,2,199,376
ptgolf,1,375,264,111,153,34,1,1,187,376
ninni113,2,374,265,109,156,11,0,2,167,376
NOZZLeS,1,376,258,118,140,5,1,0,145,376
jeppethe,1,375,245,130,115,7,1,1,122,376
Revolution_in_Labia,1,375,231,144,87,13,1,1,100,376
perverted_justice,3,372,317,55,262,8,1,3,270,375
1leggeddog,3,372,295,77,218,26,3,3,244,375
worsewithcomputer,3,372,293,79,214,20,2,3,234,375
a1ckb52,5,370,292,78,214,19,4,5,233,375
Redfoo,2,375,289,86,203,26,2,0,229,375
skylenorman,2,373,289,84,205,5,2,2,210,375
Lumineus,1,374,284,90,194,9,1,1,203,375
TCBloo,1,374,259,115,144,8,1,1,152,375
ryanvsrobots,1,374,257,117,140,9,1,1,149,375
unclefred,3,372,236,136,100,22,3,3,122,375
h1ghl4nd3r,1,374,234,140,94,22,1,1,116,375
Quinndolyn,2,374,225,149,76,9,1,1,85,375
datachecker,1,373,307,66,241,10,1,1,251,374
pokerkidas,2,372,303,69,234,6,2,2,240,374
ineedabout3fifdy,2,372,292,80,212,16,2,2,228,374
mronesi,1,373,298,75,223,2,1,1,225,374
meilee,2,372,287,85,202,15,2,2,217,374
alex_texasiswest,1,374,289,85,204,7,1,0,211,374
RapAndCookies,1,373,282,91,191,8,0,1,199,374
Badger2qrd,1,373,275,98,177,20,1,1,197,374
DrinkOranginaNaked,1,373,259,114,145,45,1,1,190,374
Zeela_D,1,373,265,108,157,30,1,1,187,374
ny_rangers,3,371,267,104,163,18,3,3,181,374
Dj_Panda,6,368,254,114,140,40,6,6,180,374
AuntEnok,1,373,266,107,159,8,1,1,167,374
nomemory,1,373,257,116,141,17,1,1,158,374
CaptainToilet,1,373,251,122,129,12,1,1,141,374
HBHartman,1,373,236,137,99,30,1,1,129,374
HallowedBeThySlave,2,372,243,129,114,11,2,2,125,374
wave517,2,372,232,140,92,27,2,2,119,374
puphop,1,373,238,135,103,16,1,1,119,374
Good2bCh13f,1,374,224,150,74,32,1,0,106,374
MagixxxMan,1,373,297,76,221,82,1,0,303,373
ptferg,2,371,300,71,229,51,1,2,280,373
CanadaEh97,2,371,296,75,221,45,2,2,266,373
St1cks,1,372,307,65,242,17,1,1,259,373
PrincipalBlackman,1,372,311,61,250,5,1,1,255,373
HighfrequencyCRK,1,372,305,67,238,7,1,1,245,373
fottan,1,372,282,90,192,48,1,1,240,373
Flying_Engineer,1,373,297,76,221,8,1,0,229,373
abood_3,3,371,291,80,211,16,3,2,227,373
discofried,1,372,253,119,134,39,1,1,173,373
mattronus,1,372,251,121,130,16,0,1,146,373
michelleohmy,2,373,244,129,115,12,2,0,127,373
DeathCampForClint,3,370,235,135,100,22,2,3,122,373
foxyjim99,2,371,230,141,89,5,2,2,94,373
Furiousturtle,1,371,329,42,287,89,1,1,376,372
SumKalam,1,372,325,47,278,89,1,0,367,372
idma,2,370,292,78,214,70,1,2,284,372
fortwunny,1,371,304,67,237,39,1,1,276,372
Still_Hilarious,1,371,311,60,251,21,1,1,272,372
banned_from_all_subs,1,371,294,77,217,15,0,1,232,372
Gynominer,1,371,284,87,197,18,1,1,215,372
justspinninmywheels,1,371,289,82,207,7,1,1,214,372
crono1224,1,372,290,82,208,4,1,0,212,372
69EaRtH_DeStRoYeR69,1,372,242,130,112,98,1,0,210,372
chuuchhackz,1,371,283,88,195,4,1,1,199,372
cramped,2,371,266,105,161,19,2,1,180,372
HollywoodRS,2,370,264,106,158,10,2,2,168,372
Manswaggle,1,371,263,108,155,5,1,1,160,372
puppetmaster5,1,372,258,114,144,7,1,0,151,372
deysha,1,371,245,126,119,25,1,1,144,372
Wr1nk,2,370,248,122,126,7,1,2,133,372
brosay,1,371,236,135,101,24,1,1,125,372
yodak,2,371,233,138,95,23,2,1,118,372
duckdave,1,371,231,140,91,16,1,1,107,372
RUAUMOKO,2,369,313,56,257,43,1,2,300,371
jhchawk,1,370,298,72,226,72,1,1,298,371
greenranger420,1,370,307,63,244,5,1,1,249,371
peazoh,1,370,300,70,230,17,1,1,247,371
Zer0-Co0L,1,370,277,93,184,44,1,1,228,371
tkddude100,2,369,290,79,211,6,2,2,217,371
haley744,1,371,281,90,191,15,1,0,206,371
HoffRage5617,1,370,282,88,194,9,1,1,203,371
cptcliche,1,371,268,103,165,11,1,0,176,371
NwordJim001,2,369,261,108,153,20,2,2,173,371
Saulace,1,370,263,107,156,16,1,1,172,371
yonips,1,370,244,126,118,5,1,1,123,371
DAlts4996,3,368,234,134,100,7,3,3,107,371
Kuleo0z,1,370,202,168,34,44,1,1,78,371
alexrioseco,1,369,312,57,255,18,1,1,273,370
JonnyKatz,1,369,313,56,257,6,1,1,263,370
your_username,2,368,302,66,236,10,2,2,246,370
cancerik4,1,369,300,69,231,6,1,1,237,370
yankeegiant185,1,369,274,95,179,24,0,1,203,370
steel_flux,1,369,278,91,187,11,1,1,198,370
AFDIT,1,369,279,90,189,9,0,1,198,370
davidsk,1,370,258,112,146,28,1,0,174,370
Abdullah-Oblongata,1,369,255,114,141,17,1,1,158,370
Linksawake,1,369,247,122,125,33,1,1,158,370
muffions,1,369,256,113,143,12,1,1,155,370
trex88,1,369,259,110,149,6,1,1,155,370
Scarmans,1,369,240,129,111,12,1,1,123,370
Halosexual,1,369,230,139,91,23,1,1,114,370
Ohsin,1,369,230,139,91,11,1,1,102,370
xxbreakmyfallxx,2,368,210,158,52,44,2,2,96,370
maxevans60,1,369,219,150,69,15,1,1,84,370
DiscoBiscuiteer,1,369,211,158,53,10,1,1,63,370
stephoswalk,1,368,356,12,344,12,1,1,356,369
einalem58,2,367,328,39,289,4,2,2,293,369
Wortho27,7,365,284,81,203,18,5,4,221,369
OneMeanPopsicle,1,369,283,86,197,23,1,0,220,369
hcloyo,5,364,260,104,156,9,3,5,165,369
NGeX,2,368,243,125,118,14,1,1,132,369
AndrejisPanickin,1,368,233,135,98,32,1,1,130,369
cody31837,2,368,224,144,80,34,2,1,114,369
JenniferHepler,2,367,310,57,253,144,1,1,397,368
8bitstitch,1,368,296,72,224,70,1,0,294,368
jackalo,1,367,311,56,255,18,1,1,273,368
orsoscroot,1,367,306,61,245,7,1,1,252,368
ihasgoobies,5,363,290,73,217,13,1,5,230,368
PhotoAwp,1,367,277,90,187,11,1,1,198,368
shugode1,1,367,269,98,171,8,1,1,179,368
mrs-monroe,3,365,267,98,169,4,2,3,173,368
sun_hands,1,367,246,121,125,26,0,1,151,368
BAY88,1,367,253,114,139,7,1,1,146,368
epooka,1,367,245,122,123,14,1,1,137,368
DwedPiwateWobberts,1,367,246,121,125,8,1,1,133,368
Edvin1314,2,365,307,58,249,14,2,2,263,367
abstractattack,1,366,306,60,246,9,1,1,255,367
Jenniferalexisv86,2,365,295,70,225,4,2,2,229,367
kurtfish,1,367,275,92,183,34,1,0,217,367
Danimal_House,1,366,276,90,186,12,1,1,198,367
Desparia,1,366,264,102,162,9,1,1,171,367
iamgraphicdesign,2,365,255,110,145,19,2,2,164,367
RebeccaSnugglex3,1,366,259,107,152,10,1,1,162,367
Actually_A_Dude,2,366,258,108,150,11,2,1,161,367
Ziminrax,1,366,250,116,134,8,1,1,142,367
MoastyToasty,2,365,243,122,121,17,1,2,138,367
everythingisbetter,1,367,246,121,125,12,1,0,137,367
cacophonies,1,367,233,134,99,19,1,0,118,367
fluffyponyza,3,365,233,132,101,16,2,2,117,367
shmoidel,1,366,230,136,94,12,1,1,106,367
icanseenoises,1,366,225,141,84,10,1,1,94,367
ussoldier239,1,366,218,148,70,15,1,1,85,367
Kumorigoe,1,367,200,167,33,23,1,0,56,367
ArtixKreiger,7,359,302,57,245,17,4,7,262,366
StabWoundFucker,1,365,297,68,229,18,1,1,247,366
theguywhopostscats,1,365,298,67,231,9,1,1,240,366
Labradooodle,2,366,251,115,136,63,2,0,199,366
megusta_tortugas,1,365,270,95,175,8,1,1,183,366
Kodikumpel,1,365,263,102,161,15,1,1,176,366
SlimPikinZ,1,365,252,113,139,22,1,1,161,366
liter_of_cola,1,366,240,126,114,42,1,0,156,366
firepool,1,365,250,115,135,11,1,1,146,366
magicalwombat,1,365,247,118,129,9,1,1,138,366
CaptainNigNig,2,364,220,144,76,15,2,2,91,366
Eveverything,2,363,312,51,261,44,2,2,305,365
mhazheer,2,363,300,63,237,14,2,2,251,365
potatoiam,1,364,270,94,176,47,1,1,223,365
rphamm,1,364,282,82,200,17,1,1,217,365
hotshotgfx,1,364,283,81,202,12,1,1,214,365
tycho82,1,364,255,109,146,40,1,1,186,365
spidy96,1,364,249,115,134,36,0,1,170,365
headbanger1186,6,359,260,99,161,8,5,6,169,365
emelianovster,1,364,245,119,126,13,1,1,139,365
Eillris,1,365,241,124,117,21,1,0,138,365
dzamir,1,364,244,120,124,8,1,1,132,365
ricky9,2,363,244,119,125,5,2,2,130,365
usk49,1,364,220,144,76,48,1,1,124,365
Yougotredditonyou,1,365,233,132,101,16,1,0,117,365
oneinfinity,2,364,329,35,294,53,1,0,347,364
OverratedMusicGenre,2,362,314,48,266,12,2,2,278,364
ManWithoutModem,1,364,316,48,268,10,1,0,278,364
icameliac,1,363,306,57,249,25,1,1,274,364
juilp123,1,363,292,71,221,10,0,1,231,364
blacjack,1,363,291,72,219,6,1,1,225,364
giantmatt,2,362,271,91,180,14,2,2,194,364
altcode3,2,362,263,99,164,24,2,2,188,364
LikesToRaveDave,1,363,274,89,185,3,1,1,188,364
DrPlastiks,2,362,259,103,156,14,2,2,170,364
kmaneshni,1,364,242,122,120,42,1,0,162,364
SecChf_RocIngersol,2,362,251,111,140,19,2,2,159,364
vladtodlover,3,361,255,106,149,10,1,3,159,364
k12g3,5,360,239,121,118,13,3,4,131,364
olivertwitt,2,364,227,137,90,30,1,0,120,364
CroneKills,1,362,296,66,230,46,1,1,276,363
Duffayy,1,363,291,72,219,18,1,0,237,363
querynotfound,1,362,293,69,224,8,1,1,232,363
Captain597,1,362,288,74,214,11,1,1,225,363
beancounter2885,2,361,286,75,211,6,2,2,217,363
ItsAFuckingCrocodile,1,362,284,78,206,10,0,1,216,363
IPhilKenSebbenI,2,361,266,95,171,36,2,2,207,363
Kojax08,1,362,278,84,194,11,1,1,205,363
RaeeCharles,1,362,275,87,188,11,1,1,199,363
HaterAides,1,362,266,96,170,6,1,1,176,363
allyoucanteat,2,361,259,102,157,10,2,2,167,363
zkameranaplaze,2,361,239,122,117,39,2,2,156,363
trevor_the_redditor,2,361,249,112,137,12,2,2,149,363
heatseeka37,1,362,243,119,124,5,1,1,129,363
sharperthanyouthink,1,362,233,129,104,7,1,1,111,363
shinigami564,1,363,222,141,81,27,1,0,108,363
thehomie,1,363,220,143,77,22,1,0,99,363
Dorkstick,1,362,210,152,58,7,1,1,65,363
NonstandardDeviation,1,361,300,61,239,94,1,1,333,362
yusernametaken,3,360,297,63,234,32,2,2,266,362
zoidbergLOL,1,362,284,78,206,8,1,0,214,362
Jetman710,1,361,277,84,193,14,1,1,207,362
pinballwizard16,1,361,277,84,193,8,0,1,201,362
Nafarious,1,361,273,88,185,11,1,1,196,362
auriumius,1,362,273,89,184,4,1,0,188,362
thewhitejasmine,1,361,257,104,153,13,1,1,166,362
krnlpanik,1,362,242,120,122,14,1,0,136,362
Joshypalooza,1,361,231,130,101,6,1,1,107,362
doppleganger2621,3,360,205,155,50,22,2,2,72,362
bitdestroyer,1,361,211,150,61,5,1,1,66,362
shilpster,1,360,328,32,296,6,1,1,302,361
shannontara,3,358,302,56,246,48,3,3,294,361
Iammacd,1,360,317,43,274,10,1,1,284,361
plumply,2,359,300,59,241,7,2,2,248,361
Babilicious,4,357,297,60,237,9,4,4,246,361
lukejhas,2,359,298,61,237,9,2,2,246,361
JohnDoeNuts,3,359,263,96,167,21,3,2,188,361
Creamy_Creamz,2,359,264,95,169,16,2,2,185,361
lurchman,1,360,259,101,158,9,1,1,167,361
Zetax,1,361,255,106,149,11,1,0,160,361
Shadow703793,1,361,224,137,87,9,1,0,96,361
lazilymotivated,1,361,223,138,85,9,1,0,94,361
RPMiSO,1,360,206,154,52,23,1,1,75,361
Bstan2013,1,360,186,174,12,14,1,1,26,361
jonez450,2,358,297,61,236,40,2,2,276,360
murf6464,2,358,282,76,206,9,2,2,215,360
Xedma,3,357,260,97,163,27,1,3,190,360
RecycledGoodLuck,4,356,266,90,176,0,0,4,176,360
ballsnack,2,358,262,96,166,8,2,2,174,360
Jkbegno,1,359,241,118,123,50,1,1,173,360
bradey10,4,357,254,103,151,7,4,3,158,360
_Jon_,2,358,253,105,148,8,1,2,156,360
supermann423,1,359,222,137,85,45,1,1,130,360
webguru83,1,359,242,117,125,5,1,1,130,360
hippyjump,1,359,190,169,21,17,1,1,38,360
jakedebest,1,358,284,74,210,13,1,1,223,359
rahrness,1,358,284,74,210,13,1,1,223,359
feintdnb,5,355,284,71,213,8,5,4,221,359
N_Word_Joe,1,358,259,99,160,20,1,1,180,359
Roflmoo,3,356,240,116,124,17,1,3,141,359
liahmruest,2,357,207,150,57,56,2,2,113,359
Zyankali,1,358,230,128,102,10,1,1,112,359
skyehigh,1,359,232,127,105,3,1,0,108,359
goinhamkittens,1,358,224,134,90,16,1,1,106,359
SpeedyClackston000,1,358,223,135,88,16,1,1,104,359
FEW_WURDS,4,356,211,145,66,12,3,3,78,359
I922sParkCir,1,357,311,46,265,13,1,1,278,358
Aliensfear,1,357,298,59,239,8,0,1,247,358
boy_boy,1,358,286,72,214,2,1,0,216,358
impablomations,1,357,266,91,175,37,1,1,212,358
misofunny,4,354,275,79,196,13,4,4,209,358
Lostcory,1,357,266,91,175,18,1,1,193,358
blueGOLDeagle,4,354,255,99,156,22,4,4,178,358
_oogle,4,355,243,112,131,34,3,3,165,358
mythx21,2,356,255,101,154,6,2,2,160,358
tcjones54,2,357,252,105,147,8,2,1,155,358
MyNameIs20Characters,2,356,251,105,146,8,2,2,154,358
KrapXela,1,357,248,109,139,9,1,1,148,358
VilliThor,1,358,247,111,136,7,1,0,143,358
Youheartbeth,7,351,236,115,121,9,7,7,130,358
SRelic,1,357,219,138,81,37,1,1,118,358
choochunk,1,358,225,133,92,23,1,0,115,358
Bajalove,1,357,227,130,97,11,1,1,108,358
fadedsun,2,358,219,139,80,26,2,0,106,358
Brownmagic012,2,356,222,134,88,14,2,2,102,358
dickbutt8,1,357,224,133,91,5,1,1,96,358
Frostdigi,2,356,204,152,52,19,2,2,71,358
hulkdaddy13,1,357,210,147,63,2,1,1,65,358
kvasbo,1,357,333,24,309,28,1,0,337,357
dawsonkk,1,356,309,47,262,15,0,1,277,357
turtles155,2,355,305,50,255,8,2,2,263,357
Frothy_Walrus,1,356,293,63,230,29,1,1,259,357
thibbledork,1,356,293,63,230,22,0,1,252,357
Azr79,2,355,294,61,233,14,2,2,247,357
r4w14,1,356,282,74,208,6,1,1,214,357
ThisIsZach,8,349,265,84,181,13,5,8,194,357
reebokpumps,1,356,246,110,136,58,1,1,194,357
pontymython,1,357,265,92,173,11,1,0,184,357
masculinecatfish,2,355,254,101,153,13,2,2,166,357
drunkcowofdeath,1,357,235,122,113,30,1,0,143,357
bickov,3,357,243,114,129,13,3,0,142,357
Scotty2cky,1,356,219,137,82,29,1,1,111,357
RAZORHOLER,2,355,218,137,81,16,2,2,97,357
SergiuNegara,1,356,222,134,88,6,1,1,94,357
blazedassassin,2,355,209,146,63,24,2,2,87,357
pukemaster,1,356,209,147,62,25,1,1,87,357
pseudolobster,4,352,304,48,256,19,4,4,275,356
tylamo,2,354,311,43,268,0,0,2,268,356
AMDSSBB9,1,355,295,60,235,8,0,1,243,356
almost-irish,4,352,289,63,226,6,1,4,232,356
mercilessdownvoter,3,353,278,75,203,13,3,3,216,356
Schmayster,1,355,282,73,209,6,1,1,215,356
wolffml,1,355,274,81,193,16,1,1,209,356
yunotxgirl,1,355,269,86,183,7,1,1,190,356
dv82,2,354,245,109,136,20,2,2,156,356
storms0831,5,352,239,113,126,13,2,4,139,356
xereeto,4,352,233,119,114,24,3,4,138,356
hgriebel,2,354,238,116,122,15,2,2,137,356
bjester,1,356,231,125,106,14,1,0,120,356
MaryjaneBrewington,5,354,220,134,86,14,3,2,100,356
cooose,1,355,197,158,39,23,1,1,62,356
pkbronsonb,2,355,292,63,229,10,1,0,239,355
Blueridgemountainman,1,354,271,83,188,39,0,1,227,355
foreverderpette,4,354,273,81,192,33,1,1,225,355
Oblivion_The_Legend,4,351,274,77,197,10,3,4,207,355
len0re,1,355,276,79,197,6,1,0,203,355
MountingPlatypi,1,354,252,102,150,7,1,1,157,355
redditocratic_usher,1,354,237,117,120,11,0,1,131,355
dailymotion606,1,353,290,63,227,15,1,1,242,354
YLK,1,353,291,62,229,9,1,1,238,354
FalcoonPUUUUNCH,1,353,274,79,195,19,0,1,214,354
filibertogregoroff,2,352,278,74,204,9,1,2,213,354
zzzzop,1,353,271,82,189,5,1,1,194,354
MikeyHatesIt,2,352,265,87,178,11,2,2,189,354
trollingstones,1,354,255,99,156,29,1,0,185,354
fergerger,1,353,254,99,155,17,1,1,172,354
lazylife321,2,352,254,98,156,11,2,2,167,354
bothwaysornoway,1,353,243,110,133,28,1,1,161,354
1d10syncracy,1,353,253,100,153,5,1,1,158,354
Ikanspell,1,353,249,104,145,9,1,1,154,354
Rigord,1,353,241,112,129,20,0,1,149,354
liquiiiid,2,352,231,121,110,28,2,2,138,354
edlolington,1,353,231,122,109,19,1,1,128,354
BadLemur,1,354,226,128,98,26,1,0,124,354
fred_is_nice,2,352,218,134,84,20,2,2,104,354
lionhands,1,354,226,128,98,3,1,0,101,354
wArchi,3,351,212,139,73,27,2,3,100,354
sardonically,1,353,305,48,257,37,1,0,294,353
lizzyhearne,1,352,317,35,282,7,1,1,289,353
Zorrogt,2,352,282,70,212,36,2,1,248,353
sippingonalightbeer,2,351,295,56,239,4,2,2,243,353
viramola,1,352,271,81,190,25,1,1,215,353
IdiotMD,1,352,271,81,190,8,0,1,198,353
trickeryy,1,352,260,92,168,9,1,1,177,353
redditall82,1,352,260,92,168,3,1,1,171,353
triforcegg,1,352,234,118,116,6,1,1,122,353
Nibbed,1,352,226,126,100,3,0,1,103,353
HOORAY_FOR_SARCASM,1,352,214,138,76,18,1,1,94,353
SGSII,1,352,215,137,78,10,1,1,88,353
tamarisk,1,351,322,29,293,13,1,1,306,352
sto0pid,1,351,295,56,239,2,1,1,241,352
NerdyAztec,4,349,275,74,201,35,2,3,236,352
cubik4213,1,351,275,76,199,14,1,1,213,352
yashchand,2,350,265,85,180,12,2,2,192,352
M-23,1,351,256,95,161,26,1,1,187,352
Kailebuh,1,352,269,83,186,0,1,0,186,352
yankeltank,2,351,261,90,171,12,2,1,183,352
I_Will_Insult,1,352,257,95,162,12,1,0,174,352
xyri,1,351,250,101,149,21,1,1,170,352
FUUUMASTER2,4,349,229,120,109,49,2,3,158,352
Cha1R,1,351,223,128,95,61,1,1,156,352
PineappleDildo,3,349,230,119,111,24,2,3,135,352
Sir_Ploops,1,351,232,119,113,15,1,1,128,352
bittor,1,351,230,121,109,13,1,1,122,352
CurbieJenkins,1,351,233,118,115,5,1,1,120,352
mmeliss,1,352,227,125,102,13,1,0,115,352
The14thScorpion,2,350,198,152,46,16,2,2,62,352
xavier267,1,351,197,154,43,10,1,1,53,352
fistpump69,1,350,275,75,200,79,1,1,279,351
ogunduz,1,350,303,47,256,4,0,1,260,351
vroschleiche,1,350,274,76,198,54,0,1,252,351
Alecto17,1,350,297,53,244,7,1,1,251,351
WTFFFFFFF,2,349,284,65,219,24,2,2,243,351
Riemann_Solution,1,350,287,63,224,4,1,1,228,351
sirons,1,350,284,66,218,5,1,1,223,351
Actual5account,1,351,265,86,179,32,1,0,211,351
Count_Choculitis,1,351,243,108,135,68,1,0,203,351
nubbled21,2,350,239,111,128,16,2,1,144,351
Yatterking,1,351,226,125,101,34,1,0,135,351
thrawaya,1,350,231,119,112,5,1,1,117,351
Skuawat,1,351,213,138,75,40,1,0,115,351
andrewjackson5,1,350,216,134,82,28,1,1,110,351
imives,1,350,213,137,76,33,1,1,109,351
Jetpack123,2,349,205,144,61,22,2,2,83,351
rt79w,7,345,205,140,65,17,4,6,82,351
dxmdma,1,351,207,144,63,10,1,0,73,351
legokid201,1,350,188,162,26,35,1,1,61,351
Elkiador,1,349,317,32,285,5,1,1,290,350
Pedreezy90,1,349,282,67,215,44,0,1,259,350
Befreeman,1,349,283,66,217,2,1,1,219,350
tdoublem,2,349,262,87,175,29,2,1,204,350
Hoodstomp36,1,349,268,81,187,13,1,1,200,350
Dahnieel,2,349,260,89,171,17,2,1,188,350
Tmctmctmc,2,349,263,86,177,9,2,1,186,350
bluepen456,2,348,262,86,176,5,2,2,181,350
claytonhulme,5,346,253,93,160,14,1,4,174,350
Alexeruchan,1,349,248,101,147,14,1,1,161,350
TheMeansofProduction,1,350,238,112,126,28,1,0,154,350
Settlefourless,2,348,239,109,130,10,2,2,140,350
UBERthor,1,349,229,120,109,26,1,1,135,350
maxiemusprime,1,350,234,116,118,8,1,0,126,350
amphigory,1,349,231,118,113,12,1,1,125,350
jvenable2893,3,347,228,119,109,9,2,3,118,350
Elie1998,1,349,213,136,77,6,1,1,83,350
todaywasawesome,1,349,212,137,75,2,1,1,77,350
kn0thing,1,348,317,31,286,17,1,1,303,349
bluffingdog,2,348,315,33,282,10,1,1,292,349
Match-Thread-Bot,2,348,313,35,278,6,2,1,284,349
myfault,1,349,292,57,235,10,1,0,245,349
pao_revolt,1,348,284,64,220,21,1,1,241,349
thegentile,1,348,250,98,152,18,1,1,170,349
IAmTheEndOfTheWorld,1,348,243,105,138,26,1,1,164,349
ri99,2,347,237,110,127,31,2,2,158,349
itainteven,1,348,237,111,126,19,1,1,145,349
AClockworkLemon,1,349,239,110,129,11,1,0,140,349
dk_,1,349,236,113,123,11,1,0,134,349
Le_girlfriend11,2,348,230,118,112,20,2,1,132,349
jakesonaplane,1,349,230,119,111,14,1,0,125,349
xtreme33,3,346,214,132,82,21,3,3,103,349
anti_taco,1,349,213,136,77,11,1,0,88,349
OrangeFever,1,348,210,138,72,14,1,1,86,349
OJandToothpaste,1,347,293,54,239,16,0,1,255,348
DirkaMan,1,347,282,65,217,5,1,1,222,348
Estatunaweena,1,347,269,78,191,16,1,1,207,348
blitzkrieg2003,1,347,272,75,197,5,1,1,202,348
EightDickedWalrus,1,347,261,86,175,10,1,1,185,348
johnted1,1,347,245,102,143,8,1,1,151,348
jimjim91,1,347,227,120,107,39,1,1,146,348
shitwhistle82,3,346,222,124,98,21,3,2,119,348
kroch,2,346,223,123,100,12,2,2,112,348
Sleazzo,1,347,217,130,87,3,1,1,90,348
myhairsmellsgood,1,347,193,154,39,9,1,1,48,348
omiclops,2,345,307,38,269,57,2,2,326,347
FDL1,1,346,290,56,234,41,1,1,275,347
Otto_Express,1,347,302,45,257,12,1,0,269,347
benjamari214,2,346,298,48,250,7,2,1,257,347
ilovetrexarms,1,347,288,59,229,18,1,0,247,347
HawaiianPig,1,347,273,74,199,38,1,0,237,347
myeverymovment,2,346,280,66,214,12,1,1,226,347
fingertrollin,1,346,271,75,196,21,1,1,217,347
Xyon81,1,346,278,68,210,5,1,1,215,347
Xanthu,1,346,259,87,172,26,1,1,198,347
Lenzor22,1,346,263,83,180,13,1,1,193,347
samuelpalmer123,3,344,245,99,146,46,2,3,192,347
dastan_n,1,346,262,84,178,6,1,1,184,347
LesEnfantsTerribles,5,342,245,97,148,33,4,5,181,347
LeSandwiich,2,345,255,90,165,13,2,2,178,347
voidwell,1,346,255,91,164,8,1,1,172,347
Creepwood,1,347,255,92,163,8,1,0,171,347
NulloK,7,341,230,111,119,30,7,6,149,347
bloobubba,1,346,244,102,142,6,0,1,148,347
tan-g,1,347,236,111,125,18,1,0,143,347
Riku2k12,1,346,185,161,24,93,1,1,117,347
KingCat4025,1,346,223,123,100,6,1,1,106,347
stumpy96,1,345,312,33,279,26,1,1,305,346
shpoople,1,345,305,40,265,27,1,1,292,346
nicousa,1,345,298,47,251,7,1,1,258,346
savemore2,3,343,287,56,231,8,3,3,239,346
Maynard854,1,345,290,55,235,3,1,1,238,346
florencemorph,1,345,280,65,215,14,1,1,229,346
chaotic33,1,345,276,69,207,10,0,1,217,346
Jame-Jame,1,345,271,74,197,5,1,1,202,346
adhvyth,8,338,247,91,156,17,7,8,173,346
BearsAndShit,2,344,241,103,138,29,2,2,167,346
slatterboy,2,344,246,98,148,6,2,2,154,346
NdonkeykongSuh,1,345,245,100,145,3,1,1,148,346
maxco2009,2,344,221,123,98,29,2,2,127,346
fr0ng,1,346,211,135,76,31,1,0,107,346
ThatOneArtKid,1,344,282,62,220,38,1,1,258,345
kivahut,1,344,281,63,218,16,1,1,234,345
trexmoflex,1,344,283,61,222,9,0,1,231,345
brianandvictorshow,1,344,282,62,220,4,1,1,224,345
Strong__Belwas,1,344,276,68,208,16,1,1,224,345
bmth310,1,344,272,72,200,9,1,1,209,345
nooblet1234,1,344,268,76,192,17,0,1,209,345
e_a_r,1,344,267,77,190,4,1,1,194,345
mequals1m1w,3,343,255,88,167,14,3,2,181,345
eniotan,1,344,253,91,162,19,1,1,181,345
titofrito,1,344,250,94,156,6,1,1,162,345
AerisGainsborough,12,333,231,102,129,23,8,12,152,345
i_like_kittens,1,344,232,112,120,21,1,1,141,345
jknets,1,344,231,113,118,13,1,1,131,345
jamesparker11,9,336,206,130,76,18,7,9,94,345
Ldershy,2,342,283,59,224,5,2,2,229,344
shtoobins,1,343,278,65,213,15,1,1,228,344
Bearino1014,1,343,274,69,205,8,1,1,213,344
Shadowclaw,1,343,264,79,185,7,1,1,192,344
sambalchuck,1,343,253,90,163,14,1,1,177,344
brianzor,1,343,236,107,129,9,1,1,138,344
knightskull,1,344,224,120,104,23,1,0,127,344
Ekiph,1,343,223,120,103,21,1,1,124,344
somethingnotclever,2,343,213,130,83,9,2,1,92,344
JfreakingR,1,342,283,59,224,89,1,1,313,343
okec,1,342,239,103,136,136,1,1,272,343
TheJokster,1,342,293,49,244,10,1,1,254,343
Tyler_1131,1,342,272,70,202,12,0,1,214,343
Blakplague,1,342,272,70,202,7,1,1,209,343
mundusvultdecipi,1,342,249,93,156,46,1,1,202,343
Hannahbuttz,1,342,262,80,182,17,1,1,199,343
lwall2426,2,341,260,81,179,8,1,2,187,343
tbrock52,1,342,257,85,172,11,0,1,183,343
TheVoiceOfMom,1,342,243,99,144,35,1,1,179,343
Raswelsta,2,341,253,88,165,7,1,2,172,343
Crummypants9,1,342,238,104,134,14,1,1,148,343
TheGamblers,1,342,193,149,44,30,1,1,74,343
dal98,2,341,193,148,45,15,1,2,60,343
Card_Captor_Sakura,2,341,185,156,29,21,2,2,50,343
brohamma,1,341,266,75,191,13,1,1,204,342
jakethesnake_,1,341,265,76,189,6,1,1,195,342
RageRedditor3,3,340,255,85,170,20,3,2,190,342
DefinitelyShaking,1,341,252,89,163,17,0,1,180,342
mtrieb,1,342,210,132,78,97,1,0,175,342
GotYourBackJack,2,341,229,112,117,49,2,1,166,342
spankr,2,340,247,93,154,9,2,2,163,342
cmdrtebok,2,340,219,121,98,18,2,2,116,342
Maxxum5x,2,341,219,122,97,11,2,1,108,342
AlwaysPineapple,1,340,292,48,244,11,0,1,255,341
k1vimaki,1,340,282,58,224,5,1,1,229,341
alstar,2,339,261,78,183,41,2,2,224,341
SSChicken,1,340,266,74,192,14,1,1,206,341
Pinkfloyd09,2,339,262,77,185,20,2,2,205,341
psikeiro,1,340,242,98,144,34,1,1,178,341
Bennylava220,1,340,254,86,168,4,1,1,172,341
CloudKoopa,1,340,240,100,140,20,1,1,160,341
DarkOdeus,3,338,234,104,130,9,3,3,139,341
sandro_bit,3,338,222,116,106,25,2,3,131,341
humblerodent,2,340,200,140,60,52,2,1,112,341
Haelah,1,340,220,120,100,11,1,1,111,341
Trimbor124,1,339,295,44,251,103,1,1,354,340
seerzh87,3,337,313,24,289,14,1,3,303,340
tkltangent,1,339,294,45,249,18,1,1,267,340
flairstar8,1,339,291,48,243,6,1,1,249,340
nimik,2,340,282,58,224,23,2,0,247,340
TwoChe,1,339,283,56,227,20,0,1,247,340
JockoOne,1,339,282,57,225,14,1,1,239,340
LaoKidcR,2,339,285,54,231,4,2,1,235,340
bhollander,1,339,278,61,217,12,1,1,229,340
ffsidonotonlylurk,1,339,273,66,207,14,1,1,221,340
rayphite,1,339,258,81,177,10,1,1,187,340
kdial1,1,339,253,86,167,10,1,1,177,340
JimmyTango,6,334,248,86,162,6,6,6,168,340
iloldatkelly,2,338,229,109,120,16,1,2,136,340
apextek,3,338,212,126,86,22,3,2,108,340
PeskyCanadian,1,339,217,122,95,11,1,1,106,340
elscorcho42,1,340,212,128,84,12,1,0,96,340
nick908,1,339,207,132,75,15,1,1,90,340
raptorraptor,1,339,206,133,73,12,1,1,85,340
Jester0203,1,339,200,139,61,16,1,1,77,340
drawnincircles,1,338,307,31,276,21,1,1,297,339
ValuableDan,1,338,258,80,178,110,0,1,288,339
AnxationOfPuertoRico,1,339,278,61,217,22,1,0,239,339
m3rkvry,1,338,274,64,210,11,1,1,221,339
K1LL3R151,2,338,260,78,182,34,0,1,216,339
horse_you_rode_in_on,1,339,253,86,167,13,1,0,180,339
iHeartCoolStuff,3,337,240,97,143,27,3,2,170,339
pasis,1,338,237,101,136,25,1,1,161,339
MuffinMun,1,338,244,94,150,7,1,1,157,339
slurmsMc,1,339,235,104,131,20,1,0,151,339
MrBrown89,2,337,238,99,139,9,2,2,148,339
stacksdad,1,338,235,103,132,4,1,1,136,339
Barfo85,1,338,220,118,102,15,1,1,117,339
ToonToon09,2,338,214,124,90,17,2,1,107,339
bumpercarBOOST,1,339,215,124,91,13,1,0,104,339
abp1000,1,338,205,133,72,12,1,1,84,339
sakaionrye,1,337,302,35,267,28,0,1,295,338
jclarkfree,3,335,279,56,223,38,2,3,261,338
vr123,1,337,272,65,207,32,1,1,239,338
dont_touch_mybhole,1,337,283,54,229,4,1,1,233,338
bunks721,1,337,265,72,193,29,0,1,222,338
SecularScience,1,338,261,77,184,36,1,0,220,338
beast024,2,336,253,83,170,11,2,2,181,338
rtaylo,2,337,244,93,151,17,2,1,168,338
TheTsel,4,335,250,85,165,2,4,3,167,338
brasilboy,1,337,245,92,153,4,1,1,157,338
RosKo5,1,338,242,96,146,9,1,0,155,338
ecurb224,4,334,231,103,128,17,3,4,145,338
mfshake,2,338,229,109,120,13,1,0,133,338
zebralady18,1,337,229,108,121,7,1,1,128,338
Dream_the_Unpossible,1,337,217,120,97,11,1,1,108,338
mjdankenstein,1,338,217,121,96,11,1,0,107,338
Deathmask97,1,337,213,124,89,17,1,1,106,338
PeppermintLNNS,1,338,206,132,74,13,1,0,87,338
betelgeux,1,337,202,135,67,17,1,1,84,338
turbocakw,1,337,203,134,69,11,1,1,80,338
who_took_my_cookies,1,337,193,144,49,12,1,1,61,338
ancientworldnow,1,336,287,49,238,36,0,1,274,337
D9HP,4,334,283,51,232,16,4,3,248,337
BehindtheCamera,2,336,279,57,222,8,2,1,230,337
Bobsa10,1,336,268,68,200,19,1,1,219,337
edle67b,1,336,267,69,198,6,1,1,204,337
duderock,3,334,256,78,178,15,3,3,193,337
otiscancrum,2,335,247,88,159,28,2,2,187,337
grizz311,1,336,246,90,156,21,1,1,177,337
needuhLee,1,336,250,86,164,6,1,1,170,337
icedune21,1,337,241,96,145,20,1,0,165,337
illpickanicklater,1,336,241,95,146,16,1,1,162,337
DeliciousDave,2,336,241,95,146,15,1,1,161,337
BiloxiParish,1,336,237,99,138,6,1,1,144,337
nukalurk,2,335,235,100,135,8,1,2,143,337
zwcbz,2,335,229,106,123,12,2,2,135,337
CheetoFingers,1,336,222,114,108,18,1,1,126,337
koconn123,2,336,219,117,102,16,2,1,118,337
simmelish,1,336,224,112,112,6,1,1,118,337
ChernobylSlim,1,336,214,122,92,13,1,1,105,337
DelusionalZ,1,336,196,140,56,15,1,1,71,337
plustwoagainsttrolls,1,335,281,54,227,12,0,1,239,336
minibeardeath,1,335,261,74,187,51,1,1,238,336
senordangles,1,335,282,53,229,4,1,1,233,336
budgie93,1,335,267,68,199,32,0,1,231,336
GlassCutters,3,334,258,76,182,16,3,2,198,336
thisday23,1,335,261,74,187,11,1,1,198,336
Apok34,2,334,262,72,190,7,2,2,197,336
DOUDNIKOV,1,335,254,81,173,16,1,1,189,336
sjhill,1,335,259,76,183,0,1,1,183,336
WalrusMaximus,1,336,253,83,170,10,1,0,180,336
honkadoodledoo,1,335,254,81,173,4,1,1,177,336
kevsta322,4,332,243,89,154,8,3,4,162,336
Herculeman,3,333,237,96,141,18,3,3,159,336
MaBay,1,335,246,89,157,0,0,1,157,336
alk509,1,335,239,96,143,10,1,1,153,336
is300_trd,1,335,238,97,141,7,1,1,148,336
Crumbeness,2,334,233,101,132,7,2,2,139,336
JewBerryPie,4,332,225,107,118,15,4,4,133,336
doublescreeningftw,1,335,227,108,119,12,1,1,131,336
punkmasta,1,335,225,110,115,15,1,1,130,336
grouperfish,3,334,218,116,102,25,2,2,127,336
thebringer84,1,335,210,125,85,14,1,1,99,336
Gaston44,1,335,212,123,89,6,1,1,95,336
satscholar,2,334,196,138,58,16,2,2,74,336
Kofdez,1,335,193,142,51,14,1,1,65,336
Wildcard1222,4,331,266,65,201,30,2,4,231,335
Siron,1,334,240,94,146,84,1,1,230,335
giovannivulpi,2,334,278,56,222,4,2,1,226,335
casual_geek,1,335,251,84,167,31,1,0,198,335
intark,1,334,260,74,186,7,1,1,193,335
DeathByMuffins,1,334,257,77,180,9,1,1,189,335
meean,1,334,249,85,164,11,1,1,175,335
l3un1t,2,333,239,94,145,28,2,2,173,335
waterwater87,1,334,246,88,158,4,1,1,162,335
Ruwn,1,334,231,103,128,22,1,1,150,335
fpsb0b306,1,334,228,106,122,13,1,1,135,335
Monzilla,1,334,231,103,128,4,1,1,132,335
ChrizzyAl,5,331,202,129,73,27,5,4,100,335
fidelity,1,335,186,149,37,23,1,0,60,335
MarsTheGodofWar,1,334,305,29,276,20,1,0,296,334
DeemSleep,2,332,221,111,110,123,1,2,233,334
frusc11,1,333,270,63,207,9,0,1,216,334
hsn407,3,331,269,62,207,7,3,3,214,334
Davethesharkman,2,333,259,74,185,22,1,1,207,334
nopascalouma,1,333,245,88,157,34,1,1,191,334
konedawg,1,334,245,89,156,5,1,0,161,334
BrewtalA7X,1,333,228,105,123,15,1,1,138,334
coldcuts,1,333,227,106,121,11,0,1,132,334
Origin4lContentOnly,2,332,223,109,114,15,1,2,129,334
kuyapj,1,334,219,115,104,20,1,0,124,334
R4diohead,1,333,222,111,111,9,1,1,120,334
comeatmebrah45,1,333,209,124,85,28,0,1,113,334
machetebrownsugar69,3,331,211,120,91,5,3,3,96,334
Gael78II,1,333,296,37,259,6,1,0,265,333
chr15to,1,333,287,46,241,10,1,0,251,333
Supremeginger,1,332,277,55,222,21,1,1,243,333
junek666,1,332,251,81,170,5,1,1,175,333
cens337,1,332,241,91,150,20,1,1,170,333
KRX61,3,330,234,96,138,26,3,3,164,333
TouchMeGently,1,332,231,101,130,18,1,1,148,333
shazper,2,331,229,102,127,12,2,2,139,333
Pataracksbeard,1,332,228,104,124,9,1,1,133,333
marks-a-lot,1,333,209,124,85,21,1,0,106,333
NineteenEightyTwo,1,332,189,143,46,24,1,1,70,333
schnp,1,331,301,30,271,13,1,1,284,332
JoeTheDolfan,2,330,290,40,250,24,2,2,274,332
psyduckface,1,331,270,61,209,10,1,1,219,332
leviathan713,1,331,268,63,205,3,1,1,208,332
sativaslz669,2,330,261,69,192,6,2,2,198,332
Gingergerms,1,331,245,86,159,39,1,1,198,332
french-horn,1,331,250,81,169,17,1,1,186,332
charbok,3,329,249,80,169,9,3,3,178,332
bitcheslovehistory,1,331,248,83,165,12,1,1,177,332
trollcatmeow69,1,331,235,96,139,32,1,1,171,332
runningtowin,2,330,223,107,116,39,2,2,155,332
Westonnn,1,332,237,95,142,12,1,0,154,332
allthecoffee,3,329,239,90,149,4,2,3,153,332
reckonerX,1,331,238,93,145,8,1,1,153,332
Torus2112,1,331,238,93,145,8,1,1,153,332
Shane_the_P,2,330,231,99,132,16,2,2,148,332
ireadallthecomments,1,331,220,111,109,25,0,1,134,332
FishingMagician,1,331,226,105,121,10,1,1,131,332
lgmjon64,2,331,214,117,97,28,2,1,125,332
chelseatorres,2,330,219,111,108,13,2,2,121,332
Donkenoji,2,330,212,118,94,25,2,2,119,332
vitto2point0,1,331,198,133,65,39,1,1,104,332
whimsicalsteve,1,331,202,129,73,24,1,1,97,332
SamEdge,4,327,298,29,269,8,3,4,277,331
HelloDexterMorgan,1,330,297,33,264,12,0,1,276,331
soastid,1,331,264,67,197,25,1,0,222,331
pineappleawesomness,1,330,268,62,206,16,0,1,222,331
NotACamel,1,330,273,57,216,5,1,1,221,331
Kylde,2,329,257,72,185,22,2,2,207,331
nojo20,1,330,257,73,184,2,1,1,186,331
_severin,1,330,252,78,174,9,1,1,183,331
scdozer435,1,330,223,107,116,67,1,1,183,331
cameragirlsp,1,331,251,80,171,6,1,0,177,331
kcwalden,2,329,246,83,163,12,2,2,175,331
GoSky,1,330,240,90,150,12,1,1,162,331
Jkson,1,330,239,91,148,7,1,1,155,331
Deericious,2,330,234,96,138,14,1,1,152,331
LazyBurnbaby,2,329,237,92,145,6,2,2,151,331
MeGustaOVER9000,4,327,236,91,145,3,3,4,148,331
localmotionnj,3,328,220,108,112,11,2,3,123,331
pefyeah,3,330,214,116,98,22,3,1,120,331
brickforbrains,1,330,214,116,98,22,1,1,120,331
Mallack,2,330,208,122,86,16,2,1,102,331
BadInfluenceFriend,1,330,201,129,72,19,1,1,91,331
BabiesLettuceTomato,1,330,283,47,236,37,1,0,273,330
brianmarion,1,330,283,47,236,26,1,0,262,330
Mazzyko,1,329,277,52,225,3,1,1,228,330
theonlyginger57,1,329,271,58,213,4,1,1,217,330
rScarlet,1,329,255,74,181,21,1,1,202,330
70000,4,326,254,72,182,15,2,4,197,330
roflsaurus22,1,329,257,72,185,8,1,1,193,330
KomradDimitri,3,327,249,78,171,10,2,3,181,330
mclane_94,1,329,250,79,171,6,1,1,177,330
Atraxia,2,328,244,84,160,8,2,2,168,330
Statussilver,2,328,237,91,146,20,2,2,166,330
egohavoc,2,329,238,91,147,17,1,1,164,330
Iprocrastinatedeath,3,327,194,133,61,99,3,3,160,330
Llamatoe212,1,329,231,98,133,20,1,1,153,330
_Reign_,3,327,229,98,131,12,3,3,143,330
JoakoLC,3,327,229,98,131,6,3,3,137,330
Aderakun,1,329,221,108,113,22,1,1,135,330
Hipser,1,330,212,118,94,27,1,0,121,330
popson,1,330,223,107,116,2,1,0,118,330
Joshx5,1,329,213,116,97,7,1,1,104,330
tomparker,1,330,205,125,80,20,1,0,100,330
downtotheground,1,329,206,123,83,7,1,1,90,330
thebendavis,1,330,198,132,66,5,1,0,71,330
Jawalo2k,1,328,273,55,218,56,1,1,274,329
Mugatu725,2,327,293,34,259,5,2,2,264,329
ZaneMasterX,1,328,289,39,250,13,1,1,263,329
MT85,1,328,280,48,232,24,1,1,256,329
AlmaWade,2,327,274,53,221,14,1,2,235,329
Cahill06,1,328,249,79,170,20,1,1,190,329
Jackim,2,328,250,78,172,4,2,1,176,329
goldjerrygold,1,328,234,94,140,24,1,1,164,329
NotJordy,1,328,237,91,146,4,1,1,150,329
cwpeck,1,328,222,106,116,8,1,1,124,329
LucDudeBro,1,329,188,141,47,9,1,0,56,329
All_the_rage,3,325,262,63,199,28,3,3,227,328
pass_sky,1,327,272,55,217,8,1,1,225,328
Pandas_Are_Tasty,1,327,259,68,191,15,1,1,206,328
SwiftlyPure,2,326,250,76,174,16,1,2,190,328
Colin5789,1,327,243,84,159,28,1,1,187,328
tangodownbaby,3,326,242,84,158,13,3,2,171,328
DrascaL,2,327,238,89,149,7,2,1,156,328
reckl3ss,3,326,224,102,122,29,3,2,151,328
rikAtee,1,328,223,105,118,7,1,0,125,328
wsmithe,3,326,210,116,94,30,3,2,124,328
Can_Confirm_This,1,327,215,112,103,15,1,1,118,328
kev114,1,327,214,113,101,7,1,1,108,328
Noel3,1,328,189,139,50,33,1,0,83,328
nova_soledad,1,328,197,131,66,10,1,0,76,328
ThePeoplesMagikarp,1,328,191,137,54,16,1,0,70,328
Kurihara225,1,326,275,51,224,20,0,1,244,327
Mrflyingtiger,1,326,282,44,238,5,1,1,243,327
TarikIso,3,324,272,52,220,12,0,3,232,327
wassamattau,6,323,244,79,165,33,5,4,198,327
BBS-,2,325,247,78,169,24,1,2,193,327
tazz131,1,326,239,87,152,23,1,1,175,327
yogiscott,1,326,227,99,128,11,1,1,139,327
cornfedbeef,1,326,219,107,112,18,1,1,130,327
SP4C3GH0ST,1,327,221,106,115,5,1,0,120,327
fmf_hm,1,327,217,110,107,8,1,0,115,327
makerofrages,2,325,213,112,101,9,2,2,110,327
yipperoo,2,325,206,119,87,20,2,2,107,327
EpicPotatoChip,1,326,212,114,98,8,1,1,106,327
globalvariable,1,326,213,113,100,5,1,1,105,327
I_Repost_Things_LOL,1,326,178,148,30,12,1,1,42,327
Drake_Tungsten,2,324,281,43,238,25,2,2,263,326
x2lt,2,324,242,82,160,69,2,2,229,326
All_the_Hits,3,323,234,89,145,27,2,3,172,326
figueroabrazil,1,325,223,102,121,40,1,1,161,326
TripleT,1,325,238,87,151,10,1,1,161,326
centopus,1,325,235,90,145,6,1,1,151,326
Danna_MP,1,325,216,109,107,43,1,1,150,326
mrcool256,1,326,231,95,136,11,1,0,147,326
zeusisbuddha,1,325,221,104,117,20,1,1,137,326
DRemich,2,324,222,102,120,9,2,2,129,326
srd-bot_mirror-bot,2,324,203,121,82,36,1,2,118,326
fredrickragg,2,324,214,110,104,9,0,2,113,326
b_rey,1,326,217,109,108,4,1,0,112,326
mrretep,1,325,202,123,79,19,1,1,98,326
illeatyourheart,1,324,309,15,294,7,1,1,301,325
voter790,1,324,275,49,226,8,1,1,234,325
h456h,1,324,275,49,226,7,1,1,233,325
Clapyourhandssayyeah,2,323,253,70,183,32,2,2,215,325
Subaru92,2,323,260,63,197,12,2,2,209,325
sunny9000,1,324,258,66,192,6,1,1,198,325
CanuJ4cketoffplz,2,323,250,73,177,13,2,2,190,325
JmeHatesYou,1,324,233,91,142,28,1,1,170,325
s41n7,1,324,244,80,164,6,1,1,170,325
srichards88,1,324,243,81,162,2,1,1,164,325
ClosetPanda,1,325,240,85,155,0,1,0,155,325
bsrg,1,324,230,94,136,16,1,1,152,325
yakuza_azl,2,323,212,111,101,23,2,2,124,325
unplayed,2,323,213,110,103,14,1,2,117,325
Sir_Herp_of_Derpalot,1,324,199,125,74,37,1,1,111,325
DavisBertanis,1,324,212,112,100,7,1,1,107,325
Richeyar,2,324,183,141,42,39,2,1,81,325
repostception,11,324,163,161,2,20,0,1,22,325
eskate488,1,323,308,15,293,26,0,1,319,324
5643YeeeaaahRight,1,323,299,24,275,12,1,1,287,324
Dwolfwood,2,323,277,46,231,15,2,1,246,324
cab23lol,1,323,277,46,231,13,1,1,244,324
MEHComputer,1,323,266,57,209,18,1,1,227,324
warthog100,2,322,252,70,182,44,1,2,226,324
natalya99,1,323,259,64,195,30,1,1,225,324
ninjaslug,2,322,267,55,212,9,2,2,221,324
DeaconSage,1,324,268,56,212,9,1,0,221,324
Morphenomenal,1,323,234,89,145,49,1,1,194,324
MJ23157,5,320,247,73,174,18,2,4,192,324
pawnthesword,1,323,243,80,163,19,1,1,182,324
atl_nights,1,323,243,80,163,16,1,1,179,324
Foderton,1,324,242,82,160,18,1,0,178,324
Minifig81,4,320,238,82,156,19,4,4,175,324
Larbohell,1,323,241,82,159,12,1,1,171,324
KariasMike,2,322,238,84,154,6,1,2,160,324
Cam0201,7,319,229,90,139,11,5,5,150,324
CatsAreLife,1,323,215,108,107,25,1,1,132,324
4_5_still_alive,2,323,222,101,121,6,2,1,127,324
mrbill_14,1,323,222,101,121,5,1,1,126,324
Gilrix,2,322,178,144,34,9,2,2,43,324
Mazzygos,1,322,289,33,256,3,1,1,259,323
KillaKiwi,1,323,277,46,231,8,1,0,239,323
virgin_thx_2_reddit,4,320,265,55,210,13,4,3,223,323
GBHsl,3,322,250,72,178,27,3,1,205,323
yummycello,2,321,250,71,179,24,2,2,203,323
balle-balle,2,321,236,85,151,47,2,2,198,323
coonster,1,322,254,68,186,12,1,1,198,323
Imabug,1,322,256,66,190,6,1,1,196,323
BrodoFagginz,2,323,249,74,175,18,1,0,193,323
SteamApunk,1,322,250,72,178,9,1,1,187,323
HairyRainDrop,4,320,242,78,164,16,2,3,180,323
dave-a-sarus,2,321,243,78,165,11,2,2,176,323
thelias,2,321,243,78,165,8,2,2,173,323
tngpnchfrtbx,2,322,238,84,154,14,2,1,168,323
UpsideButNotDown,3,320,236,84,152,12,3,3,164,323
happyc08,1,322,233,89,144,9,1,1,153,323
Nickeless,1,322,222,100,122,27,1,1,149,323
scaredofshaka,1,322,210,112,98,29,1,1,127,323
Pedro471,1,322,214,108,106,19,1,1,125,323
TheAristocrat0,1,323,206,117,89,14,1,0,103,323
cwrobinson,1,322,196,126,70,12,1,1,82,323
QuadraticProbe,1,322,294,28,266,144,1,0,410,322
homewrddeer,1,321,270,51,219,25,1,1,244,322
jhoff23,1,322,258,64,194,15,1,0,209,322
Widdrat,1,321,261,60,201,6,1,1,207,322
kevinandre,4,318,250,68,182,12,0,4,194,322
BayronDotOrg,1,321,241,80,161,20,1,1,181,322
NeedsRiotJuice,1,321,243,78,165,3,1,1,168,322
Lootsweeper,2,320,236,84,152,15,1,2,167,322
hanbinator,1,321,220,101,119,47,1,1,166,322
pyr0man99,2,320,230,90,140,22,2,2,162,322
hereiamstuck,6,316,226,90,136,12,5,6,148,322
Glarznak,2,320,216,104,112,24,2,2,136,322
DeweyFat,2,320,219,101,118,12,2,2,130,322
Conveyy,2,320,212,108,104,15,2,2,119,322
shwonk,1,321,215,106,109,9,1,1,118,322
Daprotagonist,1,321,206,115,91,5,1,1,96,322
fatalconfidence,2,320,199,121,78,12,2,2,90,322
lutefartlek,1,320,271,49,222,27,0,1,249,321
andreal,1,320,272,48,224,6,1,1,230,321
libervore,1,320,268,52,216,7,1,1,223,321
Stonecutter,1,320,260,60,200,12,1,1,212,321
cndklassic,1,320,263,57,206,3,1,1,209,321
SkuxxDeluxx,2,319,249,70,179,6,2,2,185,321
xxihostile,4,317,235,82,153,20,4,4,173,321
Hombre93,1,320,244,76,168,5,1,1,173,321
inmatarian,1,320,243,77,166,7,1,1,173,321
gfgmalty,1,320,241,79,162,10,1,1,172,321
VanityisFaux,2,319,240,79,161,9,2,2,170,321
RecklessRendering,1,320,230,90,140,9,1,1,149,321
choff97,2,319,223,96,127,21,1,2,148,321
Sheamus328,2,319,173,146,27,24,2,2,51,321
mordocai058,1,319,267,52,215,35,1,1,250,320
Davydog1313,2,320,282,38,244,5,1,0,249,320
rayagun19,1,319,265,54,211,12,1,1,223,320
Harrisonator,4,316,259,57,202,12,2,4,214,320
arichardsony,5,315,257,58,199,9,2,5,208,320
kezzaNZ,1,320,187,133,54,125,1,0,179,320
littlenicky174,1,319,241,78,163,11,1,1,174,320
lolz69lol,1,319,240,79,161,8,1,1,169,320
HandleMyBear,1,319,233,86,147,8,1,1,155,320
Aesthetical,1,319,231,88,143,9,1,1,152,320
nikki2502,4,316,223,93,130,11,3,4,141,320
Null-0,2,320,202,118,84,56,2,0,140,320
samx3i,2,318,227,91,136,4,2,2,140,320
Geronimo98,2,318,208,110,98,32,2,2,130,320
silencesc,1,319,215,104,111,16,1,1,127,320
muchadoaboutyourmom,1,319,200,119,81,18,1,1,99,320
Vintageshake,1,319,201,118,83,16,1,1,99,320
CUB4N,6,315,192,123,69,14,4,5,83,320
jdutra,1,320,189,131,58,20,1,0,78,320
EightTh,1,320,191,129,62,9,1,0,71,320
t3harvinator,1,319,180,139,41,22,1,1,63,320
rebeldefector,2,317,279,38,241,18,2,2,259,319
Beast1337,1,318,274,44,230,14,0,1,244,319
Nikkilak,2,318,250,68,182,17,1,1,199,319
AssBandicoot,1,318,247,71,176,12,1,1,188,319
GRFatman,3,316,222,94,128,31,3,3,159,319
juicygrapefruit,1,318,232,86,146,11,1,1,157,319
silverblade12345,1,319,212,107,105,32,1,0,137,319
carrotjuice987,1,318,221,97,124,6,1,1,130,319
Manderie,1,318,205,113,92,10,1,1,102,319
Igglyboo,1,318,205,113,92,4,1,1,96,319
Hot_Sacks,2,318,195,123,72,22,1,1,94,319
sugarflower,1,318,251,67,184,37,1,0,221,318
gatorepollo,1,317,248,69,179,22,1,1,201,318
Redbeard_the_Third,1,317,236,81,155,25,1,1,180,318
Liiland,1,317,233,84,149,19,1,1,168,318
steve0suprem0,1,317,226,91,135,17,1,1,152,318
juxley,1,317,222,95,127,22,1,1,149,318
Khatog,1,317,229,88,141,3,1,1,144,318
Spongebobzz,1,317,225,92,133,6,1,1,139,318
RemmSevren,1,318,210,108,102,20,1,0,122,318
Rude_Canadian,1,317,201,116,85,17,1,1,102,318
arian487,2,316,190,126,64,37,2,2,101,318
imeanitdoods,1,317,163,154,9,24,1,1,33,318
greekDude,1,317,170,147,23,3,1,1,26,318
PoisonForKuzco,1,317,293,24,269,13,1,0,282,317
captain_pineapples,1,316,288,28,260,7,1,1,267,317
DerBarden,1,316,261,55,206,10,1,1,216,317
Illecebrous-Pundit,1,316,266,50,216,0,1,1,216,317
somerandomguy255,1,316,261,55,206,8,1,1,214,317
scuzzler,1,317,257,60,197,2,1,0,199,317
p4lm4r,2,315,251,64,187,11,2,2,198,317
slippers_92,1,316,255,61,194,2,1,1,196,317
Clayblud,1,316,250,66,184,7,1,1,191,317
byGriim,1,316,238,78,160,16,1,1,176,317
Redskies1862,1,316,243,73,170,4,1,1,174,317
iadtyjwu,2,315,234,81,153,19,2,2,172,317
Qizo,1,316,239,77,162,7,1,1,169,317
ZMush,6,312,223,89,134,24,6,5,158,317
nickrage,1,316,222,94,128,21,1,1,149,317
Introcity,2,315,229,86,143,3,2,2,146,317
DisgruntledPorcupine,2,315,219,96,123,21,2,2,144,317
gevlah,1,316,222,94,128,9,1,1,137,317
noerz,2,316,218,98,120,11,2,1,131,317
Vramel,2,316,197,119,78,36,2,1,114,317
tpence1991,1,317,206,111,95,4,1,0,99,317
AeroNotix,1,317,188,129,59,11,1,0,70,317
thisproductcancause,3,315,260,55,205,9,2,1,214,316
Tankertobe,5,312,247,65,182,22,5,4,204,316
Volcano_GOD,1,315,248,67,181,18,1,1,199,316
gbmeg,1,315,250,65,185,5,1,1,190,316
RecursiveInfinity,4,312,222,90,132,49,2,4,181,316
fattsoo,1,316,242,74,168,10,1,0,178,316
Dr_B_S_PhD,1,315,230,85,145,18,1,1,163,316
Bioluminesce,4,312,221,91,130,32,3,4,162,316
Bodofagod,2,315,214,101,113,28,2,1,141,316
Jgabz,2,314,216,98,118,22,2,2,140,316
OrderFromSnakes,1,316,207,109,98,30,1,0,128,316
shazam432,7,309,204,105,99,25,5,7,124,316
DeliciousMoments,1,316,193,123,70,18,1,0,88,316
Ltsmash99,1,316,185,131,54,22,1,0,76,316
nartdk,1,315,185,130,55,11,1,1,66,316
BoldTitan,1,314,255,59,196,43,1,1,239,315
robrobrobro,1,314,264,50,214,21,1,1,235,315
WhyNoKinTheFu,1,315,258,57,201,8,0,0,209,315
blardy,1,314,256,58,198,4,1,1,202,315
DJ_Hipfrotize,1,314,250,64,186,13,1,1,199,315
mrlanious,1,314,245,69,176,18,1,1,194,315
hongkongdryclean,1,314,249,65,184,5,1,1,189,315
awesomelyishusername,1,314,243,71,172,14,1,1,186,315
xylex,3,313,234,79,155,22,3,2,177,315
Pete_papp,1,314,241,73,168,9,1,1,177,315
DrHair,2,313,220,93,127,41,1,2,168,315
promek,1,314,224,90,134,23,1,1,157,315
merica_f_yeah,1,314,225,89,136,17,1,1,153,315
nyarr,1,314,227,87,140,10,1,1,150,315
Blurr,2,313,210,103,107,37,2,2,144,315
Mustelover,2,314,213,101,112,30,2,1,142,315
campfire,1,315,221,94,127,9,1,0,136,315
gerbalfetus1667,2,314,190,124,66,66,2,1,132,315
Simplicitys,1,314,216,98,118,10,1,1,128,315
Reverend_Megaton,1,314,213,101,112,0,1,1,112,315
Peteycee,2,313,197,116,81,18,2,2,99,315
noah2962,12,305,137,168,-31,30,6,10,-1,315
lagerithm,1,313,263,50,213,14,1,1,227,314
Inkyhat,1,313,261,52,209,9,1,1,218,314
JoeyBoloney,1,313,252,61,191,25,1,1,216,314
hicks53081,1,313,254,59,195,16,1,1,211,314
TheScarfBastard,3,311,247,64,183,21,2,3,204,314
Nudist-On-Strike,1,313,258,55,203,0,1,1,203,314
Mteverst,2,312,251,61,190,10,1,2,200,314
Kimberly_Pine,1,313,248,65,183,4,1,1,187,314
bigmosk56,1,314,240,74,166,8,1,0,174,314
2legit2acquit,1,313,233,80,153,8,1,1,161,314
HanSteeZ,1,313,227,86,141,19,1,1,160,314
mikalshorti,9,308,218,90,128,28,3,6,156,314
high_and_dry,1,313,223,90,133,12,1,1,145,314
thehonestdad,1,313,213,100,113,19,0,1,132,314
AintMilkBrilliant,1,313,205,108,97,17,1,1,114,314
Kryten_2X4B_523P,3,311,203,108,95,15,3,3,110,314
Loydiso,1,313,195,118,77,21,1,1,98,314
Whitescar,5,309,177,132,45,25,5,5,70,314
GeekBehindTheGlass,1,312,276,36,240,52,1,1,292,313
zeissplanar,1,312,268,44,224,17,1,1,241,313
crackktheskyy75,1,312,263,49,214,23,1,1,237,313
arubyrubrub,1,312,266,46,220,11,1,1,231,313
LMMontalbano,1,313,256,57,199,25,1,0,224,313
rustydusty55,1,312,260,52,208,11,1,1,219,313
Crackalaid,2,311,254,57,197,18,2,2,215,313
ch0colate_malk,1,312,222,90,132,75,1,1,207,313
BelgoCanadian,1,313,243,70,173,31,1,0,204,313
kaaamills,1,312,234,78,156,41,1,1,197,313
thorface,1,312,247,65,182,7,1,1,189,313
RickRossovich,1,312,246,66,180,8,1,1,188,313
gogoshanny,1,312,246,66,180,4,1,1,184,313
Timmmmm,1,312,237,75,162,20,1,1,182,313
connorblikre,1,312,233,79,154,9,1,1,163,313
ChloroformRag,1,312,231,81,150,12,1,1,162,313
mNtgomery,4,310,224,86,138,14,4,3,152,313
Badass6287,2,311,222,89,133,19,2,2,152,313
steve6nans,1,313,222,91,131,19,1,0,150,313
b-VW,2,311,211,100,111,34,2,2,145,313
TheLittleNorsk,1,312,216,96,120,17,1,1,137,313
Wowbringer,1,312,203,109,94,25,1,1,119,313
gerntoronto,3,310,212,98,114,3,3,3,117,313
heyitsokay,2,311,203,108,95,14,2,2,109,313
anw669,1,312,198,114,84,7,1,1,91,313
KarmaShmarma,1,312,192,120,72,14,1,1,86,313
bperki8,1,311,250,61,189,157,1,1,346,312
budub,1,312,226,86,140,144,1,0,284,312
Revolution_rnt,1,311,275,36,239,12,1,1,251,312
Heppe,1,311,270,41,229,5,0,1,234,312
Syther101,1,311,261,50,211,6,1,1,217,312
Loprest1,2,310,253,57,196,4,2,2,200,312
Citizen_Dickbag,1,311,243,68,175,5,1,1,180,312
IANon89,2,310,236,74,162,17,2,2,179,312
PacktAway,3,309,225,84,141,19,1,3,160,312
meowfully,2,310,222,88,134,18,2,2,152,312
Provider92,1,311,227,84,143,8,1,1,151,312
baxter45,1,312,215,97,118,25,1,0,143,312
skittlebrew,1,311,217,94,123,20,1,1,143,312
King_of_the_Lemmings,1,311,208,103,105,35,1,1,140,312
nick2345,2,310,219,91,128,11,2,2,139,312
dickcheney08,1,312,205,107,98,8,1,0,106,312
Jesus_Died_LOL_84,6,306,171,135,36,26,6,6,62,312
Alrelo,4,308,158,150,8,6,3,4,14,312
cralph1992,1,311,297,14,283,26,1,0,309,311
Sabremanx,1,311,269,42,227,17,1,0,244,311
mau5step,1,310,247,63,184,4,0,1,188,311
TLAMP28,1,310,246,64,182,4,1,1,186,311
Fidget08,2,309,230,79,151,19,2,2,170,311
FifthElement,1,310,231,79,152,13,1,1,165,311
BalancedOpinion,1,310,232,78,154,7,1,1,161,311
austinsob,1,310,198,112,86,59,0,1,145,311
lolburger69,1,310,218,92,126,11,0,1,137,311
x3knet,1,310,188,122,66,67,1,1,133,311
mottoman,1,310,193,117,76,55,1,1,131,311
yanquiUXO,1,310,210,100,110,5,1,1,115,311
n3rdalert,1,310,204,106,98,7,1,1,105,311
odhran666,1,309,281,28,253,7,1,1,260,310
iamallon,2,308,261,47,214,14,2,2,228,310
elykquent,2,309,255,54,201,18,2,1,219,310
gailthesnail,1,309,257,52,205,12,1,1,217,310
Mrkgamer,1,309,260,49,211,3,1,1,214,310
LightGrenade,1,309,253,56,197,6,1,1,203,310
sara5263,1,310,251,59,192,10,1,0,202,310
aleighh10,3,307,242,65,177,14,2,3,191,310
seanroecurran,1,309,240,69,171,15,1,1,186,310
Nizzler,1,309,240,69,171,8,1,1,179,310
cam6380,1,309,237,72,165,13,1,1,178,310
OscarMeyerVampire,1,309,233,76,157,6,1,1,163,310
caz80,2,308,229,79,150,3,1,2,153,310
1od1,2,308,207,101,106,8,2,2,114,310
Neker,1,308,269,39,230,27,1,1,257,309
jessinka718,1,308,271,37,234,19,1,1,253,309
toucansam_,1,308,259,49,210,10,1,1,220,309
pastafarian123,1,308,255,53,202,5,1,1,207,309
nini21,2,308,232,76,156,30,2,1,186,309
badblueboy146,1,308,243,65,178,6,1,1,184,309
ProfessorByarf,1,308,228,80,148,35,1,1,183,309
Real_Life_SAP,2,308,229,79,150,8,2,1,158,309
professorgold,1,309,213,96,117,25,1,0,142,309
Flips360,1,308,222,86,136,5,1,1,141,309
zfriderici,1,308,210,98,112,20,1,1,132,309
bemo,1,309,207,102,105,23,1,0,128,309
MelloxSQ,1,308,206,102,104,23,1,1,127,309
goblomi,2,307,213,94,119,7,1,2,126,309
Danleyson,1,308,210,98,112,12,1,1,124,309
ermano,1,308,205,103,102,11,1,1,113,309
theshlallster,2,307,204,103,101,7,2,2,108,309
VB70rdc,3,306,181,125,56,41,1,3,97,309
TheWasteland,1,308,178,130,48,16,1,1,64,309
goodeffort,1,308,268,40,228,13,1,0,241,308
Mr_Philosopher,2,306,256,50,206,20,2,2,226,308
HotDinnerBatman,3,305,246,59,187,37,2,3,224,308
Mattman023,1,307,252,55,197,18,1,1,215,308
saldejums,2,306,249,57,192,10,2,2,202,308
StealsFromOtherSites,1,307,247,60,187,11,1,1,198,308
Hydroxi,1,307,233,74,159,16,1,1,175,308
Styrofoam_Cup,1,307,221,86,135,34,1,1,169,308
vanzan,1,307,217,90,127,38,1,1,165,308
EU4IAN,1,307,225,82,143,16,1,1,159,308
mdl128,2,306,217,89,128,2,2,2,130,308
QWOP_MASTER,3,306,210,96,114,13,3,2,127,308
onemananarchy,4,304,200,104,96,29,2,4,125,308
Acuriousraven,1,307,213,94,119,5,1,1,124,308
LemursManLemurs,1,308,203,105,98,9,1,0,107,308
oneletterz,1,307,200,107,93,14,1,1,107,308
hogwashcat,1,307,198,109,89,18,0,1,107,308
ty-dj2010,1,307,193,114,79,14,1,1,93,308
RuckingFetardd,4,304,187,117,70,5,0,4,75,308
donalduck,1,307,172,135,37,17,1,1,54,308
bang-a-gong,2,305,274,31,243,6,2,2,249,307
PhillyPhresh,7,301,249,52,197,21,7,6,218,307
SaturdayNightWrist,3,304,245,59,186,10,3,3,196,307
gabidamo999,2,305,246,59,187,7,2,2,194,307
dzneill,2,307,246,61,185,8,2,0,193,307
shcrambledeggsh,1,307,241,66,175,14,1,0,189,307
Moncole,2,306,212,94,118,58,2,1,176,307
PdoesnotequalNP,2,305,226,79,147,29,0,2,176,307
MisterFunkyBoots,1,306,236,70,166,4,1,1,170,307
ualip,1,306,228,78,150,15,1,1,165,307
funinsunhotdogbun,1,307,228,79,149,12,1,0,161,307
vansc14,1,306,218,88,130,5,1,1,135,307
dreegs,1,306,210,96,114,15,1,1,129,307
Oh_God_Pie,1,306,208,98,110,19,1,1,129,307
tossoutacountant,1,306,212,94,118,6,1,1,124,307
worrst,3,304,203,101,102,8,3,3,110,307
californication1996,1,306,202,104,98,12,1,1,110,307
TruthByJoe,7,300,187,113,74,29,6,7,103,307
JimboSlice56,1,305,241,64,177,23,1,1,200,306
_William_Smith_,4,303,227,76,151,23,1,3,174,306
superstarcrasher,1,305,236,69,167,7,1,1,174,306
lnsentience,1,305,234,71,163,10,1,1,173,306
dannyboooi,1,305,229,76,153,8,1,1,161,306
RCalvin,1,305,208,97,111,45,1,1,156,306
nineteen_eightyfour,5,302,222,80,142,13,4,4,155,306
Paperclip902,3,303,218,85,133,15,2,3,148,306
FPS_Haggle,1,305,210,95,115,25,1,1,140,306
kashiskhing,1,305,218,87,131,8,1,1,139,306
kingnight,1,305,212,93,119,14,1,1,133,306
Taco_Hell-x,7,299,201,98,103,26,6,7,129,306
tduff00,2,304,203,101,102,15,1,2,117,306
cockpunch25,1,305,201,104,97,11,1,1,108,306
lanemik,1,305,189,116,73,11,1,1,84,306
BopCatan,2,304,188,116,72,3,2,2,75,306
PhrozenWarrior,1,305,162,143,19,56,1,1,75,306
mcilrain,1,304,269,35,234,26,1,1,260,305
xEphixia,1,305,259,46,213,25,1,0,238,305
Sorry_Sorry_Everyone,1,304,259,45,214,17,1,1,231,305
Diaghilev,1,304,248,56,192,19,1,1,211,305
krobinator41,1,304,252,52,200,3,1,1,203,305
Yagihige,1,304,246,58,188,12,1,1,200,305
mikeyil,2,303,238,65,173,13,2,2,186,305
DisasterbyInnocence,2,303,236,67,169,16,2,2,185,305
kgkilla85,1,304,242,62,180,4,0,1,184,305
bonnaventure,1,304,237,67,170,5,0,1,175,305
OnionWillDesecrate,3,302,213,89,124,45,3,3,169,305
yungun,1,304,227,77,150,5,1,1,155,305
Bkasp,3,302,216,86,130,21,2,3,151,305
Cats_In_Tubes,1,304,221,83,138,6,1,1,144,305
joelrulez,1,305,193,112,81,19,1,0,100,305
Topsiders,2,303,176,127,49,13,2,2,62,305
e-jammer,1,303,230,73,157,108,1,1,265,304
WhooperSwan,1,303,252,51,201,45,1,1,246,304
mrdavey,1,303,264,39,225,12,1,1,237,304
maceron4444,1,303,268,35,233,2,0,1,235,304
jbuster,2,302,245,57,188,41,2,2,229,304
karstens9,1,303,257,46,211,7,1,1,218,304
runningandguitars,1,304,235,69,166,48,1,0,214,304
tha_money_meme,3,301,234,67,167,12,2,3,179,304
duck_funkelstein,1,303,233,70,163,13,1,1,176,304
dandanthedanman,1,303,222,81,141,17,1,1,158,304
RamenEEzGood,4,300,225,75,150,0,0,4,150,304
rmuller11,3,301,221,80,141,7,2,3,148,304
quantumjello,1,303,219,84,135,12,1,1,147,304
Blktiger0,3,302,220,82,138,9,0,2,147,304
petedacook,4,300,205,95,110,36,3,4,146,304
thustobrad,1,304,200,104,96,50,1,0,146,304
puffynipples_r_swell,2,304,214,90,124,21,2,0,145,304
sync416,1,303,212,91,121,0,1,1,121,304
shame_y,2,302,195,107,88,21,1,2,109,304
poopdedoop,1,303,185,118,67,38,1,1,105,304
igsky,1,304,186,118,68,15,1,0,83,304
dlishus,1,303,176,127,49,17,1,1,66,304
knettel38,1,303,149,154,-5,14,1,1,9,304
Joebearpig,1,303,266,37,229,9,1,0,238,303
occipital_spatula,1,303,246,57,189,41,1,0,230,303
luffins,1,302,256,46,210,5,1,1,215,303
elems,1,302,244,58,186,23,0,1,209,303
K-guy,1,302,252,50,202,5,1,1,207,303
LazyGeneration,1,302,246,56,190,7,1,1,197,303
einmalistkeinmal,1,302,238,64,174,12,1,1,186,303
KaptainKow,1,302,224,78,146,24,1,1,170,303
JoeAconite,1,302,217,85,132,10,1,1,142,303
vonCam,2,301,216,85,131,5,1,2,136,303
cuddlimaus,1,302,211,91,120,14,1,1,134,303
oops-anal,1,302,278,24,254,30,1,0,284,302
Aethys,1,301,266,35,231,8,1,1,239,302
tomlaw,2,302,251,51,200,18,2,0,218,302
zazafrasw,1,302,246,56,190,4,1,0,194,302
KillerLag,1,301,246,55,191,2,1,1,193,302
dkassen,1,302,241,61,180,4,1,0,184,302
Phoenix127,3,299,233,66,167,15,3,3,182,302
ZoidbergMD,1,301,233,68,165,13,1,1,178,302
zombieincomplete,1,301,235,66,169,5,1,1,174,302
epicaddict,3,300,210,90,120,46,2,2,166,302
vastill,1,301,229,72,157,5,1,1,162,302
Macomea,2,300,214,86,128,20,2,2,148,302
coldxshivers,1,301,214,87,127,17,1,1,144,302
StrangZor,1,301,220,81,139,3,1,1,142,302
flodumalawi,1,301,215,86,129,12,1,1,141,302
Zulais,1,301,212,89,123,10,1,1,133,302
iwychewy,1,302,205,97,108,24,1,0,132,302
Pepe3,1,301,207,94,113,15,1,1,128,302
catbatmanshe,1,301,208,93,115,10,1,1,125,302
Ethosia,3,301,201,100,101,23,2,1,124,302
Wollah,1,301,183,118,65,59,1,1,124,302
TurpenoidFever,2,300,209,91,118,3,2,2,121,302
CheesyChips,1,302,199,103,96,17,1,0,113,302
suziecreamcheese,1,302,203,99,104,3,1,0,107,302
rdsyes,4,299,192,107,85,14,4,3,99,302
tablloyd,3,299,188,111,77,22,3,3,99,302
cakes,2,300,181,119,62,11,2,2,73,302
smohnot,1,301,275,26,249,13,1,0,262,301
Armyboykee,1,301,248,53,195,38,1,0,233,301
atralfamadorian,1,301,257,44,213,5,1,0,218,301
Zippo16,1,300,252,48,204,2,1,1,206,301
djhaba,1,300,242,58,184,14,1,1,198,301
skanksmcoy,1,300,246,54,192,4,1,1,196,301
CookCookCookCook,1,300,203,97,106,65,1,1,171,301
iamianyouarenot,1,300,218,82,136,19,1,1,155,301
UnrulyFrog,2,299,220,79,141,12,2,2,153,301
ViennaKP,3,298,213,85,128,9,3,3,137,301
guyinhat,1,300,192,108,84,53,1,1,137,301
minivillain,2,299,214,85,129,7,2,2,136,301
ChaseSTi,1,301,210,91,119,9,1,0,128,301
Anktious,1,300,196,104,92,33,1,1,125,301
Drony,2,299,191,108,83,30,1,2,113,301
ircarlton,1,300,187,113,74,18,1,1,92,301
ooomahmah,1,301,181,120,61,30,1,0,91,301
tmosh,1,300,183,117,66,7,1,1,73,301
stewie1242,3,298,233,65,168,12,1,2,180,300
h4qq,1,299,231,68,163,11,1,1,174,300
pokemanguy,1,299,235,64,171,0,1,1,171,300
Enogar,3,298,215,83,132,31,2,2,163,300
Fonzie8819,4,297,218,79,139,13,2,3,152,300
JustJoshWasTaken,1,299,219,80,139,12,1,1,151,300
Jimmy_Rustled,1,299,213,86,127,18,1,1,145,300
TheFallingShark,3,298,213,85,128,13,2,2,141,300
joebenjaminfranklin,2,298,201,97,104,13,2,2,117,300
Bananarama20,1,299,203,96,107,5,1,1,112,300
Cheburaxx,3,298,197,101,96,8,1,2,104,300
xxxvii,1,300,184,116,68,27,1,0,95,300
Fhwqhgads,1,300,186,114,72,16,1,0,88,300
Zackariah,1,299,177,122,55,9,1,1,64,300
padaman,1,298,267,31,236,9,1,1,245,299
my_Favorite_post,1,298,249,49,200,15,0,1,215,299
raptorjeebus1911,2,297,242,55,187,27,2,2,214,299
rebel7,1,298,250,48,202,5,1,1,207,299
dessinemoiunmouton,1,298,249,49,200,5,1,1,205,299
Tastetoad,2,297,221,76,145,15,2,2,160,299
Ooblah21,3,297,223,74,149,9,2,2,158,299
OddSensation,1,298,216,82,134,20,0,1,154,299
munoodle,2,297,215,82,133,10,2,2,143,299
riskyplissken,1,298,212,86,126,9,1,1,135,299
trollinindadeep,1,298,205,93,112,22,1,1,134,299
I_Fap_Constantly,1,298,211,87,124,5,1,1,129,299
FurioSoprano,2,297,193,104,89,29,2,2,118,299
viowastaken,1,298,191,107,84,25,1,1,109,299
reposter_,1,298,188,110,78,15,1,1,93,299
Logik,2,296,256,40,216,36,2,2,252,298
jimmyx18,1,297,246,51,195,9,1,1,204,298
Cfraserw,2,297,240,57,183,17,2,1,200,298
cupid-stunt,2,296,220,76,144,52,2,2,196,298
upvoteverything,1,297,241,56,185,8,1,1,193,298
Mookychew,2,296,234,62,172,15,2,2,187,298
E1Dav1d,1,297,220,77,143,29,1,1,172,298
WartOnTrevor,2,296,230,66,164,5,2,2,169,298
cinemadness,1,297,209,88,121,25,1,1,146,298
mackmaniac,1,297,212,85,127,19,1,1,146,298
Nissin,2,296,212,84,128,6,2,2,134,298
ghlee,1,297,194,103,91,27,1,1,118,298
magnoose,4,294,195,99,96,15,3,4,111,298
RedBearski,2,296,198,98,100,5,1,2,105,298
opentheudder,1,297,194,103,91,7,1,1,98,298
salai,2,296,189,107,82,6,2,2,88,298
tigglebiggles,1,296,237,59,178,42,1,1,220,297
KyleDolan123,1,296,254,42,212,5,1,1,217,297
Sjoyce486,1,296,252,44,208,7,1,1,215,297
Wilibine,1,296,243,53,190,16,0,1,206,297
DrWatson164,2,295,231,64,167,23,2,2,190,297
Ampersamd,2,296,236,60,176,12,2,1,188,297
Solitaryfein,2,295,229,66,163,4,2,2,167,297
minecraftnerd415,2,295,219,76,143,8,2,2,151,297
bananawaffles,1,297,217,80,137,11,1,0,148,297
Colonel_Goatbanger,2,295,217,78,139,5,2,2,144,297
Supertwig89,1,297,212,85,127,9,1,0,136,297
justhad2login2reply,1,296,208,88,120,13,1,1,133,297
powermojomojo,1,296,206,90,116,12,1,1,128,297
BrianS_s,2,295,206,89,117,10,2,2,127,297
ajbuzz,3,294,206,88,118,4,3,3,122,297
JJewy,1,297,196,101,95,16,1,0,111,297
sociallyoblivious,4,293,193,100,93,14,4,4,107,297
freelantic,1,296,192,104,88,18,1,1,106,297
Itisarepost,3,294,193,101,92,12,3,3,104,297
howNowBrownSow,1,297,188,109,79,25,1,0,104,297
Corn-kun,1,296,196,100,96,7,1,1,103,297
distractthepaladin,1,296,192,104,88,11,1,1,99,297
blackdahliax,1,296,184,112,72,7,1,1,79,297
prettypunny,1,296,176,120,56,13,1,1,69,297
Kroz_McD,5,293,168,125,43,25,4,4,68,297
MisterLas,1,296,166,130,36,31,1,1,67,297
lambs0623,1,295,261,34,227,3,0,1,230,296
LtDanHasLegs,1,295,236,59,177,25,1,1,202,296
Flukie,1,296,225,71,154,33,1,0,187,296
Nerd_Grenade,1,296,193,103,90,68,1,0,158,296
twisted761,2,294,211,83,128,10,2,2,138,296
Feyasko,1,296,209,87,122,6,1,0,128,296
-TheBender-,1,295,197,98,99,11,1,1,110,296
TheTiestoHouse,1,295,199,96,103,7,1,1,110,296
DanAttack,2,294,182,112,70,8,2,2,78,296
swordinthesound,4,292,174,118,56,15,4,4,71,296
Worldwideweb2010,1,294,269,25,244,11,1,1,255,295
VimmyNothing,1,294,262,32,230,12,1,1,242,295
narakusdemon88,1,294,258,36,222,3,1,1,225,295
oldzeb22,2,294,249,45,204,20,2,1,224,295
thorr26,2,293,238,55,183,39,2,2,222,295
stupidlikeafox,2,294,251,43,208,13,2,1,221,295
enjoytheclamscasino,1,294,252,42,210,5,0,1,215,295
pancakeman157,1,294,243,51,192,19,0,1,211,295
briller,1,294,248,46,202,7,1,1,209,295
modemac,1,294,231,63,168,14,1,1,182,295
Cejdej,2,293,219,74,145,33,2,2,178,295
TheRedditor560,1,294,217,77,140,20,1,1,160,295
i3rendon,2,293,220,73,147,6,2,2,153,295
DurrTheDragn,1,294,213,81,132,17,1,1,149,295
poniesgalore,1,295,215,80,135,10,0,0,145,295
KNIFEINBALLS,1,294,212,82,130,14,1,1,144,295
MeepLegion,1,294,211,83,128,9,1,1,137,295
Andr3w,1,295,188,107,81,52,1,0,133,295
AcieLaw,1,295,208,87,121,8,1,0,129,295
sidownbusdriver,3,293,202,91,111,7,2,2,118,295
Capt_Midnight,1,294,182,112,70,38,1,1,108,295
Shadehz,1,294,190,104,86,9,1,1,95,295
MissMoo7716,1,294,178,116,62,25,1,1,87,295
gemidjy,1,295,178,117,61,20,1,0,81,295
turtlehugger,1,294,179,115,64,7,1,1,71,295
moonbarkcd16,1,295,180,115,65,5,1,0,70,295
dmengl_,1,294,262,32,230,10,1,0,240,294
9000sins,1,293,250,43,207,13,1,1,220,294
PartyAnderson,1,293,231,62,169,47,1,1,216,294
Maslo55,1,293,241,52,189,19,1,1,208,294
baherren96,1,293,246,47,199,8,1,1,207,294
ninjanarwhal1230,3,291,243,48,195,10,3,3,205,294
nosoupforyou2116,2,292,232,60,172,12,1,2,184,294
boork,2,293,219,74,145,31,2,1,176,294
vrage,1,293,226,67,159,15,1,1,174,294
Uriniass,3,292,213,79,134,24,3,2,158,294
T13mp0,1,293,210,83,127,6,1,1,133,294
ampersandampersand,1,293,201,92,109,9,1,1,118,294
insaneblonde,1,294,198,96,102,11,1,0,113,294
doliner,1,294,184,110,74,25,1,0,99,294
mstrkrftr,2,292,184,108,76,20,2,2,96,294
LikeDays,1,294,192,102,90,2,1,0,92,294
jhealy7777,5,292,176,116,60,18,5,2,78,294
good_vibrations,1,294,181,113,68,9,1,0,77,294
faithisfailure23,2,292,168,124,44,23,2,2,67,294
lingual_panda,2,292,278,14,264,14,2,1,278,293
BitRex,1,292,274,18,256,10,1,1,266,293
TO_LURK_NO_MORE,1,293,252,41,211,7,1,0,218,293
LBERR98,1,292,248,44,204,0,0,1,204,293
UnderneathAlice,1,292,200,92,108,72,1,1,180,293
JeanRalpheo,1,293,206,87,119,22,1,0,141,293
RussSmithGreg,1,292,213,79,134,6,1,1,140,293
MalvinO,3,290,193,97,96,38,2,3,134,293
notanotherbombthreat,3,291,204,87,117,16,3,2,133,293
captainstan,3,291,190,101,89,43,2,2,132,293
oats07,1,292,182,110,72,43,1,1,115,293
LadylikeParsley,1,292,192,100,92,12,0,1,104,293
shitwhore,7,287,182,105,77,26,5,6,103,293
zambess00,2,292,161,131,30,27,2,1,57,293
TurtleFood,1,292,164,128,36,9,1,1,45,293
Cross3,1,292,153,139,14,13,1,1,27,293
duotriophobia23,1,291,239,52,187,5,1,1,192,292
Godfarber,3,289,234,55,179,10,2,3,189,292
douglas-fantana,2,290,232,58,174,10,2,2,184,292
funions_mcgee,1,292,234,58,176,6,1,0,182,292
chevychaser,1,291,223,68,155,22,0,1,177,292
Saboran,1,292,216,76,140,36,1,0,176,292
Ameht,2,290,217,73,144,13,2,2,157,292
ryland34,1,291,209,82,127,28,1,1,155,292
iAsianz,1,291,218,73,145,8,1,1,153,292
LadyMcRed,4,288,216,72,144,5,4,4,149,292
ThatWhatISaid,1,291,203,88,115,12,1,1,127,292
SkysDlim,3,289,197,92,105,15,3,3,120,292
WasabiD,1,291,190,101,89,11,1,1,100,292
internetporn,1,291,187,104,83,6,1,1,89,292
tricky3737,5,287,181,106,75,12,4,5,87,292
Seraph451,1,292,177,115,62,20,1,0,82,292
PottiSkantz,1,291,156,135,21,6,0,1,27,292
I_AM_NOT_A_TAMPON,1,290,256,34,222,15,1,1,237,291
clarque,1,290,240,50,190,10,0,1,200,291
DiscoMonkey227,1,290,226,64,162,27,0,1,189,291
shabambam,5,288,220,68,152,33,5,3,185,291
Mastuh,1,290,232,58,174,11,1,1,185,291
santacruz83,1,291,230,61,169,13,1,0,182,291
averagemonkey,1,291,209,82,127,35,1,0,162,291
poisonbiscuts,1,290,221,69,152,7,1,1,159,291
AzashaRa,1,290,216,74,142,6,1,1,148,291
van_dyke,1,290,208,82,126,13,0,1,139,291
MST7,1,290,200,90,110,19,1,1,129,291
photograss,1,290,199,91,108,21,1,1,129,291
d1dOnly,1,290,202,88,114,14,1,1,128,291
RustyPipes,2,289,192,97,95,32,2,2,127,291
Wildebeast1,2,289,199,90,109,13,1,2,122,291
phijjip,1,290,204,86,118,3,1,1,121,291
circumcised_frog,1,291,183,108,75,37,1,0,112,291
le_canuck,1,290,184,106,78,14,1,1,92,291
seekfear,1,290,183,107,76,15,1,1,91,291
360glitch,1,290,170,120,50,7,1,1,57,291
mtxrcr,1,290,89,201,-112,13,1,1,-99,291
deathmouse,1,289,268,21,247,14,1,1,261,290
_shazbot_,6,284,223,61,162,17,6,6,179,290
diondrems,1,289,227,62,165,3,1,1,168,290
lvsheep,1,290,224,66,158,10,1,0,168,290
dcdcd101,2,289,224,65,159,6,2,1,165,290
castastrophe,1,289,216,73,143,17,1,1,160,290
Ninogan,1,289,217,72,145,6,1,1,151,290
kulikp,1,290,202,88,114,16,1,0,130,290
LaXG00n,1,289,196,93,103,12,1,1,115,290
burf,1,289,194,95,99,8,1,1,107,290
whitedonkey,1,290,148,142,6,13,1,0,19,290
xG33Kx,2,288,245,43,202,77,2,1,279,289
takhallus,1,288,233,55,178,42,1,1,220,289
deviation,1,288,214,74,140,52,1,1,192,289
Burritocat3,1,288,229,59,170,17,1,1,187,289
skinkbaa,1,288,222,66,156,12,1,1,168,289
Blademaster247,3,287,215,72,143,5,2,2,148,289
BlondeForPalestine,1,288,183,105,78,55,1,1,133,289
axeme,1,288,196,92,104,8,1,1,112,289
MrBank5,1,288,192,96,96,8,0,1,104,289
Recoil1,4,287,184,103,81,22,4,2,103,289
DreamVsPS2,4,286,186,100,86,10,3,3,96,289
eli105,6,283,170,113,57,36,6,6,93,289
gta-man,1,289,179,110,69,16,1,0,85,289
benislava,1,288,172,116,56,20,1,1,76,289
hagga,3,287,171,116,55,20,3,2,75,289
JingleBellsSwag,1,288,170,118,52,13,1,1,65,289
Justicles13,2,287,159,128,31,23,2,2,54,289
Mossimo3,1,288,166,122,44,10,1,1,54,289
CarelessMonday,1,288,159,129,30,23,1,1,53,289
RockyCoon,1,288,147,141,6,14,1,1,20,289
TehPaddy,3,285,265,20,245,20,3,3,265,288
pink_leopard,1,287,228,59,169,81,1,1,250,288
cymbalrush,1,287,252,35,217,21,1,1,238,288
DoesntMatterHadRex,1,287,247,40,207,18,1,1,225,288
Gepettolufkin,1,287,236,51,185,35,0,1,220,288
mehdbc,1,288,249,39,210,4,1,0,214,288
Cetlan,1,287,243,44,199,6,1,1,205,288
Slashered,1,287,235,52,183,13,0,1,196,288
NuckinBanana,1,287,237,50,187,8,1,1,195,288
chihuahuagirl,1,287,237,50,187,6,0,1,193,288
Scr3wtape,2,286,226,60,166,11,2,2,177,288
irRedemption,2,286,217,69,148,21,2,2,169,288
calfonso,1,287,220,67,153,11,1,1,164,288
asdff01,2,286,215,71,144,18,2,2,162,288
adaulys,1,287,214,73,141,12,1,1,153,288
dukelax_theacquitted,2,286,213,73,140,9,2,2,149,288
klondon7,8,281,194,87,107,23,4,7,130,288
prazz,2,287,207,80,127,2,2,1,129,288
lukeh15,2,286,189,97,92,11,2,2,103,288
Euqah,5,283,174,109,65,28,5,5,93,288
patchworky,1,287,187,100,87,4,1,1,91,288
10304,1,288,168,120,48,36,1,0,84,288
AmericanGeezus,1,286,244,42,202,62,1,1,264,287
YeaDudeImOnReddit,1,286,247,39,208,35,1,1,243,287
Kebvin,1,287,244,43,201,9,1,0,210,287
voidworship,2,285,244,41,203,5,2,2,208,287
TheJ0EST3R,2,285,231,54,177,8,2,2,185,287
GifftedIdeas,3,284,225,59,166,9,2,3,175,287
BrownBalls,1,286,219,67,152,22,1,1,174,287
carbonvader,2,285,203,82,121,36,1,2,157,287
feralle,1,287,212,75,137,9,1,0,146,287
grawsith,1,286,210,76,134,10,1,1,144,287
kh556910,1,286,209,77,132,9,1,1,141,287
eddz423,1,286,170,116,54,73,1,1,127,287
quirx90,1,287,190,97,93,15,1,0,108,287
samdman,2,285,180,105,75,16,2,2,91,287
Roody_Poo_Jew,2,285,179,106,73,13,2,2,86,287
Coenn,1,286,172,114,58,7,1,1,65,287
MarijuanaGrafto,1,286,167,119,48,7,1,1,55,287
Falkner09,3,285,123,162,-39,14,2,2,-25,287
Fightseaker,1,285,253,32,221,5,0,1,226,286
Blink182ismeh,1,285,234,51,183,30,1,1,213,286
ablatner,1,285,230,55,175,25,0,1,200,286
peniletouch,3,283,236,47,189,10,1,3,199,286
LeStab,2,286,238,48,190,3,1,0,193,286
lambekins,1,285,228,57,171,15,0,1,186,286
StrngBrew,1,286,224,62,162,20,1,0,182,286
apocolypticbosmer,1,286,222,64,158,11,1,0,169,286
DrumAndCoke,1,285,213,72,141,21,1,1,162,286
gatorsrule,2,284,211,73,138,22,2,2,160,286
GivenToFly,2,284,209,75,134,22,2,2,156,286
hoffmad,1,285,213,72,141,11,1,1,152,286
DontGoThereWithMe,3,285,201,84,117,19,3,1,136,286
z0n3m4n,1,285,197,88,109,27,1,1,136,286
Benji83,2,284,203,81,122,10,1,2,132,286
vaelon,1,285,203,82,121,7,1,1,128,286
hoobityha,2,285,189,96,93,32,2,1,125,286
flanl,1,285,198,87,111,4,1,1,115,286
TheCompass,1,285,187,98,89,25,0,1,114,286
SweetToof,1,285,194,91,103,8,1,1,111,286
planetofthecrepes,1,285,190,95,95,13,1,1,108,286
SunLeFasaana,1,285,174,111,63,9,1,1,72,286
kaitkaitkait,1,285,175,110,65,6,1,1,71,286
Onimal,1,286,169,117,52,19,1,0,71,286
Ds3rva,1,285,172,113,59,11,0,1,70,286
addicti0ns,2,284,166,118,48,20,2,2,68,286
sacman69r,1,285,172,113,59,8,1,1,67,286
youvebeentomahawked,1,286,164,122,42,17,1,0,59,286
therealgabendeal,1,285,236,49,187,17,1,0,204,285
filmfiend999,1,284,231,53,178,15,1,1,193,285
pigandpepper,1,284,235,49,186,6,1,1,192,285
SebbyZING,6,279,226,53,173,4,4,6,177,285
D-Ack,2,283,222,61,161,12,2,2,173,285
modulok,1,284,223,61,162,9,1,1,171,285
arglybargly,1,284,218,66,152,17,1,1,169,285
wontonfooey,1,284,213,71,142,27,1,1,169,285
TehMerc,1,284,223,61,162,3,0,1,165,285
ringmasternj,1,285,216,69,147,4,1,0,151,285
allclasszero,1,284,212,72,140,10,1,1,150,285
fuckapassword,2,283,211,72,139,9,1,2,148,285
pcwwelch,1,285,200,85,115,15,1,0,130,285
kate_611,2,283,197,86,111,10,2,2,121,285
Pinyaka,1,284,193,91,102,16,1,1,118,285
skonkoid,2,283,184,99,85,6,1,2,91,285
TheBoredMeeting,1,283,245,38,207,7,1,1,214,284
lunchboxdell234,1,283,231,52,179,21,1,1,200,284
trollmarathon,1,283,240,43,197,3,1,1,200,284
Weisser,2,282,237,45,192,7,2,2,199,284
pacmanwasclinton,1,283,235,48,187,3,0,1,190,284
_XxDerpyHoovesxX_,1,283,230,53,177,7,1,1,184,284
crispy_capaneus,1,283,218,65,153,5,1,1,158,284
GB6801,1,283,217,66,151,7,1,1,158,284
fairylee,1,283,205,78,127,14,1,1,141,284
Joejarvis,2,282,205,77,128,9,2,2,137,284
zuluhotel,1,283,188,95,93,34,1,1,127,284
HandBananas,1,283,201,82,119,2,1,1,121,284
SeniorWhoopy,2,283,186,97,89,22,2,1,111,284
novalin,1,283,183,100,83,16,1,1,99,284
fullblownman,1,283,169,114,55,29,1,1,84,284
ductape47,1,283,164,119,45,24,1,1,69,284
TheBlackDahliaMurder,1,283,170,113,57,10,1,1,67,284
Kheten,1,283,167,116,51,7,1,1,58,284
mamba_79,2,283,258,25,233,22,1,0,255,283
sci101,1,282,257,25,232,16,0,1,248,283
superscott,1,282,236,46,190,6,1,1,196,283
WeirdIdeasCO,1,282,235,47,188,2,1,1,190,283
NOTurKNIGHT,2,281,222,59,163,11,2,2,174,283
deadshot6,1,282,215,67,148,26,1,1,174,283
neozz1,1,283,200,83,117,55,1,0,172,283
EricaLorraine,1,282,213,69,144,25,1,1,169,283
ljdmd,1,283,217,66,151,10,1,0,161,283
Myth51,1,282,216,66,150,4,1,1,154,283
lemonpjb,1,282,214,68,146,3,1,1,149,283
EvilAldo,1,282,204,78,126,22,1,1,148,283
basilisk,2,281,206,75,131,11,2,2,142,283
Jajames,1,282,201,81,120,12,1,1,132,283
TheCaptainAwesome,4,279,197,82,115,9,4,4,124,283
alterbyme,1,282,180,102,78,45,1,1,123,283
panamaspace,1,283,194,89,105,10,1,0,115,283
nolanrad,1,282,193,89,104,6,1,1,110,283
choc_is_back,1,282,80,202,-122,13,1,1,-109,283
shellbullet17,2,280,260,20,240,28,2,2,268,282
Harouto,1,281,256,25,231,11,1,1,242,282
deadfield918,2,280,234,46,188,28,2,2,216,282
Dendi,1,281,240,41,199,15,1,1,214,282
H4tchetharry,2,282,237,45,192,15,2,0,207,282
Disappointed_Lolcat,1,281,235,46,189,10,1,1,199,282
Captain_Co-Sign,1,281,225,56,169,20,1,1,189,282
lazylaser,1,281,227,54,173,3,1,1,176,282
Clumsyasshay,1,281,204,77,127,40,1,1,167,282
coke125,2,280,212,68,144,20,2,2,164,282
azonfrelli,1,281,213,68,145,14,1,1,159,282
searsj3,1,281,215,66,149,8,1,1,157,282
Wiisal,1,281,186,95,91,65,1,1,156,282
break_me_down,3,280,208,72,136,3,3,2,139,282
_Synth_,1,281,196,85,111,25,1,1,136,282
SnowSC2,2,280,204,76,128,5,2,2,133,282
beastmooode,1,281,204,77,127,2,1,1,129,282
FriskyHippoSlayer,1,281,202,79,123,6,1,1,129,282
whateveryouwantit2be,3,280,186,94,92,30,3,2,122,282
sykoknot,1,281,197,84,113,5,1,1,118,282
trobak,1,281,171,110,61,57,1,1,118,282
BotWithfeelings,5,278,181,97,84,22,5,4,106,282
AssFaceDaClown,3,280,184,96,88,14,3,2,102,282
baby_lamont,2,280,187,93,94,3,2,2,97,282
JoeyMcFun,1,282,180,102,78,19,1,0,97,282
kylergoedert,10,273,160,113,47,48,5,9,95,282
poop_friction,1,282,176,106,70,9,1,0,79,282
jerobrine,2,280,157,123,34,22,2,2,56,282
hippypunkftw,1,280,246,34,212,3,0,1,215,281
Broskilla30,1,280,229,51,178,11,1,1,189,281
Wingus_,2,279,217,62,155,16,2,2,171,281
Nyleph,2,279,212,67,145,12,2,2,157,281
sreddit,1,280,206,74,132,14,1,1,146,281
gomezzz,1,281,207,74,133,12,1,0,145,281
screaming4metal,2,279,207,72,135,4,1,2,139,281
SSII,1,280,199,81,118,20,1,1,138,281
MDizzill,1,281,191,90,101,35,1,0,136,281
64-brit,1,280,197,83,114,15,1,1,129,281
soundofthesun,1,280,201,79,122,4,1,1,126,281
HebrewHammer16,1,281,192,89,103,14,1,0,117,281
theskyends,1,280,192,88,104,8,1,1,112,281
SirPsychoStanky,1,280,191,89,102,9,1,1,111,281
sincore,1,280,190,90,100,8,1,1,108,281
AwsomeAltera11,2,280,179,101,78,27,2,1,105,281
frozey91,1,280,174,106,68,28,1,1,96,281
HellSD,2,280,179,101,78,12,2,1,90,281
cyprinidae,2,279,154,125,29,10,2,2,39,281
plain-jaine,2,278,223,55,168,34,2,2,202,280
Gilrim,1,279,225,54,171,9,0,1,180,280
nicotron,1,279,221,58,163,6,1,1,169,280
jauzon22,1,279,211,68,143,4,1,1,147,280
antisomething,2,278,202,76,126,15,2,2,141,280
MrsHiMyNameIsHannah,6,276,193,83,110,20,5,4,130,280
ImOnlySuperHuman,6,274,187,87,100,7,5,6,107,280
chilliams1111,6,277,183,94,89,13,4,3,102,280
benfraserlee,1,280,173,107,66,34,1,0,100,280
elperu27,1,279,183,96,87,4,1,1,91,280
solgood,1,280,179,101,78,10,1,0,88,280
Penola,4,277,149,128,21,20,3,3,41,280
Timtankard,1,278,243,35,208,56,1,1,264,279
denzelchurchill,2,279,255,24,231,27,1,0,258,279
tinchoferrari,1,278,241,37,204,14,0,1,218,279
ruberta,1,278,232,46,186,10,0,1,196,279
vocino,1,278,224,54,170,16,1,1,186,279
SerialRappist,2,277,221,56,165,11,2,2,176,279
catch22milo,1,278,211,67,144,24,0,1,168,279
Alfro,2,278,213,65,148,12,2,1,160,279
i_hate_all_you_jerks,1,279,213,66,147,11,1,0,158,279
BabylegsOHoulihan,3,276,195,81,114,42,3,3,156,279
coche320,1,278,211,67,144,11,1,1,155,279
eequalsmc2,1,279,207,72,135,19,1,0,154,279
Styoung88,1,278,202,76,126,8,1,1,134,279
BridgetC,1,278,200,78,122,11,1,1,133,279
ppppppppppppppppplll,2,277,203,74,129,3,2,2,132,279
Kickintepants,5,275,189,86,103,6,5,4,109,279
PotatoGuy_Letuce,1,278,186,92,94,10,1,1,104,279
Mad_Popsicle,1,278,186,92,94,5,1,1,99,279
Itsonlypacman,6,275,183,92,91,7,4,4,98,279
lalaino,1,278,168,110,58,13,1,1,71,279
HairyButtCheeks,4,275,156,119,37,7,3,4,44,279
joetba,1,277,227,50,177,39,0,1,216,278
TrueBlueJP90,2,276,229,47,182,4,2,2,186,278
ndtcssh,2,277,213,64,149,13,2,1,162,278
Kelvination,1,277,216,61,155,4,1,1,159,278
thatwaspostedbefore,1,277,187,90,97,50,1,1,147,278
FullBleed,1,278,200,78,122,7,1,0,129,278
ofwinehotwine,2,276,193,83,110,17,2,2,127,278
BrianTheLady,4,274,194,80,114,8,4,4,122,278
XOLegato,1,277,198,79,119,3,1,1,122,278
SebCS,1,277,187,90,97,21,1,1,118,278
AmericanDerp,6,273,176,97,79,31,6,5,110,278
viiralvx,1,278,187,91,96,10,1,0,106,278
JesusTakeTheMeal,1,278,187,91,96,5,1,0,101,278
HVDTJRN,1,277,187,90,97,3,1,1,100,278
pancake12345,1,277,185,92,93,5,1,1,98,278
xSLuRpYx,1,277,172,105,67,23,1,1,90,278
nekman,1,277,179,98,81,4,1,1,85,278
sromaz,1,277,171,106,65,8,1,1,73,278
clifftron,1,277,156,121,35,4,1,1,39,278
linuxlass,1,276,197,79,118,108,1,1,226,277
wishiwasyou333,1,276,227,49,178,4,1,1,182,277
supabowlchamp44,1,276,210,66,144,37,1,1,181,277
tedstyle,1,276,223,53,170,8,1,1,178,277
JUDASYOUAREFORGIVEN,1,276,220,56,164,11,1,1,175,277
SativaSteve,4,273,204,69,135,30,2,4,165,277
Rendelz,4,273,204,69,135,25,2,4,160,277
mch_is_me,2,276,211,65,146,2,2,1,148,277
blackburn7,1,276,202,74,128,20,0,1,148,277
hunt3dgh0zt,1,276,200,76,124,15,1,1,139,277
Shade450,3,274,197,77,120,11,3,3,131,277
ForrestFireDW,2,276,191,85,106,18,2,1,124,277
mclollolwub,1,276,189,87,102,20,1,1,122,277
Bieb,1,276,191,85,106,12,1,1,118,277
Suraj-Sun,2,275,176,99,77,35,2,2,112,277
the_red_phone,1,276,190,86,104,8,0,1,112,277
MegaAlbus1,1,277,180,97,83,28,1,0,111,277
Boojahh,2,275,186,89,97,7,2,2,104,277
imthatawesome,3,274,177,97,80,22,2,3,102,277
Sackman_and_Throbbin,3,275,179,96,83,15,3,2,98,277
bjurstrom,1,276,177,99,78,17,1,1,95,277
hannahpsmith,1,276,170,106,64,4,1,1,68,277
TheHungryWhale,1,276,162,114,48,15,0,1,63,277
laddergoat89,1,275,237,38,199,114,1,1,313,276
vandermaele,1,276,267,9,258,30,1,0,288,276
Erikvsn,1,275,239,36,203,5,1,1,208,276
essidus,1,275,225,50,175,21,1,1,196,276
coldacid,1,275,220,55,165,30,1,1,195,276
boyinice,5,271,225,46,179,9,3,5,188,276
JoshofWestern19,2,274,222,52,170,15,2,2,185,276
MynameisCarly,1,275,209,66,143,25,1,1,168,276
teleporterdown,2,275,202,73,129,20,2,1,149,276
MarkyUK,1,275,184,91,93,48,1,1,141,276
nopenowan,1,275,198,77,121,15,1,1,136,276
volandil,1,275,184,91,93,15,1,1,108,276
Nekoaoi,6,270,172,98,74,30,5,6,104,276
thereaper73,1,275,184,91,93,7,1,1,100,276
notk,1,275,182,93,89,2,1,1,91,276
csispy007,1,276,171,105,66,24,1,0,90,276
jshannow,1,276,170,106,64,15,1,0,79,276
maximmm,1,275,159,116,43,36,1,1,79,276
ceetee,1,276,163,113,50,6,1,0,56,276
BrosEquis,1,275,161,114,47,5,1,1,52,276
Max_W_,1,274,248,26,222,26,1,1,248,275
ThaRealGaryOak,2,275,237,38,199,11,2,0,210,275
Space_Octopus,1,275,232,43,189,18,1,0,207,275
TheJediJew,1,274,213,61,152,30,0,1,182,275
JackSkelingtionIII,1,274,224,50,174,7,1,1,181,275
mspk7305,1,274,209,65,144,36,1,1,180,275
atypicaldude,2,273,217,56,161,10,2,2,171,275
ZephyrBiscuit,1,275,202,73,129,40,1,0,169,275
jmostynm,1,274,212,62,150,9,1,1,159,275
Sssavannah00,1,274,207,67,140,14,0,1,154,275
WillTrivium,2,273,201,72,129,11,2,2,140,275
Insomniakkz,1,274,199,75,124,16,1,1,140,275
attila_thehun,1,274,202,72,130,8,1,1,138,275
hidrothvndr,1,275,195,80,115,15,1,0,130,275
reditrulezz,3,273,187,86,101,12,2,2,113,275
Adman130,2,273,180,93,87,10,2,2,97,275
amabry32,2,273,166,107,59,20,2,2,79,275
Ambsase,1,274,167,107,60,12,1,1,72,275
carrardo,1,274,166,108,58,4,1,1,62,275
DickRhino,1,273,246,27,219,8,1,1,227,274
cenwen,1,273,242,31,211,3,1,1,214,274
normandia,1,274,216,58,158,56,1,0,214,274
Ostylee,1,273,236,37,199,4,1,1,203,274
dkotes,1,273,223,50,173,28,1,1,201,274
hazydev,3,271,213,58,155,28,2,3,183,274
JakeMartens,3,271,213,58,155,22,3,3,177,274
ajpod,1,273,220,53,167,8,1,1,175,274
ZestyPancakes,1,273,215,58,157,13,1,1,170,274
dirty_undies,2,272,205,67,138,21,2,2,159,274
sydneyeh,1,273,206,67,139,19,1,1,158,274
wob_wob_wob,1,273,199,74,125,31,1,1,156,274
SmallName,2,272,207,65,142,6,1,2,148,274
notkud,1,273,204,69,135,11,1,1,146,274
hAAAnh,2,272,200,72,128,4,2,2,132,274
artard,1,274,186,88,98,16,1,0,114,274
Jfox69,3,271,176,95,81,29,1,3,110,274
sierralynnonline,3,271,186,85,101,8,3,3,109,274
SamuraiSevens,2,272,183,89,94,15,2,2,109,274
PeelSlowly,1,273,184,89,95,5,1,1,100,274
turner13,3,271,176,95,81,19,1,3,100,274
dianeruth,1,274,180,94,86,12,1,0,98,274
Redditor901,1,273,178,95,83,11,1,1,94,274
Tony_Brown_III,1,273,169,104,65,5,1,1,70,274
hotkakes101,2,273,162,111,51,13,2,1,64,274
Rufus2468,2,272,160,112,48,5,2,2,53,274
wildboy1486,8,267,149,118,31,20,5,7,51,274
metalmagician,1,272,251,21,230,9,1,1,239,273
LipStickLizzie,1,272,230,42,188,9,0,1,197,273
DrOrbdyJones,1,272,232,40,192,0,1,1,192,273
pigman97,1,272,227,45,182,6,1,1,188,273
koriandr,1,272,223,49,174,6,1,1,180,273
lemook,1,272,211,61,150,21,0,1,171,273
thefuckswasthat,1,272,215,57,158,8,1,1,166,273
Bluegodzill,1,272,209,63,146,10,1,1,156,273
Lillybean815,1,272,210,62,148,2,1,1,150,273
scartol,2,271,198,73,125,16,2,2,141,273
Rudiger,1,272,188,84,104,15,1,1,119,273
Spelling_is_hadr,1,272,191,81,110,9,1,1,119,273
Optum5_Crim3,2,271,187,84,103,12,2,2,115,273
barron224,2,271,189,82,107,7,2,2,114,273
Smittyrb,1,272,186,86,100,4,1,1,104,273
Sydney-Bliss,2,271,178,93,85,9,1,2,94,273
flamingboard,5,268,165,103,62,22,4,5,84,273
Bchinly,2,271,161,110,51,5,1,2,56,273
trumpethero786,1,272,228,44,184,64,1,0,248,272
867stevo,1,271,243,28,215,4,0,1,219,272
Melvin_Udall,1,271,239,32,207,7,0,1,214,272
Magnum007,1,272,220,52,168,12,1,0,180,272
CJ9T5,3,269,209,60,149,21,1,3,170,272
Reggaejunkiejew31,1,271,215,56,159,5,1,1,164,272
jaredhag23,1,271,215,56,159,0,1,1,159,272
gunnLX,1,271,212,59,153,3,1,1,156,272
Precious_Zest,1,271,209,62,147,9,0,1,156,272
MidgetDance1337,1,271,210,61,149,5,1,1,154,272
pandacamp,1,271,201,70,131,18,1,1,149,272
PressPush,2,270,202,68,134,0,2,2,134,272
idungoofeded,1,271,195,76,119,8,1,1,127,272
Rickrossisfat,2,271,184,87,97,29,2,1,126,272
BearCatAbomination,1,271,195,76,119,4,1,1,123,272
Gnomey507,1,271,195,76,119,3,0,1,122,272
cantfindspacebar,2,270,187,83,104,16,2,2,120,272
Eight8FlyingTurtle,1,272,189,83,106,4,1,0,110,272
jfmonkey,3,269,182,87,95,4,2,3,99,272
silentMover,2,270,179,91,88,9,1,2,97,272
theeaglesden,1,271,178,93,85,9,1,1,94,272
ironclyde,2,270,173,97,76,16,2,2,92,272
rbbdrooger,1,272,162,110,52,37,1,0,89,272
trigun2929,6,267,160,107,53,6,2,5,59,272
goose2460,1,271,164,107,57,2,1,1,59,272
iorgfeflkd,1,270,235,35,200,39,1,1,239,271
cannonballjim,1,271,238,33,205,6,1,0,211,271
Laffeman,1,270,226,44,182,14,1,1,196,271
ForeverMovement,3,268,223,45,178,5,2,3,183,271
i_need_downvotes_now,1,270,212,58,154,3,1,1,157,271
murderousmarty,2,270,205,65,140,11,2,1,151,271
ItsDanaFTW,1,270,203,67,136,13,1,1,149,271
dwille10,1,270,202,68,134,12,1,1,146,271
jnatale,1,270,206,64,142,3,1,1,145,271
asheraze,3,268,197,71,126,10,1,3,136,271
wookash,1,271,193,78,115,19,1,0,134,271
bev15003,1,270,197,73,124,9,1,1,133,271
pikadrew,3,269,191,78,113,15,3,2,128,271
Bailey495,1,270,174,96,78,48,1,1,126,271
SlimeHudson,1,270,189,81,108,7,1,1,115,271
deeohdahrent,2,269,190,79,111,3,2,2,114,271
ackel,1,270,185,85,100,3,1,1,103,271
caustic_snow,1,270,175,95,80,11,1,1,91,271
adhchopper,3,268,157,111,46,31,3,3,77,271
db82,4,268,163,105,58,13,4,3,71,271
Jackson024,1,270,166,104,62,7,1,1,69,271
coottenhimer,2,270,161,109,52,13,2,1,65,271
Miketheguy,1,271,161,110,51,8,1,0,59,271
arthor,1,270,142,128,14,11,1,1,25,271
effrum,1,269,225,44,181,8,1,1,189,270
Hermestat,1,269,220,49,171,16,1,1,187,270
betyoudidntknow,1,269,216,53,163,19,1,1,182,270
PissFartArsinAboot,2,269,223,46,177,4,2,1,181,270
Ruddiger_Merrypath,2,268,216,52,164,3,2,2,167,270
enjoyablycrazy,1,269,213,56,157,6,1,1,163,270
riderjack1,5,267,205,62,143,12,2,3,155,270
brasher,1,269,201,68,133,14,1,1,147,270
resistedsuicide,1,269,198,71,127,14,1,1,141,270
Xx_nyan_mew_xX,1,270,184,86,98,34,0,0,132,270
gnartifact,1,269,195,74,121,5,1,1,126,270
dre10g,4,266,189,77,112,12,4,4,124,270
jamsbyjosh,1,269,186,83,103,12,1,1,115,270
cottoncandysex,1,269,164,105,59,48,1,1,107,270
Vozadam,2,269,184,85,99,6,1,1,105,270
hate_tank,5,266,177,89,88,15,4,4,103,270
Enoslives,3,267,152,115,37,21,2,3,58,270
len69,1,270,143,127,16,11,1,0,27,270
mike213player213,1,268,230,38,192,96,1,1,288,269
Iam_alwaysRIGHT,3,268,243,25,218,59,2,1,277,269
rainbowsandcupcakes,2,269,237,32,205,20,1,0,225,269
mrgnome1538,1,268,220,48,172,45,1,1,217,269
soxfanpdx,1,268,235,33,202,15,1,1,217,269
BennyFresh,1,268,239,29,210,5,1,1,215,269
tiffpea,1,268,203,65,138,73,1,1,211,269
JediMindTricks2011,2,268,222,46,176,3,1,1,179,269
tiMMy4190,2,268,217,51,166,6,2,1,172,269
littlemonky,3,267,198,69,129,33,2,2,162,269
vmrchs,1,268,207,61,146,5,1,1,151,269
mrhappyoz,1,268,190,78,112,23,1,1,135,269
philliple97,1,268,199,69,130,2,1,1,132,269
Emwat1024,3,266,190,76,114,9,1,3,123,269
Vanceatot01,1,269,192,77,115,8,1,0,123,269
themartypartyyy,5,265,178,87,91,25,3,4,116,269
thebigguru,6,263,166,97,69,23,3,6,92,269
akaleprechaun,2,267,168,99,69,16,2,2,85,269
TemperenceHill,1,269,173,96,77,6,1,0,83,269
FusionX,1,268,159,109,50,13,1,1,63,269
SphericalArc,1,267,217,50,167,62,0,1,229,268
Isaac_Clarke_Is_Dead,2,267,234,33,201,22,2,1,223,268
KFCFriedChicken,1,267,229,38,191,23,1,1,214,268
RyeChips,1,267,225,42,183,11,1,1,194,268
EpicJ,1,267,218,49,169,14,1,1,183,268
vishy20,1,267,220,47,173,10,1,1,183,268
EtGE,6,263,209,54,155,7,4,5,162,268
Chevygirl1992,1,267,210,57,153,4,0,1,157,268
new_b,2,266,206,60,146,9,0,2,155,268
MasterbateWithFire,3,266,200,66,134,17,1,2,151,268
LoveNOtherDrugs,2,267,203,64,139,11,2,1,150,268
bellamarvella,6,263,198,65,133,10,2,5,143,268
rico3,1,267,185,82,103,34,1,1,137,268
SterileHD,7,261,189,72,117,17,4,7,134,268
sslater765,1,267,196,71,125,9,1,1,134,268
BlamaRama,1,267,196,71,125,4,1,1,129,268
fullcircle_bflo,1,267,188,79,109,20,1,1,129,268
satinel,1,267,185,82,103,25,1,1,128,268
PlaySkool,1,267,188,79,109,2,1,1,111,268
edruler99,3,265,180,85,95,15,3,3,110,268
LoboDaTerra,2,267,175,92,83,11,2,1,94,268
rocky1003,1,267,167,100,67,10,1,1,77,268
MetalFuzzyBunny,1,268,161,107,54,11,1,0,65,268
Slamwise76,1,266,241,25,216,19,1,1,235,267
graphickellie,2,265,228,37,191,16,1,2,207,267
Bloopkin,1,266,215,51,164,20,1,1,184,267
Akylees,2,266,215,51,164,17,2,1,181,267
rivensky,1,266,208,58,150,21,1,1,171,267
D116h,4,264,211,53,158,5,2,3,163,267
Tonytarium,1,266,209,57,152,4,1,1,156,267
Emily89,1,266,203,63,140,10,1,1,150,267
bopoqod,2,267,207,60,147,2,1,0,149,267
koherence,1,266,198,68,130,6,1,1,136,267
ozman51,1,266,194,72,122,9,1,1,131,267
CaptainSpace,2,265,183,82,101,25,1,2,126,267
avenlanzer,1,266,190,76,114,11,1,1,125,267
astro2039194,1,266,185,81,104,17,1,1,121,267
makaraft,1,266,177,89,88,17,1,1,105,267
zomgz0mbie,1,266,177,89,88,15,1,1,103,267
crispypotatoes,1,266,176,90,86,4,1,1,90,267
BrooklynHipster,1,266,169,97,72,15,0,1,87,267
justamedicine,2,266,171,95,76,7,2,1,83,267
heck_yes,1,266,166,100,66,3,1,1,69,267
ericksinha,1,266,156,110,46,18,1,1,64,267
dainethemain,1,266,156,110,46,14,1,1,60,267
nowucmenowurdead,2,265,144,121,23,11,2,2,34,267
HerroPreeze,1,265,235,30,205,9,0,1,214,266
CaptainTransylvania,1,266,232,34,198,2,1,0,200,266
donyahelwa,2,264,223,41,182,8,1,2,190,266
RapistBurger,1,265,214,51,163,20,1,1,183,266
lovebandit,1,265,220,45,175,3,1,1,178,266
abbbe91,2,266,203,63,140,34,2,0,174,266
LupivTheGreat,1,266,213,53,160,10,1,0,170,266
Reaper505,2,264,209,55,154,16,1,2,170,266
Raimeiken,1,265,210,55,155,11,1,1,166,266
beev,2,265,204,61,143,13,2,1,156,266
MissSteenie,1,265,207,58,149,6,0,1,155,266
bawss,1,265,201,64,137,13,1,1,150,266
Area_724,1,265,203,62,141,7,1,1,148,266
KittensForAll,1,265,202,63,139,6,1,1,145,266
filanthropist,1,265,200,65,135,9,1,1,144,266
Zerkyl,2,264,199,65,134,2,2,2,136,266
Jnette,1,265,191,74,117,19,1,1,136,266
Jjunior130,1,265,196,69,127,4,1,1,131,266
UsVersusThem,1,265,183,82,101,20,0,1,121,266
UDorhune,1,265,181,84,97,10,1,1,107,266
MegaDigim,2,264,167,97,70,34,1,2,104,266
fozzie1984,8,259,167,92,75,22,8,7,97,266
TlCKETS,1,266,176,90,86,11,1,0,97,266
why_so_Sirius,1,266,177,89,88,3,1,0,91,266
DoomAndThenSum,1,265,159,106,53,31,1,1,84,266
dendumannen,1,266,166,100,66,10,1,0,76,266
bluebogle,1,266,158,108,50,8,1,0,58,266
uncl_andy69,1,265,147,118,29,7,1,1,36,266
Rawkher,1,264,237,27,210,6,1,1,216,265
hensleyc,2,263,228,35,193,8,2,2,201,265
ItsMrQ,1,264,210,54,156,27,1,1,183,265
booster420,1,264,217,47,170,5,1,1,175,265
dgrim1214,1,264,205,59,146,22,1,1,168,265
Karbaum,2,263,199,64,135,18,1,2,153,265
trojanfan7,3,263,200,63,137,4,2,2,141,265
Trakis,3,263,191,72,119,19,3,2,138,265
jkelly70,1,265,190,75,115,17,1,0,132,265
asianbronyman,3,262,194,68,126,4,1,3,130,265
MetalStoofs,1,265,177,88,89,15,1,0,104,265
zombiebenji,1,265,182,83,99,3,1,0,102,265
FuckingQWOPguy,2,263,173,90,83,6,2,2,89,265
InLoveWithKueppers,1,264,166,98,68,8,1,1,76,265
HERO_2,3,262,165,97,68,7,3,3,75,265
foreverapanda,1,264,163,101,62,8,1,1,70,265
bardolfvilliar,4,261,124,137,-13,6,4,4,-7,265
Shank_the_Tank,1,263,234,29,205,10,1,1,215,264
Patrick5555,2,262,226,36,190,14,2,2,204,264
zchamp2225,2,262,221,41,180,11,2,2,191,264
SomeGuyWithABoner,2,262,219,43,176,10,2,2,186,264
Legend_Floyd,2,262,215,47,168,15,1,2,183,264
LeTricolore,1,263,209,54,155,18,1,1,173,264
da1inchpunch,1,263,210,53,157,11,1,1,168,264
Nootelley,1,263,211,52,159,8,1,1,167,264
Blasphemy4kidz,1,264,210,54,156,10,1,0,166,264
justincase1021,2,262,202,60,142,18,1,2,160,264
mojoe1000,3,261,203,58,145,11,3,3,156,264
get_much_higher,1,263,207,56,151,3,0,1,154,264
Bunchieslol,1,264,203,61,142,10,1,0,152,264
fribilini,1,263,194,69,125,19,1,1,144,264
xkontemplatex,2,262,197,65,132,9,2,2,141,264
ieatbagels,1,264,198,66,132,6,1,0,138,264
Jaerard,2,263,199,64,135,0,1,1,135,264
J_hoff,2,262,170,92,78,48,2,2,126,264
CaptainCandyCain,3,261,185,76,109,2,2,3,111,264
BrettusD,1,263,183,80,103,7,1,1,110,264
Winnie_The_Bago,1,263,162,101,61,48,1,1,109,264
huntingbuddy,1,264,177,87,90,8,1,0,98,264
SamTheDetective,1,263,176,87,89,8,1,1,97,264
boowman,1,264,160,104,56,14,1,0,70,264
matticus1991,1,263,161,102,59,11,1,1,70,264
katiep0504,1,263,152,111,41,17,1,1,58,264
SacreDionysuS,1,263,131,132,-1,11,1,1,10,264
kickkson,2,261,215,46,169,16,2,2,185,263
byeberlin,1,262,213,49,164,12,0,1,176,263
ross5781,3,261,209,52,157,12,2,2,169,263
tonycereal,1,262,209,53,156,9,1,1,165,263
SkippyWagner,2,261,197,64,133,21,2,2,154,263
jayt92,1,262,206,56,150,3,1,1,153,263
aplur,1,262,188,74,114,38,0,1,152,263
bpdjblue,6,257,199,58,141,6,1,6,147,263
blue_board,1,262,199,63,136,7,1,1,143,263
riders994,2,261,196,65,131,8,2,2,139,263
Marrk,1,262,187,75,112,22,1,1,134,263
maneck35,1,262,177,85,92,34,1,1,126,263
sdimaria13,2,261,184,77,107,8,2,2,115,263
BonerJams71,1,263,172,91,81,32,1,0,113,263
vonWeizhacker,1,262,175,87,88,9,1,1,97,263
Maxv852,1,262,170,92,78,18,1,1,96,263
iSNeeKZ,1,262,169,93,76,15,1,1,91,263
alpha_male1,1,262,164,98,66,16,1,1,82,263
ifeltdave,1,262,163,99,64,5,1,1,69,263
cuteaprilsmith,1,262,153,109,44,17,1,1,61,263
negative_v1,1,262,228,34,194,8,1,0,202,262
defenestratingdoors,1,262,224,38,186,13,1,0,199,262
bassmacka,1,261,216,45,171,10,1,1,181,262
anotherlandguy,1,261,201,60,141,15,1,1,156,262
tails57,1,262,200,62,138,13,1,0,151,262
hoxieX,1,261,182,79,103,25,1,1,128,262
rico99,1,261,189,72,117,11,1,1,128,262
BADEXAMPLE4U,2,261,182,79,103,21,2,1,124,262
-CeterisParibus-,1,261,190,71,119,3,1,1,122,262
Patriscuit,1,262,186,76,110,4,1,0,114,262
JacketedVictor,3,259,176,83,93,12,2,3,105,262
novelideagreiner,2,260,176,84,92,13,1,2,105,262
mzemel,1,261,179,82,97,6,1,1,103,262
Aim_To_Misbehave,1,261,167,94,73,16,1,1,89,262
zetrate,1,261,154,107,47,39,1,1,86,262
columbianbambam,3,259,152,107,45,18,3,3,63,262
zjbarden,2,261,153,108,45,10,2,1,55,262
Maskawanian,2,260,231,29,202,27,1,1,229,261
subwayisaporno,2,259,232,27,205,6,2,2,211,261
JensOwns,1,260,231,29,202,8,1,1,210,261
combatjohnny,1,260,213,47,166,32,1,1,198,261
RedZevia,1,261,206,55,151,12,1,0,163,261
Fremen13,1,260,194,66,128,24,1,1,152,261
xXSpacemanXx,1,260,187,73,114,35,1,1,149,261
Jayross,1,260,198,62,136,11,1,1,147,261
NalaInDanger,1,260,198,62,136,8,1,1,144,261
Twixius,1,261,195,66,129,15,1,0,144,261
chyckun,3,258,193,65,128,12,2,3,140,261
bigandrewgold,1,260,198,62,136,4,1,1,140,261
Jew_Crusher,1,261,195,66,129,7,1,0,136,261
rileyxradio,1,260,197,63,134,2,1,1,136,261
Fish_Slap,1,260,174,86,88,42,1,1,130,261
Simbrian,1,260,191,69,122,6,1,1,128,261
faptastics,1,260,189,71,118,9,1,1,127,261
MercenarySheep,1,260,175,85,90,27,1,1,117,261
NittLion78,1,260,178,82,96,19,1,1,115,261
Grant638,1,260,180,80,100,5,1,1,105,261
wannabeginge,1,261,174,87,87,17,1,0,104,261
funkmasterke,1,260,175,85,90,10,1,1,100,261
alfalfasprouts,2,259,169,90,79,10,2,2,89,261
chadjakes,1,260,169,91,78,9,1,1,87,261
Fragorder,1,260,169,91,78,9,1,1,87,261
cnash6,1,261,160,101,59,5,1,0,64,261
linkrift,1,259,227,32,195,21,1,1,216,260
spacetimemeatmachine,1,259,214,45,169,25,1,1,194,260
Blairbear28,2,258,212,46,166,3,2,2,169,260
acciodoublestuf,1,259,204,55,149,8,1,1,157,260
mynameisconger,1,259,202,57,145,9,1,1,154,260
frrrni,3,258,196,62,134,15,3,2,149,260
thisismyfavoritepart,2,258,200,58,142,7,2,2,149,260
axdvgnj,2,260,195,65,130,15,2,0,145,260
Cunt_Mc_Cunterson,1,259,187,72,115,17,1,1,132,260
suzycakes,1,259,179,80,99,29,1,1,128,260
mannyolicious,2,258,178,80,98,3,1,2,101,260
pnasty2012,1,260,176,84,92,9,1,0,101,260
TheJusticeMoose,1,259,173,86,87,12,1,1,99,260
Momma_D,1,260,172,88,84,11,1,0,95,260
Zotmaster,1,259,164,95,69,15,0,1,84,260
ihearttbeavers,3,258,167,91,76,3,2,2,79,260
osap21,2,258,165,93,72,6,2,2,78,260
Beac,1,259,160,99,61,0,1,1,61,260
ThatSawChewbacca,1,259,156,103,53,3,1,1,56,260
CrabbyPatties23,1,260,148,112,36,17,1,0,53,260
chadobryhim,2,258,240,18,222,38,2,1,260,259
Stickey_Glue,1,258,215,43,172,64,1,1,236,259
imamericanok,1,259,222,37,185,13,1,0,198,259
dancinghost,1,258,220,38,182,8,1,1,190,259
dvorakoa,1,258,220,38,182,8,1,1,190,259
andrewguo97,1,258,219,39,180,8,1,1,188,259
SpaceLasers,2,257,217,40,177,3,2,2,180,259
wtfuu91,1,258,211,47,164,7,1,1,171,259
YouPickMyName,3,256,209,47,162,2,3,3,164,259
mcskinnymac,1,258,199,59,140,24,1,1,164,259
GuyNoirPrivateEye,2,258,207,51,156,5,2,1,161,259
SeveredBanana,2,257,198,59,139,22,2,2,161,259
jbomb6,1,259,200,59,141,10,1,0,151,259
bizzaro42,1,258,198,60,138,11,1,1,149,259
King_0f_Scotland,1,258,190,68,122,13,1,1,135,259
Sean62291,1,258,188,70,118,9,1,1,127,259
Guy6,2,257,190,67,123,3,1,2,126,259
xjamiesonx,1,258,169,89,80,29,1,1,109,259
dazzler_valentine,1,259,167,92,75,17,1,0,92,259
spelunkerr,1,258,173,85,88,3,1,1,91,259
ButtScratcher,1,258,171,87,84,7,0,1,91,259
zmekus,2,257,164,93,71,16,2,2,87,259
MrStevens,1,258,166,92,74,9,1,1,83,259
a-shoe,1,259,150,109,41,5,1,0,46,259
wolf83,1,257,223,34,189,58,0,1,247,258
STARVE_THE_BEAST,1,257,196,61,135,109,0,1,244,258
PumpkinProphet,1,257,209,48,161,9,1,1,170,258
MrJonHammersticks,1,257,201,56,145,16,1,1,161,258
jaxnos,2,256,206,50,156,4,2,2,160,258
Mischgasm,1,258,198,60,138,3,1,0,141,258
jeanthine,1,257,190,67,123,16,1,1,139,258
Tab338,1,257,191,66,125,14,1,1,139,258
dicking69,1,257,185,72,113,18,1,1,131,258
msalstrom,1,257,186,71,115,12,1,1,127,258
hesheatingup,2,256,171,85,86,38,2,2,124,258
SnikySnake,1,257,171,86,85,32,1,1,117,258
dma4x,1,258,175,83,92,22,1,0,114,258
CCMcfet,2,257,183,74,109,4,2,1,113,258
4raser,1,258,177,81,96,11,1,0,107,258
Pwntheon,1,257,171,86,85,20,1,1,105,258
1000Steps,4,255,172,83,89,14,4,3,103,258
frankreddit5,3,257,169,88,81,18,1,1,99,258
RedFlocks,2,256,158,98,60,29,1,2,89,258
Voltgasm,2,256,164,92,72,13,2,2,85,258
FunkBrother,1,258,163,95,68,6,1,0,74,258
Iggytoad,3,256,152,104,48,14,3,2,62,258
Son0vaGlitch,1,256,214,42,172,74,1,1,246,257
Andrew619,1,256,223,33,190,25,1,1,215,257
MrX742,1,256,232,24,208,2,1,1,210,257
QuantumVibrations,1,256,210,46,164,4,1,1,168,257
MarcosLuis97,1,256,204,52,152,13,1,1,165,257
crystalsucks,2,255,204,51,153,4,2,2,157,257
Hexicidal,1,257,200,57,143,14,1,0,157,257
Aenimatic,1,257,187,70,117,37,1,0,154,257
mjshep26,1,256,196,60,136,10,1,1,146,257
Rockbell_Automail,1,256,198,58,140,6,1,1,146,257
TranceF0rm,2,255,187,68,119,25,2,2,144,257
Szarvas14,1,256,196,60,136,6,1,1,142,257
HeyJustWantedToSay,3,254,190,64,126,13,3,3,139,257
ajrodarte77,2,255,188,67,121,14,2,2,135,257
ironspider12,1,256,183,73,110,25,0,1,135,257
DonMexico,1,256,187,69,118,13,1,1,131,257
Arkam_Framer,1,256,178,78,100,20,1,1,120,257
collocake,1,256,185,71,114,6,1,1,120,257
blerburries,1,256,179,77,102,12,1,1,114,257
CocoLibby,2,255,167,88,79,23,2,2,102,257
evantide,1,256,170,86,84,6,1,1,90,257
DownWithFun,2,257,166,91,75,13,1,0,88,257
lexarqade,2,256,163,93,70,11,2,1,81,257
factory81,1,256,146,110,36,42,1,1,78,257
Kolpernicus,1,256,161,95,66,5,1,1,71,257
swish_,1,256,159,97,62,9,1,1,71,257
Beznet,1,256,149,107,42,9,1,1,51,257
awinsalot,2,254,223,31,192,7,2,2,199,256
smcaulii,1,255,225,30,195,2,1,1,197,256
mathSciNERD,3,253,210,43,167,18,1,3,185,256
Ziyudad,1,255,208,47,161,21,0,1,182,256
Ex-Muslim,1,255,216,39,177,3,0,1,180,256
UCFis4lovers,1,255,213,42,171,6,1,1,177,256
Arceeskates,3,254,211,43,168,8,3,2,176,256
sonicXdoom,1,255,208,47,161,9,1,1,170,256
Commander_Monkey,1,255,199,56,143,27,0,1,170,256
Merzotto,1,255,196,59,137,28,1,1,165,256
anomicbomber,1,255,199,56,143,13,1,1,156,256
Coocat86,3,254,190,64,126,27,3,2,153,256
jttdr,1,255,191,64,127,8,1,1,135,256
Shimokurasaka,1,255,192,63,129,5,1,1,134,256
cockhorse-_-,2,254,188,66,122,6,2,2,128,256
Suzy_Bean,1,255,183,72,111,16,1,1,127,256
bassdrumbrah,2,254,184,70,114,8,2,2,122,256
senorjohhny,2,254,176,78,98,11,2,2,109,256
lostin2010,1,255,177,78,99,7,1,1,106,256
Rtalbot55,1,256,175,81,94,7,1,0,101,256
xsamx321,4,253,166,87,79,17,3,3,96,256
iamiamwhoami,2,254,165,89,76,9,2,2,85,256
mickfinn9000,2,254,159,95,64,18,2,2,82,256
nome0009,2,254,158,96,62,13,2,2,75,256
Savila66,1,255,147,108,39,18,1,1,57,256
KillerMiller28,2,254,212,42,170,11,0,1,181,255
commoninja,1,254,202,52,150,15,1,1,165,255
deepness,3,253,203,50,153,10,2,2,163,255
TheKillerToast,1,254,193,61,132,31,1,1,163,255
erkose,6,249,195,54,141,17,5,6,158,255
eddie1996,1,255,192,63,129,21,1,0,150,255
Machk1,1,254,194,60,134,14,0,1,148,255
gravypod,1,254,196,58,138,7,1,1,145,255
endogenix,2,253,181,72,109,32,2,2,141,255
Pyrosnowman,3,252,186,66,120,16,3,3,136,255
slimmyshady,1,254,189,65,124,10,1,1,134,255
mcoree,1,254,192,62,130,2,1,1,132,255
stopherjj,2,253,183,70,113,8,2,2,121,255
cake_my_day,1,255,179,76,103,9,1,0,112,255
DeathSpell55555,1,254,179,75,104,5,1,1,109,255
pastafariantimatter,1,254,179,75,104,5,1,1,109,255
DeadlyColeTrain,1,255,174,81,93,5,1,0,98,255
Shikaze,1,254,170,84,86,9,1,1,95,255
throwaway555789,1,254,167,87,80,14,1,1,94,255
NigAladdin,2,253,167,86,81,10,2,2,91,255
Prazeres,1,255,155,100,55,34,1,0,89,255
Slogan123,2,253,169,84,85,3,2,2,88,255
ParoxysmParadox,1,254,167,87,80,6,1,1,86,255
Iand37,2,253,140,113,27,52,2,2,79,255
Farleys_Jelly_Eggs,1,254,157,97,60,6,1,1,66,255
w4ktt,2,254,147,107,40,9,2,1,49,255
HOT-MONKEY-DICK,1,253,220,33,187,53,1,1,240,254
craftadvisory,2,252,214,38,176,14,2,2,190,254
chendita,1,254,219,35,184,4,1,0,188,254
HYPEractive,1,253,210,43,167,16,1,1,183,254
a11city,5,250,203,47,156,17,4,4,173,254
Alexios_dickening,2,253,206,47,159,9,0,1,168,254
MugatusDog,1,254,203,51,152,9,1,0,161,254
nakolas,5,249,198,51,147,12,1,5,159,254
BlameReligion,3,251,194,57,137,21,3,3,158,254
Stuarrt,1,253,202,51,151,7,1,1,158,254
Lakolguy,1,253,196,57,139,10,1,1,149,254
Ostrichman,1,253,186,67,119,13,1,1,132,254
ohmydogg,1,253,190,63,127,0,0,1,127,254
peanutmanak47,1,253,184,69,115,9,1,1,124,254
darknod,5,249,180,69,111,9,3,5,120,254
waywirk137,1,253,167,86,81,39,1,1,120,254
Tiqui,2,253,177,76,101,18,2,1,119,254
The_Batman_44,2,253,179,74,105,12,2,1,117,254
TheManInBlue,2,252,178,74,104,9,2,2,113,254
baby_pterodactyl,1,254,163,91,72,40,1,0,112,254
UNDIAGNOSEDTOURETTES,1,254,167,87,80,29,1,0,109,254
mark_howera,1,253,172,81,91,7,0,1,98,254
SSingh1215,2,253,168,85,83,9,2,1,92,254
Overcastbeat43,2,252,148,104,44,6,2,2,50,254
aHumanMale,1,253,138,115,23,8,1,1,31,254
Expandedcelt,1,252,232,20,212,10,1,1,222,253
Sabenya,2,251,226,25,201,12,2,2,213,253
bigfunkychiken,1,252,219,33,186,9,1,1,195,253
haylz4,2,251,203,48,155,13,1,2,168,253
ncltrees,1,252,205,47,158,9,1,1,167,253
JhanCrepsac,2,251,203,48,155,9,2,2,164,253
itsjaay,1,252,203,49,154,5,1,1,159,253
StickleyMan,1,252,197,55,142,17,1,1,159,253
noseonarug17,2,251,191,60,131,20,2,2,151,253
calvinjazzz,2,251,185,66,119,27,2,2,146,253
asskickingjedi,2,252,186,66,120,25,2,1,145,253
Dr_Tobin,1,252,194,58,136,8,1,1,144,253
Kymeri,2,251,189,62,127,16,2,2,143,253
mankid,1,252,185,67,118,21,1,1,139,253
physep,1,252,191,61,130,2,1,1,132,253
I_have_bacon,2,251,187,64,123,6,2,2,129,253
LollyBagginz,2,252,187,65,122,7,2,1,129,253
Banko,1,253,170,83,87,35,1,0,122,253
lil_nicker,2,252,178,74,104,12,2,1,116,253
Strig1,3,251,180,71,109,6,3,2,115,253
ChaoticRapture,1,252,163,89,74,36,1,1,110,253
tkaiusf,1,252,171,81,90,11,1,1,101,253
tjpainge,4,249,166,83,83,16,2,4,99,253
Uber_Nick,1,252,166,86,80,11,1,1,91,253
carc,1,253,155,98,57,14,1,0,71,253
4whatreason,2,251,150,101,49,9,2,2,58,253
TacticalGunR,1,252,142,110,32,23,1,1,55,253
thomasski17,4,250,131,119,12,7,3,3,19,253
Bambamfigaro,2,251,218,33,185,14,0,1,199,252
Ominom,1,252,217,35,182,14,1,0,196,252
TheSirRichard,1,251,219,32,187,2,1,1,189,252
fitted,1,252,214,38,176,9,1,0,185,252
darlin0707,1,251,208,43,165,16,1,1,181,252
Roryrooster,1,251,206,45,161,5,1,1,166,252
Yanrogue,2,250,195,55,140,17,2,2,157,252
justinsand,1,252,193,59,134,15,1,0,149,252
MissMonet,1,251,194,57,137,7,1,1,144,252
LampDesk14,2,250,190,60,130,6,0,2,136,252
cypherpunk,1,251,190,61,129,5,1,1,134,252
MetallicBird,1,252,187,65,122,5,1,0,127,252
Genericdruid,1,251,177,74,103,5,1,1,108,252
bkeeler,1,252,167,85,82,17,1,0,99,252
TheMagnificentBoner,1,251,172,79,93,4,1,1,97,252
cheesecube5000,1,251,161,90,71,22,1,1,93,252
ittporaabocs,1,251,161,90,71,9,1,1,80,252
igob8a,1,251,155,96,59,10,1,1,69,252
brysoncorley,2,251,149,102,47,16,2,1,63,252
SonicYouth88,1,252,151,101,50,12,1,0,62,252
Spit-wad,1,252,142,110,32,9,1,0,41,252
tonker,2,250,137,113,24,4,0,2,28,252
tenaciousb83,2,251,219,32,187,34,1,0,221,251
TheZenArcher,1,250,209,41,168,25,0,1,193,251
MTFBWY,1,250,219,31,188,2,1,1,190,251
Mrcntrygun,1,250,209,41,168,13,1,1,181,251
KarmaAddict,1,250,187,63,124,52,0,1,176,251
caseymagpie,1,251,201,50,151,20,1,0,171,251
pclamer,1,250,205,45,160,11,1,1,171,251
Nygma,1,250,205,45,160,6,1,1,166,251
maddermonkey,1,250,196,54,142,15,0,1,157,251
Sheriff_Woodie,1,250,197,53,144,6,1,1,150,251
Cmaff15,2,249,195,54,141,8,2,2,149,251
13Man,1,250,195,55,140,4,1,1,144,251
SamVanDam,1,250,191,59,132,12,1,1,144,251
Unkochicken,1,250,194,56,138,4,1,1,142,251
masterof80smetal,2,249,178,71,107,30,1,2,137,251
Theyon,1,250,191,59,132,5,0,1,137,251
baculaat,2,249,185,64,121,13,1,2,134,251
LurkMoarMcCluer,2,249,187,62,125,9,1,2,134,251
drcuetogomez,1,250,183,67,116,17,0,1,133,251
postingchallenge,1,250,185,65,120,8,1,1,128,251
therealsylvos,2,249,182,67,115,12,2,2,127,251
vinylasphalt,1,250,182,68,114,8,1,1,122,251
town_klown,3,248,182,66,116,5,2,3,121,251
colorado-kid,4,248,166,82,84,30,3,3,114,251
TheCats_PJs,5,246,171,75,96,15,4,5,111,251
beesk,3,248,175,73,102,9,3,3,111,251
SyntheticDiz,1,250,167,83,84,26,1,1,110,251
Javiee_,2,249,169,80,89,17,2,2,106,251
lancerevo98,3,248,158,90,68,30,3,3,98,251
kiwifan,1,250,170,80,90,2,1,1,92,251
studdenfadden,1,250,155,95,60,29,1,1,89,251
Gooszvor,1,250,162,88,74,6,1,1,80,251
neokong,2,249,150,99,51,6,1,2,57,251
mafontanaaa,1,251,151,100,51,5,1,0,56,251
plendergast,1,249,219,30,189,13,1,1,202,250
fishdog419,1,249,216,33,183,8,1,1,191,250
malphasm,1,249,217,32,185,6,0,1,191,250
cykovisuals,2,248,207,41,166,17,2,2,183,250
pocodot,1,249,210,39,171,5,1,1,176,250
Locupleto,1,249,211,38,173,2,1,1,175,250
Methodic1,1,249,194,55,139,28,1,1,167,250
banjer,1,250,200,50,150,11,1,0,161,250
attemptedactor,2,248,196,52,144,9,2,2,153,250
wnz,2,248,193,55,138,14,1,2,152,250
lilithsapple,1,249,198,51,147,3,1,1,150,250
TurtleSub,1,249,196,53,143,6,1,1,149,250
Alterx,2,248,190,58,132,5,2,2,137,250
jordancalhoun,1,249,187,62,125,11,1,1,136,250
NonAmerican,2,248,176,72,104,17,2,2,121,250
plushpikachu,1,249,185,64,121,0,1,1,121,250
isthiswitty,1,249,172,77,95,14,1,1,109,250
sedriss,1,249,174,75,99,6,1,1,105,250
VikingMop,1,250,155,95,60,27,1,0,87,250
redcrossknight,1,250,163,87,76,7,1,0,83,250
SARGEANTFREEDOM,1,249,160,89,71,10,1,1,81,250
brianfive,2,248,152,96,56,11,2,2,67,250
ezzbeedee,1,249,155,94,61,4,1,1,65,250
KoningAPD,1,249,144,105,39,8,1,1,47,250
AdventureCore,1,249,138,111,27,6,1,1,33,250
HumorDude,3,248,132,116,16,9,3,2,25,250
jhra,3,247,207,40,167,64,3,2,231,249
burkellium,1,248,223,25,198,12,0,1,210,249
sydneygamer,1,248,212,36,176,12,1,1,188,249
Cody_over_25,2,247,215,32,183,3,1,2,186,249
herpderptwerp,1,248,207,41,166,10,1,1,176,249
theshonquita,3,246,199,47,152,4,1,3,156,249
Kar0xqe,1,248,187,61,126,26,1,1,152,249
nerdshadow,1,249,197,52,145,7,1,0,152,249
ikilledyourcat,1,248,174,74,100,51,1,1,151,249
Rollyson,2,248,197,51,146,2,1,1,148,249
mrmunchkin62,1,249,192,57,135,9,1,0,144,249
ShadowboyTyler,1,248,191,57,134,3,1,1,137,249
MisterSjeiks,1,248,185,63,122,10,1,1,132,249
Mrpink12187,3,246,183,63,120,10,3,3,130,249
nonroboticvoice,1,248,182,66,116,9,1,1,125,249
jordaniac89,3,246,176,70,106,10,3,3,116,249
Morsim,1,248,178,70,108,6,1,1,114,249
gysterz,1,249,166,83,83,26,1,0,109,249
jingerjew,1,249,169,80,89,19,1,0,108,249
j4z7y,2,247,168,79,89,18,1,2,107,249
Stewie977,1,249,173,76,97,4,1,0,101,249
tonuchi,1,248,164,84,80,20,1,1,100,249
shonin,4,245,164,81,83,15,4,4,98,249
BenjaminSkanklin,1,249,158,91,67,21,1,0,88,249
DogmaDog,1,249,155,94,61,25,1,0,86,249
LgnGta,1,248,164,84,80,6,1,1,86,249
kwinix,4,245,159,86,73,12,3,4,85,249
phil8248,2,248,153,95,58,10,1,1,68,249
compro,4,245,144,101,43,15,4,4,58,249
alienblue,1,247,223,24,199,16,1,1,215,248
BigCatsAreCool,1,247,221,26,195,6,1,1,201,248
RichdiculousRichie,1,247,214,33,181,20,1,1,201,248
jazdz010,3,245,208,37,171,15,2,3,186,248
winniethefluh,1,247,205,42,163,9,1,1,172,248
Donkeykong63,1,247,196,51,145,17,1,1,162,248
krew21,2,247,197,50,147,4,2,1,151,248
Amandalovesu904,2,246,197,49,148,2,2,2,150,248
Maestrotx,1,247,183,64,119,27,1,1,146,248
thisisromo,2,246,188,58,130,10,2,2,140,248
JonTheHobo,2,246,187,59,128,5,1,2,133,248
WalkInLove,1,247,183,64,119,9,0,1,128,248
ShittyMF,3,246,162,84,78,35,3,2,113,248
PyrateHooker,3,246,179,67,112,0,3,2,112,248
Cat_Dog,1,247,177,70,107,4,1,1,111,248
jrabieh,1,247,175,72,103,6,1,1,109,248
FearofPunctuation,3,246,171,75,96,7,3,2,103,248
fmbb,2,247,172,75,97,4,2,1,101,248
wuties,2,246,168,78,90,9,2,2,99,248
MrApproval,1,248,171,77,94,5,1,0,99,248
itsfuckinwilson,4,244,166,78,88,0,4,4,88,248
Teknodruid,1,247,162,85,77,5,1,1,82,248
Alextheman505,1,247,138,109,29,45,1,1,74,248
Dwight22,1,247,157,90,67,4,1,1,71,248
WhatSheOrder,2,246,150,96,54,3,2,2,57,248
SoftValkyrie,1,248,134,114,20,5,1,0,25,248
UCRsSon,3,244,219,25,194,13,3,3,207,247
Mothman343,1,246,207,39,168,2,1,1,170,247
tunacookies,1,247,204,43,161,8,1,0,169,247
s0undwave,1,246,202,44,158,9,1,1,167,247
kolj93,1,246,204,42,162,3,0,1,165,247
delveypops,1,247,194,53,141,19,1,0,160,247
DOMOxHAX,1,246,197,49,148,6,1,1,154,247
Ullyssys,1,246,194,52,142,9,1,1,151,247
TheBlazingPhoenix,1,246,189,57,132,6,1,1,138,247
bananaboy23,3,245,182,63,119,8,3,2,127,247
HalfRetardHalfAmazin,2,245,178,67,111,15,1,2,126,247
rubber_duckie,2,245,179,66,113,9,2,2,122,247
svizconlol,1,246,177,69,108,8,1,1,116,247
afghjl555,1,247,169,78,91,8,1,0,99,247
rolyaTnavI,1,247,150,97,53,46,1,0,99,247
htmroxxers,2,245,152,93,59,28,2,2,87,247
bpattonphotography,1,246,143,103,40,26,1,1,66,247
Gujjumad,1,247,145,102,43,13,1,0,56,247
scoolice,1,246,135,111,24,14,1,1,38,247
SFCollection2,1,246,117,129,-12,15,1,1,3,247
hillmajo,1,245,226,19,207,16,1,1,223,246
finalri0t,1,245,223,22,201,0,1,1,201,246
Tpmsalpha,2,244,211,33,178,6,2,2,184,246
Architecting,1,245,213,32,181,2,1,1,183,246
risto1116,1,245,200,45,155,14,1,1,169,246
finding_nino,1,245,198,47,151,8,1,1,159,246
moe1048,2,245,195,50,145,9,2,1,154,246
RB1011,1,245,192,53,139,7,1,1,146,246
insomni666,1,245,191,54,137,7,1,1,144,246
MiSTx93,3,243,189,54,135,4,2,3,139,246
Clay123beast,1,245,179,66,113,5,1,1,118,246
MargauxRose,1,245,178,67,111,0,1,1,111,246
ejgetts,1,245,174,71,103,7,1,1,110,246
nawabee,1,245,163,82,81,23,1,1,104,246
Endreo,1,245,165,80,85,18,1,1,103,246
SkeletorRaptorJesus,2,244,166,78,88,7,2,2,95,246
LazerSquid,1,245,162,83,79,15,1,1,94,246
Ruairi101,1,245,166,79,87,7,1,1,94,246
peanutButterRub,1,245,132,113,19,55,1,1,74,246
Twisted112,3,243,150,93,57,12,3,3,69,246
grimreapergutters,1,246,153,93,60,8,1,0,68,246
eMilk,1,245,145,100,45,22,1,1,67,246
Rawr58,1,245,141,104,37,2,1,1,39,246
Chucksta,1,244,198,46,152,46,1,1,198,245
Bommix,2,243,205,38,167,11,1,2,178,245
Morgatron570,1,245,186,59,127,43,1,0,170,245
Bloodspill,1,244,195,49,146,14,1,1,160,245
labago,1,244,197,47,150,7,1,1,157,245
Very_Juicy,2,243,197,46,151,4,2,2,155,245
whodatninga,2,243,179,64,115,24,0,2,139,245
Mr-Upvote,2,243,189,54,135,3,2,2,138,245
rasmusca,2,245,175,70,105,31,2,0,136,245
adobe1kinobe,2,243,181,62,119,13,2,2,132,245
minrak,1,244,178,66,112,19,0,1,131,245
agoostaholic,2,243,177,66,111,14,2,2,125,245
icko11,2,243,177,66,111,13,2,2,124,245
mword21,2,243,180,63,117,6,1,2,123,245
15jminnick,2,243,179,64,115,3,2,2,118,245
Coldmonkey13,5,241,173,68,105,7,4,4,112,245
MrCunderThunt,2,244,173,71,102,5,2,1,107,245
JewishIGuess,1,244,156,88,68,32,1,1,100,245
gteh420,1,245,161,84,77,20,1,0,97,245
over-thinker,1,245,149,96,53,43,1,0,96,245
epoch2012,3,243,145,98,47,12,3,2,59,245
Iamgoldplayer,1,244,148,96,52,6,1,1,58,245
InternetPipebomb,1,243,214,29,185,54,1,1,239,244
HooptyDooDooMeister,1,244,214,30,184,35,1,0,219,244
duckingducktape,1,244,216,28,188,17,1,0,205,244
ankie,1,243,206,37,169,5,1,1,174,244
dikfeld,3,241,200,41,159,15,1,3,174,244
jimeowan,1,243,205,38,167,5,1,1,172,244
MoonMan523,2,243,198,45,153,13,2,1,166,244
ConorPF,3,241,187,54,133,29,2,3,162,244
brtw,2,243,190,53,137,14,2,1,151,244
ImAWhaleBiologist,1,243,188,55,133,16,1,1,149,244
yelloworangemoose,4,240,192,48,144,0,1,4,144,244
Liek_Chocolate_Milk,1,243,187,56,131,5,1,1,136,244
SuccessfulIndianMan,1,243,180,63,117,6,0,1,123,244
kilo7alib,1,243,178,65,113,6,1,1,119,244
DoctorMcTits,2,242,171,71,100,9,2,2,109,244
Tarpo76,1,244,175,69,106,2,1,0,108,244
OnyxPterodactyl,1,243,168,75,93,13,1,1,106,244
TurboSticks,1,243,165,78,87,19,1,1,106,244
adam28pol,1,243,168,75,93,3,1,1,96,244
Sweetparole,3,241,156,85,71,9,3,3,80,244
LazlikesAlly,1,243,155,88,67,12,1,1,79,244
Reddead1001,1,244,150,94,56,15,1,0,71,244
lilypie12345,1,243,144,99,45,10,1,1,55,244
Canadian_Man,1,242,210,32,178,22,1,1,200,243
hazyanlazy,3,240,215,25,190,6,2,3,196,243
armyn1,1,242,204,38,166,19,1,1,185,243
smart_underachievers,1,242,186,56,130,33,1,1,163,243
harrydorcas,1,242,197,45,152,7,1,1,159,243
dames4108,1,242,197,45,152,2,1,1,154,243
themoray42,1,242,167,75,92,61,1,1,153,243
stillercity,2,241,186,55,131,8,2,2,139,243
Babkock,1,243,187,56,131,6,1,0,137,243
homerda1,1,242,180,62,118,16,0,1,134,243
ChowderMann,2,241,183,58,125,6,2,2,131,243
noctisXII,1,242,184,58,126,5,1,1,131,243
Nikolajsen,1,242,182,60,122,5,1,1,127,243
MaDchiPz,2,241,178,63,115,5,2,2,120,243
joncohen,1,242,173,69,104,5,1,1,109,243
Kaderwik,7,237,157,80,77,27,7,6,104,243
IamMeeks,3,240,161,79,82,21,3,3,103,243
staysclassy,2,241,169,72,97,3,2,2,100,243
Lincoln_Hawk,1,243,159,84,75,20,1,0,95,243
suprsqrl,1,242,164,78,86,6,1,1,92,243
pockkets,1,243,159,84,75,11,1,0,86,243
FuckEveryonesAsshole,1,242,158,84,74,8,1,1,82,243
laaabaseball,1,242,158,84,74,8,1,1,82,243
OverlyCriticalGuy,1,243,137,106,31,38,1,0,69,243
Wagneo,1,242,146,96,50,16,1,1,66,243
perrydap,3,241,144,97,47,16,3,2,63,243
Zarabeth,1,242,202,40,162,61,1,0,223,242
TheTwilightPrince,2,241,219,22,197,13,2,1,210,242
CokeCanNinja,1,241,210,31,179,15,1,1,194,242
alphahippy,1,242,214,28,186,5,1,0,191,242
thatsgoodsoup,1,241,213,28,185,3,1,1,188,242
kevinpadillac,3,240,192,48,144,15,2,2,159,242
SubzeroMK,2,240,193,47,146,9,1,2,155,242
jaymzwilson,2,241,190,51,139,8,2,1,147,242
peter__venkman,1,242,178,64,114,33,1,0,147,242
Cameron94,1,241,191,50,141,3,1,1,144,242
Sy_Ableman,2,240,172,68,104,38,1,2,142,242
Emiller901,1,241,185,56,129,5,1,1,134,242
vonHippie,1,241,178,63,115,18,1,1,133,242
Acrio,1,241,186,55,131,0,1,1,131,242
RockHardRetard,1,241,178,63,115,12,1,1,127,242
dksprocket,1,241,180,61,119,7,1,1,126,242
MotherDucker69,1,241,180,61,119,6,1,1,125,242
GodzillasPride,1,241,176,65,111,8,1,1,119,242
lordmortekai,1,241,166,75,91,24,1,1,115,242
r0b0tdate4prom,1,241,172,69,103,5,1,1,108,242
slavik19,1,241,163,78,85,11,1,1,96,242
skipop,4,238,159,79,80,0,1,4,80,242
grotesquemike,1,242,154,88,66,13,1,0,79,242
BILLwiTHESCIENCEfi,1,241,151,90,61,5,1,1,66,242
lubmuhkitteh,2,240,133,107,26,5,2,2,31,242
youngfight,1,240,188,52,136,152,1,1,288,241
GambitGamer,1,240,215,25,190,24,1,1,214,241
submast3r,1,240,190,50,140,58,1,1,198,241
Masianman,1,240,215,25,190,6,0,1,196,241
Billards,1,240,206,34,172,13,1,1,185,241
xXzeregaXx,1,240,210,30,180,5,0,1,185,241
Bump424,10,231,197,34,163,8,3,10,171,241
I_Reddit_At_Work,1,241,199,42,157,4,1,0,161,241
skylarmb,1,240,199,41,158,3,1,1,161,241
Englishfucker,2,239,174,65,109,51,2,2,160,241
jameskent,8,233,189,44,145,14,2,8,159,241
thefreshprinceof,1,240,183,57,126,31,1,1,157,241
ZiggyKitty,3,238,188,50,138,14,1,3,152,241
Jrbiggz37,1,240,191,49,142,7,1,1,149,241
Lord_Zero,2,240,188,52,136,12,1,1,148,241
monkeybranch,1,241,184,57,127,17,1,0,144,241
ElDiablue,2,239,184,55,129,6,1,2,135,241
something224,2,239,180,59,121,11,2,2,132,241
winston113,4,237,183,54,129,2,4,4,131,241
joe_shmo123,2,239,178,61,117,6,2,2,123,241
FlashandtheJake,1,241,174,67,107,16,1,0,123,241
McJaeger,2,239,176,63,113,9,2,2,122,241
NegativeCreep420,1,240,178,62,116,6,1,1,122,241
DarkXlll,1,240,170,70,100,8,1,1,108,241
mh048t,2,239,166,73,93,5,1,2,98,241
linc728,5,236,160,76,84,13,5,5,97,241
JestersXIII,1,241,156,85,71,19,1,0,90,241
dontget,1,240,158,82,76,8,1,1,84,241
Harioharima,1,240,149,91,58,5,1,1,63,241
UnsungAwesome,1,239,207,32,175,31,1,1,206,240
tristard,1,239,210,29,181,3,1,1,184,240
aharddayznight,1,240,191,49,142,22,1,0,164,240
darklink911,1,239,194,45,149,12,0,1,161,240
Layts,2,239,190,49,141,9,0,1,150,240
kallieblue,4,237,184,53,131,15,3,3,146,240
pongsus,2,239,190,49,141,5,2,1,146,240
Manbearpig34,1,239,190,49,141,5,0,1,146,240
totallynotabear,1,240,182,58,124,16,1,0,140,240
KittyBombip,1,239,179,60,119,19,1,1,138,240
W1ZZ4RD,1,239,180,59,121,8,1,1,129,240
newyork0334,2,238,177,61,116,3,2,2,119,240
ThePersianPrince,1,239,169,70,99,9,1,1,108,240
_insomniac,1,239,162,77,85,15,1,1,100,240
ChopNess,1,239,161,78,83,10,1,1,93,240
TehBossLizard,1,239,158,81,77,9,1,1,86,240
LucyBlueSkies,1,239,153,86,67,12,0,1,79,240
landophant,1,239,151,88,63,4,0,1,67,240
CatsTuxedo,1,239,142,97,45,19,1,1,64,240
someauthor,1,240,143,97,46,16,1,0,62,240
garexthewrex,1,240,146,94,52,4,1,0,56,240
spaceboundllama,1,239,139,100,39,9,1,1,48,240
heisenberg93,2,238,133,105,28,2,2,2,30,240
metalgs,2,237,216,21,195,11,2,2,206,239
bashbaliga,1,238,197,41,156,30,1,1,186,239
Geezer_Spud,1,238,196,42,154,26,1,1,180,239
pkiller162,1,238,205,33,172,5,1,1,177,239
coolclayton,1,239,189,50,139,37,1,0,176,239
ryry12101,1,238,202,36,166,7,1,1,173,239
synhyborex,2,237,198,39,159,5,2,2,164,239
GOwisc08,1,238,189,49,140,24,1,1,164,239
lauraeshapiro,1,238,195,43,152,11,1,1,163,239
donteatthecheese,1,238,194,44,150,8,1,1,158,239
hottopics32,1,238,193,45,148,6,1,1,154,239
wald91,1,238,181,57,124,25,1,1,149,239
starkin72,1,238,193,45,148,0,1,1,148,239
redrain403,2,237,188,49,139,5,1,2,144,239
halfbiscuit,2,237,183,54,129,14,2,2,143,239
cdsparkles,2,237,186,51,135,7,1,2,142,239
jrburt1987,1,238,186,52,134,8,0,1,142,239
qchn,1,239,186,53,133,8,1,0,141,239
sofapulla,1,238,182,56,126,13,1,1,139,239
allpro1337,1,238,185,53,132,4,1,1,136,239
withoutatres,2,237,178,59,119,14,2,2,133,239
2GaNgStEr4J3sUs,2,237,174,63,111,19,2,2,130,239
mastercylinder2,1,238,180,58,122,8,1,1,130,239
TandX,1,238,181,57,124,4,1,1,128,239
hmmmmletmethink,2,237,179,58,121,6,1,2,127,239
dhirchak,2,237,175,62,113,13,2,2,126,239
carls11,1,238,175,63,112,12,0,1,124,239
NugHug,1,238,178,60,118,2,1,1,120,239
tek9,1,238,173,65,108,12,1,1,120,239
2meme_or_not_2meme,1,239,174,65,109,5,1,0,114,239
Yankeesfan100,2,237,175,62,113,0,2,2,113,239
Masterchiefg7,3,236,170,66,104,6,3,3,110,239
TehMisterPickles,1,239,156,83,73,34,1,0,107,239
coreoptics,3,236,166,70,96,9,3,3,105,239
someguy1982,1,238,151,87,64,19,1,1,83,239
Halvorsen320,2,237,149,88,61,17,0,2,78,239
dnor35,4,236,150,86,64,8,1,3,72,239
polaroid,2,237,145,92,53,15,2,2,68,239
crystar_crunch,10,230,146,84,62,4,5,9,66,239
manset,1,238,148,90,58,6,1,1,64,239
Dooby_Skoo,2,237,145,92,53,7,2,2,60,239
S1ckola027,1,237,208,29,179,12,1,1,191,238
gregls,1,237,205,32,173,10,0,1,183,238
squtternutbosh,1,237,199,38,161,4,1,1,165,238
Karl_Dilkington,1,237,188,49,139,14,1,1,153,238
cloud1720,1,237,193,44,149,3,1,1,152,238
PeacockDoom,1,237,186,51,135,16,1,1,151,238
emoch1ck,1,238,192,46,146,4,1,0,150,238
JustAnotherRedditor1,1,237,190,47,143,6,1,1,149,238
photolove8,3,235,176,59,117,14,3,3,131,238
Its_about_to_go,1,238,176,62,114,17,1,0,131,238
BPAkira,2,236,174,62,112,16,2,2,128,238
moeses666,1,237,176,61,115,10,1,1,125,238
s1wg4u,1,237,174,63,111,11,1,1,122,238
slackerent,1,237,173,64,109,11,1,1,120,238
Jaeda_Bragg,1,237,163,74,89,21,1,1,110,238
Ryusaikou,1,237,169,68,101,8,1,1,109,238
karlosmorale,2,237,167,70,97,7,2,1,104,238
maddz2402,1,237,160,77,83,16,1,1,99,238
PortixArsenal,1,237,163,74,89,7,1,1,96,238
peepeesoakedheckhole,1,237,161,76,85,8,1,1,93,238
so_beefy,1,238,156,82,74,7,1,0,81,238
snk_kid,1,237,151,86,65,12,1,1,77,238
jbondhus,4,234,145,89,56,10,4,4,66,238
SquareTurtles,6,232,134,98,36,13,4,6,49,238
LordWorm,2,236,129,107,22,20,2,2,42,238
GreggoryBasore,2,235,193,42,151,31,2,2,182,237
nazguel3536,1,236,195,41,154,17,0,1,171,237
biopsychosocialbeing,1,236,180,56,124,33,1,1,157,237
DannyFathom,1,236,190,46,144,11,1,1,155,237
brendo12,1,236,191,45,146,7,1,1,153,237
chickenisgreat,1,236,183,53,130,10,1,1,140,237
glitternarwhal,3,234,170,64,106,28,3,3,134,237
InLikeF,1,236,174,62,112,21,1,1,133,237
puppiesandsunshine,2,235,178,57,121,10,2,2,131,237
DemonicSquirrel,2,236,165,71,94,35,1,1,129,237
themocktia,2,235,168,67,101,7,2,2,108,237
larson92,10,229,162,67,95,10,6,8,105,237
Anchors_Away,1,237,156,81,75,19,1,0,94,237
thehonz,1,236,150,86,64,30,1,1,94,237
derkman96,1,236,156,80,76,9,1,1,85,237
supernaut1,1,236,149,87,62,22,1,1,84,237
HappyWulf,2,235,156,79,77,2,2,2,79,237
lezzzllieee,1,236,152,84,68,7,1,1,75,237
kdieep,1,236,147,89,58,13,1,1,71,237
DEADRasputin,1,236,146,90,56,5,1,1,61,237
ph1012,1,236,140,96,44,9,1,1,53,237
ManaMoogle,3,235,134,101,33,12,3,2,45,237
ponk_2,2,235,118,117,1,5,2,2,6,237
--Heisenberg--,2,234,205,29,176,20,2,2,196,236
mic1,1,235,193,42,151,13,0,1,164,236
RevoltingNerd,1,235,187,48,139,21,1,1,160,236
JewCurls,1,235,196,39,157,2,1,1,159,236
hkckoo,1,235,178,57,121,38,0,1,159,236
pitloun,1,235,194,41,153,4,1,1,157,236
SquishBun,1,235,192,43,149,5,1,1,154,236
MrPuddlePants,1,235,183,52,131,13,1,1,144,236
progerialover69,2,234,182,52,130,8,1,2,138,236
matokuuu,3,234,181,53,128,9,2,2,137,236
bluebomber,2,235,158,77,81,54,1,1,135,236
JewBoySandler,2,234,178,56,122,3,2,2,125,236
dontbeaflag,2,234,172,62,110,10,1,2,120,236
BluntedKnife,2,234,169,65,104,12,2,2,116,236
dopedoutkid69,1,235,161,74,87,27,0,1,114,236
playaslaya31,6,231,168,63,105,6,3,5,111,236
lawyer_by_day,5,231,166,65,101,8,3,5,109,236
jmgbeezy,1,236,167,69,98,7,1,0,105,236
KaoseT,1,236,166,70,96,9,1,0,105,236
Spiderpig19,1,235,163,72,91,8,1,1,99,236
Propa_Tingz,1,235,147,88,59,34,1,1,93,236
e7add9,1,235,161,74,87,3,1,1,90,236
dermo529,1,235,148,87,61,21,1,1,82,236
TheCory,1,235,155,80,75,6,0,1,81,236
Oldschoolhollywood,1,236,144,92,52,13,1,0,65,236
iamnosaj,3,233,135,98,37,18,3,3,55,236
reposts2weekslater,6,230,113,117,-4,21,0,6,17,236
Jonatar,1,234,222,12,210,4,1,1,214,235
BRINGMEDATASS,2,234,209,25,184,23,2,1,207,235
Nothing_Can_Stop_Me_,2,234,207,27,180,15,2,1,195,235
Ninjew333,3,232,166,66,100,93,3,3,193,235
penguinsSC,1,235,197,38,159,12,1,0,171,235
DJFSU,1,234,190,44,146,4,1,1,150,235
joejos,1,234,188,46,142,8,1,1,150,235
Sierra_Actual,1,234,191,43,148,0,1,1,148,235
hihochopsuey,2,233,187,46,141,4,1,2,145,235
fai714,2,233,180,53,127,8,2,2,135,235
SirArthurDayne,3,232,175,57,118,12,2,3,130,235
spantic,1,234,171,63,108,17,1,1,125,235
arsenalsgooner,3,232,174,58,116,6,3,3,122,235
injekted,4,232,172,60,112,5,3,3,117,235
FlipDaLinguistics,1,234,171,63,108,9,1,1,117,235
im_not,1,234,159,75,84,22,1,1,106,235
sjfh91,1,234,168,66,102,0,1,1,102,235
icebawkz,1,234,162,72,90,3,1,1,93,235
obidan,1,234,154,80,74,10,1,1,84,235
vita_man,1,235,155,80,75,7,1,0,82,235
HasNoClue,1,235,144,91,53,13,1,0,66,235
TosTosT,3,232,143,89,54,10,2,3,64,235
zebrastriped,1,234,124,110,14,44,1,1,58,235
s0ccermom,1,234,143,91,52,3,1,1,55,235
iconfuseyou,1,235,135,100,35,16,1,0,51,235
TenSecondsFlat,1,233,215,18,197,21,1,1,218,234
Digital_Phoenix,2,232,201,31,170,31,2,2,201,234
breadfreak,1,233,215,18,197,3,1,1,200,234
obfuscateconjecture,1,233,209,24,185,6,1,1,191,234
RG9uJ3Qgd2FzdGUgeW91,1,233,204,29,175,3,1,1,178,234
cptawesome11,2,232,194,38,156,8,2,2,164,234
seangregson,2,233,195,38,157,5,2,1,162,234
FlamingBeatz,1,233,196,37,159,2,1,1,161,234
Bawlsinhand,1,233,184,49,135,7,1,1,142,234
CagyEliteDan,1,233,183,50,133,3,1,1,136,234
mrminch,1,233,178,55,123,13,1,1,136,234
sumiriously,1,233,164,69,95,41,1,1,136,234
squirrelheadquarters,1,233,182,51,131,3,1,1,134,234
cnstarz,3,232,179,53,126,5,2,2,131,234
Ambjmb,2,232,157,75,82,48,1,2,130,234
SGTchucky,1,233,168,65,103,14,1,1,117,234
AcidFiend,1,233,163,70,93,23,1,1,116,234
Corcast,2,232,164,68,96,12,2,2,108,234
TheOneWeirdGuy,1,233,166,67,99,7,1,1,106,234
ExplosionsHurt,1,233,162,71,91,7,1,1,98,234
Greenkeeper,2,232,157,75,82,4,2,2,86,234
sexy_hamburglar,1,234,151,83,68,16,1,0,84,234
erichg313,1,233,148,85,63,11,1,1,74,234
Wiseco,1,234,140,94,46,11,1,0,57,234
Jukeus,1,232,220,12,208,16,1,1,224,233
picto,1,233,214,19,195,4,1,0,199,233
littlebalooney,1,232,190,42,148,27,1,1,175,233
kevinrk,1,232,199,33,166,4,1,1,170,233
kevlarbomb,1,232,198,34,164,5,1,1,169,233
ElectricQatar,1,232,199,33,166,2,1,1,168,233
Soul4Life,1,232,196,36,160,5,0,1,165,233
shadyabhi,1,232,178,54,124,27,1,1,151,233
ruining_ur_worldview,3,230,174,56,118,29,2,3,147,233
troll-scientist,3,230,176,54,122,21,3,3,143,233
OrionFOTL,1,232,179,53,126,17,1,1,143,233
margaryna,2,231,178,53,125,8,2,2,133,233
Zarathustraa,1,232,179,53,126,5,1,1,131,233
_Dalek,1,232,178,54,124,6,1,1,130,233
widergravy,1,232,181,51,130,0,1,1,130,233
benbutz,1,232,177,55,122,7,1,1,129,233
gotshot567,1,232,164,68,96,30,1,1,126,233
not_brent_spiner,1,232,171,61,110,12,1,1,122,233
GenitalMutilator,1,232,165,67,98,6,1,1,104,233
inaflashofsecond,1,232,163,69,94,8,1,1,102,233
Aero3,1,232,164,68,96,5,1,1,101,233
remixof1983,4,230,157,73,84,8,4,3,92,233
stickstofje,1,233,156,77,79,11,1,0,90,233
ColtonW,2,231,154,77,77,11,2,2,88,233
alliace,2,231,154,77,77,10,2,2,87,233
Pompius,1,232,149,83,66,15,1,1,81,233
numbertwodad,1,232,153,79,74,4,1,1,78,233
ShadowRex,1,233,148,85,63,8,1,0,71,233
backgainer,1,231,208,23,185,24,1,1,209,232
Terox15,2,230,214,16,198,6,1,2,204,232
andyjonesx,2,230,192,38,154,28,2,2,182,232
adamzx3,1,232,197,35,162,7,1,0,169,232
wellifyouinsist,1,231,197,34,163,6,1,1,169,232
bingle44,1,231,196,35,161,3,0,1,164,232
bluepen9,1,232,196,36,160,0,1,0,160,232
StrawberrieDream,3,229,180,49,131,2,3,3,133,232
thewhitegandhi13,1,231,175,56,119,6,1,1,125,232
Sakiel,1,231,174,57,117,4,1,1,121,232
Ninjaman237,2,230,171,59,112,7,1,2,119,232
HuhConfused,1,231,170,61,109,8,1,1,117,232
wildlikechildren,1,232,169,63,106,8,1,0,114,232
JackGunner93,2,230,165,65,100,12,2,2,112,232
dudeonthenet,1,232,163,69,94,10,1,0,104,232
Merritt07atWork,1,231,166,65,101,3,1,1,104,232
Champigne,1,231,156,75,81,22,1,1,103,232
raufenstein,1,231,160,71,89,11,1,1,100,232
Ho_Bo,1,231,162,69,93,4,1,1,97,232
zeusakatkm,2,232,158,74,84,8,2,0,92,232
KuDeGraw,1,231,148,83,65,18,1,1,83,232
the_vowel_is_a_comic,2,231,149,82,67,11,2,1,78,232
alexkoeh,1,231,143,88,55,10,1,1,65,232
FuzzyLumpkins96,1,231,131,100,31,25,1,1,56,232
moothemagiccow,1,231,140,91,49,7,1,1,56,232
cosmonautyuri,1,231,124,107,17,11,1,1,28,232
Na-klooay,1,231,113,118,-5,10,1,1,5,232
AckermansFieldPicnic,1,230,197,33,164,59,1,1,223,231
Kokyu10,1,230,204,26,178,13,1,1,191,231
asleeplessmalice,1,230,198,32,166,19,1,1,185,231
cyborg527,1,230,187,43,144,17,1,1,161,231
sanavaut,1,230,192,38,154,7,1,1,161,231
Ironfungus,1,230,175,55,120,29,1,1,149,231
wretlingrock392,2,229,182,47,135,5,1,2,140,231
alecrev18,2,229,178,51,127,9,2,2,136,231
FeroMind,1,230,178,52,126,7,1,1,133,231
gloriya,1,231,177,54,123,3,1,0,126,231
sonofthewear,1,230,174,56,118,8,1,1,126,231
tedparkes,1,230,173,57,116,6,1,1,122,231
raffytaffy2,4,228,173,55,118,2,3,3,120,231
AstralSandwich,1,230,158,72,86,26,1,1,112,231
joopius,2,229,163,66,97,13,1,2,110,231
ToadBacon,2,229,158,71,87,19,2,2,106,231
admmelonhead,1,230,158,72,86,19,1,1,105,231
Aternity,1,231,162,69,93,10,1,0,103,231
GTftw,1,230,159,71,88,15,1,1,103,231
omeria,1,230,160,70,90,10,0,1,100,231
doublewonderful,1,230,153,77,76,18,1,1,94,231
FromTheGarage,2,230,155,75,80,14,1,1,94,231
xerro,1,230,158,72,86,7,1,1,93,231
Wexrages,5,227,156,71,85,5,5,4,90,231
clooth,1,230,146,84,62,24,1,1,86,231
jawadwaqas,1,230,147,83,64,9,1,1,73,231
sriracha_plox,1,230,140,90,50,22,1,1,72,231
elviper559,8,223,134,89,45,18,4,8,63,231
helmvisit,1,230,134,96,38,13,1,1,51,231
shitfucks,1,230,125,105,20,15,1,1,35,231
surprisinglynerdy,1,229,205,24,181,17,0,1,198,230
dmanexe,1,229,211,18,193,4,0,1,197,230
reddthattwice,1,230,209,21,188,6,1,0,194,230
DrRockter,1,229,205,24,181,4,1,1,185,230
smokeymctokerson,1,230,205,25,180,4,1,0,184,230
abusmakk,1,229,198,31,167,15,1,1,182,230
TKOL,1,229,197,32,165,14,1,1,179,230
PurpleChalkEUW,1,230,191,39,152,22,1,0,174,230
edu_gon95,1,229,194,35,159,10,1,1,169,230
PandEmmic,1,229,193,36,157,4,1,1,161,230
mantra2,1,229,193,36,157,0,1,1,157,230
filo4000,1,229,187,42,145,9,1,1,154,230
Scentless_Apprentice,1,230,185,45,140,9,1,0,149,230
reeeeeeeegis,1,229,185,44,141,6,1,1,147,230
Blizzrdball,1,229,183,46,137,5,1,1,142,230
llorlor,1,230,174,56,118,24,1,0,142,230
qwoo,1,229,182,47,135,5,1,1,140,230
hatesfreedom,1,229,179,50,129,3,1,1,132,230
drchaos2000,1,229,173,56,117,13,1,1,130,230
wickbreslin,2,228,175,53,122,5,2,2,127,230
Excellent_Emo_Emu,1,229,171,58,113,8,1,1,121,230
minccino,1,230,163,67,96,22,1,0,118,230
W0RSTCASE0NTARI0,1,229,163,66,97,20,1,1,117,230
cschmidt67,3,227,165,62,103,11,2,3,114,230
985,1,229,170,59,111,3,1,1,114,230
Great_Odens_Raven,3,230,165,65,100,9,3,0,109,230
rjddude1,2,230,163,67,96,9,2,0,105,230
Rudyrobbob,4,226,158,68,90,14,3,4,104,230
Redditor1566,2,228,161,67,94,8,1,2,102,230
noobeater,1,229,160,69,91,9,1,1,100,230
numbah84,3,228,157,71,86,11,3,2,97,230
70sPWNstar,1,229,157,72,85,6,1,1,91,230
holypiss,1,230,157,73,84,6,1,0,90,230
leftinfreezer,2,228,151,77,74,15,2,2,89,230
rexrox,1,230,155,75,80,4,1,0,84,230
Tyler29294,1,230,146,84,62,6,1,0,68,230
TraXxvich,1,229,138,91,47,16,1,1,63,230
RandomName01,5,225,135,90,45,14,2,5,59,230
desipher85,1,229,140,89,51,6,1,1,57,230
Thatchgasm,3,228,131,97,34,22,2,2,56,230
StPaz,2,228,139,89,50,0,2,2,50,230
Dragzorath,1,230,127,103,24,17,1,0,41,230
Tarasosx,2,227,214,13,201,0,2,2,201,229
Dmash422,3,226,208,18,190,2,2,3,192,229
OrangePrototype,2,227,204,23,181,6,2,2,187,229
masshole4life,1,229,187,42,145,33,1,0,178,229
M_Belvedere,1,228,194,34,160,6,1,1,166,229
UnlurkedToPost,1,229,195,34,161,5,1,0,166,229
CraigRoxwel,2,227,186,41,145,11,1,2,156,229
roypinguin,1,228,187,41,146,3,1,1,149,229
PeaceCutz,7,222,177,45,132,10,7,7,142,229
ctchicken,1,228,159,69,90,47,1,1,137,229
17bicycles,3,227,154,73,81,53,3,2,134,229
Moneo,1,228,160,68,92,42,1,1,134,229
Ubercrunch,1,229,169,60,109,21,1,0,130,229
yourflyisajar,5,224,167,57,110,14,3,5,124,229
shannagins222,4,226,169,57,112,4,4,3,116,229
Cdif,1,228,167,61,106,9,1,1,115,229
ElagabalusLXV,1,228,165,63,102,11,0,1,113,229
StonePaleAle,1,229,162,67,95,13,1,0,108,229
RaveCave,1,229,167,62,105,2,1,0,107,229
Velenne,1,228,156,72,84,23,1,1,107,229
RUIN570,1,228,160,68,92,14,1,1,106,229
YeastLord,1,228,166,62,104,2,1,1,106,229
GreatCatsby,1,229,157,72,85,12,1,0,97,229
V_For_Valhalla,1,229,159,70,89,6,1,0,95,229
maybelline1,1,228,154,74,80,5,1,1,85,229
Emmanuell89,3,227,144,83,61,13,2,2,74,229
sneakymik,1,229,136,93,43,6,1,0,49,229
heew00t,1,227,197,30,167,7,1,1,174,228
throwawayunited,1,227,195,32,163,5,1,1,168,228
TheArtOfRedditing,1,228,188,40,148,11,1,0,159,228
cheesepuffsunited,1,227,183,44,139,7,1,1,146,228
draw_art,1,227,178,49,129,9,1,1,138,228
LordShaggy,1,227,176,51,125,12,1,1,137,228
mr_benson,2,227,175,52,123,12,2,1,135,228
FearTheHump,1,227,152,75,77,55,1,1,132,228
burstaneurysm,2,227,170,57,113,16,2,1,129,228
Anal_Fuck_Pussy_Shit,1,227,174,53,121,3,1,1,124,228
Revin9k,2,227,169,58,111,9,2,1,120,228
DJFlexure,1,227,164,63,101,19,1,1,120,228
delar0cha,2,226,170,56,114,5,2,2,119,228
katzali,2,227,166,61,105,5,1,1,110,228
Talon876,1,227,163,64,99,5,1,1,104,228
ChanimalCrackers,1,227,156,71,85,16,1,1,101,228
AxelV2,1,227,154,73,81,0,1,1,81,228
sharksfan1408,1,227,152,75,77,4,1,1,81,228
shaft0,1,228,147,81,66,13,1,0,79,228
RonFucknSwanson,1,227,147,80,67,7,1,1,74,228
TheStreetsOfLondon,1,227,134,93,41,20,1,1,61,228
yesterdaysclothes,1,227,135,92,43,17,1,1,60,228
watching_Idol,1,227,126,101,25,15,1,1,40,228
cayla321,1,226,203,23,180,7,1,1,187,227
loveydoveypoopoo,1,226,196,30,166,7,1,1,173,227
ArchaeopteryxAlex,1,227,196,31,165,5,1,0,170,227
daklew,1,226,194,32,162,0,1,1,162,227
surgeon_general,2,225,184,41,143,10,2,2,153,227
kurtios,1,226,182,44,138,14,1,1,152,227
dorkula02,1,227,180,47,133,18,1,0,151,227
thegoatlord,1,226,179,47,132,14,1,1,146,227
bookahkee,1,227,175,52,123,16,1,0,139,227
darkamnios,1,226,177,49,128,5,1,1,133,227
yakky,4,223,166,57,109,0,4,4,109,227
crabula,2,225,160,65,95,12,2,2,107,227
troller_jr,3,224,159,65,94,10,3,3,104,227
DirtyDirtyPerverts,1,227,160,67,93,10,1,0,103,227
SqueezMyLemon,2,225,156,69,87,4,2,2,91,227
thetaprime,2,225,150,75,75,12,2,2,87,227
shoomiless,1,226,142,84,58,17,1,1,75,227
Batman2012,1,226,141,85,56,15,1,1,71,227
mattydizzo,1,226,141,85,56,12,1,1,68,227
troytheproducer,1,226,139,87,52,14,1,1,66,227
DarthToker,1,226,139,87,52,13,1,1,65,227
terrorTrain,2,226,139,87,52,10,1,1,62,227
savv01,1,227,125,102,23,9,1,0,32,227
ne0tr0pic,1,225,191,34,157,19,1,1,176,226
hateskudzu,1,225,170,55,115,44,1,1,159,226
WKHowIGotTheseScars,2,225,177,48,129,19,1,1,148,226
spearmints,1,225,176,49,127,14,1,1,141,226
theygotthemustardout,1,225,177,48,129,6,1,1,135,226
flatmagician97,3,223,159,64,95,32,3,3,127,226
gingemaster7,1,225,173,52,121,5,1,1,126,226
Tagard_McStone,1,225,158,67,91,20,1,1,111,226
weighted_companion,1,225,153,72,81,28,1,1,109,226
Antgerbil,1,225,157,68,89,17,1,1,106,226
beeedeee,2,225,152,73,79,25,2,1,104,226
nicereddy,1,225,157,68,89,10,1,1,99,226
skitzo12,2,225,150,75,75,16,2,1,91,226
Azure1203,2,224,152,72,80,10,2,2,90,226
invalidusername14,1,225,146,79,67,14,1,1,81,226
egress63,2,225,133,92,41,32,2,1,73,226
magic_toker,1,225,135,90,45,20,1,1,65,226
notavalidsource,1,225,139,86,53,8,1,1,61,226
danegleesack,2,224,131,93,38,10,2,2,48,226
EduardoX,1,225,131,94,37,8,1,1,45,226
raptorfactor,1,225,125,100,25,15,1,1,40,226
iDemonix,1,224,204,20,184,19,1,1,203,225
fuckappleeverything,1,224,184,40,144,22,0,1,166,225
theCorean,1,224,182,42,140,18,1,1,158,225
hensouman,1,224,185,39,146,10,1,1,156,225
dan3659,1,224,184,40,144,11,0,1,155,225
Wimc,1,224,182,42,140,7,1,1,147,225
insadrian,4,221,176,45,131,14,0,4,145,225
KourtneeBritney,1,224,179,45,134,10,1,1,144,225
katamariDAMACYYY,1,224,180,44,136,6,1,1,142,225
Loozrboy,1,225,179,46,133,8,1,0,141,225
gigantuar,2,224,163,61,102,36,2,1,138,225
nublea,1,224,174,50,124,4,1,1,128,225
_spamalot_,1,225,158,67,91,36,1,0,127,225
adrianmb0,1,224,174,50,124,3,1,1,127,225
Steelejaxon,1,224,173,51,122,3,1,1,125,225
barton100,2,224,156,68,88,34,2,1,122,225
Fusrohduh,3,222,154,68,86,29,2,3,115,225
sNuFFsie,2,223,164,59,105,9,2,2,114,225
Hey_You_Asked,2,223,161,62,99,14,2,2,113,225
cjacobs18,3,223,156,67,89,12,3,2,101,225
kasukali,5,221,146,75,71,14,5,4,85,225
maxk1236,2,223,150,73,77,8,2,2,85,225
P1XEL,1,224,152,72,80,4,1,1,84,225
Derp-herpington,1,224,152,72,80,2,1,1,82,225
Chowderwhore,1,224,138,86,52,26,1,1,78,225
Fingercuffs1,3,222,134,88,46,27,3,3,73,225
palmerj3,2,224,126,98,28,39,2,1,67,225
MarioSteele,6,221,132,89,43,17,5,4,60,225
BatterseaPS,1,224,130,94,36,9,1,1,45,225
iiiioooo,1,224,123,101,22,8,1,1,30,225
slimsimian,1,224,116,108,8,14,1,1,22,225
minuteglass,1,223,189,34,155,24,0,1,179,224
DFNDVinyls,2,222,191,31,160,12,1,2,172,224
tvjunkie30,1,223,190,33,157,7,0,1,164,224
fleetfoxfive,1,223,187,36,151,7,1,1,158,224
pebbo,1,223,180,43,137,18,1,1,155,224
gbsolo12,4,220,173,47,126,9,3,4,135,224
souhail11,1,223,173,50,123,8,1,1,131,224
knightofnew42,2,223,164,59,105,14,0,1,119,224
xXN00BSLAYERXx,1,223,168,55,113,4,1,1,117,224
Azr43L,1,224,161,63,98,18,1,0,116,224
RipCity88,2,222,159,63,96,17,2,2,113,224
StealthP,1,223,154,69,85,25,1,1,110,224
APlaidZebra,2,222,150,72,78,30,1,2,108,224
krutmob,1,224,155,69,86,11,1,0,97,224
connorloves,1,223,157,66,91,4,0,1,95,224
bijan100,2,222,154,68,86,7,2,2,93,224
NNOTM,1,223,156,67,89,4,1,1,93,224
unshaventhumper,3,224,142,82,60,26,3,0,86,224
Deport777,1,224,152,72,80,4,1,0,84,224
chaos122345,10,215,132,83,49,29,10,9,78,224
junty_cew,1,223,140,83,57,0,1,1,57,224
gkelley1111,2,222,132,90,42,11,1,2,53,224
tickle-teh-pickle,1,223,124,99,25,13,1,1,38,224
dirtybillclinton,1,222,200,22,178,41,1,1,219,223
Crux315,1,222,184,38,146,22,1,1,168,223
edelbean,1,223,186,37,149,19,1,0,168,223
Lwamfhmartiboxdotty9,1,222,184,38,146,12,1,1,158,223
NamesObvious,1,222,184,38,146,4,1,1,150,223
zul_rage,1,222,178,44,134,9,1,1,143,223
Tnucks,1,222,178,44,134,6,1,1,140,223
greenmonster4411,1,222,173,49,124,15,1,1,139,223
snRNA2123,1,222,177,45,132,6,0,1,138,223
supersonic3974,1,223,179,44,135,0,1,0,135,223
decimetar,2,221,166,55,111,4,2,2,115,223
Penguinwizard,3,221,162,59,103,7,1,2,110,223
Defortis,1,223,145,78,67,37,1,0,104,223
Kelevra_Slevin,1,222,161,61,100,4,1,1,104,223
NeVeNGamingYT,3,220,158,62,96,6,3,3,102,223
DeathBuffalo,1,222,159,63,96,5,1,1,101,223
Billybobgeorge,1,222,148,74,74,26,1,1,100,223
OneSilentE,2,221,153,68,85,3,2,2,88,223
Sombreromanjr,2,222,149,73,76,11,2,1,87,223
mfskarphedin,1,223,149,74,75,4,1,0,79,223
demoniacalopolis,1,222,148,74,74,3,1,1,77,223
Teh_Ent,1,223,144,79,65,7,1,0,72,223
tyoung11,1,222,144,78,66,5,1,1,71,223
jaafke,2,221,137,84,53,18,0,2,71,223
JDubStep,1,222,141,81,60,6,0,1,66,223
Shishamylov,1,222,141,81,60,0,1,1,60,223
ChaiSaliva,1,223,122,101,21,4,1,0,25,223
McMam,1,221,192,29,163,2,0,1,165,222
candaceleigh9,1,221,189,32,157,7,1,1,164,222
mamser102,1,221,187,34,153,8,0,1,161,222
porthladd,1,221,188,33,155,3,0,1,158,222
nirvanianlaughs,2,220,177,43,134,10,2,2,144,222
Reminemaril,2,220,177,43,134,10,1,2,144,222
That_Dog_Wont_Hunt,2,221,167,54,113,8,2,1,121,222
succulent_flakepiece,1,221,159,62,97,24,1,1,121,222
binbomsj,2,221,163,58,105,14,2,1,119,222
Cereal_Box,1,221,158,63,95,24,1,1,119,222
openfirre,1,221,166,55,111,8,1,1,119,222
tgalla12,2,221,163,58,105,6,1,1,111,222
Mlarcin,2,220,147,73,74,27,2,2,101,222
MagicalPotatoUnicorn,1,221,159,62,97,2,1,1,99,222
thechoochlyman,1,221,153,68,85,13,1,1,98,222
Audihoe,5,217,148,69,79,10,5,5,89,222
mishagale,1,221,153,68,85,4,1,1,89,222
utskey,5,217,144,73,71,13,5,5,84,222
dubstomper,5,218,133,85,48,24,5,4,72,222
supermin082,2,220,131,89,42,24,2,2,66,222
knightoflite,1,222,139,83,56,6,1,0,62,222
vivaladisney,2,221,137,84,53,6,2,1,59,222
campbell90222,1,221,137,84,53,6,1,1,59,222
Snoogans2you,1,222,137,85,52,7,1,0,59,222
MrDingleberrry,2,220,132,88,44,9,2,2,53,222
LiesDoNotBecomeUs,1,222,135,87,48,2,1,0,50,222
ToxicToadstool,1,221,109,112,-3,39,1,1,36,222
sambianchetto,7,215,111,104,7,22,5,7,29,222
isharq,1,221,193,28,165,23,1,0,188,221
tomvickers1,1,220,193,27,166,5,1,1,171,221
omfgsrslyyy,1,220,193,27,166,3,1,1,169,221
114_101_112_111_115,1,220,187,33,154,3,0,1,157,221
Elysillia,1,220,180,40,140,11,1,1,151,221
SolidCactus27,1,220,182,38,144,7,1,1,151,221
Nazi_Cock_Rockets,3,218,177,41,136,12,2,3,148,221
purplegoalie1,2,220,168,52,116,25,2,1,141,221
njwatson32,2,219,162,57,105,31,2,2,136,221
emelyloves,1,221,169,52,117,18,1,0,135,221
prettyplumgirl,1,220,176,44,132,0,1,1,132,221
StickyCthulhu,1,220,167,53,114,9,1,1,123,221
nolang,2,219,157,62,95,27,1,2,122,221
hafton,1,220,149,71,78,38,1,1,116,221
flaim,2,220,146,74,72,40,2,1,112,221
redditcontrol,1,220,157,63,94,15,1,1,109,221
ChiiAyaMiko,1,221,156,65,91,12,1,0,103,221
onefunsunofagun,1,220,154,66,88,10,1,1,98,221
hewsie,2,220,151,69,82,14,2,1,96,221
Neosilver,1,220,150,70,80,8,1,1,88,221
twoforjoy,1,220,152,68,84,3,1,1,87,221
RABID_M0NKEY,1,220,151,69,82,3,1,1,85,221
Maov,1,220,142,78,64,16,1,1,80,221
TVninja,1,221,141,80,61,18,1,0,79,221
leftynamedlaura,1,220,139,81,58,20,1,1,78,221
Mang9000,3,219,138,81,57,20,2,2,77,221
andromeda111,2,219,145,74,71,5,2,2,76,221
darkrom,1,220,139,81,58,9,0,1,67,221
FreshTheSoulChef,3,218,135,83,52,9,3,3,61,221
Mo3Sad1,1,220,131,89,42,10,1,1,52,221
Rebelution,1,220,119,101,18,34,1,1,52,221
unlockedhed,1,220,129,91,38,10,1,1,48,221
Reckonerz,1,220,129,91,38,5,1,1,43,221
le_trolliest,1,220,113,107,6,4,1,1,10,221
KingwithouthisKrown,1,220,192,28,164,51,1,0,215,220
StevenGreene,1,219,202,17,185,15,0,1,200,220
Burnham781,2,218,189,29,160,12,2,2,172,220
Franne_,1,220,187,33,154,13,1,0,167,220
UnCrissDeQc,2,218,184,34,150,9,2,2,159,220
jmcdonell,2,218,184,34,150,6,2,2,156,220
fullmetalmorgan,1,219,185,34,151,4,1,1,155,220
Misterbert,1,220,182,38,144,5,1,0,149,220
misterfireball,1,219,179,40,139,9,1,1,148,220
hstallions,3,217,179,38,141,6,3,3,147,220
SovietPoland,1,219,179,40,139,4,1,1,143,220
Vixolus,1,219,176,43,133,10,1,1,143,220
LunaLightfoot,2,220,173,47,126,4,2,0,130,220
darkkittykatt,2,218,170,48,122,7,2,2,129,220
latenightnerd,4,216,165,51,114,9,4,4,123,220
runyon3,1,219,147,72,75,45,1,1,120,220
stxp64,2,218,158,60,98,18,2,2,116,220
Mettkatrel,1,219,164,55,109,7,1,1,116,220
Monty897s,1,219,167,52,115,0,1,1,115,220
Mikecmu,1,219,155,64,91,17,1,1,108,220
Basilisc,1,219,154,65,89,16,1,1,105,220
ImTheDoode,1,219,158,61,97,5,1,1,102,220
Ike_Broflovski,1,219,158,61,97,4,1,1,101,220
tackytack,2,220,147,73,74,18,2,0,92,220
JeeWeeYume,1,219,145,74,71,12,1,1,83,220
HunterTC,1,219,147,72,75,4,0,1,79,220
robtheoleander,2,220,143,77,66,12,2,0,78,220
Philyy,1,219,140,79,61,6,1,1,67,220
jdelator,2,218,129,89,40,22,2,2,62,220
ayraerae,1,219,128,91,37,8,1,1,45,220
DvorakAttack,1,219,125,94,31,7,1,1,38,220
kelpfei,1,218,193,25,168,39,1,1,207,219
thewedding_singer,1,219,191,28,163,10,1,0,173,219
SaysQuack,1,218,184,34,150,16,1,1,166,219
lickmymustache,1,218,190,28,162,3,1,1,165,219
TheNextWhiskyBar,1,219,171,48,123,41,1,0,164,219
delorean4me,1,218,168,50,118,36,0,1,154,219
saganier,1,218,178,40,138,9,1,1,147,219
Subzero_Archer,2,217,168,49,119,23,2,2,142,219
MalarzPrawdy,1,218,171,47,124,7,0,1,131,219
MrOLMOBE,1,218,168,50,118,11,1,1,129,219
Sandwichmafiaman,1,218,171,47,124,5,1,1,129,219
rvlution,1,218,166,52,114,10,1,1,124,219
GangstasInAccounting,2,217,157,60,97,24,2,2,121,219
ndl002,2,217,166,51,115,4,2,2,119,219
dragonite_life,1,218,160,58,102,15,1,1,117,219
RespectableNoob,2,217,159,58,101,16,1,2,117,219
seegggaaaaa,2,217,165,52,113,2,2,2,115,219
mikwerdna,1,218,160,58,102,8,1,1,110,219
DuncanDonutz,1,218,158,60,98,11,1,1,109,219
barryfandango,1,219,157,62,95,9,1,0,104,219
recyclinghomos,2,217,147,70,77,12,2,2,89,219
Psychojo,2,217,149,68,81,7,2,2,88,219
RedSolution,1,218,143,75,68,20,1,1,88,219
NippleThief,1,219,138,81,57,29,1,0,86,219
Lootam,1,219,147,72,75,9,1,0,84,219
jaktog,2,217,141,76,65,16,2,2,81,219
SupaflyTNT,4,215,140,75,65,15,3,4,80,219
TraMaI,1,218,124,94,30,48,1,1,78,219
BoringUsername1,7,213,136,77,59,17,5,6,76,219
dajerade1,1,218,140,78,62,7,1,1,69,219
ThatPolishDude,1,219,129,90,39,25,1,0,64,219
Blacas,1,218,136,82,54,4,1,1,58,219
The_Spiffy_Yash,2,216,191,25,166,2,2,2,168,218
markthebag,2,217,176,41,135,17,2,1,152,218
weeven269,3,216,179,37,142,2,0,2,144,218
dwayne_rooney,3,216,179,37,142,0,2,2,142,218
debrad1207,1,217,176,41,135,5,1,1,140,218
huntbee,2,216,169,47,122,16,1,2,138,218
SheepInCowboyBoots,1,217,169,48,121,17,1,1,138,218
Ferranax,1,217,166,51,115,0,1,1,115,218
iambill09,2,216,157,59,98,13,2,2,111,218
IZ3820,1,217,154,63,91,13,1,1,104,218
avery51,1,218,158,60,98,5,1,0,103,218
kurtp69,2,217,130,87,43,50,2,1,93,218
jerry00020001,1,217,143,74,69,20,1,1,89,218
Boxscout,1,218,139,79,60,26,1,0,86,218
ksmorton,1,217,143,74,69,9,1,1,78,218
S3R3NITY,1,217,145,72,73,2,1,1,75,218
alphasci,4,214,133,81,52,20,2,4,72,218
cnbdream,1,217,134,83,51,11,1,1,62,218
mark_ando219,2,216,133,83,50,11,2,2,61,218
CiF,1,217,126,91,35,24,0,1,59,218
LiterallyAdolfHitler,2,216,124,92,32,25,1,2,57,218
xlFinesse,1,217,125,92,33,11,1,1,44,218
aldrchase,3,215,119,96,23,4,3,3,27,218
yellownumberfive,1,216,156,60,96,161,0,1,257,217
dudeitscoke,1,216,192,24,168,4,1,1,172,217
yukon_cornelius102,1,217,183,34,149,11,1,0,160,217
enoatarisolo,1,216,182,34,148,7,1,1,155,217
T-Math,1,216,174,42,132,12,1,1,144,217
xRC9,1,216,169,47,122,5,1,1,127,217
BlackGepp,1,216,169,47,122,4,1,1,126,217
fuzmaster,1,216,167,49,118,7,0,1,125,217
b0geyman,1,216,163,53,110,11,1,1,121,217
Featherskill,3,214,154,60,94,24,2,3,118,217
archduke_of_awesome,2,216,162,54,108,5,2,1,113,217
cdub88,1,216,160,56,104,5,1,1,109,217
KateWinchester,1,216,154,62,92,8,1,1,100,217
allenabqi,1,216,155,61,94,3,1,1,97,217
zwyanewade,1,217,140,77,63,34,1,0,97,217
Fagbot9000,1,216,153,63,90,6,1,1,96,217
hydraincarnation,2,215,150,65,85,3,2,2,88,217
avalanche175,1,216,148,68,80,7,1,1,87,217
PhilosopherKing92,1,216,143,73,70,11,1,1,81,217
joneill1,1,216,141,75,66,13,1,1,79,217
fyrie,1,216,142,74,68,10,1,1,78,217
quisling21,1,217,140,77,63,12,1,0,75,217
markender,1,216,136,80,56,17,1,1,73,217
gabbalynn,1,216,141,75,66,4,1,1,70,217
DingJones,1,217,135,82,53,4,1,0,57,217
wrapyourwillysilly,1,215,191,24,167,0,1,1,167,216
Mithridates,1,216,170,46,124,40,1,0,164,216
twogap,1,215,185,30,155,3,1,1,158,216
redwormcharlie,1,215,181,34,147,10,1,1,157,216
Littlecatholicboy,1,215,183,32,151,3,1,1,154,216
arahsay,1,215,176,39,137,12,0,1,149,216
tjmax,1,216,172,44,128,13,1,0,141,216
kophia,1,215,174,41,133,3,1,1,136,216
axemonk667,2,214,170,44,126,9,1,2,135,216
ra4king,3,214,171,43,128,6,1,2,134,216
beta_ray_charles,1,215,165,50,115,12,1,1,127,216
itsokei,1,215,170,45,125,2,1,1,127,216
amacsquared,1,215,167,48,119,5,1,1,124,216
hax2damax,1,215,167,48,119,5,1,1,124,216
DustyBC,1,215,156,59,97,18,1,1,115,216
Schnurren,1,215,159,56,103,6,1,1,109,216
maskedrolla,2,215,149,66,83,24,2,1,107,216
XZoinkersX,1,215,153,62,91,2,1,1,93,216
AcerbicUserName,1,215,144,71,73,12,1,1,85,216
ArchangelleOPisAfag,2,214,139,75,64,13,2,2,77,216
beemer87,1,216,142,74,68,7,1,0,75,216
SupraJames,1,215,124,91,33,6,1,1,39,216
Le_Pedobearrr,1,214,187,27,160,29,1,1,189,215
djnelson,1,214,177,37,140,27,1,1,167,215
aCuriousParty,1,214,168,46,122,30,1,1,152,215
Stonebeard,1,215,182,33,149,3,1,0,152,215
Meestah_Feesh,1,214,173,41,132,12,0,1,144,215
314159kuma,1,214,170,44,126,10,1,1,136,215
CCoughlin0,1,215,172,43,129,4,1,0,133,215
mortious787,1,214,169,45,124,6,1,1,130,215
Nenik,3,212,162,50,112,13,2,3,125,215
incredimatt,1,214,160,54,106,9,1,1,115,215
Obey92,1,215,152,63,89,9,1,0,98,215
IronA1dan,4,212,153,59,94,3,1,3,97,215
reddiwhipped,3,212,150,62,88,5,3,3,93,215
letshaveawank,1,214,147,67,80,11,1,1,91,215
WhackedOutWalrus,1,214,142,72,70,17,1,1,87,215
TheCl0ne,1,214,132,82,50,36,1,1,86,215
scoop15,1,214,146,68,78,5,1,1,83,215
DUMBJERK,1,214,145,69,76,2,1,1,78,215
Jackcooper,1,214,130,84,46,17,1,1,63,215
Spankler,2,214,127,87,40,21,1,1,61,215
thratty,1,215,125,90,35,16,0,0,51,215
chevybow,1,214,119,95,24,11,1,1,35,215
iMaelstrom,1,214,120,94,26,8,1,1,34,215
DanFromSesameStreet,1,214,114,100,14,5,1,1,19,215
maxuelmaxuel,1,213,190,23,167,9,1,1,176,214
evilpinkfreud,1,213,179,34,145,10,1,1,155,214
TheIntelligENT,3,211,165,46,119,28,2,3,147,214
blablabla222,1,213,170,43,127,17,1,1,144,214
Arx0s,5,209,163,46,117,22,4,5,139,214
STUN_Runner,1,213,169,44,125,13,1,1,138,214
awfxg123,1,213,169,44,125,10,1,1,135,214
BenyLava,2,212,169,43,126,6,1,2,132,214
Kzerog,1,213,166,47,119,12,1,1,131,214
n4t,1,213,163,50,113,17,1,1,130,214
wolfclaw,1,213,167,46,121,8,1,1,129,214
TerraCamilia,2,212,165,47,118,9,2,2,127,214
Ericyoung0322,1,213,153,60,93,31,1,1,124,214
muzzy137,5,209,163,46,117,0,2,5,117,214
rrocker1990,3,211,156,55,101,15,3,3,116,214
gdlmaster,1,213,158,55,103,11,1,1,114,214
celestialwolf,1,213,154,59,95,17,1,1,112,214
DareDevlin,1,213,159,54,105,6,1,1,111,214
i_heart_puppies,1,213,160,53,107,0,0,1,107,214
johnfen84,1,213,157,56,101,4,1,1,105,214
der_tek_er_jerbs,2,212,154,58,96,7,2,2,103,214
audiocranium,1,213,150,63,87,12,1,1,99,214
elgrapadora,2,212,150,62,88,6,2,2,94,214
open_organ,1,213,145,68,77,13,1,1,90,214
anchorchain,2,212,146,66,80,3,1,2,83,214
Honourandapenis,2,212,136,76,60,23,1,2,83,214
champer,2,213,130,83,47,5,2,1,52,214
lockjaw900,2,212,111,101,10,13,0,2,23,214
DailyHorribleness,1,213,100,113,-13,16,1,1,3,214
midir,1,212,199,13,186,25,1,1,211,213
CCRD,2,212,188,24,164,10,2,1,174,213
khrist_,1,212,158,54,104,61,1,1,165,213
ILLMEAT,1,212,176,36,140,17,1,1,157,213
Rick_Danko,1,212,181,31,150,5,1,1,155,213
JuanFushashi,1,212,176,36,140,15,0,1,155,213
LoveMeParadox,1,212,178,34,144,5,1,1,149,213
derpaterk,1,212,176,36,140,7,1,1,147,213
OhMahGahhhhh,2,211,169,42,127,18,1,2,145,213
WAislander,1,212,167,45,122,12,1,1,134,213
Listen_to_this_guy,1,213,170,43,127,5,1,0,132,213
Ciaranleigh,1,212,167,45,122,4,1,1,126,213
Stperkins008,1,212,167,45,122,4,1,1,126,213
lazerkitty00,3,210,166,44,122,3,2,3,125,213
bootiful_ring,2,211,164,47,117,6,1,2,123,213
darrienb,1,212,153,59,94,21,1,1,115,213
mmatus,1,213,160,53,107,7,1,0,114,213
LegaleyezIt,1,212,152,60,92,17,1,1,109,213
SleepySheepy,1,212,156,56,100,9,1,1,109,213
Jtcor,5,209,152,57,95,10,3,4,105,213
adroc,4,209,151,58,93,11,3,4,104,213
supplex,1,213,142,71,71,8,1,0,79,213
iToke_,1,212,132,80,52,26,1,1,78,213
BallSmoobs,1,212,140,72,68,7,1,1,75,213
georgietheporgie,1,212,141,71,70,4,1,1,74,213
winter0991,1,213,136,77,59,10,1,0,69,213
Retroleum,1,213,124,89,35,10,1,0,45,213
Earlisaboss,1,211,179,32,147,25,1,1,172,212
Gaynohomo,1,211,164,47,117,41,0,1,158,212
yesmee,2,211,156,55,101,56,2,1,157,212
creepit,1,211,178,33,145,5,0,1,150,212
kanito107,2,210,167,43,124,23,2,2,147,212
influXninja,3,209,172,37,135,2,3,3,137,212
zyk0s,2,210,148,62,86,50,1,2,136,212
datajunkies,1,211,168,43,125,8,1,1,133,212
Vercassivelaunos,1,211,169,42,127,4,1,1,131,212
Sythe777,1,211,154,57,97,32,0,1,129,212
PunkAssWeakAss,1,211,167,44,123,4,1,1,127,212
come_to_bury_caesar,1,211,162,49,113,8,0,1,121,212
TopScruffy,1,211,147,64,83,31,1,1,114,212
glass_chicken,1,211,158,53,105,8,1,1,113,212
Keyburrito,2,210,161,49,112,0,2,2,112,212
Volumest,1,211,157,54,103,9,1,1,112,212
basabyo,4,208,154,54,100,11,4,4,111,212
SgtSerious,1,211,147,64,83,10,1,1,93,212
CARVERitUP,2,211,142,69,73,17,1,1,90,212
CountExile,1,211,144,67,77,5,1,1,82,212
dip192,3,209,139,70,69,9,2,3,78,212
herroevery1,1,211,139,72,67,8,1,1,75,212
sofapizza,1,212,141,71,70,4,1,0,74,212
metallicapanda,1,212,134,78,56,8,1,0,64,212
Gunner844,3,209,129,80,49,14,3,3,63,212
pizza_time,2,210,120,90,30,7,2,2,37,212
Baskojin,1,210,182,28,154,15,0,1,169,211
millvia,1,210,183,27,156,4,1,1,160,211
Solunity,1,210,183,27,156,2,1,1,158,211
EllaL,2,209,174,35,139,11,1,2,150,211
Luckyducky927,1,210,172,38,134,14,1,1,148,211
Big-B-77,1,210,177,33,144,3,1,1,147,211
regularjohn33,1,210,173,37,136,11,1,1,147,211
Karatekidmax,1,210,168,42,126,4,1,1,130,211
vancouver_boy,1,210,162,48,114,13,1,1,127,211
fortkickass23,1,210,165,45,120,4,1,1,124,211
Not_Sascha_Meinrath,1,210,158,52,106,14,1,1,120,211
Mustard-Tiger,1,210,161,49,112,7,1,1,119,211
Kuta837,2,209,158,51,107,11,2,2,118,211
whyunolikeme,3,208,150,58,92,14,3,3,106,211
clockstopper,1,210,151,59,92,12,1,1,104,211
CorneliusVanderbuilt,1,210,148,62,86,16,1,1,102,211
14inthehand,1,210,143,67,76,25,1,1,101,211
PessimisticWaves,4,207,152,55,97,2,4,4,99,211
epilis,1,210,148,62,86,10,1,1,96,211
misterrollup,1,210,147,63,84,12,1,1,96,211
JoeWindsor,2,210,139,71,68,22,2,1,90,211
disastronaut,1,211,128,83,45,40,1,0,85,211
Expert_on_all_topics,4,207,142,65,77,3,4,4,80,211
tealshoes,1,210,142,68,74,5,1,1,79,211
blindingdawn,3,209,129,80,49,27,3,2,76,211
chromer123,3,209,138,71,67,9,2,2,76,211
Vgam3r,1,210,140,70,70,5,1,1,75,211
hankeypoo,1,210,140,70,70,3,1,1,73,211
simoftw,1,210,132,78,54,9,1,1,63,211
LaFleur412,1,210,127,83,44,6,1,1,50,211
studmuffffffin,1,210,121,89,32,11,1,1,43,211
LosRoboris,1,210,179,31,148,27,1,0,175,210
Rawrr_dinosaurs,1,210,181,29,152,15,1,0,167,210
ianmalcm,1,210,182,28,154,8,1,0,162,210
ComebackShane,2,209,176,33,143,0,2,1,143,210
joey_z,4,207,124,83,41,101,4,3,142,210
fearr,1,210,152,58,94,40,1,0,134,210
strikeout93,2,208,165,43,122,11,1,2,133,210
deebSTR,1,209,166,43,123,9,1,1,132,210
Lukerative,1,209,165,44,121,9,1,1,130,210
bluesunglasses2134,1,209,165,44,121,6,1,1,127,210
Bmxing85,5,205,156,49,107,10,3,5,117,210
Kwolf23,1,209,160,49,111,5,1,1,116,210
Cantmakeithenfakeit,1,210,159,51,108,5,1,0,113,210
Anton_Lemieux,1,209,157,52,105,5,1,1,110,210
cheerleader4thedead,1,209,154,55,99,9,1,1,108,210
smackNcheez,1,210,142,68,74,34,1,0,108,210
diggyk,1,209,150,59,91,9,1,1,100,210
soulless-ginger-7,1,209,138,71,67,27,1,1,94,210
HeyFunkyPianist,2,208,143,65,78,8,2,2,86,210
lazybones_18,2,208,134,74,60,20,2,2,80,210
Tcoch28,1,209,140,69,71,3,1,1,74,210
CanadianBK,1,209,137,72,65,3,1,1,68,210
syah7991,1,209,132,77,55,5,1,1,60,210
Tweak34,1,209,128,81,47,7,1,1,54,210
k4rlo05,2,208,124,84,40,10,2,2,50,210
BenNCM,5,205,113,92,21,17,5,5,38,210
Hameed67,1,208,190,18,172,11,1,1,183,209
retrogradeworks,2,208,188,20,168,3,2,1,171,209
TAPAC,1,208,176,32,144,10,1,1,154,209
beerisgod,1,208,173,35,138,5,1,1,143,209
naturesjoke,1,208,159,49,110,32,1,1,142,209
SararaB,1,208,173,35,138,3,1,1,141,209
justinharrison1337,1,209,171,38,133,6,1,0,139,209
jmdxsvhs15,2,207,170,37,133,5,2,2,138,209
muyad,3,207,166,41,125,10,3,2,135,209
Kiowa707,1,208,165,43,122,12,1,1,134,209
Dulcerios209,3,206,161,45,116,14,3,3,130,209
Sickivionkey,1,208,161,47,114,13,1,1,127,209
VegitoFusion,1,208,156,52,104,4,1,1,108,209
DecievedRTS,1,209,155,54,101,5,1,0,106,209
Prazoid,1,208,151,57,94,8,1,1,102,209
nerdydamehadanaxe,1,208,153,55,98,3,1,1,101,209
femmepastiche,1,209,147,62,85,11,1,0,96,209
Thepeanutbuttermutte,1,208,144,64,80,16,1,1,96,209
Locusthorde300,2,207,145,62,83,10,2,2,93,209
ecaward,1,209,142,67,75,16,1,0,91,209
mickal95,1,209,142,67,75,9,1,0,84,209
the_kingthlayer,1,208,139,69,70,12,1,1,82,209
THAREALBIGGIESMALLS,1,208,139,69,70,7,1,1,77,209
left814,1,208,134,74,60,13,1,1,73,209
Natrel,2,208,139,69,70,0,2,1,70,209
brentmcdonald,9,200,126,74,52,15,5,9,67,209
music1979,3,206,120,86,34,27,3,3,61,209
FromDaysOfYore,3,206,123,83,40,7,3,3,47,209
Sp4rtaN25,7,202,112,90,22,20,3,7,42,209
padorama,1,208,119,89,30,10,1,1,40,209
megamee,1,208,107,101,6,11,0,1,17,209
alexhoyer,1,207,181,26,155,10,0,1,165,208
terdferguson55,1,207,158,49,109,38,1,1,147,208
ChrisHawks,2,206,176,30,146,0,1,2,146,208
FerdiBerdiBraarud,1,207,171,36,135,10,1,1,145,208
qqg3,3,206,171,35,136,8,3,2,144,208
Wahzuhbee,2,207,164,43,121,15,2,1,136,208
stewartjsly,1,208,160,48,112,21,1,0,133,208
melysaurusrex,1,207,165,42,123,6,1,1,129,208
SolidSean,1,207,162,45,117,11,1,1,128,208
awokenn,1,207,152,55,97,30,1,1,127,208
Peyleck,1,207,165,42,123,4,1,1,127,208
AetherAlchemyst,1,207,153,54,99,25,1,1,124,208
Grandpa_Utz,1,207,150,57,93,22,0,1,115,208
rabbitcfh,1,207,159,48,111,3,1,1,114,208
jtobes16,2,206,153,53,100,13,2,2,113,208
noodles2go,1,208,157,51,106,6,1,0,112,208
rpetersen29,2,208,155,53,102,4,1,0,106,208
Tactful,2,206,148,58,90,8,2,2,98,208
rossco234,3,205,143,62,81,6,2,3,87,208
PlayerGold,2,207,132,75,57,22,2,1,79,208
Life1sBeautiful,1,207,138,69,69,5,1,1,74,208
pixelcake,1,207,138,69,69,3,1,1,72,208
rae_scho,1,207,135,72,63,6,1,1,69,208
TheKarmaExperiment,2,206,132,74,58,11,1,2,69,208
joshpcarter,3,205,131,74,57,9,3,3,66,208
mizzholly228,2,207,131,76,55,8,2,1,63,208
bryanmorse,1,208,130,78,52,10,1,0,62,208
dacreux,2,206,124,82,42,19,2,2,61,208
jyosef,2,206,120,86,34,14,2,2,48,208
Bearmaster9013,1,207,123,84,39,7,1,1,46,208
LekkeiXLioko,1,207,120,87,33,5,1,1,38,208
Jeppesk,1,206,182,24,158,17,1,1,175,207
5Bullets,1,206,184,22,162,7,0,1,169,207
bleacliath,1,206,183,23,160,9,0,1,169,207
EyeballSandwich,4,203,183,20,163,5,4,4,168,207
DaSemonator,2,205,176,29,147,11,2,2,158,207
PanicStil,2,206,169,37,132,17,1,1,149,207
slwright55,3,205,160,45,115,29,3,2,144,207
JaffahCake,1,207,164,43,121,11,1,0,132,207
a_posh_trophy,2,205,164,41,123,8,2,2,131,207
chiubakka,1,206,156,50,106,25,1,1,131,207
garmachi,1,206,163,43,120,6,1,1,126,207
tastethabass,2,205,161,44,117,6,2,2,123,207
Batyrsik,1,207,157,50,107,13,1,0,120,207
amtv_88,1,206,160,46,114,4,1,1,118,207
inflames902002,2,205,153,52,101,16,2,2,117,207
erikachristine7,3,204,154,50,104,10,3,3,114,207
mafibasheth,1,206,152,54,98,13,1,1,111,207
bblemonade,1,207,137,70,67,42,1,0,109,207
Aedelmann,2,205,152,53,99,5,1,2,104,207
quidcunc,1,206,153,53,100,3,1,1,103,207
FirstJohn318,1,206,152,54,98,2,1,1,100,207
givealittlelove,1,206,147,59,88,3,1,1,91,207
menolikepoopybad,1,207,143,64,79,12,1,0,91,207
RossD123,1,206,140,66,74,6,0,1,80,207
RzK,1,206,138,68,70,8,1,1,78,207
blackfuse,2,205,136,69,67,8,2,2,75,207
wirf,1,206,135,71,64,11,0,1,75,207
Imminent_Fate,3,204,134,70,64,9,3,3,73,207
digitalllove,1,207,132,75,57,12,1,0,69,207
Gebby254,2,206,135,71,64,4,2,1,68,207
Zutart,1,206,133,73,60,6,1,1,66,207
fosterbuster,1,206,121,85,36,29,1,1,65,207
ScrewtapelLD,1,206,133,73,60,4,1,1,64,207
shoffobroff,2,205,128,77,51,12,2,2,63,207
EastYork,2,206,125,81,44,2,2,1,46,207
agapornis,1,207,120,87,33,4,1,0,37,207
iExtrapolate,4,204,111,93,18,14,3,3,32,207
BurstedYourBubble,1,206,111,95,16,11,1,1,27,207
jcsulser,1,205,167,38,129,48,1,1,177,206
Stingerr,1,205,180,25,155,4,1,1,159,206
ICHTHYSDISCIPLE,1,205,180,25,155,2,0,1,157,206
SirFuckingSwagg,1,205,173,32,141,7,1,1,148,206
goranpejovic,1,205,173,32,141,6,1,1,147,206
Olibra,1,205,169,36,133,13,0,1,146,206
TitaniumBagels,1,205,170,35,135,9,1,1,144,206
harvard_9A,2,205,162,43,119,20,2,1,139,206
mr18inches,1,205,169,36,133,6,1,1,139,206
mctwist16,1,206,165,41,124,11,1,0,135,206
Mesaj,2,204,163,41,122,5,2,2,127,206
Pamtastic,1,205,162,43,119,6,1,1,125,206
trepo,1,205,163,42,121,4,1,1,125,206
TheBaltimoron,1,205,158,47,111,11,1,1,122,206
Ryanisreallame,2,204,151,53,98,23,2,2,121,206
Vataro,1,205,158,47,111,2,1,1,113,206
pieforall,1,205,155,50,105,4,1,1,109,206
jaichauhan123,1,205,146,59,87,2,1,1,89,206
10DollarDesigner,1,205,141,64,77,4,1,1,81,206
onephatkatt,1,205,137,68,69,6,1,1,75,206
NiagaElRei,5,201,125,76,49,22,4,5,71,206
jussswonderin,2,205,130,75,55,16,2,1,71,206
ultraheo044,3,203,133,70,63,8,2,3,71,206
TaiserSoze,1,206,131,75,56,13,1,0,69,206
Layysz,3,203,133,70,63,5,3,3,68,206
shnomoe,1,205,132,73,59,5,1,1,64,206
yecalacey,2,204,125,79,46,9,2,2,55,206
cranestyles,1,204,182,22,160,9,1,1,169,205
terplox,1,204,179,25,154,12,1,1,166,205
_Discord_,2,203,178,25,153,10,2,2,163,205
psilentp,1,204,177,27,150,10,1,1,160,205
Lord_Panzer,1,205,178,27,151,4,1,0,155,205
LaingMachine666,1,204,171,33,138,15,0,1,153,205
CantCatch,1,204,172,32,140,8,1,1,148,205
Broseph06,2,203,161,42,119,26,2,2,145,205
ericbuffalo55,1,204,168,36,132,9,0,1,141,205
twitchandshout569,1,204,165,39,126,8,1,1,134,205
rubbertoe15,3,203,165,38,127,6,3,2,133,205
acpierce456,1,205,164,41,123,10,1,0,133,205
IndieMario,1,204,162,42,120,11,1,1,131,205
sensei_sedivy,1,204,157,47,110,21,1,1,131,205
LeDragon,1,205,161,44,117,12,1,0,129,205
Points_out_Annoyance,1,204,157,47,110,19,1,1,129,205
mvpnick11,2,205,159,46,113,6,1,0,119,205
Fatzold,1,204,153,51,102,12,1,1,114,205
Eraxley,1,204,153,51,102,9,1,1,111,205
nolanator,1,204,145,59,86,22,1,1,108,205
lanesasaur,1,204,152,52,100,5,1,1,105,205
bobrob48,1,204,152,52,100,2,0,1,102,205
OMFGrhombus,1,204,148,56,92,7,1,1,99,205
Chii-83,1,204,138,66,72,24,1,1,96,205
Eshrinnhero,1,204,145,59,86,6,1,1,92,205
tt_frog,2,204,140,64,76,11,2,1,87,205
colski08,1,204,140,64,76,9,0,1,85,205
AlienHook,3,202,136,66,70,8,3,3,78,205
freezoxlt5,1,204,136,68,68,7,1,1,75,205
therandymarsh,2,203,130,73,57,16,2,2,73,205
futuresailers,1,204,119,85,34,32,1,1,66,205
reisespieces7337,2,204,133,71,62,3,1,1,65,205
DisraeliGearsX,1,204,127,77,50,14,1,1,64,205
Oldsoul77,3,203,125,78,47,13,2,2,60,205
mdawgig,1,204,127,77,50,5,1,1,55,205
englishidiot,2,204,109,95,14,19,2,1,33,205
TomMorrow2,2,203,111,92,19,12,2,2,31,205
Cpt_Robbo,1,204,108,96,12,10,1,1,22,205
6eighti1tilda,1,204,182,22,160,25,1,0,185,204
MaxtheWax,2,202,179,23,156,5,1,2,161,204
tdRftw,1,203,166,37,129,31,1,1,160,204
ctfg,1,203,175,28,147,10,1,1,157,204
47L45,1,204,172,32,140,3,1,0,143,204
esecarlosotondo,2,202,153,49,104,17,2,2,121,204
suanit062499,1,203,160,43,117,3,1,1,120,204
Kwiatcouchski,1,203,161,42,119,0,1,1,119,204
IngusRogeth,5,201,145,56,89,14,4,3,103,204
Toniben,3,202,150,52,98,5,3,2,103,204
markywater,4,200,138,62,76,25,4,4,101,204
Talifag,1,203,128,75,53,48,1,1,101,204
Almondcoconuts,4,200,142,58,84,15,4,4,99,204
deathkillerxxx,2,202,145,57,88,11,2,2,99,204
uJizard,1,203,148,55,93,5,1,1,98,204
helty,2,202,147,55,92,0,2,2,92,204
Geaux,2,202,141,61,80,9,2,2,89,204
bryciclepete,3,202,133,69,64,24,2,2,88,204
JeCroisQue,1,203,141,62,79,8,1,1,87,204
TBfive2,1,203,140,63,77,10,1,1,87,204
P0w3r0fGray5kull,2,202,131,71,60,23,2,2,83,204
Gay4u,1,203,138,65,73,9,1,1,82,204
mysecretpornname,1,204,139,65,74,6,1,0,80,204
greasywiener,2,202,128,74,54,16,2,2,70,204
Elcraigo11,1,203,133,70,63,7,1,1,70,204
Togsy,1,203,129,74,55,14,1,1,69,204
Redditrigger,1,203,131,72,59,7,1,1,66,204
sid9102,1,203,130,73,57,9,1,1,66,204
Addictedgamer6,1,203,128,75,53,12,1,1,65,204
swapmeat,1,203,123,80,43,11,1,1,54,204
squarer00t,2,201,166,35,131,51,2,2,182,203
hotchrisbfries,3,201,172,29,143,31,2,2,174,203
IAmtheHullabaloo,1,202,182,20,162,0,1,1,162,203
sli,1,202,166,36,130,30,1,1,160,203
darustler,1,202,176,26,150,8,1,1,158,203
DocFreeman,1,202,169,33,136,21,0,1,157,203
adamd28,1,202,163,39,124,28,1,1,152,203
Suprise_Anus_Rape,1,203,174,29,145,0,1,0,145,203
Banjulioe,1,202,165,37,128,13,0,1,141,203
aliens_300c,2,201,166,35,131,9,2,2,140,203
Escobeezy,2,202,166,36,130,3,2,1,133,203
PrestonJMor,1,202,162,40,122,10,1,1,132,203
mauvalous1,2,201,163,38,125,5,2,2,130,203
CamEdwardo,3,200,156,44,112,12,3,3,124,203
andynplay,1,202,159,43,116,8,1,1,124,203
ACharmlessMan,1,203,161,42,119,0,1,0,119,203
tacoexcorsist,1,202,158,44,114,2,1,1,116,203
reecezpieces,1,202,146,56,90,18,0,1,108,203
protomanzero,1,202,151,51,100,7,1,1,107,203
lmdrobvious,1,202,153,49,104,2,0,1,106,203
Math1988,1,202,146,56,90,15,0,1,105,203
Sh00t3rMK,2,201,130,71,59,37,2,2,96,203
xPIN34PPl3Sx,1,203,147,56,91,5,1,0,96,203
Arizzletron,6,197,142,55,87,5,5,6,92,203
zigzag8454,2,201,143,58,85,7,1,2,92,203
woodygfx,1,202,138,64,74,8,1,1,82,203
Philloposaur,2,201,136,65,71,2,2,2,73,203
mr_pterodactyl,1,202,134,68,66,4,1,1,70,203
RedBicycle,1,202,133,69,64,0,1,1,64,203
fluffyPWNS_182,2,201,122,79,43,14,2,2,57,203
phone_scissors_pen,2,201,118,83,35,17,2,2,52,203
troythetoyboy,1,202,124,78,46,4,1,1,50,203
RDR911,1,202,108,94,14,12,1,1,26,203
rankun,2,202,106,96,10,12,2,1,22,203
Traveno,1,201,178,23,155,0,1,1,155,202
finishyourbeer,3,199,163,36,127,14,2,3,141,202
rolledankle,2,201,160,41,119,21,2,1,140,202
poo-poo,1,201,161,40,121,16,1,1,137,202
Zombidillo,1,201,165,36,129,5,1,1,134,202
Fuzz494,1,201,154,47,107,12,0,1,119,202
Adeteran,1,202,156,46,110,7,1,0,117,202
Timmah1793,1,201,151,50,101,14,1,1,115,202
ironicalsexist,1,201,130,71,59,45,1,1,104,202
ra514,8,194,140,54,86,8,7,8,94,202
blackoutbiz,1,201,142,59,83,10,1,1,93,202
mannatee,1,201,144,57,87,3,1,1,90,202
c0rrupts0ciety,3,199,141,58,83,3,2,3,86,202
cousin_rico,2,200,138,62,76,7,2,2,83,202
HeezyB,2,201,113,88,25,54,2,1,79,202
highramblings,1,202,129,73,56,22,1,0,78,202
nacholibrary,5,197,129,68,61,16,1,5,77,202
ronan007,1,201,134,67,67,10,1,1,77,202
kongzilla,2,200,135,65,70,5,2,2,75,202
gosucrank,1,201,128,73,55,20,1,1,75,202
xotiklive,1,201,129,72,57,15,1,1,72,202
Pedroski,1,201,134,67,67,4,1,1,71,202
soulcake,1,201,130,71,59,4,1,1,63,202
heebsmagee,1,201,124,77,47,8,1,1,55,202
Andrewskoff,1,202,115,87,28,2,1,0,30,202
Trackerus,1,200,168,32,136,12,1,1,148,201
Ghostdemon,1,200,168,32,136,9,1,1,145,201
Vashniir,1,200,171,29,142,3,1,1,145,201
Mirf9,2,199,153,46,107,23,2,2,130,201
designated_diver,1,200,159,41,118,5,1,1,123,201
woggietree,1,201,154,47,107,12,1,0,119,201
Cbailes68,1,200,159,41,118,0,1,1,118,201
foevalovinjah,5,197,145,52,93,21,2,4,114,201
MissMidnight,1,201,152,49,103,7,1,0,110,201
keirsch,1,200,149,51,98,10,1,1,108,201
H5None,3,200,143,57,86,17,3,1,103,201
gvpires,2,199,142,57,85,17,2,2,102,201
just_brazilian,1,200,136,64,72,25,1,1,97,201
Strid3r21,1,200,127,73,54,40,1,1,94,201
PropMonkey,2,199,128,71,57,33,1,2,90,201
monkeywings,1,200,139,61,78,8,0,1,86,201
thatguywithtwothumbs,1,200,133,67,66,10,1,1,76,201
primer343,3,198,135,63,72,2,3,3,74,201
The_right_mind,2,200,136,64,72,0,1,1,72,201
outtasight,1,200,113,87,26,41,1,1,67,201
Stagierfall,1,200,130,70,60,4,1,1,64,201
Ovurix,2,201,122,79,43,10,1,0,53,201
cjbrigol,3,198,120,78,42,8,2,3,50,201
Digg1,2,200,117,83,34,13,2,1,47,201
Hero_Of_Sandwich,1,200,179,21,158,54,1,0,212,200
manself,1,199,186,13,173,15,1,1,188,200
vikramhaer,2,198,182,16,166,11,0,2,177,200
FDJT,1,199,182,17,165,4,0,1,169,200
Swordman5,1,200,166,34,132,35,1,0,167,200
crawfish2000,1,200,178,22,156,10,1,0,166,200
Itterman9,1,199,174,25,149,7,0,1,156,200
Xyloiid,1,199,174,25,149,6,1,1,155,200
jags0333,2,198,149,49,100,50,1,2,150,200
veedy,1,199,167,32,135,5,1,1,140,200
R4nd0mizing,2,198,152,46,106,30,2,2,136,200
subiza,4,196,162,34,128,6,1,4,134,200
quicksilver3121,1,199,162,37,125,6,1,1,131,200
mctaks,1,199,160,39,121,5,1,1,126,200
dacotahd,2,198,156,42,114,10,2,2,124,200
sayaaahhh,2,198,158,40,118,6,2,2,124,200
CooperVazao,1,199,156,43,113,11,1,1,124,200
us885a,2,198,152,46,106,17,1,2,123,200
Hazardouscat0,2,198,156,42,114,7,2,2,121,200
Patata_Frita,1,199,151,48,103,16,1,1,119,200
CherryFlavor,1,199,154,45,109,7,1,1,116,200
UnhiDEER,1,199,156,43,113,3,1,1,116,200
aconfusedpenguin,1,199,155,44,111,4,0,1,115,200
15amathis,2,198,142,56,86,28,1,2,114,200
kruczinski,1,199,155,44,111,3,1,1,114,200
newps48,1,199,152,47,105,6,1,1,111,200
NotUrFknKhakis,2,198,151,47,104,4,2,2,108,200
OHAITHARU,2,198,149,49,100,7,2,2,107,200
telchii,1,199,147,52,95,10,1,1,105,200
thosewholeft,1,199,149,50,99,6,1,1,105,200
i_am_uber,1,199,148,51,97,4,1,1,101,200
whipnil,1,199,131,68,63,31,1,1,94,200
PrussianJoe,1,199,140,59,81,12,1,1,93,200
Spc-Mkr,2,199,143,56,87,4,1,1,91,200
choooo,2,198,135,63,72,12,2,2,84,200
ioNNNic,3,197,132,65,67,16,3,3,83,200
TheRyanoceros,1,199,137,62,75,4,1,1,79,200
smidola,3,198,127,71,56,9,2,2,65,200
koz1769,2,198,119,79,40,20,1,2,60,200
McDoogle9505,1,200,121,79,42,11,1,0,53,200
fett4evr,11,190,107,83,24,24,7,10,48,200
Robertybub,1,199,113,86,27,16,1,1,43,200
funkyshit,1,199,114,85,29,7,1,1,36,200
the_internet_clown,4,198,98,100,-2,25,3,2,23,200
BVIeweg,3,196,170,26,144,60,3,3,204,199
southerncal,2,199,172,27,145,11,1,0,156,199
shadow3352,1,198,161,37,124,11,1,1,135,199
Wordex,4,195,157,38,119,15,4,4,134,199
bongcentral,1,198,161,37,124,9,1,1,133,199
Yunoface,2,197,155,42,113,16,2,2,129,199
Lolliplop,1,198,151,47,104,19,1,1,123,199
DakotaN2895,2,198,157,41,116,3,2,1,119,199
Giuga10,2,197,158,39,119,0,1,2,119,199
UncleRick,1,198,151,47,104,15,0,1,119,199
Bmhim666,3,196,148,48,100,16,2,3,116,199
dhlrebel,1,198,155,43,112,2,1,1,114,199
LFryo,2,199,152,47,105,8,2,0,113,199
ZZZZZZZZZZZZARD,1,198,155,43,112,0,1,1,112,199
BretOne,1,198,142,56,86,25,1,1,111,199
thatgurl08,2,197,151,46,105,5,1,2,110,199
MummyHero23,1,198,151,47,104,4,1,1,108,199
GerbertheHoneyBadger,1,198,146,52,94,13,1,1,107,199
thunder216,1,198,150,48,102,4,1,1,106,199
guy_from_canada,1,198,147,51,96,4,0,1,100,199
Velenor,1,198,144,54,90,7,1,1,97,199
brresnic,1,198,140,58,82,10,1,1,92,199
Flabbagazta,1,198,142,56,86,4,1,1,90,199
OrderInTheChaos,1,198,140,58,82,5,1,1,87,199
robinson66,1,199,141,58,83,3,1,0,86,199
clinteresting,3,196,134,62,72,8,2,3,80,199
chloroformdyas,1,198,134,64,70,8,1,1,78,199
cubbyspace,2,197,130,67,63,13,1,2,76,199
pinkpinballmagic,3,196,131,65,66,7,2,3,73,199
Abezilla116,2,197,114,83,31,40,1,2,71,199
oshbagosh,1,198,121,77,44,19,1,1,63,199
flareboy323,3,196,124,72,52,10,2,3,62,199
brennus,1,199,123,76,47,13,1,0,60,199
RutherfordBehave,1,198,122,76,46,10,1,1,56,199
luckygamerl,1,198,127,71,56,143,1,0,199,198
Their_Police,2,197,169,28,141,49,2,1,190,198
theesimon,1,198,173,25,148,27,1,0,175,198
clreimers,1,197,176,21,155,12,1,1,167,198
rebeccalwoods,1,198,163,35,128,19,1,0,147,198
therickster_,1,197,159,38,121,17,0,1,138,198
TheYoungLiar,1,197,164,33,131,7,0,1,138,198
Zoozx80,1,197,153,44,109,28,1,1,137,198
MyPeadyPie,2,197,164,33,131,4,2,1,135,198
fightingforair,1,197,151,46,105,22,1,1,127,198
CexyNun,1,197,158,39,119,6,1,1,125,198
MizzElissa,2,196,143,53,90,29,1,2,119,198
OBNOXIOUSNAME,2,196,155,41,114,3,2,2,117,198
mtk88,2,196,149,47,102,7,2,2,109,198
Stones25,2,196,146,50,96,13,2,2,109,198
d4rkr,1,197,147,50,97,12,1,1,109,198
BadGuy002,2,197,144,53,91,16,2,1,107,198
AnUncomfortablePanda,1,197,146,51,95,12,1,1,107,198
GrahamSaysNO,2,197,146,51,95,8,2,1,103,198
URPerfect,3,197,141,56,85,18,0,1,103,198
fuckbitchesgetpolio,1,198,148,50,98,3,1,0,101,198
giel0w,1,197,144,53,91,5,1,1,96,198
longboardand,1,197,140,57,83,6,1,1,89,198
overdriven,1,198,141,57,84,3,1,0,87,198
hazmat_suit_guy,2,197,140,57,83,3,2,1,86,198
bamv9,1,197,114,83,31,51,1,1,82,198
thezhgguy,2,196,135,61,74,5,2,2,79,198
cbhaxx,2,197,134,63,71,5,2,1,76,198
ThatRandomThrowaway,1,197,124,73,51,22,1,1,73,198
skooma316,1,198,133,65,68,2,1,0,70,198
frstmnjack,4,196,117,79,38,30,1,2,68,198
Tazerenix,1,197,127,70,57,8,1,1,65,198
redfive5tandingby,1,197,127,70,57,6,1,1,63,198
Naruhodo,1,197,123,74,49,4,1,1,53,198
kmancb13,1,197,119,78,41,6,1,1,47,198
Annie_fly,2,196,116,80,36,7,2,2,43,198
JohnnyElijasialuk,4,194,95,99,-4,10,1,4,6,198
uninvited_love,1,196,181,15,166,3,1,1,169,197
darkproteus66,4,194,177,17,160,6,2,3,166,197
HoppyMcScragg,1,196,157,39,118,40,1,1,158,197
lurkinguser,1,197,168,29,139,14,1,0,153,197
Zahel,1,196,168,28,140,9,1,1,149,197
skiwsp,3,195,159,36,123,19,3,2,142,197
arezee,1,196,162,34,128,11,1,1,139,197
Alien_historian_man,1,196,162,34,128,9,1,1,137,197
space_angel,1,196,157,39,118,19,1,1,137,197
anothertran,1,196,165,31,134,2,1,1,136,197
Bridg889,1,196,151,45,106,21,1,1,127,197
deliciousbooty,2,196,154,42,112,7,2,1,119,197
Azzra3l,2,195,133,62,71,47,2,2,118,197
Wolftongue,1,196,152,44,108,10,1,1,118,197
okmkz,2,196,150,46,104,8,2,1,112,197
Kavec,1,196,151,45,106,5,1,1,111,197
Melairia,1,196,149,47,102,6,1,1,108,197
dajarman,3,194,149,45,104,2,2,3,106,197
TacticalSandwich,1,196,146,50,96,9,1,1,105,197
gsamov2,1,196,144,52,92,10,1,1,102,197
ThioJoe,1,196,142,54,88,14,1,1,102,197
time_wizard,1,196,126,70,56,42,1,1,98,197
BumbleBeest,2,195,140,55,85,12,1,2,97,197
LurkerBR,2,196,144,52,92,2,2,1,94,197
PotatoHoarder,2,195,140,55,85,7,2,2,92,197
redturtle6,1,196,142,54,88,4,1,1,92,197
yeltsin,1,196,138,58,80,12,1,1,92,197
shinobeast,1,196,140,56,84,7,1,1,91,197
Tierkreis,1,196,135,61,74,16,1,1,90,197
ahhdum,2,195,136,59,77,4,1,2,81,197
big_lee84,1,196,132,64,68,8,1,1,76,197
waterpotamus,1,197,133,64,69,6,1,0,75,197
bgaddis88,1,196,134,62,72,2,1,1,74,197
jaesun,1,196,129,67,62,8,1,1,70,197
Sassybac12,1,196,123,73,50,5,1,1,55,197
superhotpants,2,197,104,93,11,24,1,0,35,197
drewsnyder,1,195,149,46,103,52,1,1,155,196
trow1995,1,196,172,24,148,7,1,0,155,196
CrabCrap,2,195,169,26,143,9,1,1,152,196
cdr1598,1,195,160,35,125,0,1,1,125,196
Lampanata,1,195,155,40,115,5,0,1,120,196
cammyfawkes,3,194,146,48,98,6,3,2,104,196
thndrchld,1,195,145,50,95,7,1,1,102,196
potentgirt,1,195,144,51,93,5,1,1,98,196
Kingz94,1,195,130,65,65,20,1,1,85,196
wtbnewsoul,2,194,126,68,58,19,1,2,77,196
ChuckNorriso0,2,195,133,62,71,4,2,1,75,196
chaklong,1,195,132,63,69,6,1,1,75,196
Izbickiskater,1,195,130,65,65,9,1,1,74,196
cyyyyyd,2,194,129,65,64,2,2,2,66,196
tresser,2,195,128,67,61,5,1,1,66,196
juhugudusu,1,195,129,66,63,2,1,1,65,196
hater_downvoter,1,195,125,70,55,7,1,1,62,196
rhorn91,1,195,121,74,47,5,1,1,52,196
fubes2000,2,195,120,75,45,6,2,1,51,196
kaoticsnow,2,194,111,83,28,10,2,2,38,196
glorax8,1,195,112,83,29,2,1,1,31,196
tmt71195,2,194,102,92,10,13,1,2,23,196
fallore,1,195,83,112,-29,7,1,1,-22,196
An_Amateur_Expert,1,195,183,12,171,15,1,0,186,195
benmuzz,1,194,174,20,154,11,1,1,165,195
J5892,1,194,173,21,152,11,1,1,163,195
taylorbcool,1,194,170,24,146,5,1,1,151,195
sciamoscia,2,193,155,38,117,30,2,2,147,195
agross717,1,194,164,30,134,7,1,1,141,195
Turbostrider,1,194,159,35,124,11,1,1,135,195
RiZe_of_Gingers,3,193,157,36,121,9,3,2,130,195
honzoman,2,194,153,41,112,10,1,1,122,195
Ubv,2,193,150,43,107,14,2,2,121,195
jik_56_I,1,194,154,40,114,6,1,1,120,195
ktrcoyote,2,194,156,38,118,2,1,1,120,195
elMulatto,1,194,151,43,108,9,1,1,117,195
FeraL_,1,195,150,45,105,11,1,0,116,195
kaskrinj,2,194,152,42,110,5,2,1,115,195
madnickhahaha,3,193,139,54,85,21,1,2,106,195
falinski,1,194,146,48,98,6,1,1,104,195
Gezus,1,194,141,53,88,4,1,1,92,195
Lexipotimus,3,192,124,68,56,23,3,3,79,195
CrasherAce,1,194,130,64,66,11,1,1,77,195
7thoughts,2,193,128,65,63,12,1,2,75,195
thesantos92,1,194,133,61,72,3,1,1,75,195
maxisawesome,1,195,127,68,59,15,1,0,74,195
_someclicheid_,4,191,129,62,67,6,2,4,73,195
HeroDiesFirst,1,194,131,63,68,5,1,1,73,195
Atoramos,1,194,126,68,58,12,1,1,70,195
abadcat,1,195,122,73,49,19,1,0,68,195
chalupatroopa,1,195,126,69,57,9,1,0,66,195
RockShowa,4,191,122,69,53,8,4,4,61,195
sirsocal,6,190,118,72,46,12,5,5,58,195
Mor1or,1,194,119,75,44,12,1,1,56,195
wmup,1,194,118,76,42,7,1,1,49,195
nutstomper,1,194,115,79,36,9,1,1,45,195
ericmc2008,1,194,112,82,30,3,1,1,33,195
deejay_1,2,194,108,86,22,8,2,1,30,195
immaloser,1,194,102,92,10,4,1,1,14,195
ACE_C0ND0R,1,193,179,14,165,24,1,1,189,194
artsstudents,1,194,181,13,168,3,1,0,171,194
mayodefender,1,193,173,20,153,7,1,1,160,194
largelion,1,193,174,19,155,2,1,1,157,194
ceilingdweller,1,193,173,20,153,3,1,1,156,194
fiercepenguin,2,193,173,20,153,0,1,1,153,194
Okhranka,1,193,163,30,133,9,1,1,142,194
maxminski,1,193,150,43,107,27,1,1,134,194
bm27,1,193,160,33,127,3,1,1,130,194
queenmisfits,1,193,156,37,119,6,1,1,125,194
TheAverageLunchbox,3,191,154,37,117,5,2,3,122,194
residentbcrat,1,193,150,43,107,14,1,1,121,194
InfL,3,191,150,41,109,8,1,3,117,194
New_Roman_Times,2,192,146,46,100,14,2,2,114,194
iAMaLIONrawr,2,192,143,49,94,15,2,2,109,194
Jack1317,3,191,133,58,75,28,1,3,103,194
rgylys,1,193,147,46,101,2,1,1,103,194
ronronbert,1,193,145,48,97,5,1,1,102,194
dude7386,3,191,141,50,91,10,3,3,101,194
TrickTrolld,1,194,137,57,80,18,1,0,98,194
oscarxmorris,1,194,135,59,76,3,1,0,79,194
ROUGH_RHINO_FISTING,1,193,132,61,71,5,1,1,76,194
neinbot,1,193,119,74,45,26,1,1,71,194
tomdoesntsuck,2,192,121,71,50,19,2,2,69,194
two_harbors,1,193,128,65,63,3,1,1,66,194
SuperMAN_MAN,6,188,120,68,52,10,4,6,62,194
arnoldlayne123,1,193,123,70,53,7,1,1,60,194
tehLorax,1,194,124,70,54,2,1,0,56,194
greatguns,1,194,110,84,26,14,1,0,40,194
Dent_in_chest,1,193,111,82,29,6,1,1,35,194
soupyhands,3,190,177,13,164,4,2,3,168,193
Effthebitch,2,191,162,29,133,25,2,2,158,193
chroncile,2,192,168,24,144,4,2,1,148,193
wtf_enough,1,193,161,32,129,9,1,0,138,193
readyno,1,192,159,33,126,11,1,1,137,193
haigaltunian,2,192,155,37,118,7,2,1,125,193
cheezeburgericanhaz,1,192,148,44,104,18,1,1,122,193
Swampfunk,2,191,150,41,109,8,2,2,117,193
Sneakykorean,1,192,149,43,106,3,1,1,109,193
Stephenfold,2,191,141,50,91,14,1,2,105,193
dumpsterhumpin,1,193,145,48,97,6,1,0,103,193
SorrowSixx,1,192,140,52,88,13,1,1,101,193
AloeRP,1,192,141,51,90,6,1,1,96,193
arbrne,1,193,137,56,81,13,1,0,94,193
LeJimmyRustler,4,189,137,52,85,6,3,4,91,193
war_hamster,1,192,126,66,60,31,1,1,91,193
professorpan,1,192,137,55,82,3,1,1,85,193
toppswagg,4,189,132,57,75,9,4,4,84,193
heavyflo,1,192,135,57,78,5,1,1,83,193
phendr,1,192,117,75,42,39,1,1,81,193
Prellz,1,192,126,66,60,10,1,1,70,193
aSignificantOtter,1,192,130,62,68,0,1,1,68,193
EH1987,1,193,128,65,63,5,1,0,68,193
CptnKrank,3,191,112,79,33,30,3,2,63,193
This_is_blank,1,192,122,70,52,11,1,1,63,193
nazsiwa,1,192,117,75,42,20,1,1,62,193
m5rk,1,192,123,69,54,5,1,1,59,193
spyderhawk,4,189,116,73,43,15,3,4,58,193
pnpbios,1,193,111,82,29,19,1,0,48,193
iama_XXL,3,191,103,88,15,22,2,2,37,193
cockarmpit,1,191,170,21,149,17,1,1,166,192
PurpleBabe,2,191,163,28,135,9,2,1,144,192
AbleBodiedSeaman,1,191,163,28,135,6,0,1,141,192
fuckthelawz,3,190,154,36,118,10,2,2,128,192
b1gbeef,1,191,154,37,117,4,1,1,121,192
Crypticc,2,190,151,39,112,7,2,2,119,192
arksien,1,191,153,38,115,0,1,1,115,192
Svolacius,1,191,150,41,109,6,1,1,115,192
Maxadax,1,191,149,42,107,6,1,1,113,192
LotsOfButtons,2,190,145,45,100,10,1,2,110,192
Woldiie,1,191,147,44,103,2,1,1,105,192
sheepster_full,1,191,143,48,95,10,0,1,105,192
easa123,1,191,142,49,93,8,1,1,101,192
Dr_Popadopolus,2,190,140,50,90,8,2,2,98,192
fourthferri,1,192,142,50,92,4,1,0,96,192
Operatics,1,191,139,52,87,4,1,1,91,192
szaman76,1,192,135,57,78,7,1,0,85,192
LotsOfMetal,1,191,130,61,69,15,1,1,84,192
electricheat,1,191,135,56,79,4,1,1,83,192
raiseyohands,3,189,126,63,63,16,0,3,79,192
the_cellar_door,5,187,124,63,61,11,4,5,72,192
Garfunk,1,191,118,73,45,16,1,1,61,192
htaylor513,1,191,119,72,47,11,1,1,58,192
RichardNoggin101,2,190,119,71,48,7,1,2,55,192
Noodle_Monster,6,186,110,76,34,19,6,6,53,192
Goofster,1,191,116,75,41,5,1,1,46,192
Melvinsmelvins,1,191,111,80,31,5,1,1,36,192
grnzftw,1,191,107,84,23,10,1,1,33,192
Nyxusi2,1,191,108,83,25,5,1,1,30,192
Bourkster,1,190,169,21,148,24,1,1,172,191
meow_gusta,1,190,173,17,156,0,1,1,156,191
Bugstaughtme,1,190,167,23,144,11,0,1,155,191
Pandawings,1,190,165,25,140,10,1,1,150,191
Jadis4742,1,190,153,37,116,30,1,1,146,191
WhaleTaleMan,1,190,167,23,144,2,1,1,146,191
mggleaso,2,189,159,30,129,2,2,2,131,191
TheDukeDude,1,190,156,34,122,9,1,1,131,191
NotInItForThe_Karma,2,190,156,34,122,2,2,1,124,191
zolet,1,191,153,38,115,9,1,0,124,191
Drlongbong,1,190,149,41,108,11,1,1,119,191
athinnes,1,191,152,39,113,2,1,0,115,191
favoritehello,3,188,144,44,100,15,0,3,115,191
TheSollymonster,1,190,146,44,102,12,1,1,114,191
bobaimee,1,190,148,42,106,7,1,1,113,191
JayVoDaKing,2,189,149,40,109,4,1,2,113,191
Thermal44,1,190,148,42,106,5,1,1,111,191
miawallace345,1,190,144,46,98,12,1,1,110,191
ACrackHeadsOpinion,1,190,145,45,100,4,1,1,104,191
guelahpapyrus,1,191,137,54,83,18,1,0,101,191
gloworm_goddess,1,190,141,49,92,8,0,1,100,191
stillsmilin,4,187,140,47,93,5,3,4,98,191
fireinspector,1,190,137,53,84,7,1,1,91,191
tougetuned,1,190,128,62,66,16,0,1,82,191
ExquisitePriide,2,189,124,65,59,18,2,2,77,191
Scentrikz,2,189,131,58,73,4,2,2,77,191
dehache,1,190,125,65,60,13,1,1,73,191
autopilot_failed,1,190,127,63,64,3,1,1,67,191
PerspectiveMan,1,190,124,66,58,5,1,1,63,191
nucc,1,190,118,72,46,13,1,1,59,191
Tmlkrs,1,190,121,69,52,5,1,1,57,191
thatnoblekid,1,190,116,74,42,9,1,1,51,191
kerpall,2,190,116,74,42,5,1,1,47,191
supertek,1,190,110,80,30,8,1,1,38,191
asainloverfetus,2,189,110,79,31,3,2,2,34,191
torrentialfrownpour,1,190,110,80,30,0,1,1,30,191
IAlsoPostOldTopLinks,1,190,105,85,20,10,0,1,30,191
lalalolo21,1,190,103,87,16,0,1,1,16,191
IAmTheGordonFreeman,1,190,166,24,142,9,1,0,151,190
amos456521,1,189,166,23,143,6,0,1,149,190
iRedditDos,1,189,166,23,143,5,0,1,148,190
lundzhard6,1,190,159,31,128,7,1,0,135,190
cpelletier89,2,188,149,39,110,17,2,2,127,190
Falora,1,189,156,33,123,4,1,1,127,190
BPKnox,1,189,151,38,113,6,1,1,119,190
SpaceMantis,1,189,147,42,105,14,1,1,119,190
majdman,1,189,151,38,113,4,1,1,117,190
brian1021,1,189,144,45,99,11,1,1,110,190
ajn0592,1,189,147,42,105,4,1,1,109,190
CaptnTaco,1,189,135,54,81,26,1,1,107,190
neomatrix248,2,188,147,41,106,0,2,2,106,190
TravelsWithTheDoctor,1,189,138,51,87,19,1,1,106,190
captainjacksparrow,6,184,138,46,92,5,5,6,97,190
jo-said-jon,3,187,136,51,85,10,2,3,95,190
DrMirabilis,1,189,140,49,91,2,1,1,93,190
CABOOSESSS,1,189,136,53,83,8,0,1,91,190
Gypster233,2,188,138,50,88,0,2,2,88,190
Jradams96,2,188,135,53,82,0,2,2,82,190
eikonoklastes,1,190,131,59,72,8,1,0,80,190
a_wild_JEW_appears,1,189,134,55,79,0,1,1,79,190
cooperman114,1,189,132,57,75,3,1,1,78,190
AthiestMcNugget,1,189,129,60,69,5,1,1,74,190
Langenbrunner15,5,186,126,60,66,2,3,4,68,190
jpedraza253,1,190,128,62,66,0,1,0,66,190
Prototypexx,2,188,113,75,38,27,2,2,65,190
AnonyMouse32,1,189,119,70,49,10,1,1,59,190
thlomax,1,190,123,67,56,3,1,0,59,190
methane_man16,2,188,114,74,40,18,2,2,58,190
IamJacksUserName,1,190,117,73,44,14,1,0,58,190
Gyrobius,1,189,112,77,35,9,1,1,44,190
Dutchwank,1,189,104,85,19,6,1,1,25,190
TylerL320,1,189,102,87,15,5,0,1,20,190
Brody3K,1,188,162,26,136,22,1,1,158,189
afiser,1,188,131,57,74,73,1,1,147,189
IAmAtomato,1,188,140,48,92,46,1,1,138,189
amazinglyanonymous,1,188,150,38,112,24,1,1,136,189
Jonovision,1,189,155,34,121,11,1,0,132,189
NotASmurfAccount,1,188,155,33,122,4,1,1,126,189
Tre_64,1,188,141,47,94,20,1,1,114,189
bleedgreen96,2,187,145,42,103,10,2,2,113,189
kuhndog5,2,187,148,39,109,3,2,2,112,189
mrjaksauce,1,188,133,55,78,33,1,1,111,189
doomwanker,2,187,143,44,99,5,2,2,104,189
Lucid_me,1,188,139,49,90,14,1,1,104,189
tdaulton,2,187,138,49,89,6,2,2,95,189
Mrsinji,2,187,130,57,73,18,2,2,91,189
Sgthound,3,186,128,58,70,20,3,3,90,189
I_Come_Alive,3,186,129,57,72,17,2,3,89,189
tfwinters29,2,187,136,51,85,4,0,2,89,189
Pennock12,5,184,127,57,70,15,2,5,85,189
kooluoyedam,1,188,133,55,78,6,1,1,84,189
drmtnpepperman,3,188,122,66,56,28,0,1,84,189
HarrisonLegend,2,187,127,60,67,12,2,2,79,189
whatshenanigans,1,189,127,62,65,14,1,0,79,189
alemac,2,187,125,62,63,15,2,2,78,189
tokin4torts,2,188,122,66,56,14,2,1,70,189
Eagles7,1,188,123,65,58,11,1,1,69,189
Areyve,3,186,120,66,54,13,3,3,67,189
MouthPoop,1,188,118,70,48,17,1,1,65,189
jasonbender909,2,187,122,65,57,4,2,2,61,189
killerhurtalot,1,188,114,74,40,19,1,1,59,189
batfasterd,1,188,118,70,48,5,1,1,53,189
_mw,1,189,116,73,43,4,1,0,47,189
PriitySiick,2,187,106,81,25,21,2,2,46,189
Scepnex,1,188,99,89,10,10,1,1,20,189
Pomplamousse,1,187,170,17,153,12,1,1,165,188
lyanocoste,1,187,166,21,145,6,1,1,151,188
treasonistruth,2,186,132,54,78,60,2,2,138,188
jrein196,1,187,157,30,127,6,1,1,133,188
rjwinks,2,186,149,37,112,15,2,2,127,188
scoop05333,1,187,154,33,121,4,1,1,125,188
thisfellow,1,187,142,45,97,27,1,1,124,188
poonslyr69,2,186,150,36,114,7,2,2,121,188
OstriNarwhalForce,1,187,147,40,107,11,1,1,118,188
Slimen93,1,187,150,37,113,5,1,1,118,188
ChikenArmy,1,187,147,40,107,7,1,1,114,188
Abdrei86,1,187,127,60,67,45,1,1,112,188
MaamaJama,2,186,146,40,106,4,2,2,110,188
yeebles,2,186,146,40,106,3,2,2,109,188
kevlarvest1893,2,186,142,44,98,7,2,2,105,188
mongooseondaloose,2,188,141,47,94,3,2,0,97,188
livinlifeman,2,186,137,49,88,6,2,2,94,188
rizwan_k,1,188,133,55,78,9,1,0,87,188
situationalawareness,1,187,131,56,75,10,1,1,85,188
ClarkKentState,1,187,131,56,75,9,1,1,84,188
iamMotherfuckerJones,1,187,132,55,77,6,1,1,83,188
seabassdafishman,1,187,125,62,63,19,1,1,82,188
Nakadai,1,187,129,58,71,10,0,1,81,188
quadatomic,2,186,124,62,62,13,2,2,75,188
OftenDownvotedPerson,2,186,127,59,68,4,1,2,72,188
IhitonGirlsGW,1,187,120,67,53,11,0,1,64,188
ironflood,1,187,122,65,57,2,1,1,59,188
Omnommers,1,188,123,65,58,0,1,0,58,188
Downwiththe,1,187,113,74,39,10,0,1,49,188
PastaSquid,1,187,102,85,17,8,0,1,25,188
macko10,1,187,103,84,19,5,1,1,24,188
xanderempire,1,186,135,51,84,67,1,1,151,187
wischvic,1,186,160,26,134,9,1,1,143,187
Kahzm,1,186,162,24,138,4,1,1,142,187
RagePrincess19,1,186,158,28,130,6,1,1,136,187
kmad,1,186,156,30,126,4,1,1,130,187
beatskeeeet,2,185,154,31,123,4,1,2,127,187
brohouzer,3,184,150,34,116,7,3,3,123,187
thang1thang2,1,186,151,35,116,4,1,1,120,187
boater2071,1,187,147,40,107,8,1,0,115,187
narwhalbacon3,1,186,143,43,100,6,1,1,106,187
sqwearlz,1,186,140,46,94,4,1,1,98,187
anonibills,2,185,134,51,83,13,2,2,96,187
madkapper,2,186,138,48,90,6,1,1,96,187
uneekwahn,1,186,134,52,82,11,0,1,93,187
iseewatudidthere,1,186,138,48,90,2,1,1,92,187
burnsz11,2,185,130,55,75,14,1,2,89,187
Deadly_Duckfart,6,182,126,56,70,17,4,5,87,187
hessica,1,186,131,55,76,4,1,1,80,187
TheDevilsCarnival,1,186,117,69,48,32,1,1,80,187
Adbazm,1,186,132,54,78,0,1,1,78,187
camcharmar,1,186,132,54,78,0,1,1,78,187
doraemon_91,1,186,122,64,58,12,1,1,70,187
tarheels90,1,186,128,58,70,0,1,1,70,187
GKinstro,1,186,111,75,36,24,1,1,60,187
mjmunch94,2,185,116,69,47,7,1,2,54,187
BlazeOrangeDeer,2,185,104,81,23,21,2,2,44,187
Sharradan,1,186,102,84,18,7,1,1,25,187
-melo-,1,185,178,7,171,20,1,1,191,186
krystaal26,1,185,155,30,125,20,0,1,145,186
conndawg,1,185,163,22,141,0,1,1,141,186
rimrot,1,185,158,27,131,9,1,1,140,186
annoyingphilosopher,1,185,156,29,127,8,1,1,135,186
zappafrank,2,184,147,37,110,19,2,2,129,186
buglp,1,185,157,28,129,0,0,1,129,186
sortachode24,2,184,151,33,118,8,1,2,126,186
Iblizzard92123,1,185,151,34,117,3,1,1,120,186
bahamutlives22,2,184,144,40,104,6,1,2,110,186
brock01,2,184,143,41,102,5,2,2,107,186
prose-before-hoes,2,184,139,45,94,12,2,2,106,186
666OFWGKTADGAF666,2,184,136,48,88,18,1,2,106,186
nickrct,1,185,140,45,95,9,1,1,104,186
peachtiny,1,185,141,44,97,4,1,1,101,186
blarshnop,5,181,129,52,77,14,4,5,91,186
Kev1395,1,185,134,51,83,8,1,1,91,186
lolz_umad,1,185,138,47,91,0,1,1,91,186
isaliar,1,185,126,59,67,21,1,1,88,186
iliketohighfivy,1,186,136,50,86,0,1,0,86,186
Gustavo_Fring78,1,186,129,57,72,7,1,0,79,186
Shaosil,1,186,126,60,66,12,1,0,78,186
DemeterAutumn,2,184,118,66,52,14,2,2,66,186
NiceSprite,1,186,122,64,58,8,1,0,66,186
foreveralone01,1,185,120,65,55,9,0,1,64,186
trancemonkey,2,184,121,63,58,2,1,2,60,186
Flalaski,3,183,117,66,51,6,3,3,57,186
xXxTehxXx,1,185,115,70,45,12,1,1,57,186
Axe79,1,185,118,67,51,4,1,1,55,186
dcshoessco,2,185,108,77,31,22,2,1,53,186
Sens27,1,185,112,73,39,3,1,1,42,186
OGBum,1,184,168,16,152,6,1,1,158,185
Tinytravis84,1,184,168,16,152,3,1,1,155,185
KlM-JONG-IL,1,184,159,25,134,6,1,1,140,185
iamalrker,1,185,159,26,133,2,1,0,135,185
poptartfap,1,184,155,29,126,7,1,1,133,185
xDanny01,1,185,154,31,123,5,1,0,128,185
bender1231,2,183,141,42,99,27,2,2,126,185
majat1843,2,183,151,32,119,5,2,2,124,185
ezekiel25-17,1,184,140,44,96,20,1,1,116,185
KingoftheKASL,1,184,142,42,100,15,1,1,115,185
Antivero,1,184,140,44,96,13,1,1,109,185
dudewhatthehellman,1,185,126,59,67,39,1,0,106,185
Ballerina_in_pink,1,184,141,43,98,7,1,1,105,185
mkcawcutt,1,184,137,47,90,8,1,1,98,185
redman66,2,183,140,43,97,0,2,2,97,185
i_heart_yarn,1,184,138,46,92,5,1,1,97,185
122ninjas,1,184,136,48,88,8,1,1,96,185
rufus567,1,184,135,49,86,10,1,1,96,185
thecoworker123,1,185,134,51,83,11,1,0,94,185
sid3cool,2,184,126,58,68,25,2,1,93,185
fucknuggets1,1,184,127,57,70,13,0,1,83,185
wolfman863,4,181,126,55,71,9,4,4,80,185
mookid2764,1,184,125,59,66,12,1,1,78,185
dyl10,2,183,120,63,57,18,2,2,75,185
DarthMarge,1,184,127,57,70,0,1,1,70,185
Hoofhearted_,1,184,113,71,42,27,1,1,69,185
shadokishi,1,184,118,66,52,17,1,1,69,185
jlairson,1,184,120,64,56,6,1,1,62,185
isthebest,3,183,108,75,33,16,2,2,49,185
trentyz,1,184,115,69,46,2,1,1,48,185
bukanglabalaba,2,184,111,73,38,2,2,1,40,185
arthoushpongled,1,184,105,79,26,14,1,1,40,185
nigrodamus7,1,184,104,80,24,6,1,1,30,185
CrypticMoseph,1,183,160,23,137,18,1,1,155,184
Polaris2,2,182,158,24,134,10,1,2,144,184
hotdad69,1,183,156,27,129,14,1,1,143,184
MickolasJae,1,183,158,25,133,7,1,1,140,184
polerunner,1,183,152,31,121,17,1,1,138,184
greenhousegreenbrick,1,183,157,26,131,2,1,1,133,184
Cryptic_Mustard,2,182,155,27,128,3,1,2,131,184
leviirish,1,183,147,36,111,9,1,1,120,184
EpikSnake,2,182,145,37,108,11,2,2,119,184
craazed,1,184,147,37,110,8,1,0,118,184
Omgjustikn,1,183,143,40,103,13,1,1,116,184
MachinesTitan,1,183,146,37,109,7,0,1,116,184
Buffit13,1,183,132,51,81,34,1,1,115,184
DemDemz,1,183,144,39,105,4,1,1,109,184
irate-turtles,1,183,143,40,103,3,1,1,106,184
thebigt,2,183,137,46,91,11,2,1,102,184
joshowntu,1,183,130,53,77,25,1,1,102,184
tony47live,3,181,135,46,89,5,2,3,94,184
wtfwouldmazdo,1,183,125,58,67,27,1,1,94,184
doug8055,1,183,136,47,89,4,1,1,93,184
arae,1,184,133,51,82,8,1,0,90,184
jarcoreta,1,184,134,50,84,5,1,0,89,184
Ledzeppelle,1,183,131,52,79,10,1,1,89,184
oceanie,1,183,121,62,59,30,1,1,89,184
eahunerwadel,1,183,129,54,75,11,1,1,86,184
cbend3,1,184,130,54,76,4,1,0,80,184
TimeWarpTalia,2,183,119,64,55,19,2,1,74,184
straightupegg2,1,183,126,57,69,3,1,1,72,184
Xperimentalsexcapade,2,182,117,65,52,19,2,2,71,184
Floridalaxguy,3,182,124,58,66,5,1,2,71,184
JediSquirrels,2,182,124,58,66,0,2,2,66,184
Beigaru,1,183,119,64,55,9,1,1,64,184
isaiahvanderhyden,2,182,119,63,56,4,2,2,60,184
Unawareness,1,184,114,70,44,16,1,0,60,184
ALLCAPSR4GE,5,180,109,71,38,15,5,4,53,184
neuhmz,1,183,165,18,147,24,1,0,171,183
EggplantWizard,1,182,167,15,152,12,1,1,164,183
ngillis311,1,182,151,31,120,38,1,1,158,183
umt43,1,182,167,15,152,5,1,1,157,183
Outslen,1,182,159,23,136,14,1,1,150,183
shwilly_billy,1,182,154,28,126,21,0,1,147,183
Korvin,1,182,158,24,134,5,0,1,139,183
ingo302,1,182,153,29,124,9,0,1,133,183
FermiGBM,1,183,149,34,115,9,1,0,124,183
DrRotinaj999,1,182,146,36,110,13,1,1,123,183
tallcarter08,2,183,143,40,103,16,2,0,119,183
SPEMason,1,182,139,43,96,23,1,1,119,183
ipunchbeez,2,181,143,38,105,12,1,2,117,183
Banandroid,1,182,146,36,110,5,1,1,115,183
C47man,1,182,144,38,106,6,1,1,112,183
boomsticky,1,183,135,48,87,23,1,0,110,183
im_zewalrus,2,181,122,59,63,40,2,2,103,183
razrad,3,180,137,43,94,4,3,3,98,183
CrispyBagels,1,182,132,50,82,15,1,1,97,183
SirPinz,2,181,136,45,91,5,2,2,96,183
Tarkaan,1,182,135,47,88,8,1,1,96,183
Jakeysuave,2,182,131,51,80,15,2,1,95,183
jerroldfernandes,1,182,136,46,90,5,1,1,95,183
skinzle,1,182,127,55,72,19,1,1,91,183
Dr_Emmet_Brown,3,180,128,52,76,14,1,3,90,183
ForestForTheTrees,1,182,133,49,84,6,1,1,90,183
golden_cane,1,183,129,54,75,10,1,0,85,183
BIG-DICK-JESUS,1,182,132,50,82,2,1,1,84,183
therealndb,2,182,127,55,72,9,2,1,81,183
jessonfoo,2,181,126,55,71,8,2,2,79,183
MisterxRager,2,181,125,56,69,8,2,2,77,183
spacedropper,2,182,126,56,70,7,0,1,77,183
SeriouslyLaughing,1,182,119,63,56,14,1,1,70,183
ek_khiladi,1,182,117,65,52,10,1,1,62,183
bwood07,1,182,118,64,54,7,1,1,61,183
sdoubleu92,1,182,116,66,50,6,1,1,56,183
percderp,2,181,112,69,43,8,2,2,51,183
kakksakka,1,182,112,70,42,7,1,1,49,183
whitesoxfan47,1,182,111,71,40,9,1,1,49,183
haducant,1,182,115,67,48,0,1,1,48,183
kickster777,3,180,112,68,44,0,3,3,44,183
ultragnomecunt,1,183,105,78,27,15,1,0,42,183
MikeFightsBears,1,182,104,78,26,10,1,1,36,183
jfkforever,4,180,97,83,14,19,0,3,33,183
sherrylavone,1,182,95,87,8,11,1,1,19,183
takali,1,181,172,9,163,9,1,1,172,182
Bridic,2,180,159,21,138,16,1,2,154,182
jon819,1,181,151,30,121,31,1,1,152,182
mokena,1,181,157,24,133,11,1,1,144,182
Fractales,1,182,153,29,124,12,1,0,136,182
awesomeness1234,1,181,154,27,127,4,1,1,131,182
thestewish,1,181,152,29,123,6,1,1,129,182
Onoxsys,1,181,146,35,111,8,1,1,119,182
sh31byrenee,1,181,149,32,117,2,1,1,119,182
Grithoof,1,182,143,39,104,11,1,0,115,182
chefgusteau,1,181,143,38,105,9,1,1,114,182
ugathanki,1,181,143,38,105,9,1,1,114,182
timmytime,1,181,135,46,89,24,1,1,113,182
johnnydark,2,181,143,38,105,5,2,1,110,182
outflanking,1,181,144,37,107,0,1,1,107,182
ximplosionx,1,182,143,39,104,3,1,0,107,182
bab1990,1,181,137,44,93,10,1,1,103,182
SharpObject,1,181,139,42,97,2,1,1,99,182
SurviveMonday,1,181,132,49,83,8,1,1,91,182
Synergy_synner,1,181,131,50,81,10,0,1,91,182
WhiteY515,3,179,128,51,77,13,3,3,90,182
drewwebs,2,180,123,57,66,11,2,2,77,182
stwongbad85,1,181,114,67,47,30,1,1,77,182
SunDropNigga,2,181,124,57,67,9,0,1,76,182
matheusvltt,1,181,128,53,75,0,1,1,75,182
iokau,1,181,125,56,69,6,0,1,75,182
SethBling,1,182,117,65,52,22,1,0,74,182
5_month_repost,1,181,121,60,61,11,0,1,72,182
RAWRrrr69,1,181,122,59,63,7,1,1,70,182
joshjames10,1,181,119,62,57,10,1,1,67,182
goodguysteve,1,181,119,62,57,5,1,1,62,182
sgoshorty,3,179,114,65,49,11,1,3,60,182
7Snakes,6,176,108,68,40,16,5,6,56,182
zabzawab,1,181,115,66,49,6,1,1,55,182
_ap_2,1,182,103,79,24,29,1,0,53,182
CallSexlineCryDeeply,1,181,100,81,19,22,0,1,41,182
PienotPi,1,181,106,75,31,9,1,1,40,182
scp333,1,181,103,78,25,8,1,1,33,182
rmarocco,1,180,155,25,130,17,1,1,147,181
Amunx,2,179,158,21,137,8,1,2,145,181
reposts_old_stuff,1,180,159,21,138,0,1,1,138,181
Nera427,1,180,150,30,120,16,1,1,136,181
dkandpal,1,180,149,31,118,5,1,1,123,181
hingadingadorgen,4,177,144,33,111,4,2,4,115,181
JAMIEInc,1,180,146,34,112,0,1,1,112,181
WeDanceAlone,1,180,129,51,78,34,0,1,112,181
mattdanskin,1,180,142,38,104,7,1,1,111,181
lilbearman,1,180,137,43,94,7,1,1,101,181
Zanolin,1,181,134,47,87,5,1,0,92,181
delerpian,1,180,133,47,86,4,0,1,90,181
ssalka,2,179,123,56,67,21,2,2,88,181
adamsegall,1,180,131,49,82,3,1,1,85,181
pamosa,1,180,130,50,80,4,1,1,84,181
L0rdH3nRz,1,181,123,58,65,17,1,0,82,181
AceAndJocelyn,1,180,128,52,76,5,1,1,81,181
DeMatt10,1,180,129,51,78,0,1,1,78,181
LunchBawcks,1,180,124,56,68,10,1,1,78,181
DeanDaDream,1,181,122,59,63,11,1,0,74,181
plaseabo,1,180,109,71,38,36,1,1,74,181
theregoesanother,1,180,122,58,64,10,1,1,74,181
my8thchannel,2,179,111,68,43,24,1,2,67,181
socialent,1,180,114,66,48,5,1,1,53,181
Shiroyu,1,180,110,70,40,10,1,1,50,181
stenkall,1,181,112,69,43,6,1,0,49,181
Drumguish,1,180,110,70,40,8,1,1,48,181
jawz,1,180,106,74,32,14,0,1,46,181
mrsmoonp13,2,181,107,74,33,7,2,0,40,181
Anonymousdave69,2,179,91,88,3,10,2,2,13,181
Aryiah11,1,179,162,17,145,7,1,1,152,180
ScholarSelf,1,179,164,15,149,0,1,1,149,180
dawhiit3kid,2,178,136,42,94,50,2,2,144,180
Alcranky,1,179,150,29,121,17,1,1,138,180
crummybread,1,179,154,25,129,8,1,1,137,180
Yehaw4Jihad,1,179,152,27,125,8,1,1,133,180
DonViviano,1,179,150,29,121,3,1,1,124,180
NickBarrow,1,179,150,29,121,2,1,1,123,180
Na-lopla,1,179,144,35,109,10,1,1,119,180
ranger2408,1,179,145,34,111,8,1,1,119,180
Xakyri,1,179,135,44,91,24,1,1,115,180
cman1252,2,178,142,36,106,6,2,2,112,180
seangibs,3,178,137,41,96,16,1,2,112,180
Twilight_Nite,1,179,139,40,99,13,1,1,112,180
iMakeChickenNoises,1,179,141,38,103,6,1,1,109,180
fapfap_ahh,4,176,137,39,98,9,2,4,107,180
AntArtikx,1,179,131,48,83,24,1,1,107,180
GloGi-,1,179,140,39,101,3,1,1,104,180
XJadynX,1,179,140,39,101,2,1,1,103,180
Shinizter,3,178,138,40,98,4,3,2,102,180
troll-la-la,1,179,139,40,99,2,1,1,101,180
casfacto,1,179,128,51,77,17,1,1,94,180
neophyte12345,1,179,129,50,79,9,1,1,88,180
claudios44,2,178,127,51,76,11,2,2,87,180
warkweh,1,179,130,49,81,3,1,1,84,180
TurdFurgeson22,2,178,121,57,64,18,2,2,82,180
Typhoone4,2,178,123,55,68,13,2,2,81,180
InFracturable,1,179,127,52,75,5,1,1,80,180
Pillowy_Mounds,2,178,124,54,70,9,2,2,79,180
SwimmingExile,1,179,118,61,57,22,1,1,79,180
frgtpsswrd,1,180,123,57,66,6,1,0,72,180
barkbarkbark,3,179,115,64,51,19,3,1,70,180
Mammot,1,179,119,60,59,8,0,1,67,180
AverageHero,1,180,117,63,54,9,1,0,63,180
MRcheddarbunny,3,177,117,60,57,3,3,3,60,180
peachtreestreet,1,179,114,65,49,4,1,1,53,180
google22,1,179,109,70,39,14,0,1,53,180
Joulmaster,1,179,110,69,41,10,1,1,51,180
Norko,1,179,108,71,37,5,1,1,42,180
Trollzoro,1,179,106,73,33,7,1,1,40,180
l33tb3rt,2,179,102,77,25,11,2,1,36,180
Zexlos,1,179,103,76,27,5,1,1,32,180
fcuk_unicorns,1,179,102,77,25,5,1,1,30,180
danishism,1,178,163,15,148,29,1,1,177,179
sarajanet21,1,179,162,17,145,3,1,0,148,179
Skittlefan04th,1,179,161,18,143,3,1,0,146,179
xSPYXEx,1,178,156,22,134,11,1,1,145,179
Silversurfar,1,178,150,28,122,12,1,1,134,179
Derpatrick,1,178,146,32,114,10,1,1,124,179
SugarCubePatty,1,178,147,31,116,3,1,1,119,179
donovanbailey,1,178,141,37,104,12,1,1,116,179
Depreciated,1,178,143,35,108,7,1,1,115,179
armanp84,2,177,135,42,93,20,2,2,113,179
qmanoulton,4,175,140,35,105,6,3,4,111,179
TheRealDrCube,1,178,141,37,104,7,1,1,111,179
Bunneh4,1,178,138,40,98,5,1,1,103,179
intothecold,1,178,136,42,94,7,1,1,101,179
Deathrow48,1,178,133,45,88,12,1,1,100,179
HerbLarious,2,178,136,42,94,4,2,1,98,179
ninjatune,1,178,132,46,86,11,1,1,97,179
awkwardeagle,1,178,137,41,96,0,1,1,96,179
stewie583,1,178,134,44,90,5,1,1,95,179
stencilizer,1,178,133,45,88,5,1,1,93,179
bigmoe42,1,178,132,46,86,5,1,1,91,179
crunchitizeme,2,177,130,47,83,6,2,2,89,179
sir_lol_alot,2,177,124,53,71,15,2,2,86,179
SergentSprinklez,1,178,126,52,74,10,1,1,84,179
ablebodiedmango,3,176,125,51,74,6,2,3,80,179
eightb1t,1,178,112,66,46,26,1,1,72,179
gdubbs94,1,178,121,57,64,0,1,1,64,179
sageDieu,5,174,114,60,54,8,3,5,62,179
Reposts_Your_Shit,4,176,111,65,46,16,2,3,62,179
XxPro_LovexX,1,178,112,66,46,15,1,1,61,179
heyitsjazzy,4,176,111,65,46,6,4,3,52,179
Septipus,1,178,111,67,44,8,1,1,52,179
v11che,1,179,109,70,39,11,1,0,50,179
maneil99,1,178,101,77,24,20,1,1,44,179
Jd4u88,1,178,94,84,10,15,1,1,25,179
intoactionxx,1,178,97,81,16,4,1,1,20,179
aruffone,1,177,151,26,125,25,1,1,150,178
thefeline,1,177,151,26,125,25,1,1,150,178
artismyhustle,2,176,143,33,110,29,2,2,139,178
sig20nal,1,177,155,22,133,5,1,1,138,178
lightninhopkins,1,177,127,50,77,57,0,1,134,178
anthonyisgood,1,177,150,27,123,2,1,1,125,178
gaseouscloud,3,175,145,30,115,3,1,3,118,178
mister-K,1,177,144,33,111,6,1,1,117,178
Narwalingbacon,1,177,145,32,113,4,1,1,117,178
shanoxilt,1,178,136,42,94,22,1,0,116,178
leftcoastsarah,1,177,142,35,107,4,1,1,111,178
mamabdw,1,177,141,36,105,4,1,1,109,178
margoslaby,1,177,141,36,105,3,1,1,108,178
mufasa561,1,177,138,39,99,7,1,1,106,178
KIZAN,1,177,138,39,99,7,0,1,106,178
lookoutitscaleb,1,177,134,43,91,11,1,1,102,178
CatLover99,2,176,136,40,96,2,2,2,98,178
vertigo765,1,177,134,43,91,6,1,1,97,178
fottiti,1,178,133,45,88,5,1,0,93,178
itwasjustpillowtalk,1,177,132,45,87,6,1,1,93,178
3DimenZ,1,177,122,55,67,25,1,1,92,178
Beep_im_a_jeep,1,177,132,45,87,4,1,1,91,178
LordCheezus,1,177,116,61,55,17,1,1,72,178
OODanK,1,177,119,58,61,9,1,1,70,178
isometimesmakesense,2,176,98,78,20,49,2,2,69,178
Graywolves,1,177,122,55,67,2,1,1,69,178
dwltz,1,177,112,65,47,21,1,1,68,178
JRobertson7987,1,177,115,62,53,13,1,1,66,178
chainek,1,178,113,65,48,15,1,0,63,178
Sophiejc,2,176,111,65,46,14,1,2,60,178
Blissrat,2,176,105,71,34,21,2,2,55,178
darkpenguin22,1,177,112,65,47,4,1,1,51,178
panda_pad,1,177,109,68,41,10,1,1,51,178
WhosHandIsThis,3,175,108,67,41,9,2,3,50,178
KleppinK,1,177,107,70,37,12,1,1,49,178
Xeon06,1,177,101,76,25,15,1,1,40,178
my-little-pwny,2,176,99,77,22,9,2,2,31,178
PrincessHira,1,177,102,75,27,2,1,1,29,178
mbadov,1,177,101,76,25,3,1,1,28,178
cschema,2,176,95,81,14,7,2,2,21,178
itsjackh,1,176,157,19,138,14,1,1,152,177
kitkat07,1,176,162,14,148,4,1,1,152,177
ledzep4life,2,175,156,19,137,5,2,2,142,177
orteps,1,176,146,30,116,18,1,1,134,177
ashrewdmint,1,176,150,26,124,4,1,1,128,177
Juan_Carlos_DLM,1,176,148,28,120,4,1,1,124,177
UltraHellboy,1,176,136,40,96,26,1,1,122,177
scuroline666,1,176,142,34,108,13,1,1,121,177
Mukhers,1,176,145,31,114,3,1,1,117,177
haihaidancer,2,175,142,33,109,7,1,2,116,177
jlongshot,2,175,141,34,107,8,2,2,115,177
Thomasj27,1,176,141,35,106,9,1,1,115,177
Devywhop,1,176,142,34,108,4,1,1,112,177
Spiry,1,176,142,34,108,3,0,1,111,177
baileyaye,1,176,140,36,104,6,1,1,110,177
tokinwhiteguy,1,176,138,38,100,9,1,1,109,177
crazystrawman,4,173,136,37,99,9,3,4,108,177
ukessexent,1,176,140,36,104,0,1,1,104,177
EggyMean,1,176,137,39,98,5,1,1,103,177
IsThatAWhale,1,177,135,42,93,5,1,0,98,177
SirHumanoid,3,174,128,46,82,14,3,3,96,177
about_us,2,175,130,45,85,11,1,2,96,177
ScaryFaces,1,176,136,40,96,0,1,1,96,177
eraiders,1,176,125,51,74,20,0,1,94,177
doublegum,2,175,129,46,83,10,2,2,93,177
justinpbanko,2,175,130,45,85,6,0,2,91,177
thatsnotoregano,1,176,126,50,76,12,1,1,88,177
torvaldl,1,176,128,48,80,4,1,1,84,177
KajuKattri,1,177,121,56,65,17,1,0,82,177
wow_great_name,5,173,111,62,49,26,2,4,75,177
ieatglue44,1,176,116,60,56,19,1,1,75,177
TomorrowsGone85,1,176,114,62,52,10,0,1,62,177
bitcheslovephotoshop,3,175,107,68,39,18,3,2,57,177
Vanceldore,2,175,107,68,39,5,2,2,44,177
paul_swimmer,8,169,99,70,29,13,7,8,42,177
REFW,1,176,103,73,30,8,1,1,38,177
SABOTAGEM,3,175,102,73,29,6,2,2,35,177
karltee,2,175,94,81,13,7,2,2,20,177
crohnick,1,175,154,21,133,58,1,1,191,176
Markymark36,1,176,144,32,112,21,1,0,133,176
paradox-man,1,175,147,28,119,10,0,1,129,176
Rim_Fire,2,174,148,26,122,6,1,2,128,176
tyrannical_sodomite,1,176,148,28,120,8,1,0,128,176
E_Diddyyy,1,175,146,29,117,11,0,1,128,176
MarinP,2,175,146,29,117,4,2,1,121,176
glenbruce,1,175,143,32,111,6,1,1,117,176
janiz94,2,175,141,34,107,8,2,1,115,176
PigeonWings,1,175,143,32,111,4,1,1,115,176
CyrusMckee,2,174,140,34,106,8,2,2,114,176
Qbit42,1,175,141,34,107,3,1,1,110,176
Mates_with_Bears,4,172,131,41,90,12,4,4,102,176
Dayngerous,3,173,125,48,77,23,2,3,100,176
saturatedamanda,1,175,132,43,89,8,1,1,97,176
IraIraIra,2,174,132,42,90,5,2,2,95,176
disapproval_look,1,175,122,53,69,24,1,1,93,176
Nemesis106,1,175,119,56,63,27,1,1,90,176
xJuggernuts,1,175,127,48,79,10,1,1,89,176
nerdpenguin,2,175,122,53,69,13,2,1,82,176
MEGALODONG,2,174,123,51,72,9,2,2,81,176
DanPinto,1,175,115,60,55,24,1,1,79,176
malyliska,1,175,118,57,61,17,1,1,78,176
ToddHal2001,4,172,110,62,48,28,3,4,76,176
Bloody_Conspiracies,2,174,115,59,56,15,2,2,71,176
allbrawl,2,174,116,58,58,8,1,2,66,176
Loner_Girl,1,175,113,62,51,15,1,1,66,176
imonmahmud007,1,175,114,61,53,10,1,1,63,176
mikeleus,3,173,107,66,41,11,2,3,52,176
sekund_uhcownt,2,175,111,64,47,4,2,1,51,176
repostking,1,175,108,67,41,10,1,1,51,176
FeatheredOdyssey,1,175,105,70,35,15,1,1,50,176
Some-Redditor07,1,175,104,71,33,12,0,1,45,176
douggie2194,2,174,101,73,28,14,2,2,42,176
humancannonball8,2,174,100,74,26,14,2,2,40,176
-Tidder-,1,175,106,69,37,2,1,1,39,176
Pwnacus_Maximus,1,175,99,76,23,9,1,1,32,176
mikeespo124,1,175,83,92,-9,5,1,1,-4,176
WestMIRailroader,1,174,158,16,142,25,0,1,167,175
rowing_owen,1,174,164,10,154,6,0,1,160,175
PubertyOverdose,2,175,134,41,93,57,0,0,150,175
CODYsaurusREX,1,174,158,16,142,7,1,1,149,175
hyperbad,2,173,154,19,135,12,2,2,147,175
Wahrheit,2,173,145,28,117,24,2,2,141,175
replicated,1,174,139,35,104,36,0,1,140,175
bentalphanerd,1,175,141,34,107,23,1,0,130,175
TheSevenSwords,1,174,152,22,130,0,1,1,130,175
supertroll105,1,174,124,50,74,55,1,1,129,175
Undoubtedly,1,174,145,29,116,7,1,1,123,175
Hardwarily,1,174,144,30,114,7,1,1,121,175
da_bunj,1,174,136,38,98,10,1,1,108,175
ALaGz,1,174,139,35,104,3,1,1,107,175
FatBouy333,2,173,135,38,97,9,2,2,106,175
galacticpoop,1,174,130,44,86,16,1,1,102,175
iLubDango,2,173,133,40,93,7,1,2,100,175
unqspeciesofpenguin,1,174,124,50,74,22,1,1,96,175
DangerBalls-O-Five,1,175,130,45,85,10,1,0,95,175
s0bmarine,1,174,118,56,62,33,1,1,95,175
imnotdown85,2,173,131,42,89,2,2,2,91,175
Nyborgm8,2,173,125,48,77,12,2,2,89,175
Lowend1,3,172,126,46,80,7,3,3,87,175
66xsseldoG,1,174,128,46,82,4,1,1,86,175
Captain_Flawesome,1,174,130,44,86,0,1,1,86,175
footballguy15,1,174,128,46,82,4,1,1,86,175
ibathow368,1,174,129,45,84,2,1,1,86,175
Always_Touch_Myself,1,174,122,52,70,14,1,1,84,175
f_urax,1,174,122,52,70,13,1,1,83,175
OMGitztowelly,1,174,125,49,76,4,1,1,80,175
travignition,1,174,125,49,76,2,1,1,78,175
bengurpin,1,174,122,52,70,6,1,1,76,175
jhmartin,1,174,119,55,64,12,0,1,76,175
Gashnor,1,174,117,57,60,9,1,1,69,175
gandhikahn,2,174,118,56,62,6,2,1,68,175
dav-mar,1,174,112,62,50,18,1,1,68,175
eXeOzone,1,174,117,57,60,3,1,1,63,175
gramturismo,3,172,113,59,54,8,2,3,62,175
JUSTCALLmeY,1,174,112,62,50,11,1,1,61,175
bobowa,1,174,112,62,50,7,1,1,57,175
deblazed,1,174,107,67,40,15,1,1,55,175
LemonBE,1,174,107,67,40,15,1,1,55,175
dreamsforsale,1,174,110,64,46,8,1,1,54,175
akpaslay,1,174,109,65,44,5,1,1,49,175
Shack-attack69,1,174,104,70,34,5,1,1,39,175
jammasterjay,1,173,159,14,145,7,1,1,152,174
CarbonCyber,1,173,156,17,139,5,1,1,144,174
johnpokey,1,173,149,24,125,9,1,1,134,174
mattman40,1,174,136,38,98,31,1,0,129,174
anguineus,1,173,133,40,93,35,1,1,128,174
pandanomic,1,173,146,27,119,7,1,1,126,174
TheJammingJamaican,1,173,147,26,121,2,1,1,123,174
itsmeRose,1,173,142,31,111,8,1,1,119,174
Psychozoa,1,173,142,31,111,3,1,1,114,174
INsanEWay,1,173,134,39,95,17,1,1,112,174
KiMbErLy2180,1,173,140,33,107,5,1,1,112,174
Sauledk,1,173,136,37,99,10,1,1,109,174
RocktimusPrime,1,173,127,46,81,19,1,1,100,174
xxyxxyxyx1,1,174,132,42,90,10,1,0,100,174
itstvo,1,173,131,42,89,9,1,1,98,174
mjq03,2,172,132,40,92,3,2,2,95,174
aikoneco,5,169,128,41,87,4,5,5,91,174
pipboon,1,173,125,48,77,13,1,1,90,174
Jawfigger,1,173,123,50,73,15,0,1,88,174
TheBraddigan,1,173,128,45,83,4,1,1,87,174
Antelope1992,1,173,126,47,79,8,0,1,87,174
Wr3ck3d,1,174,120,54,66,19,1,0,85,174
scudmonger,4,170,118,52,66,16,3,4,82,174
Snapples,1,173,125,48,77,5,1,1,82,174
NiceGuyEddieJr,2,172,109,63,46,35,2,2,81,174
armleglegarmhead,1,173,125,48,77,3,1,1,80,174
thenaturaldisaster,1,173,122,51,71,9,1,1,80,174
toiletmouth,1,173,110,63,47,31,1,1,78,174
snorfburger,1,173,119,54,65,12,1,1,77,174
Anarchaotic,1,174,113,61,52,17,1,0,69,174
HolyCornHolio,2,173,116,57,59,9,2,1,68,174
MrImToo,1,174,118,56,62,6,1,0,68,174
emtcj,3,172,113,59,54,11,2,2,65,174
amazingmao,2,172,110,62,48,9,2,2,57,174
cant_leave_this_site,1,173,107,66,41,8,1,1,49,174
KAISER_TEMPORAL,1,173,100,73,27,22,1,1,49,174
loklen,3,171,97,74,23,11,3,3,34,174
beebsandbean,1,172,150,22,128,22,1,1,150,173
FancySkink,1,172,156,16,140,4,0,1,144,173
1998shinymouse,1,172,151,21,130,4,1,1,134,173
toomanynamesaretook,2,171,143,28,115,16,1,2,131,173
tubaman1290,1,172,144,28,116,12,0,1,128,173
DoktorKruel,1,172,95,77,18,106,1,1,124,173
itsmax,1,172,142,30,112,11,0,1,123,173
ASGTR12,1,172,146,26,120,2,1,1,122,173
HOWLCARNAGE,1,172,141,31,110,12,0,1,122,173
kristiad,1,172,142,30,112,9,1,1,121,173
lurklurklurkPOST,1,172,140,32,108,12,1,1,120,173
BornGorn,1,172,136,36,100,17,1,1,117,173
StarWhacker,1,172,140,32,108,7,1,1,115,173
money_house,1,172,139,33,106,7,1,1,113,173
hazgarv,1,172,135,37,98,10,1,1,108,173
gentlebot,1,173,126,47,79,22,1,0,101,173
laf516,1,172,133,39,94,7,1,1,101,173
toastAndBeans,1,172,134,38,96,4,1,1,100,173
AwwwYeahOP,2,171,133,38,95,4,2,2,99,173
ghanksta57,1,172,135,37,98,0,1,1,98,173
dacookieman,2,171,123,48,75,22,2,2,97,173
TrollingMcDerps,1,172,127,45,82,14,1,1,96,173
DogmaJones,3,171,129,42,87,8,3,2,95,173
mandafacas,1,172,131,41,90,4,1,1,94,173
pickleswami,1,172,127,45,82,9,1,1,91,173
thatssorelevant,2,172,121,51,70,19,2,1,89,173
mr_jack90,2,171,127,44,83,2,1,2,85,173
lsqj,2,171,115,56,59,23,2,2,82,173
_HAWK_,1,172,117,55,62,18,1,1,80,173
Speezless,1,172,124,48,76,3,1,1,79,173
YeshKesh,2,171,116,55,61,12,0,2,73,173
manmanmanmanman,1,172,119,53,66,2,1,1,68,173
Juginabi,1,172,115,57,58,6,1,1,64,173
Hybriddecline,1,172,101,71,30,25,1,1,55,173
Strwbrymalk,2,171,110,61,49,2,2,2,51,173
williamncyanide,3,170,104,66,38,13,2,3,51,173
DomKaoz,3,170,101,69,32,16,2,3,48,173
jewboselecta,1,172,103,69,34,5,1,1,39,173
Bartholomewplague,1,172,97,75,22,9,1,1,31,173
DrZolu,1,172,97,75,22,3,0,1,25,173
FuriousGandalf,1,172,83,89,-6,0,1,1,-6,173
taprackbang,1,171,128,43,85,52,1,1,137,172
Ben_Dover_69,1,171,144,27,117,11,0,1,128,172
mjemec,1,171,145,26,119,7,1,1,126,172
vekko,2,170,130,40,90,30,1,2,120,172
xigxagy,1,171,144,27,117,2,1,1,119,172
ImAFingScientist,2,171,127,44,83,31,1,1,114,172
slamwisegamgee,1,171,135,36,99,11,1,1,110,172
F1zz0,1,171,128,43,85,21,1,1,106,172
smbjobu,1,171,134,37,97,2,1,1,99,172
tommyjohnsurgery,2,171,130,41,89,9,2,1,98,172
LaRapet,1,171,124,47,77,15,1,1,92,172
8emnero8,2,170,125,45,80,6,2,2,86,172
jewchbag,1,171,119,52,67,16,1,1,83,172
LesFriends,1,172,116,56,60,22,1,0,82,172
nomoreluria,2,170,120,50,70,7,2,2,77,172
BigRodMaster,3,169,120,49,71,5,3,3,76,172
JungianMisnomer,1,171,113,58,55,16,1,1,71,172
crothgar,4,168,117,51,66,3,3,4,69,172
Jakex203,1,171,111,60,51,16,1,1,67,172
manofphat,1,171,116,55,61,5,1,1,66,172
II-DeFeR-II,1,171,114,57,57,4,1,1,61,172
WaterYouDoing,1,171,114,57,57,3,1,1,60,172
justme_3774,1,171,112,59,53,5,1,1,58,172
smijery,1,171,113,58,55,2,1,1,57,172
thisisbroken,2,170,99,71,28,28,2,2,56,172
WillSmithIsBlack,1,172,111,61,50,5,1,0,55,172
Interrobang424,3,170,109,61,48,6,3,2,54,172
ipigack,1,172,109,63,46,6,1,0,52,172
WorldDenizen,1,171,105,66,39,6,1,1,45,172
GunStyleR,2,170,97,73,24,14,2,2,38,172
wildlachii,1,172,102,70,32,6,1,0,38,172
leonprimrose,1,171,101,70,31,6,1,1,37,172
Mowshee,2,170,98,72,26,8,1,2,34,172
xoxCocoChanel,1,171,101,70,31,3,1,1,34,172
mrpetrolbomb,4,168,95,73,22,11,3,4,33,172
mind_lapse,1,171,98,73,25,5,1,1,30,172
lud1120,1,170,161,9,152,2,1,1,154,171
Fegenbo,1,170,155,15,140,6,1,1,146,171
RepostsEveryhing,1,170,152,18,134,0,1,1,134,171
moremelk,2,169,151,18,133,0,2,2,133,171
amamcb,1,170,148,22,126,6,1,1,132,171
SovietFred,1,170,149,21,128,4,1,1,132,171
rednwhite,2,169,143,26,117,7,2,2,124,171
Karjalan,2,170,143,27,116,8,0,1,124,171
Wongidool,1,170,145,25,120,3,1,1,123,171
Shodokan,1,170,144,26,118,4,1,1,122,171
poola212,1,170,142,28,114,8,0,1,122,171
cmeod,1,170,144,26,118,2,0,1,120,171
evilenglish,1,170,142,28,114,2,1,1,116,171
KoolAidNow,1,170,141,29,112,4,1,1,116,171
LemonyLollipop,2,169,138,31,107,6,2,2,113,171
weirdcookie,1,171,136,35,101,11,1,0,112,171
anewton08,1,170,134,36,98,11,1,1,109,171
MichaelJahrling,1,171,133,38,95,12,1,0,107,171
spookyfishy,1,170,136,34,102,4,1,1,106,171
fobtroll,1,170,133,37,96,6,1,1,102,171
folkeverything,1,171,133,38,95,7,1,0,102,171
Jderp678,1,170,132,38,94,6,1,1,100,171
slagath0r,1,170,131,39,92,8,1,1,100,171
bootleric63,2,169,118,51,67,29,1,2,96,171
mwkenned,2,171,107,64,43,51,2,0,94,171
metabeing,19,166,126,40,86,6,9,5,92,171
weborigination,2,169,122,47,75,15,1,2,90,171
bringbacksheed,1,170,122,48,74,15,1,1,89,171
goodytooshoos,3,168,121,47,74,13,3,3,87,171
USBdonglegoblin,1,170,121,49,72,15,1,1,87,171
vncntprolo,2,169,124,45,79,3,0,2,82,171
tnguyen006,4,167,119,48,71,5,4,4,76,171
nemochuggles,1,170,119,51,68,8,1,1,76,171
daishimaru,2,169,118,51,67,6,2,2,73,171
sarahshagal,2,169,112,57,55,18,2,2,73,171
Dasgerman1984,2,170,117,53,64,9,1,1,73,171
robogerbil,1,170,119,51,68,4,1,1,72,171
Ladst3r,1,170,112,58,54,12,1,1,66,171
tiimis,1,170,110,60,50,16,1,1,66,171
Specific_Mime,1,170,114,56,58,5,1,1,63,171
scouter458,1,170,113,57,56,3,1,1,59,171
Ginger-_-Ninja,1,170,111,59,52,4,1,1,56,171
mrnukem,1,170,107,63,44,12,1,1,56,171
TheNitroBlade,3,169,109,60,49,3,3,2,52,171
eSorghum,1,170,109,61,48,4,1,1,52,171
hebrew_hamma,4,168,104,64,40,8,2,3,48,171
Vivanko,2,169,104,65,39,5,2,2,44,171
Seriouslysoftpillow,2,170,101,69,32,3,2,1,35,171
Technician90,1,170,98,72,26,9,1,1,35,171
Cgillespie4,4,169,88,81,7,4,4,2,11,171
koops128,1,169,156,13,143,12,1,1,155,170
SquadUpSquadUp,2,168,138,30,108,39,2,2,147,170
LaikasSpaceMix,2,168,151,17,134,8,0,2,142,170
MacAny,1,169,153,16,137,3,1,1,140,170
Redcrimson,1,170,152,18,134,6,1,0,140,170
lolkat89,1,169,145,24,121,8,1,1,129,170
gekkozorz,1,169,144,25,119,2,0,1,121,170
karamdill,2,168,137,31,106,14,2,2,120,170
fuhgeetas,1,169,135,34,101,16,1,1,117,170
Onelife11,3,167,138,29,109,6,3,3,115,170
Wartburg13,2,168,135,33,102,8,2,2,110,170
FredeJ,1,169,134,35,99,9,1,1,108,170
stat71,1,169,127,42,85,22,0,1,107,170
loopaholic,2,169,122,47,75,31,2,1,106,170
boommmmm,1,169,129,40,89,11,1,1,100,170
RobertLincoln,1,169,131,38,93,7,1,1,100,170
Snitters12,1,169,131,38,93,2,1,1,95,170
tzortst,1,169,125,44,81,13,1,1,94,170
TriangleWheels,1,169,122,47,75,18,0,1,93,170
Theran23,1,170,122,48,74,16,1,0,90,170
MasterTroll1812,1,170,127,43,84,5,1,0,89,170
freemynuts,1,170,125,45,80,8,1,0,88,170
askjeevin,1,169,121,48,73,12,1,1,85,170
JaRoc,2,169,115,54,61,23,1,1,84,170
exousic,1,169,119,50,69,14,0,1,83,170
lordnahte42,2,168,119,49,70,12,2,2,82,170
hunthunter123,1,170,118,52,66,16,1,0,82,170
camdotcom,3,168,109,59,50,31,3,2,81,170
Heelincal,1,169,122,47,75,4,1,1,79,170
Boogs27,1,169,117,52,65,12,1,1,77,170
zenietree,1,169,120,49,71,6,1,1,77,170
liongirl81,1,169,121,48,73,3,1,1,76,170
iLike_Kittehs,2,168,113,55,58,17,2,2,75,170
Kib1,1,170,110,60,50,23,1,0,73,170
seminolekb,1,170,117,53,64,9,1,0,73,170
traceur47,1,169,119,50,69,2,1,1,71,170
highestkite,1,169,118,51,67,0,1,1,67,170
JamUp,1,169,115,54,61,4,1,1,65,170
simpLL,1,169,110,59,51,10,1,1,61,170
TheDominantOrphan,1,169,103,66,37,21,1,1,58,170
Ragingbeast,4,166,109,57,52,2,1,4,54,170
1985jack000,2,168,98,70,28,21,2,2,49,170
zaxh,1,169,93,76,17,11,1,1,28,170
nobueno1,1,169,95,74,21,5,1,1,26,170
valentineisarat,1,168,149,19,130,7,1,1,137,169
Dat_Matt,2,167,136,31,105,22,2,2,127,169
naughtymouse,1,169,128,41,87,37,1,0,124,169
TFB82,1,168,145,23,122,2,1,1,124,169
inktank,1,168,139,29,110,12,1,1,122,169
itimedout,1,168,140,28,112,7,1,1,119,169
BeautyIsASiren,1,168,141,27,114,0,1,1,114,169
CharsKimble,1,168,137,31,106,8,1,1,114,169
mypinkyhurts,2,167,138,29,109,3,2,2,112,169
theelephanthouse,1,168,137,31,106,5,1,1,111,169
Chocarus91,2,167,133,34,99,7,1,2,106,169
vegetable_offender,1,168,132,36,96,10,1,1,106,169
fatassmofo,1,169,129,40,89,15,1,0,104,169
youRheaDiSoNfirE,1,168,131,37,94,6,1,1,100,169
locobanya,2,167,115,52,63,34,2,2,97,169
randomintandem,1,168,127,41,86,10,1,1,96,169
walterdonnydude,1,168,132,36,96,0,1,1,96,169
Honkeyass,1,168,128,40,88,7,0,1,95,169
ma6ic,1,168,122,46,76,17,1,1,93,169
SeaEmBee,1,168,128,40,88,2,1,1,90,169
matthew1522,2,168,127,41,86,3,0,1,89,169
diegotbn,1,168,112,56,56,29,1,1,85,169
needleman16,4,165,120,45,75,7,3,4,82,169
omgjeez,1,168,119,49,70,10,1,1,80,169
Dunking_On_Dexter,2,167,114,53,61,18,2,2,79,169
irishjack777,2,168,116,52,64,13,2,1,77,169
Related_Gifs,1,168,118,50,68,9,1,1,77,169
colinrfinnerty,1,168,117,51,66,7,1,1,73,169
haphaestusmm,1,168,114,54,60,12,1,1,72,169
less_than_12_parsecs,1,168,117,51,66,6,1,1,72,169
Shallowpurple,1,168,113,55,58,13,1,1,71,169
iamPotsy,1,168,116,52,64,3,1,1,67,169
statusone,1,169,109,60,49,11,1,0,60,169
deadraught,2,168,106,62,44,12,1,1,56,169
kidbom,2,167,103,64,39,15,1,2,54,169
happyday101,1,168,107,61,46,7,1,1,53,169
stvwtr,1,169,107,62,45,7,1,0,52,169
jdym00,1,168,107,61,46,3,1,1,49,169
MyCaawk,1,168,102,66,36,10,1,1,46,169
Respected_Madman,2,167,100,67,33,3,2,2,36,169
coolst0rybr0,1,168,92,76,16,7,1,1,23,169
tomtom105,1,167,155,12,143,5,1,1,148,168
ancaptain,1,167,150,17,133,13,1,1,146,168
Isthatrite,1,167,145,22,123,9,1,1,132,168
tiftifx,1,167,145,22,123,4,1,1,127,168
jaynestown2000,1,167,141,26,115,7,1,1,122,168
bharamaty,1,167,140,27,113,8,1,1,121,168
douglas_,1,167,138,29,109,12,1,1,121,168
caseanator,1,167,140,27,113,7,1,1,120,168
kjayt18,1,167,139,28,111,8,1,1,119,168
Nov4c,1,167,135,32,103,12,1,1,115,168
RobertHawke,1,167,138,29,109,5,0,1,114,168
SweetTooth402,1,168,118,50,68,45,1,0,113,168
grantbritzke,1,167,136,31,105,8,0,1,113,168
PerhapsPossibly,3,166,138,28,110,0,2,2,110,168
MadScientist420,1,167,120,47,73,32,1,1,105,168
Jimmygozinya,1,167,133,34,99,4,1,1,103,168
lauradur,3,166,129,37,92,10,1,2,102,168
Madonkadonk,2,166,132,34,98,2,1,2,100,168
Mshappyday,1,167,131,36,95,5,1,1,100,168
multiMurf,1,167,128,39,89,11,1,1,100,168
IAmTheGingaNinja,3,165,125,40,85,4,2,3,89,168
ngiunta,1,167,126,41,85,2,1,1,87,168
arcadebear,1,167,121,46,75,11,1,1,86,168
brokehopefulartist,1,167,120,47,73,12,1,1,85,168
psyRhen,1,167,121,46,75,9,1,1,84,168
fleckney7,1,167,122,45,77,6,1,1,83,168
jmart96dx,3,165,120,45,75,7,3,3,82,168
blakep,1,167,122,45,77,5,1,1,82,168
grafguitarist08,2,166,118,48,70,9,2,2,79,168
sivadneb,1,168,120,48,72,5,1,0,77,168
haydaw,1,167,118,49,69,4,1,1,73,168
Snipingpuppet,1,167,118,49,69,4,1,1,73,168
sausageinthecity,1,168,104,64,40,28,1,0,68,168
alamot,1,167,105,62,43,21,1,1,64,168
chronicmunchies,1,168,114,54,60,4,1,0,64,168
dipittydoop,1,167,104,63,41,11,1,1,52,168
5trudel,1,167,95,72,23,27,1,1,50,168
KnifePartyLOL,1,167,97,70,27,18,1,1,45,168
bucsboy47,1,168,96,72,24,13,1,0,37,168
MessageAnxiety,1,167,98,69,29,4,1,1,33,168
Long_Live_The_Queen,1,167,92,75,17,4,0,1,21,168
neyxport,2,166,89,77,12,2,2,2,14,168
UnbelievableRose,1,166,135,31,104,65,1,1,169,167
tlc,1,166,147,19,128,33,1,1,161,167
mvbftw,1,166,148,18,130,5,1,1,135,167
dasmahhamma,1,166,147,19,128,4,1,1,132,167
david6591,1,167,141,26,115,17,1,0,132,167
Keabo,1,166,147,19,128,2,1,1,130,167
Mr2Legit2Quit,1,166,142,24,118,6,1,1,124,167
ozenrique,1,166,142,24,118,6,1,1,124,167
WOOPWOOPDATASSIS2FAT,1,167,125,42,83,37,1,0,120,167
Renaud911,2,165,140,25,115,4,0,2,119,167
KevMorton,2,166,120,46,74,43,1,1,117,167
gintrux24,1,166,138,28,110,3,1,1,113,167
RoryTik,1,166,138,28,110,2,1,1,112,167
RockRifle,1,167,136,31,105,6,1,0,111,167
emixtt,1,166,135,31,104,7,0,1,111,167
clingClongClan,2,165,127,38,89,19,2,2,108,167
abowlofcereal,1,167,135,32,103,3,1,0,106,167
parth_1993,1,166,133,33,100,5,1,1,105,167
mooglespy,1,166,126,40,86,14,1,1,100,167
chinquentes28,2,165,127,38,89,9,2,2,98,167
Nivlac024,5,162,127,35,92,6,2,5,98,167
th4ne,1,166,128,38,90,8,1,1,98,167
isotope123,1,166,130,36,94,2,1,1,96,167
reallydude,1,166,115,51,64,31,1,1,95,167
Jsee123,2,165,119,46,73,21,0,2,94,167
w41t3rpwnZ0RZ,1,167,121,46,75,18,1,0,93,167
HowAmIDriving,1,167,124,43,81,11,1,0,92,167
inbredpoetsociety,1,166,126,40,86,6,1,1,92,167
madplayshd,1,166,113,53,60,32,1,1,92,167
WhiteBoyStephens,1,166,126,40,86,6,1,1,92,167
Hypothetikal,3,164,122,42,80,9,3,3,89,167
Pingasman81,3,165,123,42,81,8,3,2,89,167
FBI-Analist,1,166,124,42,82,5,1,1,87,167
rahyel,2,165,119,46,73,10,2,2,83,167
PhantomPepper,2,166,113,53,60,22,2,1,82,167
struttinthatass,3,165,121,44,77,2,3,2,79,167
Klappar_Skalbagge,1,166,120,46,74,4,0,1,78,167
Idontwearacoat,2,165,112,53,59,13,2,2,72,167
mmmm_reddit,1,166,117,49,68,4,1,1,72,167
L1ghtsaber,1,166,109,57,52,8,1,1,60,167
abadrash,1,166,96,70,26,31,1,1,57,167
Noarau,1,166,105,61,44,7,1,1,51,167
meeeoow,1,166,104,62,42,8,1,1,50,167
BritishEnglishPolice,2,165,94,71,23,23,2,2,46,167
RadioInterference,1,166,96,70,26,17,1,1,43,167
Melverum,2,166,101,65,36,4,2,1,40,167
admiralstandard,1,166,101,65,36,4,1,1,40,167
Vash18,1,167,94,73,21,14,1,0,35,167
ashoaib,1,166,97,69,28,4,1,1,32,167
megustaspecial,1,166,86,80,6,12,1,1,18,167
fritzershitzer,1,165,153,12,141,9,1,1,150,166
Minim4c,1,166,152,14,138,0,1,0,138,166
ballzach,1,165,145,20,125,10,1,1,135,166
thelastheraclid,1,165,144,21,123,11,1,1,134,166
5.92E+16,2,165,138,27,111,21,1,1,132,166
FuckToCudder,2,164,141,23,118,12,2,2,130,166
gvto,3,163,137,26,111,2,2,3,113,166
chaseopotamus,1,165,133,32,101,3,1,1,104,166
hebrewhammer1234,1,165,126,39,87,17,1,1,104,166
stuffiesears,1,165,131,34,97,4,1,1,101,166
HailToTheKidA,1,165,129,36,93,3,1,1,96,166
Boshaft,1,165,123,42,81,14,1,1,95,166
ODG,1,165,128,37,91,2,1,1,93,166
Die5s,1,165,119,46,73,19,1,1,92,166
Rudy-Poo,1,165,127,38,89,2,1,1,91,166
MerliSYD,1,166,113,53,60,30,1,0,90,166
Baspwnzz,1,165,119,46,73,13,1,1,86,166
kofficial,1,165,122,43,79,7,1,1,86,166
shavingprivateryan,4,162,120,42,78,5,2,4,83,166
quintosis,1,165,124,41,83,0,1,1,83,166
silverkripto,1,165,121,44,77,4,1,1,81,166
liarliar95,3,164,118,46,72,8,3,2,80,166
IchorLQ,1,166,116,50,66,10,1,0,76,166
DarkPhoenix714,1,166,115,51,64,7,1,0,71,166
RedPaintedHouses,2,164,112,52,60,10,1,2,70,166
SaintlyQuinlan,1,165,116,49,67,2,1,1,69,166
CruelNoise,1,165,110,55,55,13,1,1,68,166
Vranak,2,165,111,54,57,6,2,1,63,166
Polaris_the_Killer,1,165,110,55,55,7,1,1,62,166
25Badass,1,165,109,56,53,7,1,1,60,166
Browncow8,1,165,107,58,49,9,1,1,58,166
Jokulgoblin,1,165,101,64,37,19,1,1,56,166
America_Owns,2,164,101,63,38,14,1,2,52,166
MaximumPad,1,165,101,64,37,15,1,1,52,166
mfryzie25697,1,165,104,61,43,6,1,1,49,166
Defying,1,165,101,64,37,7,1,1,44,166
FffuuuFrog,3,163,97,66,31,12,2,3,43,166
whitefang,1,166,103,63,40,3,1,0,43,166
rachieduffie,1,165,101,64,37,4,1,1,41,166
isaidclickmenow,2,164,86,78,8,20,2,2,28,166
waitwut99,1,165,82,83,-1,24,1,1,23,166
intortus,1,164,151,13,138,10,1,1,148,165
hezex,1,164,149,15,134,6,0,1,140,165
pjsand,2,163,136,27,109,11,2,2,120,165
SuperBananners,1,164,132,32,100,10,0,1,110,165
Montypylon,2,164,133,31,102,5,2,1,107,165
CorneliusThundercock,1,164,133,31,102,5,1,1,107,165
ramma314,1,165,136,29,107,0,1,0,107,165
silly_vasily,2,163,129,34,95,11,2,2,106,165
nyioo7,1,164,122,42,80,24,1,1,104,165
aruculu,1,164,131,33,98,4,1,1,102,165
Magik-Waffle,2,163,118,45,73,27,2,2,100,165
Jayem163,1,164,127,37,90,9,1,1,99,165
sherlockhomeboy23,1,164,127,37,90,9,1,1,99,165
The_Lolbster,2,164,125,39,86,12,2,1,98,165
autiger8l5,1,164,125,39,86,6,1,1,92,165
CraZy_M,3,164,119,45,74,14,3,1,88,165
bawillis,1,164,120,44,76,10,1,1,86,165
MRamo,1,164,121,43,78,6,1,1,84,165
pancakefiesta,1,164,121,43,78,5,1,1,83,165
bigmeetchlarryhoover,2,163,118,45,73,8,2,2,81,165
conez4,1,164,121,43,78,0,1,1,78,165
DisregardMyPants,3,162,114,48,66,11,2,3,77,165
monkeyJ,1,164,115,49,66,10,1,1,76,165
willman161,1,164,116,48,68,8,1,1,76,165
AnelReal,2,163,117,46,71,3,2,2,74,165
GrampaEDDIE,1,164,117,47,70,4,1,1,74,165
Rollondger,1,164,117,47,70,4,1,1,74,165
jellotothe10thpower,1,164,108,56,52,19,1,1,71,165
Bringus,2,163,107,56,51,16,2,2,67,165
TacticalWombat,3,162,108,54,54,6,2,3,60,165
gbot26,3,162,92,70,22,36,3,3,58,165
duhcassinidivision,1,164,106,58,48,5,1,1,53,165
crantastic,2,164,96,68,28,11,2,1,39,165
dhanor19,1,164,97,67,30,7,1,1,37,165
9reydenb,1,164,94,70,24,12,1,1,36,165
Noverca,2,164,96,68,28,7,2,1,35,165
rockoman100,1,163,135,28,107,28,1,1,135,164
Dcboy95,2,163,139,24,115,15,2,1,130,164
cheatochris13,1,163,140,23,117,12,1,1,129,164
zaibrax,1,163,141,22,119,9,0,1,128,164
sythax,1,163,132,31,101,22,1,1,123,164
stealthxero,1,163,141,22,119,3,1,1,122,164
mdbredahl,2,163,137,26,111,5,0,1,116,164
jobb3r,1,163,132,31,101,12,1,1,113,164
FistingPirate,1,163,128,35,93,19,1,1,112,164
Pyrilia,1,163,137,26,111,0,1,1,111,164
Temporaryy,1,163,135,28,107,2,1,1,109,164
venaeh,1,163,134,29,105,3,1,1,108,164
beachjustice,1,163,132,31,101,4,1,1,105,164
techh10,1,164,130,34,96,3,1,0,99,164
rsmith151,2,162,124,38,86,12,2,2,98,164
thatoneguy1243,2,162,127,35,92,4,1,2,96,164
ThAAnchormAn,1,163,122,41,81,14,1,1,95,164
bjh3458,1,163,125,38,87,7,1,1,94,164
InspirationalQuoter,3,161,121,40,81,13,1,3,94,164
bigsol81,1,163,121,42,79,10,1,1,89,164
dinnnnoss,1,163,121,42,79,9,1,1,88,164
JohnTheCrow,1,164,123,41,82,6,1,0,88,164
grimfel,1,163,120,43,77,10,1,1,87,164
icecreampie,1,163,121,42,79,7,0,1,86,164
randomcolour,1,163,115,48,67,15,1,1,82,164
Thexthy,4,160,119,41,78,4,1,4,82,164
CherrySlurpee,3,161,118,43,75,5,3,3,80,164
Huntah,1,164,104,60,44,30,1,0,74,164
TyrannosaursInF14s,1,163,115,48,67,7,1,1,74,164
Coptopical,1,163,114,49,65,7,1,1,72,164
Awesomerachh,2,162,112,50,62,6,1,2,68,164
snatchnapken,1,163,113,50,63,4,1,1,67,164
NeoIsTaken,1,163,111,52,59,7,1,1,66,164
borderbox,2,162,110,52,58,4,1,2,62,164
Izlandi,1,163,109,54,55,6,1,1,61,164
shockfyre,1,164,105,59,46,15,1,0,61,164
---,2,163,105,58,47,10,2,1,57,164
nanonina,1,163,106,57,49,4,1,1,53,164
greenymile,2,162,94,68,26,19,2,2,45,164
imawhatson,1,163,100,63,37,7,1,1,44,164
MetalJunior,1,163,95,68,27,13,1,1,40,164
lolaism,1,163,96,67,29,2,1,1,31,164
jayblue42,2,162,92,70,22,3,2,2,25,164
fanofdean,1,163,91,72,19,3,1,1,22,164
JDRsqrd,1,162,144,18,126,13,1,1,139,163
Nejustinas,1,162,109,53,56,79,1,1,135,163
bassetbuddy6421,1,162,138,24,114,0,1,1,114,163
bluishdream,1,163,133,30,103,9,1,0,112,163
kenziegracee,2,161,133,28,105,6,2,2,111,163
MispelledName,3,161,132,29,103,6,3,2,109,163
aboothemonkey,1,162,135,27,108,0,1,1,108,163
JimmyDelicious,1,163,129,34,95,9,1,0,104,163
lamaravilla99,1,162,130,32,98,6,1,1,104,163
jesusandthespider,1,162,126,36,90,12,1,1,102,163
Krusiv,1,162,131,31,100,2,1,1,102,163
chefboyardy,1,162,129,33,96,4,1,1,100,163
kal_jericho,1,162,130,32,98,2,0,1,100,163
ThisJoeIsPrettyCool,1,162,130,32,98,0,1,1,98,163
rogerleppis,1,162,126,36,90,6,1,1,96,163
cbxcbx,1,162,127,35,92,3,1,1,95,163
kwalker234,1,163,105,58,47,46,1,0,93,163
mike4D,1,162,122,40,82,11,1,1,93,163
batmanorphan,1,162,125,37,88,3,1,1,91,163
Gulon,2,162,118,44,74,5,1,1,79,163
Nosepatch,1,162,115,47,68,11,1,1,79,163
bonkeyfonkey,2,163,114,49,65,11,2,0,76,163
Kendi15,1,162,118,44,74,2,1,1,76,163
THE_PHYSICS_GUY,1,162,113,49,64,11,0,1,75,163
plzdontreadthis,5,159,113,46,67,7,3,4,74,163
thelacepirate,1,162,112,50,62,11,1,1,73,163
UHguy,1,162,106,56,50,23,1,1,73,163
MajorSuccess,2,161,113,48,65,6,2,2,71,163
AGaryGazAppeared,2,161,110,51,59,9,2,2,68,163
MufasaSimba,1,162,110,52,58,9,1,1,67,163
munksi,1,162,109,53,56,11,1,1,67,163
rellefg8,1,162,109,53,56,11,1,1,67,163
ToHellWithAK,1,162,102,60,42,23,1,1,65,163
Derpindots,1,162,108,54,54,10,1,1,64,163
JubBieJub,2,161,105,56,49,14,2,2,63,163
SibbySnacks,1,162,111,51,60,2,1,1,62,163
wizurd,1,162,107,55,52,8,1,1,60,163
shawnzie,1,162,107,55,52,7,1,1,59,163
bigcountrybumpkin,1,162,108,54,54,4,1,1,58,163
ChopandChange,1,162,107,55,52,4,1,1,56,163
spectrum_90,2,161,106,55,51,4,2,2,55,163
pcendeavorsny,1,162,104,58,46,6,1,1,52,163
Airsoft1911,1,162,104,58,46,4,0,1,50,163
LaSteff,2,161,101,60,41,8,2,2,49,163
ESPguitarist,1,162,100,62,38,8,1,1,46,163
StatikDF,1,162,102,60,42,4,1,1,46,163
funkyskunk,1,162,101,61,40,3,1,1,43,163
i-want-chips,1,162,96,66,30,13,1,1,43,163
Ablanco718,2,161,98,63,35,7,2,2,42,163
Owntano,5,158,97,61,36,2,4,5,38,163
NinjaKingSupreme,5,158,94,64,30,7,3,5,37,163
UnicornFromSpace,1,162,94,68,26,5,1,1,31,163
48volts,2,162,85,77,8,19,2,1,27,163
cruzweb,1,162,86,76,10,12,1,1,22,163
AllegraGeller,1,162,87,75,12,8,1,1,20,163
Bigredsk8,1,162,86,76,10,9,1,1,19,163
lat003,1,161,144,17,127,4,1,1,131,162
_Leach,2,160,130,30,100,13,2,2,113,162
king_walnut,1,161,133,28,105,8,0,1,113,162
massinput06,2,160,132,28,104,8,1,2,112,162
corwin1681,1,161,131,30,101,9,1,1,110,162
dcmjim,1,162,128,34,94,15,1,0,109,162
knaver,1,161,132,29,103,5,1,1,108,162
Tubes_of_Interwebs,1,161,132,29,103,3,1,1,106,162
Zebleblic,1,162,128,34,94,11,1,0,105,162
jonesey46,1,161,131,30,101,2,1,1,103,162
manugirl4life,2,160,126,34,92,7,2,2,99,162
DontWakeTheBaby,1,161,127,34,93,3,1,1,96,162
CpeanuT,1,161,126,35,91,5,0,1,96,162
optikalblitz,1,161,121,40,81,14,0,1,95,162
gkburr,4,158,120,38,82,12,4,4,94,162
Ansem495,2,160,121,39,82,11,2,2,93,162
aznsteviez,2,160,119,41,78,12,2,2,90,162
jctheseal,1,161,124,37,87,3,1,1,90,162
dorpedo,1,161,124,37,87,2,1,1,89,162
boodgiem,1,161,123,38,85,0,1,1,85,162
porchy44,1,161,121,40,81,4,1,1,85,162
B3AN3R_DAVID,1,161,115,46,69,15,1,1,84,162
EuroSpec27,1,161,114,47,67,16,1,1,83,162
advicejade,1,161,118,43,75,6,1,1,81,162
monkeyeatingeagle,1,161,110,51,59,22,1,1,81,162
rollinpapers,2,160,117,43,74,5,2,2,79,162
BachiBachi,1,161,119,42,77,2,1,1,79,162
doubleoverhead,2,160,116,44,72,6,2,2,78,162
rockinfreakapotamus,1,161,117,44,73,4,1,1,77,162
Mulligank,1,162,117,45,72,4,1,0,76,162
pandamaja,1,161,115,46,69,7,1,1,76,162
David_Crockett,1,161,110,51,59,13,1,1,72,162
playingnice,1,161,112,49,63,7,1,1,70,162
incidesi,1,161,111,50,61,7,1,1,68,162
morethanfine,1,161,110,51,59,9,1,1,68,162
GonzalaGuerrera,3,161,107,54,53,10,2,1,63,162
ChaoticFiend,2,162,105,57,48,14,2,0,62,162
UTChem,2,160,107,53,54,7,2,2,61,162
A_Blind_Pilot,4,158,104,54,50,7,3,4,57,162
SmilingPineapple,1,161,107,54,53,4,1,1,57,162
danklucas,1,161,105,56,49,6,1,1,55,162
netrus,1,162,100,62,38,13,1,0,51,162
OstrichBurgers,2,160,100,60,40,7,2,2,47,162
MikeMacAllan,2,160,100,60,40,6,1,2,46,162
malsahnived,2,160,99,61,38,7,2,2,45,162
languageoflove,2,160,94,66,28,2,2,2,30,162
lelee,1,161,92,69,23,7,1,1,30,162
decode1101,1,161,88,73,15,9,1,1,24,162
Gitarham,1,162,83,79,4,7,1,0,11,162
vaginarox,8,154,68,86,-18,18,2,8,0,162
Qwigley,1,161,150,11,139,27,1,0,166,161
HypothesisFrog,1,160,141,19,122,23,1,1,145,161
mellymel058,1,161,146,15,131,4,1,0,135,161
LOLrage98,1,160,144,16,128,4,0,1,132,161
Danyulz,1,160,143,17,126,2,1,1,128,161
nibish,2,160,141,19,122,2,1,1,124,161
czarnaowca81,1,160,122,38,84,36,1,1,120,161
TacoRedneck,1,160,138,22,116,3,1,1,119,161
badillin,1,160,132,28,104,13,1,1,117,161
Sing-A-Song1610,1,160,136,24,112,3,1,1,115,161
brandonvandyke22,2,159,126,33,93,17,2,2,110,161
toxoplasma_gandhi,1,160,131,29,102,8,0,1,110,161
Hesaidwutwutindabutt,1,160,133,27,106,0,1,1,106,161
CaribouSun,1,160,126,34,92,13,1,1,105,161
xZAPDOSx,1,161,109,52,57,46,1,0,103,161
koolkalang,1,160,129,31,98,4,1,1,102,161
Swaggadagger,1,160,129,31,98,4,1,1,102,161
thebrame,1,160,121,39,82,19,1,1,101,161
Kavex,1,160,128,32,96,4,0,1,100,161
marcoo__,2,159,122,37,85,14,1,2,99,161
Riesee,2,159,124,35,89,9,2,2,98,161
Corjo516,1,160,127,33,94,3,1,1,97,161
Joke_Choke,2,159,125,34,91,5,2,2,96,161
westleyisme,2,159,121,38,83,10,2,2,93,161
HonchoMcDucket,1,160,118,42,76,16,1,1,92,161
apcooper717,2,159,118,41,77,12,2,2,89,161
JizzblasterBoris,1,160,110,50,60,29,1,1,89,161
ExecutiveFingerblast,1,160,121,39,82,5,1,1,87,161
mrskitch,1,160,110,50,60,27,1,1,87,161
powerhouse145,4,157,116,41,75,8,4,4,83,161
12mrk12,2,161,111,50,61,22,2,0,83,161
Spider939,1,160,118,42,76,6,1,1,82,161
KamiZubon,2,159,112,47,65,11,2,2,76,161
creedn,1,160,116,44,72,3,1,1,75,161
MotherOfAllah,1,160,108,52,56,19,1,1,75,161
W1nd,1,161,107,54,53,22,1,0,75,161
cavortingwebeasties,1,161,105,56,49,19,1,0,68,161
hereiam2,1,160,102,58,44,17,1,1,61,161
heavymetalpancakes,1,160,107,53,54,6,1,1,60,161
BBarthel,1,160,107,53,54,4,1,1,58,161
Coseymo,1,160,105,55,50,6,1,1,56,161
Drmanifold,2,159,103,56,47,8,2,2,55,161
REMAIN_IN_LIGHT,1,160,106,54,52,3,1,1,55,161
Gnarnar,1,160,104,56,48,4,1,1,52,161
feelsbatman,2,159,93,66,27,15,2,2,42,161
Fudgeberrypie,1,160,100,60,40,0,1,1,40,161
jodieexplodie,1,160,91,69,22,11,1,1,33,161
thatmikeykid,1,160,94,66,28,2,1,1,30,161
tsenaku,1,160,91,69,22,4,1,1,26,161
papa14moose,7,154,70,84,-14,10,6,7,-4,161
littlemuffinswag,1,159,140,19,121,18,0,1,139,160
whitestar11,3,157,141,16,125,5,3,3,130,160
thenewreview,1,159,140,19,121,8,1,1,129,160
RunsLinux,1,160,141,19,122,6,1,0,128,160
JustSayingMan,2,159,137,22,115,11,2,1,126,160
Zirenth,1,159,140,19,121,5,1,1,126,160
yobbobandana,1,159,137,22,115,7,1,1,122,160
Jooey_K,1,159,137,22,115,2,1,1,117,160
krazypanda,1,159,136,23,113,3,1,1,116,160
sevenface88,2,159,129,30,99,11,0,1,110,160
Karu7,1,159,126,33,93,9,1,1,102,160
nfhannah,1,159,129,30,99,3,1,1,102,160
tastydirtslover,1,159,125,34,91,9,1,1,100,160
pennywiser,1,159,127,32,95,3,1,1,98,160
Salacha,1,159,123,36,87,10,1,1,97,160
slowmotionintro,1,159,127,32,95,0,1,1,95,160
Classy22,2,159,121,38,83,9,2,1,92,160
kodilynne,1,159,123,36,87,4,1,1,91,160
eps492003,1,159,115,44,71,18,1,1,89,160
et3rnalking1,1,159,119,40,79,9,1,1,88,160
mrpti,2,158,118,40,78,8,2,2,86,160
mnells,1,159,118,41,77,8,0,1,85,160
Crazy_Ferret,1,159,121,38,83,0,0,1,83,160
Bonte,1,159,117,42,75,6,1,1,81,160
IndieScent,1,160,110,50,60,20,1,0,80,160
trogdordeburninator,1,159,116,43,73,4,1,1,77,160
Carlfm,1,159,114,45,69,7,1,1,76,160
MasterOfEntropy,1,159,115,44,71,4,1,1,75,160
ThePancakeTrio,1,159,111,48,63,9,1,1,72,160
flightsin,2,158,111,47,64,7,1,2,71,160
ilikebluepens,1,159,112,47,65,6,1,1,71,160
WenchGrabber,1,159,113,46,67,4,1,1,71,160
Darkshot38,2,158,110,48,62,5,2,2,67,160
helllfire,1,160,98,62,36,29,0,0,65,160
greige,1,159,104,55,49,10,1,1,59,160
firegrant,1,159,105,54,51,5,1,1,56,160
vs845,1,159,101,58,43,12,1,1,55,160
gatfish,1,160,97,63,34,20,1,0,54,160
slimchedda420,2,158,96,62,34,16,2,2,50,160
The_Pourne_Identity,2,158,88,70,18,27,2,2,45,160
BranoKill,1,159,99,60,39,6,0,1,45,160
literary_freak,1,159,96,63,33,8,1,1,41,160
Zherom,2,158,93,65,28,12,2,2,40,160
idontknowyet,1,159,95,64,31,9,0,1,40,160
rhuffles,4,156,93,63,30,7,3,4,37,160
Lurklight_Sparkle,1,159,93,66,27,9,1,1,36,160
rakkaht,2,158,95,63,32,4,1,2,36,160
FupasaurusREX,1,159,95,64,31,4,1,1,35,160
dextor7,2,159,90,69,21,10,2,1,31,160
sobermonkey,1,159,86,73,13,11,1,1,24,160
cefarix,1,159,87,72,15,6,1,1,21,160
TacoThingy,4,156,81,75,6,11,4,4,17,160
hammy100,1,159,82,77,5,3,1,1,8,160
a0val,1,159,142,17,125,5,1,0,130,159
curtbag,1,159,143,16,127,2,1,0,129,159
arcolz,1,158,133,25,108,9,1,1,117,159
silentstorm2008,1,158,133,25,108,7,0,1,115,159
denvertheshark,1,159,132,27,105,7,1,0,112,159
HeathenCyclist,1,158,130,28,102,6,1,1,108,159
sacunn215,1,158,128,30,98,9,1,1,107,159
Terras1fan,2,158,131,27,104,3,1,1,107,159
rustyshelf,1,158,124,34,90,8,0,1,98,159
take_me_home_tonight,7,152,119,33,86,9,7,7,95,159
MisterWonka,5,156,123,33,90,5,4,3,95,159
AnnOrZ,1,158,124,34,90,4,1,1,94,159
MysticalDarkness,1,159,122,37,85,4,1,0,89,159
manbearpigkiller,1,158,120,38,82,6,1,1,88,159
misterBNG,3,156,116,40,76,10,3,3,86,159
ttran984,1,158,117,41,76,9,0,1,85,159
flyingspagettiman,1,159,114,45,69,15,1,0,84,159
snacktimeplease,1,158,119,39,80,3,1,1,83,159
scoopmagee,2,157,115,42,73,5,2,2,78,159
dubu2584,1,158,115,43,72,5,1,1,77,159
OliverTwistoff,4,155,114,41,73,2,4,4,75,159
neuralien,1,158,112,46,66,9,1,1,75,159
StuOne19,1,158,111,47,64,10,1,1,74,159
moby_dick,1,158,107,51,56,17,1,1,73,159
kcraw12,2,158,110,48,62,10,2,1,72,159
Mitcheypoo,1,158,110,48,62,7,1,1,69,159
knowledgeispower13,3,156,107,49,58,8,3,3,66,159
__Rainbow__Dash__,1,158,109,49,60,4,1,1,64,159
SuuFvknWuu,1,158,109,49,60,4,1,1,64,159
kyuubs,1,158,108,50,58,2,1,1,60,159
rob1005,3,157,108,49,59,0,2,2,59,159
akecke1,1,158,99,59,40,16,1,1,56,159
razzark666,1,158,96,62,34,14,1,1,48,159
Hockeygoalie35,2,157,93,64,29,10,2,2,39,159
PapaPetro,1,158,89,69,20,16,1,1,36,159
trx430ex,1,158,96,62,34,2,1,1,36,159
ohchick,1,158,93,65,28,2,1,1,30,159
fes97,3,156,84,72,12,14,3,3,26,159
DarthBartus,1,158,86,72,14,12,0,1,26,159
lightinside,5,154,87,67,20,2,1,5,22,159
ManManBroMan,1,158,81,77,4,10,1,1,14,159
aspec,1,157,138,19,119,9,1,1,128,158
gallagh9,1,157,138,19,119,7,1,1,126,158
12usskian,1,157,96,61,35,89,1,1,124,158
pour7me7another,2,156,130,26,104,19,1,2,123,158
Mr_Pennybags,1,157,138,19,119,2,0,1,121,158
Kcazaa,2,157,132,25,107,11,2,1,118,158
Brandonspikes,1,157,133,24,109,5,1,1,114,158
lordmuck,1,157,133,24,109,5,1,1,114,158
AlbertsShuffle,1,158,129,29,100,8,1,0,108,158
Internetaddicted,1,157,129,28,101,6,1,1,107,158
replayzero,1,157,126,31,95,8,1,1,103,158
12DancingPrincesses,1,157,129,28,101,0,1,1,101,158
Spl3en,1,157,125,32,93,8,1,1,101,158
whyuno,1,157,127,30,97,3,1,1,100,158
RowdyRoddyPiper,1,157,128,29,99,0,1,1,99,158
Minimal_sleep,1,158,125,33,92,2,1,0,94,158
Wizuhd,2,156,119,37,82,11,2,2,93,158
Adhiboy,2,156,119,37,82,6,2,2,88,158
snowskier,1,157,118,39,79,6,1,1,85,158
immortalsix,1,157,101,56,45,39,1,1,84,158
Narnith,1,157,119,38,81,3,1,1,84,158
pleasekopimi,1,158,117,41,76,8,1,0,84,158
fox9iner,1,157,114,43,71,11,1,1,82,158
iamjustinhines,1,157,116,41,75,6,1,1,81,158
OccupyRiverdale,1,157,113,44,69,12,1,1,81,158
lordridan,4,154,114,40,74,6,4,4,80,158
luump187,1,157,116,41,75,4,1,1,79,158
ebourque7,2,156,113,43,70,7,2,2,77,158
creo68,2,156,111,45,66,11,1,2,77,158
ShakesperesSister,1,157,112,45,67,6,1,1,73,158
cjlancer10,1,157,113,44,69,3,1,1,72,158
InhailedYeti,1,157,100,57,43,28,1,1,71,158
mikejohnno,1,157,111,46,65,6,0,1,71,158
lovetape,1,157,108,49,59,10,1,1,69,158
AdamEdge,1,157,110,47,63,5,1,1,68,158
LDHegemon,5,153,103,50,53,13,5,5,66,158
gratifiedwalrus,1,157,110,47,63,0,1,1,63,158
lawd5ever,1,157,102,55,47,16,1,1,63,158
munchiemania,6,154,103,51,52,9,4,4,61,158
DougDante,1,158,105,53,52,9,1,0,61,158
gstudent,2,156,101,55,46,10,2,2,56,158
bennyesanu,1,157,104,53,51,3,1,1,54,158
604mehrdad,2,156,96,60,36,17,2,2,53,158
ChiveKCCO,1,157,103,54,49,4,1,1,53,158
Primitive_Poverty,1,157,98,59,39,9,0,1,48,158
dumb_bitch,1,158,101,57,44,0,1,0,44,158
Maxscape7,2,157,91,66,25,12,2,1,37,158
CaliToast,1,157,94,63,31,6,1,1,37,158
chr0no,1,157,94,63,31,6,1,1,37,158
greatniss,1,157,93,64,29,6,1,1,35,158
NID0RIN0,1,157,93,64,29,5,1,1,34,158
apppul,1,157,87,70,17,13,1,1,30,158
awcomeon,1,157,136,21,115,16,1,0,131,157
mickeyquicknumbers,1,156,137,19,118,2,1,1,120,157
Grazsrootz,3,155,126,29,97,15,1,2,112,157
McLuffel,1,156,132,24,108,3,1,1,111,157
mj258,2,155,132,23,109,2,0,2,111,157
deaddit64,1,156,128,28,100,3,1,1,103,157
GBCxTCP,1,156,127,29,98,5,1,1,103,157
guignoleyes,1,156,127,29,98,5,1,1,103,157
njensen7,2,155,122,33,89,11,2,2,100,157
PinkElephantJumper,1,156,120,36,84,16,1,1,100,157
BattleBull,3,155,124,31,93,6,2,2,99,157
nint22,1,156,124,32,92,6,1,1,98,157
WagglyFurball,2,155,125,30,95,2,2,2,97,157
Scrambledegg90,3,154,118,36,82,14,3,3,96,157
snuffletrout,1,156,121,35,86,8,1,1,94,157
SindySlaughter,2,155,122,33,89,3,2,2,92,157
sguitaradam,2,155,121,34,87,3,2,2,90,157
Corndog312,4,153,117,36,81,8,4,4,89,157
rawrslagithor,1,156,119,37,82,7,1,1,89,157
Spineless_John,1,156,119,37,82,7,1,1,89,157
fki7001,1,156,120,36,84,2,1,1,86,157
mattyman_123,1,156,120,36,84,2,1,1,86,157
blakblob,1,156,103,53,50,35,1,1,85,157
leafariksun,1,156,114,42,72,13,1,1,85,157
stlepin,1,156,118,38,80,4,1,1,84,157
StormVader,5,154,110,44,66,15,4,3,81,157
ragincanadian,1,156,117,39,78,3,1,1,81,157
saniee,2,155,102,53,49,31,1,2,80,157
taffy15,1,156,99,57,42,38,1,1,80,157
YoutubeKnifing,1,156,114,42,72,7,1,1,79,157
Krashbob,1,156,112,44,68,10,1,1,78,157
Rigochu,1,156,107,49,58,20,1,1,78,157
taylorkrebs,4,153,111,42,69,6,4,4,75,157
rictor1234,1,156,113,43,70,5,1,1,75,157
apcb,1,156,111,45,66,6,1,1,72,157
DelivermeTyler,1,156,110,46,64,8,1,1,72,157
jigglemybowls,1,156,110,46,64,6,1,1,70,157
plantshit,2,156,108,48,60,9,2,1,69,157
filll5571,1,156,106,50,56,12,1,1,68,157
alcapone11,1,157,101,56,45,18,1,0,63,157
morgangangful,1,156,105,51,54,9,1,1,63,157
Caramel_is_God,2,156,100,56,44,17,2,1,61,157
KonnieTheBlack,1,156,97,59,38,23,1,1,61,157
Quantum_Kitty,3,154,100,54,46,10,3,3,56,157
sausagekingofchicago,1,156,105,51,54,2,1,1,56,157
99reddit1,1,156,97,59,38,17,1,1,55,157
NGTswe,1,156,98,58,40,14,1,1,54,157
k1221s,1,156,96,60,36,16,1,1,52,157
Chubb47,6,151,97,54,43,4,2,6,47,157
Aregvan,1,156,97,59,38,9,1,1,47,157
cont4,1,156,99,57,42,2,1,1,44,157
Colonel_Cthulu,2,155,98,57,41,0,1,2,41,157
Brodie160,1,156,97,59,38,2,1,1,40,157
persuasivespeaker,1,156,90,66,24,7,1,1,31,157
shizman,1,157,91,66,25,5,1,0,30,157
rsu1806,2,155,92,63,29,0,2,2,29,157
albmrbo,1,156,84,72,12,8,1,1,20,157
huntersp12,1,156,80,76,4,3,1,1,7,157
JohnQuinn111,1,155,140,15,125,17,1,1,142,156
ABugsDeath,1,155,134,21,113,13,0,1,126,156
enkideridu,1,156,116,40,76,41,1,0,117,156
CDerpington,2,154,125,29,96,16,2,2,112,156
coolzero20,1,155,119,36,83,19,1,1,102,156
fully_torqued,1,155,121,34,87,15,1,1,102,156
PulpFission,1,156,119,37,82,18,1,0,100,156
stolenmonikers,1,156,127,29,98,2,1,0,100,156
OriginalAKCrumley,2,154,120,34,86,8,1,2,94,156
ursachargemeh,1,155,123,32,91,3,1,1,94,156
apatt,1,155,121,34,87,3,1,1,90,156
647,1,155,120,35,85,2,1,1,87,156
BasketCASE445,2,154,119,35,84,3,1,2,87,156
brian94066,1,155,117,38,79,6,1,1,85,156
adelsaint,1,155,118,37,81,3,1,1,84,156
Pacheley,1,155,116,39,77,7,1,1,84,156
Phaeturai,1,155,107,48,59,25,1,1,84,156
ostrofci,1,155,117,38,79,4,1,1,83,156
beatleshan,2,155,114,41,73,9,2,1,82,156
kayvoon,1,155,117,38,79,3,1,1,82,156
Sondrita,1,155,114,41,73,9,1,1,82,156
DancingPooh,1,155,118,37,81,0,1,1,81,156
Demontoaster,1,155,115,40,75,6,1,1,81,156
Vihzel,1,155,116,39,77,2,1,1,79,156
nard10,1,156,105,51,54,24,1,0,78,156
Khatastrophe,5,152,114,38,76,0,3,4,76,156
reevolver,1,155,113,42,71,4,1,1,75,156
Tigerv,4,154,111,43,68,5,2,2,73,156
Epoworker,3,153,109,44,65,7,2,3,72,156
Crauss,1,155,106,49,57,9,1,1,66,156
localadmin,1,156,99,57,42,24,1,0,66,156
herzburger,3,153,101,52,49,16,3,3,65,156
doctorspooge,4,153,103,50,53,10,4,3,63,156
Damnskipp,6,151,95,56,39,20,3,5,59,156
DaMarshen,2,154,104,50,54,4,2,2,58,156
PrineSwine,2,155,100,55,45,13,2,1,58,156
Navchyk,1,155,100,55,45,11,1,1,56,156
Pratfall,1,155,99,56,43,11,1,1,54,156
Carbon_Deadlock,2,155,98,57,41,12,2,1,53,156
SirGrey,2,154,102,52,50,3,1,2,53,156
Vrael22,3,154,97,57,40,12,2,2,52,156
Xanthon,1,155,95,60,35,14,1,1,49,156
tenkinesis,1,155,99,56,43,5,1,1,48,156
Deadsotc,1,155,97,58,39,7,1,1,46,156
LeviathanChaos,5,151,91,60,31,7,2,5,38,156
onosendaicyberspace7,1,155,91,64,27,6,0,1,33,156
bassplayer1446,1,155,88,67,21,9,1,1,30,156
jenacide78,1,154,137,17,120,3,1,1,123,155
meesha19,1,155,128,27,101,6,1,0,107,155
philipkdan,1,154,122,32,90,14,1,1,104,155
guineawheat,1,154,118,36,82,21,1,1,103,155
Leiby02,2,153,120,33,87,13,2,2,100,155
ghosthunt,1,154,125,29,96,2,1,1,98,155
Rimmar,1,154,124,30,94,2,1,1,96,155
Demolin,1,154,107,47,60,35,1,1,95,155
oaklez,1,154,114,40,74,20,1,1,94,155
cracksandwich,1,154,116,38,78,12,1,1,90,155
Dubya09,1,154,111,43,68,22,1,1,90,155
MrBedshitter,2,153,112,41,71,19,0,2,90,155
Rougewee,2,153,115,38,77,10,2,2,87,155
skunkdevilz,1,154,118,36,82,5,1,1,87,155
emmalee302,1,154,115,39,76,10,1,1,86,155
copperube,2,153,115,38,77,8,2,2,85,155
MastaShake904,5,150,111,39,72,7,4,5,79,155
jbayy,1,154,114,40,74,5,1,1,79,155
jostler57,5,151,104,47,57,20,5,4,77,155
shaydwight,1,154,110,44,66,10,1,1,76,155
pazdispensers,1,154,112,42,70,5,1,1,75,155
TitanicMan,4,151,101,50,51,12,4,4,63,155
Psychogenics,1,154,107,47,60,2,1,1,62,155
V8-Zulu,1,154,102,52,50,5,1,1,55,155
TomahawkDrop,3,153,101,52,49,5,2,2,54,155
faschr4023,6,149,93,56,37,16,4,6,53,155
digbus,3,152,100,52,48,4,2,3,52,155
Brian_Alan,2,153,98,55,43,6,2,2,49,155
broski_chill69,2,153,98,55,43,3,2,2,46,155
JoeRCK,1,154,96,58,38,8,1,1,46,155
OhhhWordMayne,1,154,98,56,42,4,1,1,46,155
price0416,1,154,95,59,36,10,1,1,46,155
darthnuri,2,154,94,60,34,10,1,1,44,155
Head_of_Lettuce,2,153,93,60,33,10,2,2,43,155
qwertydirty,3,152,90,62,28,9,1,3,37,155
reddittil,1,154,91,63,28,6,1,1,34,155
jharbs71,7,148,87,61,26,2,4,7,28,155
sablejouster,1,154,88,66,22,5,1,1,27,155
PASTAAA,2,153,78,75,3,11,2,2,14,155
poofbird,2,152,140,12,128,50,1,2,178,154
Vestrinex,1,153,141,12,129,14,1,1,143,154
betteroffwithoutem,1,154,141,13,128,2,1,0,130,154
killherkiller,1,154,137,17,120,4,1,0,124,154
nickyx98,2,153,133,20,113,4,2,1,117,154
chickenman1998,1,153,127,26,101,15,1,1,116,154
Morrowfury,1,153,132,21,111,5,1,1,116,154
sw1sh,5,150,124,26,98,10,1,4,108,154
Elesium,1,153,123,30,93,14,1,1,107,154
Carte_Noire,1,153,126,27,99,4,1,1,103,154
Azzah,2,152,127,25,102,0,1,2,102,154
Kragansa,1,153,124,29,95,6,1,1,101,154
audgreen,2,152,124,28,96,4,2,2,100,154
cutenesss,4,150,121,29,92,5,2,4,97,154
Marshmellowx47,1,153,124,29,95,0,1,1,95,154
beanstyle,2,152,122,30,92,2,1,2,94,154
lumpy_dinosaur,1,153,120,33,87,6,0,1,93,154
clemsongoat,2,152,119,33,86,3,2,2,89,154
camelfggt,1,153,119,34,85,3,1,1,88,154
Thisisporn877,1,153,117,36,81,7,1,1,88,154
cuhrayzee12,1,153,117,36,81,5,1,1,86,154
Percipere,1,153,116,37,79,6,1,1,85,154
workbench,1,154,95,59,36,47,1,0,83,154
nikiu,1,153,116,37,79,3,1,1,82,154
TimetogetDownvoted,2,152,107,45,62,19,2,2,81,154
Adiel320,2,152,112,40,72,9,0,2,81,154
Foamybrian,1,153,115,38,77,3,1,1,80,154
Chaser1314,2,152,110,42,68,7,2,2,75,154
DrRawr,1,153,111,42,69,4,1,1,73,154
jguy46,1,153,108,45,63,7,1,1,70,154
OstGeneralen,1,153,109,44,65,4,1,1,69,154
coreyf,2,152,106,46,60,6,2,2,66,154
platt_ma,3,151,105,46,59,7,2,3,66,154
Swizzmist97,3,151,106,45,61,3,1,3,64,154
neo_bahamut,1,154,108,46,62,0,1,0,62,154
KatzMan88,2,152,101,51,50,7,2,2,57,154
CrabclawFajita,1,153,104,49,55,0,1,1,55,154
thats_original,1,153,104,49,55,0,1,1,55,154
madamdepomp,1,153,101,52,49,5,1,1,54,154
bearze,1,154,93,61,32,21,1,0,53,154
jesuspants,1,153,102,51,51,2,1,1,53,154
Erect_Vagina,2,152,97,55,42,10,1,2,52,154
Doctah_Scott,2,152,89,63,26,23,2,2,49,154
Scratchballs,1,153,92,61,31,17,1,1,48,154
alexunderwater,1,153,84,69,15,32,1,1,47,154
sink257,1,153,95,58,37,10,1,1,47,154
so_obscure,1,153,98,55,43,4,1,1,47,154
Flyingpiez,3,151,95,56,39,5,2,3,44,154
kylemce,1,153,96,57,39,3,1,1,42,154
disgustipated_,1,153,92,61,31,9,0,1,40,154
ThatFuh_Qr,1,153,93,60,33,3,1,1,36,154
floofer,2,152,89,63,26,9,2,2,35,154
Lucky3pro,1,153,88,65,23,12,0,1,35,154
skier69,1,153,86,67,19,14,1,1,33,154
DadWasntYourMoms1st,1,153,89,64,25,6,1,1,31,154
RepostFrom4chan,2,152,81,71,10,13,2,2,23,154
Iwabolol,1,153,83,70,13,9,1,1,22,154
sraje5,1,153,73,80,-7,22,1,1,15,154
ZedForZach,2,152,77,75,2,10,2,2,12,154
Redeef,1,152,136,16,120,16,1,1,136,153
royeflame,1,153,138,15,123,13,1,0,136,153
Trainer_Red_,1,152,139,13,126,5,1,1,131,153
janyxtrololol,1,153,127,26,101,19,1,0,120,153
Bubblebox123,1,152,130,22,108,10,1,1,118,153
luxury_yacht,1,152,133,19,114,4,1,1,118,153
legendkeeper,3,151,131,20,111,6,2,2,117,153
Thatoneguy1013,1,152,128,24,104,12,1,1,116,153
FinsternIRL,1,153,125,28,97,10,1,0,107,153
Firelord_Azula,2,151,124,27,97,9,1,2,106,153
HighThreadCount,1,152,127,25,102,4,0,1,106,153
oralbvaluepack,1,152,128,24,104,0,0,1,104,153
anonnymows,1,152,124,28,96,7,1,1,103,153
Elguybrush,1,152,125,27,98,4,1,1,102,153
JoneZii,1,152,122,30,92,10,1,1,102,153
dreminemike,1,152,125,27,98,2,1,1,100,153
The_One_Above_All,1,153,122,31,91,9,1,0,100,153
burningshiiit,1,152,123,29,94,5,1,1,99,153
Mars_Velo1701,3,151,108,43,65,32,3,2,97,153
dont1panic,1,152,123,29,94,3,1,1,97,153
leeezard,1,152,124,28,96,0,1,1,96,153
nsanidy,1,152,120,32,88,7,1,1,95,153
STFUninja,3,150,104,46,58,35,3,3,93,153
chappieee,2,151,116,35,81,11,2,2,92,153
iJest,1,152,119,33,86,6,1,1,92,153
Mthomo732,3,150,121,29,92,0,1,3,92,153
billitch18,1,152,111,41,70,17,1,1,87,153
Simcom,1,152,116,36,80,7,1,1,87,153
ShatnerMouth,1,152,116,36,80,7,0,1,87,153
uofapeter,1,152,105,47,58,28,1,1,86,153
imdoingyourmom,1,152,117,35,82,3,1,1,85,153
Rachadoodly,1,152,115,37,78,6,0,1,84,153
stirring_the_pot,1,152,110,42,68,15,1,1,83,153
CornCobButtHole,1,152,114,38,76,6,1,1,82,153
Lands,2,152,111,41,70,11,1,1,81,153
ervinkw,1,152,111,41,70,9,1,1,79,153
anal_hoagie,1,152,112,40,72,5,1,1,77,153
jaredpaik,1,152,109,43,66,10,1,1,76,153
AManWhoFellToEarth,3,150,110,40,70,4,2,3,74,153
krostheboss,1,152,112,40,72,2,1,1,74,153
InlineSkate,1,152,110,42,68,3,1,1,71,153
jjysoserious,1,152,108,44,64,7,1,1,71,153
nachopatado,1,152,109,43,66,4,1,1,70,153
SwaggishSociety,1,152,106,46,60,10,1,1,70,153
KStone420,1,153,110,43,67,2,1,0,69,153
manikfox,2,151,106,45,61,6,2,2,67,153
bangslash,1,152,101,51,50,17,1,1,67,153
monkeydawg92,3,150,98,52,46,19,2,3,65,153
vertigo1083,4,149,99,50,49,15,3,4,64,153
SirRiles,2,152,100,52,48,13,2,1,61,153
Pizzasmith,1,152,103,49,54,6,1,1,60,153
Simpull_mann,1,152,98,54,44,14,1,1,58,153
oddparent1,1,152,101,51,50,6,1,1,56,153
simmerjoy,1,152,99,53,46,7,1,1,53,153
DarkSideofOZ,1,152,92,60,32,20,1,1,52,153
DetroitGinger,2,151,97,54,43,5,1,2,48,153
AdamStryker,1,152,98,54,44,3,1,1,47,153
Tinyelvis77,4,149,93,56,37,9,2,4,46,153
marky6045,1,153,90,63,27,18,1,0,45,153
bigontheinside,1,152,92,60,32,7,1,1,39,153
Sl31gh3r86,1,152,91,61,30,8,1,1,38,153
Haman_Bacon,1,152,90,62,28,9,1,1,37,153
MrBoombastic117,1,152,89,63,26,8,1,1,34,153
rindanman,1,152,91,61,30,4,1,1,34,153
painintheass21,2,152,92,60,32,0,2,1,32,153
SyntaxProblem,1,152,82,70,12,13,0,1,25,153
Kunks,2,151,84,67,17,7,2,2,24,153
kkalm143,1,152,72,80,-8,6,1,1,-2,153
chad_m1a1,1,151,137,14,123,8,1,1,131,152
Armend,1,151,131,20,111,12,1,1,123,152
giantrubberduckofdoo,2,152,134,18,116,4,1,0,120,152
randomdesigner,5,148,129,19,110,4,3,4,114,152
ohgodusername,1,151,127,24,103,10,1,1,113,152
pjamasradiation,2,150,127,23,104,5,1,2,109,152
DelSolMan,1,151,126,25,101,7,1,1,108,152
ithinkdemons,1,152,124,28,96,11,1,0,107,152
IAMAAMAMMO,1,151,120,31,89,17,1,1,106,152
nickle54,1,151,126,25,101,4,1,1,105,152
ElianManzueta200,1,151,127,24,103,0,1,1,103,152
DarkNinjaMole,1,151,121,30,91,9,1,1,100,152
Odyssa,1,151,121,30,91,9,1,1,100,152
talzer,1,152,118,34,84,15,1,0,99,152
kinjaninja,1,151,121,30,91,7,1,1,98,152
loliver10,3,149,113,36,77,17,2,3,94,152
herotroll39,1,151,119,32,87,6,1,1,93,152
May_Z,1,151,119,32,87,6,1,1,93,152
slutmuppet,1,151,120,31,89,3,1,1,92,152
Slyx,1,151,117,34,83,6,1,1,89,152
Zowitz,1,151,117,34,83,5,1,1,88,152
The_Dulchie,2,150,115,35,80,7,2,2,87,152
soupkitchen89,1,151,115,36,79,8,0,1,87,152
CursingFurball,3,149,103,46,57,26,3,3,83,152
agtarr,1,152,113,39,74,8,1,0,82,152
biglazymoose,1,152,110,42,68,11,1,0,79,152
2flyguy,2,150,114,36,78,0,1,2,78,152
twistingsilences,1,151,113,38,75,2,1,1,77,152
MY_PC_IS_OLD,1,152,112,40,72,4,1,0,76,152
pastisset,2,150,111,39,72,3,2,2,75,152
theophanos,1,151,111,40,71,3,1,1,74,152
lyth,1,151,108,43,65,7,1,1,72,152
tab527,3,150,109,41,68,4,1,2,72,152
hungoverhippo,1,151,107,44,63,8,1,1,71,152
Erosindra,3,149,100,49,51,15,3,3,66,152
MegaHz,1,151,105,46,59,6,0,1,65,152
silverfox261,1,152,108,44,64,0,1,0,64,152
mtndrew1,1,151,99,52,47,14,1,1,61,152
cmiz87,2,150,104,46,58,2,2,2,60,152
CEA1917,2,150,99,51,48,12,0,2,60,152
thomas643,1,151,97,54,43,16,1,1,59,152
EdgarPuffinstuff,1,151,103,48,55,2,1,1,57,152
mindless_spots,1,151,98,53,45,10,1,1,55,152
esskay1983,2,150,102,48,54,0,2,2,54,152
Kdub360,1,151,98,53,45,9,1,1,54,152
thesepigswillplay,2,150,89,61,28,26,1,2,54,152
r3ncarnate,2,150,94,56,38,15,1,2,53,152
kdochney,1,151,93,58,35,14,1,1,49,152
ddiggity,4,148,90,58,32,16,4,4,48,152
funkibunch,1,152,94,58,36,12,1,0,48,152
zachff,1,151,95,56,39,8,1,1,47,152
LtSnaps,1,151,95,56,39,6,1,1,45,152
Hutty590,2,150,86,64,22,7,2,2,29,152
NoStaticAtAll,1,151,76,75,1,17,1,1,18,152
richlizard24,2,150,135,15,120,12,2,1,132,151
dnptrs,1,150,129,21,108,11,1,1,119,151
sarah_jean,1,150,132,18,114,4,1,1,118,151
Derpina122,1,150,132,18,114,2,1,1,116,151
obxfisher,1,150,128,22,106,7,1,1,113,151
yellowpiano,1,151,129,22,107,6,1,0,113,151
tarvisk,2,150,124,26,98,5,1,1,103,151
HCSmith4,1,150,120,30,90,11,1,1,101,151
kgkjhgjgfhgfhd,1,150,116,34,82,19,1,1,101,151
ghettosheep,1,150,122,28,94,4,1,1,98,151
SpitefulMoose,2,150,117,33,84,13,2,1,97,151
annemal,1,150,121,29,92,3,1,1,95,151
MrMagicMoves,3,149,119,30,89,4,3,2,93,151
rorryantovan,2,149,113,36,77,9,2,2,86,151
ThainTrucido,2,150,114,36,78,6,2,1,84,151
whycantirememberthis,1,150,112,38,74,9,1,1,83,151
janitor_guy3608,1,150,111,39,72,7,1,1,79,151
bloxxhead,1,150,107,43,64,9,0,1,73,151
sleepingalpaca,2,149,107,42,65,7,2,2,72,151
Morsz,1,150,109,41,68,4,1,1,72,151
gloomios,1,150,109,41,68,3,1,1,71,151
kyaegerbombs,2,150,107,43,64,6,2,1,70,151
boobiesandtherest,1,150,109,41,68,2,1,1,70,151
wolfgangposse,1,150,110,40,70,0,1,1,70,151
AprilAtombomb,2,149,106,43,63,7,0,2,70,151
ristawa,1,150,106,44,62,4,0,1,66,151
k80k80k80,3,148,105,43,62,3,3,3,65,151
MRChuckNorris,1,151,104,47,57,8,1,0,65,151
taffypuller420,1,150,100,50,50,13,1,1,63,151
Nansai,3,148,98,50,48,14,2,3,62,151
dan_v_ploeg,1,150,101,49,52,6,1,1,58,151
CtrlAltThe1337,2,149,99,50,49,8,2,2,57,151
dsfsfdsfdf343,1,150,95,55,40,17,1,1,57,151
enfdude,3,148,96,52,44,11,3,3,55,151
Devbuscus,1,151,100,51,49,6,1,0,55,151
Forty4Two2,1,150,100,50,50,3,1,1,53,151
rbeezy,1,150,99,51,48,5,1,1,53,151
UnnecessaryNotation,1,151,93,58,35,15,1,0,50,151
freejumps,1,150,89,61,28,16,0,1,44,151
Rodney_Reposter,3,149,93,56,37,5,3,2,42,151
iInspire,1,150,89,61,28,13,1,1,41,151
pinetreeman,2,150,88,62,26,13,2,1,39,151
shod4n,1,150,91,59,32,7,1,1,39,151
Jesusman100,13,138,85,53,32,4,5,13,36,151
ninjababyjesus,1,150,89,61,28,7,1,1,35,151
ibejammin,1,150,82,68,14,11,1,1,25,151
koolcowman,1,149,128,21,107,40,1,1,147,150
devtesla,1,149,138,11,127,7,1,1,134,150
JustDarren,1,149,133,16,117,16,1,1,133,150
redditor4lyfe,2,149,129,20,109,21,2,1,130,150
corners311,1,150,134,16,118,3,1,0,121,150
firebarrage,1,149,130,19,111,7,1,1,118,150
thisiskurt,1,149,127,22,105,6,1,1,111,150
ApolloEcigs,1,149,126,23,103,4,1,1,107,150
PokerFace247,1,150,125,25,100,2,1,0,102,150
emelyr,1,149,122,27,95,5,1,1,100,150
Zarcnest,1,149,124,25,99,0,1,1,99,150
Jelly-Bronut,1,149,117,32,85,8,1,1,93,150
sheerluck_holmes,1,149,108,41,67,24,1,1,91,150
TheMurderBus,1,150,112,38,74,16,1,0,90,150
vercing3torix,2,149,115,34,81,9,1,1,90,150
Lizy889,1,149,116,33,83,7,0,1,90,150
Npalm63,2,148,114,34,80,7,2,2,87,150
DeanTrista,2,148,115,33,82,3,1,2,85,150
karma_loader,3,149,115,34,81,2,3,1,83,150
rockyz,1,149,110,39,71,10,1,1,81,150
Captain_Redbeard,3,147,103,44,59,19,3,3,78,150
timtour97,2,148,113,35,78,0,2,2,78,150
Error404UserNotFound,1,149,111,38,73,5,1,1,78,150
freeseasy,1,149,106,43,63,12,1,1,75,150
DaBombbbb,1,150,109,41,68,6,1,0,74,150
SplinteredBA,3,147,107,40,67,6,3,3,73,150
strikerthedj,3,147,103,44,59,10,2,3,69,150
SpeshulED420,1,149,105,44,61,8,1,1,69,150
tiptoptony,1,149,103,46,57,6,0,1,63,150
harry_33,4,147,99,48,51,10,2,3,61,150
hbgrg,1,149,100,49,51,10,1,1,61,150
Nelsong98,1,149,98,51,47,12,1,1,59,150
IguanaPower,1,149,101,48,53,4,1,1,57,150
jlhw,3,147,98,49,49,6,2,3,55,150
Pioneer_Of_Bravery,1,149,99,50,49,6,1,1,55,150
booshjon,1,149,99,50,49,5,1,1,54,150
DangerZone3579,2,148,100,48,52,2,0,2,54,150
Vampircorn,1,149,95,54,41,7,1,1,48,150
j_shor,2,148,93,55,38,9,1,2,47,150
zonkedhazmat,1,149,89,60,29,16,1,1,45,150
DoctorMofo,2,148,89,59,30,14,2,2,44,150
malicity71,1,149,95,54,41,0,1,1,41,150
servemebitch,1,149,88,61,27,6,1,1,33,150
Fancy_Pantsu,1,149,87,62,25,2,1,1,27,150
ColtonLA,3,147,81,66,15,5,3,3,20,150
Iamkazam,1,148,139,9,130,0,1,1,130,149
Awesome_Turtle,2,147,133,14,119,6,1,2,125,149
eyeseayou,1,148,123,25,98,27,1,1,125,149
hamburglin,1,148,133,15,118,6,0,1,124,149
RetardedSquirrel,1,148,129,19,110,11,1,1,121,149
gericka,1,149,132,17,115,3,1,0,118,149
anubis89,2,147,125,22,103,10,1,2,113,149
mepai,1,148,123,25,98,9,1,1,107,149
pe4nutwiz4rd,2,148,117,31,86,18,1,1,104,149
AIastairReid,1,148,123,25,98,3,1,1,101,149
iamamused123,1,148,121,27,94,5,1,1,99,149
pjholland,2,147,105,42,63,35,0,2,98,149
TheRagingNarwhal,2,147,121,26,95,2,2,2,97,149
freshbelair,2,149,109,40,69,26,2,0,95,149
WakkaWakkaMothaFucka,1,149,106,43,63,26,1,0,89,149
elbowfrenzy,1,148,114,34,80,7,1,1,87,149
SirMegatowel,1,148,113,35,78,7,1,1,85,149
sheistaaaa,1,148,116,32,84,0,1,1,84,149
taft-attack,1,149,111,38,73,11,1,0,84,149
arrayed,1,148,105,43,62,21,1,1,83,149
lead_oxide,1,148,112,36,76,7,1,1,83,149
duke787,1,148,110,38,72,8,0,1,80,149
atgm,1,149,103,46,57,22,1,0,79,149
Moochi,1,148,113,35,78,0,1,1,78,149
rontourage,2,147,110,37,73,3,2,2,76,149
VancouverCitizen,1,148,107,41,66,10,1,1,76,149
congoman365,2,147,110,37,73,2,0,2,75,149
Captain_Marko_Ramius,1,148,109,39,70,4,1,1,74,149
moolander,1,148,109,39,70,4,1,1,74,149
MrNonChalont,1,148,109,39,70,3,1,1,73,149
OleDublinBobcat,2,147,106,41,65,7,1,2,72,149
SirBenjamin,6,143,100,43,57,13,5,6,70,149
aja1034,1,148,109,39,70,0,1,1,70,149
rofldoctor,4,145,107,38,69,0,4,4,69,149
Slammer10ft,1,148,99,49,50,17,0,1,67,149
TheHenryHoover,1,148,105,43,62,4,1,1,66,149
_Nick,1,148,88,60,28,37,0,1,65,149
paverkamp,1,148,92,56,36,28,1,1,64,149
scientologist2,3,147,101,46,55,7,2,2,62,149
Commander_Cupcake,2,148,102,46,56,6,1,1,62,149
bokertov,2,147,98,49,49,10,2,2,59,149
Becauseican21,5,144,96,48,48,10,3,5,58,149
RoryoftheDead,1,148,96,52,44,12,1,1,56,149
xtirpation,1,148,97,51,46,10,1,1,56,149
OWSmoker,3,146,97,49,48,7,3,3,55,149
DolphinBreeder,1,148,95,53,42,13,0,1,55,149
i_Am_susej,4,146,96,50,46,5,2,3,51,149
therewasone,1,148,93,55,38,10,1,1,48,149
albatrossSKY,1,148,95,53,42,5,1,1,47,149
microsby29,1,148,91,57,34,6,1,1,40,149
Ermahgerd_Rerded,7,142,87,55,32,5,5,7,37,149
saayed,2,149,90,59,31,4,2,0,35,149
jah87,1,148,87,61,26,8,1,1,34,149
Pandahh,2,147,78,69,9,20,2,2,29,149
pandaguy1337,1,148,84,64,20,8,1,1,28,149
Shawno_21,1,148,87,61,26,0,1,1,26,149
The_Prune,1,148,82,66,16,7,1,1,23,149
pjpaschal,1,148,77,71,6,8,1,1,14,149
robobatmancop,1,147,137,10,127,12,0,1,139,148
The2500,1,147,123,24,99,23,1,1,122,148
JaySwell,1,147,127,20,107,4,1,1,111,148
jonesy852,2,146,123,23,100,10,2,2,110,148
Scottama,1,147,121,26,95,10,1,1,105,148
athrix,1,147,123,24,99,5,1,1,104,148
bloodfist,2,146,121,25,96,7,1,2,103,148
tresequis,2,146,122,24,98,0,1,2,98,148
veezoo,3,145,119,26,93,2,3,3,95,148
GrodyChan,2,148,96,52,44,49,2,0,93,148
Monkey1988,1,147,110,37,73,17,0,1,90,148
Solitude1,2,146,114,32,82,6,1,2,88,148
deathxcore11,1,147,114,33,81,6,1,1,87,148
Nsaney,1,147,112,35,77,8,1,1,85,148
kakozlow,3,145,112,33,79,5,3,3,84,148
we1shknigh7,2,146,112,34,78,5,2,2,83,148
dancam90,2,146,109,37,72,10,2,2,82,148
TheRealChizz,1,147,104,43,61,21,0,1,82,148
ulrike_meinhof,1,147,110,37,73,6,1,1,79,148
DirtySketel,1,147,111,36,75,3,1,1,78,148
NGwilton,1,147,110,37,73,3,1,1,76,148
snipingtacos12,1,148,112,36,76,0,1,0,76,148
jonnyboy25z,1,147,110,37,73,2,1,1,75,148
allurbase17,1,147,108,39,69,4,1,1,73,148
cannabisrex,1,147,107,40,67,2,1,1,69,148
glennrosehv,1,147,98,49,49,10,1,1,59,148
scamperly,2,146,97,49,48,10,0,2,58,148
jrbowlder,1,147,99,48,51,3,1,1,54,148
Artenoc,1,147,94,53,41,6,1,1,47,148
Disparaging,1,147,91,56,35,8,1,1,43,148
SeanSeS,1,147,92,55,37,6,1,1,43,148
Flowerpig,1,148,87,61,26,12,1,0,38,148
Grinys,1,147,89,58,31,3,1,1,34,148
bravoredditbravo,2,146,84,62,22,7,2,2,29,148
EdMcMuffin,5,143,83,60,23,5,3,5,28,148
wtfnoname1,1,147,84,63,21,3,1,1,24,148
Thekingac,1,146,130,16,114,6,0,1,120,147
Midnightruth,1,146,130,16,114,2,1,1,116,147
RegularJohn1986,1,146,127,19,108,5,1,1,113,147
TommyPaine,1,146,123,23,100,12,1,1,112,147
DietJay,1,147,114,33,81,30,1,0,111,147
weinaynay,1,147,123,24,99,6,1,0,105,147
wezdog1,1,146,121,25,96,9,0,1,105,147
CityWithoutMen,1,147,123,24,99,4,1,0,103,147
ShinyCard255,2,145,114,31,83,19,1,2,102,147
harmlessfulness,1,146,120,26,94,7,1,1,101,147
igrek312,1,147,120,27,93,8,1,0,101,147
acm44,1,146,121,25,96,0,1,1,96,147
Rafen325,1,146,116,30,86,8,0,1,94,147
montypytho17,2,145,115,30,85,8,2,2,93,147
TatetheGreat,2,146,116,30,86,7,2,1,93,147
eugeniusbastard,2,145,116,29,87,4,2,2,91,147
Nothos927,1,146,116,30,86,5,1,1,91,147
onlinesquid,1,146,115,31,84,4,1,1,88,147
Zaqxswcdevfr,1,146,117,29,88,0,1,1,88,147
yorpette,1,146,109,37,72,15,1,1,87,147
flo-BAMA,2,146,113,33,80,3,2,1,83,147
Micosilver,1,147,105,42,63,20,1,0,83,147
salec1,3,145,105,40,65,17,3,2,82,147
The-Leviathan,1,146,110,36,74,7,1,1,81,147
xiocron,2,145,109,36,73,6,0,2,79,147
inthebrilliantblue,1,146,106,40,66,12,1,1,78,147
raging_since_1858,2,145,106,39,67,9,2,2,76,147
MrSketchZ,2,145,108,37,71,4,1,2,75,147
FiiVe_SeVeN,3,144,103,41,62,8,3,3,70,147
lakelady,1,146,96,50,46,24,1,1,70,147
nippom,1,146,107,39,68,2,1,1,70,147
WhiteLantern12,1,146,104,42,62,7,1,1,69,147
VoxSecundus,1,146,105,41,64,5,0,1,69,147
thekindofscotch,1,147,106,41,65,3,1,0,68,147
ufailowell,1,146,104,42,62,5,1,1,67,147
StonedWooki3,4,143,95,48,47,17,2,4,64,147
Moberst12,1,146,102,44,58,6,1,1,64,147
Midjit,1,147,104,43,61,2,1,0,63,147
rdy2rock68,2,146,95,51,44,16,2,1,60,147
Pacificfighter,1,146,102,44,58,2,1,1,60,147
holman43,6,141,94,47,47,12,4,6,59,147
codyheins1,1,146,99,47,52,7,1,1,59,147
jimmysprunt,3,144,98,46,52,4,3,3,56,147
townshend445,1,146,96,50,46,10,1,1,56,147
Smart_Water,1,146,95,51,44,4,1,1,48,147
L-Holiday,2,146,93,53,40,7,1,1,47,147
JewChooTrain89,3,144,88,56,32,13,3,3,45,147
Insilo,2,145,91,54,37,7,2,2,44,147
B92JOHNSON,4,143,89,54,35,8,4,4,43,147
hot_gazel,1,146,87,59,28,14,1,1,42,147
mitchumi,2,146,91,55,36,6,1,1,42,147
saddlewarhead,1,146,88,58,30,0,1,1,30,147
jeffropuff,1,145,134,11,123,3,1,1,126,146
funkasaurus88,1,146,115,31,84,40,1,0,124,146
woodkr,1,145,131,14,117,7,1,1,124,146
drukqsmora,1,145,130,15,115,3,1,1,118,146
mikeyb89,1,145,126,19,107,10,1,1,117,146
lo0oped,1,145,125,20,105,10,0,1,115,146
ozziejoe,1,146,124,22,102,12,1,0,114,146
limouse,1,145,120,25,95,12,1,1,107,146
physicscat,1,146,117,29,88,19,1,0,107,146
IrreligiousLibertine,1,145,119,26,93,9,0,1,102,146
n7cerberus,3,143,116,27,89,12,3,3,101,146
Prophet_Muhammad_phd,2,144,115,29,86,15,2,2,101,146
lolphilosocat,2,145,120,25,95,5,1,1,100,146
havlavcgb,1,145,119,26,93,3,1,1,96,146
e_cascio2011,1,145,115,30,85,5,1,1,90,146
DRCCHall,1,145,113,32,81,8,1,1,89,146
WeaponGrade,1,145,115,30,85,3,1,1,88,146
shinto29,1,145,104,41,63,20,0,1,83,146
bigkripp,1,145,112,33,79,3,0,1,82,146
alloneword22,2,144,108,36,72,9,2,2,81,146
sandman003,1,145,108,37,71,9,1,1,80,146
ShotgunSnipist,1,145,109,36,73,7,1,1,80,146
hughi94,2,145,111,34,77,2,2,1,79,146
pavel_nefidova,1,145,103,42,61,17,0,1,78,146
tlr10ligand_dne,2,145,102,43,59,17,2,1,76,146
Blink182wins,3,143,103,40,63,12,3,3,75,146
AlicksD,1,145,107,38,69,6,1,1,75,146
Zapperdd,1,145,106,39,67,7,1,1,74,146
Juxe,1,145,107,38,69,3,1,1,72,146
supercheetah,2,144,103,41,62,9,2,2,71,146
AdmiralThrawn77,1,145,103,42,61,9,1,1,70,146
WMO,1,145,106,39,67,3,1,1,70,146
pipboy2000,2,144,97,47,50,19,2,2,69,146
pixelhigh,2,144,98,46,52,15,2,2,67,146
jakus55,1,145,103,42,61,4,1,1,65,146
max9112,1,145,102,43,59,2,1,1,61,146
Twisted_Fate,1,145,96,49,47,7,1,1,54,146
iancurtis,2,146,96,50,46,7,2,0,53,146
AntonG,2,144,96,48,48,3,2,2,51,146
Romansu,1,145,95,50,45,6,1,1,51,146
CLITORUS,4,142,92,50,42,5,1,4,47,146
heyanotherRepost,1,145,87,58,29,14,1,1,43,146
modernartisan,1,145,94,51,43,0,1,1,43,146
palyok,1,146,91,55,36,5,1,0,41,146
kioshi43,1,145,86,59,27,7,0,1,34,146
chilliz77,1,145,78,67,11,12,1,1,23,146
LETxITxBLEED,1,145,78,67,11,12,1,1,23,146
natranr,1,145,81,64,17,4,1,1,21,146
lurked4longenough,1,144,131,13,118,5,1,1,123,145
jackrunbackwards,1,144,128,16,112,5,1,1,117,145
Bioshock_,1,145,124,21,103,7,1,0,110,145
beautifullydisturbed,1,144,123,21,102,5,1,1,107,145
ccharp,1,144,120,24,96,5,1,1,101,145
YoungFrank,1,144,113,31,82,16,1,1,98,145
DobermanCavalry,2,143,115,28,87,7,2,2,94,145
jamstight,2,143,113,30,83,11,2,2,94,145
ipodbeast,1,144,117,27,90,4,1,1,94,145
jr_cigar,1,144,114,30,84,10,1,1,94,145
Blazingwand,1,144,111,33,78,8,1,1,86,145
chelle29,1,144,113,31,82,3,1,1,85,145
feralmeatball,3,142,99,43,56,28,3,3,84,145
HeadsWhichTalk,2,143,109,34,75,7,1,2,82,145
RiseHigh,1,145,106,39,67,11,1,0,78,145
sgruender14,2,143,108,35,73,3,2,2,76,145
NoSexSince2002,1,144,107,37,70,6,1,1,76,145
BaberhamLincoln,1,144,108,36,72,3,1,1,75,145
panman994,2,144,98,46,52,22,2,1,74,145
kiss-me-deadly,2,143,105,38,67,5,1,2,72,145
nemoomen,1,145,107,38,69,2,1,0,71,145
alechungry,1,144,103,41,62,7,1,1,69,145
AzzaFaz,2,143,98,45,53,15,2,2,68,145
lucasreher,4,141,97,44,53,15,1,4,68,145
BobDOfTheGalaxy,2,143,99,44,55,12,2,2,67,145
gameboykid11,1,144,103,41,62,4,1,1,66,145
jpm1321,2,143,102,41,61,4,1,2,65,145
Chetdhtrs12,3,142,100,42,58,6,3,3,64,145
babypunchingrampage,2,143,100,43,57,5,2,2,62,145
Phrsttt,1,144,97,47,50,11,1,1,61,145
deanz113,1,144,94,50,44,15,0,1,59,145
aksumals,2,145,90,55,35,22,1,0,57,145
RightQuark,1,144,99,45,54,3,0,1,57,145
zeeboguy,4,141,97,44,53,3,4,4,56,145
Midnight_Aviator,1,144,95,49,46,9,1,1,55,145
evilnotpmarf,1,145,99,46,53,0,1,0,53,145
GalacticAtlas,1,144,97,47,50,3,1,1,53,145
Grab,2,144,95,49,46,6,2,1,52,145
devpsaux,1,144,90,54,36,14,1,1,50,145
BreadHammer,2,143,92,51,41,8,2,2,49,145
rwgordon,1,145,94,51,43,6,1,0,49,145
schunniky,1,144,92,52,40,8,1,1,48,145
cuntunderground,1,144,91,53,38,8,1,1,46,145
Shockum,1,144,90,54,36,7,1,1,43,145
Pantry_Entry,1,144,92,52,40,2,1,1,42,145
symphonyofthecosmos,1,144,77,67,10,24,0,1,34,145
Colar,1,144,86,58,28,4,1,1,32,145
Pineapplejunkey,1,144,85,59,26,4,1,1,30,145
JC_dawg,8,137,82,55,27,2,8,8,29,145
soda202529,3,142,81,61,20,6,3,3,26,145
penis_lad_man,2,143,75,68,7,18,2,2,25,145
znat,1,144,79,65,14,10,1,1,24,145
ab001atr,1,144,78,66,12,9,1,1,21,145
vicebanger,6,139,67,72,-5,19,4,6,14,145
Molloy55,7,138,68,70,-2,11,4,7,9,145
marblefoot,1,143,134,9,125,10,1,1,135,144
CupcakeDreamMachine,1,144,136,8,128,6,1,0,134,144
Himi_Jendrix,1,143,129,14,115,6,1,1,121,144
boom929,2,143,130,13,117,3,2,1,120,144
veritas670,2,142,95,47,48,62,2,2,110,144
plymkerburke,1,143,106,37,69,37,1,1,106,144
unsatisfactory,1,143,97,46,51,53,1,1,104,144
timlardner,1,143,118,25,93,9,1,1,102,144
kenny9292,1,144,114,30,84,10,1,0,94,144
infernol,1,144,115,29,86,6,1,0,92,144
05senses,2,142,109,33,76,16,0,2,92,144
Tailean,1,143,112,31,81,2,1,1,83,144
Chase_Reddit,4,141,103,38,65,16,4,3,81,144
hobowithashotgun2990,1,143,103,40,63,18,0,1,81,144
baja600,1,143,108,35,73,7,1,1,80,144
w3bb,1,143,110,33,77,2,1,1,79,144
applesnsmoke,2,142,105,37,68,9,0,2,77,144
cambearpig,1,143,107,36,71,3,1,1,74,144
edman80,1,144,101,43,58,15,1,0,73,144
treetrunk30,2,142,102,40,62,7,2,2,69,144
rycla,1,143,103,40,63,3,1,1,66,144
Tr3v3336,1,143,100,43,57,6,1,1,63,144
velidb,1,143,102,41,61,2,1,1,63,144
longshnozsilver,2,142,98,44,54,7,1,2,61,144
davidwin86,1,143,92,51,41,18,1,1,59,144
nerxgas,1,143,98,45,53,5,1,1,58,144
Timothie93,2,143,86,57,29,28,1,1,57,144
xcr4l,1,143,99,44,55,2,1,1,57,144
SirSmithThe1st,1,143,96,47,49,7,1,1,56,144
ignite_nz,2,142,96,46,50,5,2,2,55,144
EndOfLine,1,143,97,46,51,4,1,1,55,144
ILoveThisWebsite,1,144,91,53,38,16,1,0,54,144
peanut512,1,143,94,49,45,7,1,1,52,144
East_Wall,1,143,96,47,49,0,1,1,49,144
Ragnalypse,1,143,93,50,43,5,1,1,48,144
mudpuncher2,1,143,91,52,39,8,1,1,47,144
ParaNuke,2,144,90,54,36,4,2,0,40,144
illmaticc,1,144,84,60,24,8,1,0,32,144
flynnsticles,1,143,81,62,19,5,1,1,24,144
yugoslavic,1,143,76,67,9,6,1,1,15,144
Blade22,5,139,70,69,1,10,3,5,11,144
robot_camel,1,143,67,76,-9,7,1,1,-2,144
dr3dg,1,143,134,9,125,22,1,0,147,143
posts_shit,1,143,126,17,109,6,1,0,115,143
Sniderman,1,143,124,19,105,9,1,0,114,143
AyoVinnie,1,142,127,15,112,2,0,1,114,143
mickeyboicky,1,142,124,18,106,6,1,1,112,143
cbs_,1,142,124,18,106,2,1,1,108,143
HerGraceness,1,142,122,20,102,5,1,1,107,143
stormyyy,1,143,124,19,105,2,1,0,107,143
mnieto24,1,143,120,23,97,9,1,0,106,143
Eschgal,1,142,117,25,92,4,1,1,96,143
EvolveYourGame,1,142,117,25,92,4,1,1,96,143
nickman8559,1,142,111,31,80,15,0,1,95,143
MeNicolesta,1,142,105,37,68,24,1,1,92,143
uraniumrage,1,143,116,27,89,2,1,0,91,143
inarisan,1,142,109,33,76,12,1,1,88,143
Redsunrise86,1,142,115,27,88,0,1,1,88,143
therealevanmarsh,1,142,112,30,82,6,1,1,88,143
l2oom8,1,142,106,36,70,16,0,1,86,143
fastsauce,1,142,110,32,78,4,1,1,82,143
bigDean636,1,142,109,33,76,4,0,1,80,143
WyndyPickle,1,142,103,39,64,15,1,1,79,143
Devain78,2,141,108,33,75,3,1,2,78,143
Midgetinabikinni,1,142,95,47,48,29,1,1,77,143
boing_fwip,1,142,101,41,60,16,1,1,76,143
Penile_Senile,1,142,107,35,72,2,1,1,74,143
slimmtl,2,141,98,43,55,11,1,2,66,143
juju_h,1,142,96,46,50,15,1,1,65,143
transmissiondurprise,1,142,101,41,60,4,1,1,64,143
a2susan,4,139,94,45,49,14,4,4,63,143
Chaz-Osgiliath,1,142,101,41,60,3,1,1,63,143
augustusgriggs,1,142,90,52,38,24,1,1,62,143
That_Deaf_Guy,5,140,97,43,54,7,3,3,61,143
xDynaBlade,2,141,99,42,57,4,2,2,61,143
glenns1212,1,142,98,44,54,6,1,1,60,143
confusedsquirrel,1,142,91,51,40,19,1,1,59,143
UhCrunch,1,142,91,51,40,16,1,1,56,143
MANMOXL,1,143,98,45,53,2,1,0,55,143
Joeygforce,1,143,94,49,45,9,1,0,54,143
Kelnoxx,1,143,91,52,39,10,1,0,49,143
FoC400,1,142,90,52,38,7,1,1,45,143
ohmysocks,1,142,92,50,42,3,1,1,45,143
AlbinoJason,1,142,91,51,40,4,1,1,44,143
paul8620,2,142,88,54,34,7,2,1,41,143
truthfulscience,1,142,84,58,26,15,1,1,41,143
extrasuperpowr,2,141,80,61,19,21,2,2,40,143
LaLaeatsturtles,2,142,91,51,40,0,2,1,40,143
sonavlaa,1,142,87,55,32,8,1,1,40,143
CptQuestionMark,3,140,85,55,30,7,2,3,37,143
Piemonkey,1,143,87,56,31,6,1,0,37,143
DurkTheJerk,2,141,83,58,25,11,2,2,36,143
K_131,1,142,84,58,26,9,1,1,35,143
cassandra24,3,140,86,54,32,2,3,3,34,143
Mr_Avalanche,1,143,86,57,29,3,1,0,32,143
Vidzilla,1,142,80,62,18,4,1,1,22,143
mw3haha,3,142,76,66,10,11,3,1,21,143
sw2010,1,142,81,61,20,0,1,1,20,143
ShoMeUrNoobs,3,140,78,62,16,3,3,3,19,143
Jake_Hunter,1,142,80,62,18,0,1,1,18,143
upparoom,2,141,72,69,3,13,0,2,16,143
VixieVonKarma,1,142,68,74,-6,6,1,1,0,143
LykDisIfUcryerrytime,1,142,41,101,-60,7,1,1,-53,143
ConstipatedNinja,1,141,134,7,127,5,1,1,132,142
the_troll_within,1,141,124,17,107,9,1,1,116,142
dune125,3,139,119,20,99,5,1,3,104,142
yglm2,1,141,119,22,97,5,0,1,102,142
MADDOG3358,1,141,117,24,93,5,1,1,98,142
cooncave,1,141,116,25,91,6,1,1,97,142
maddyblais,1,141,116,25,91,0,1,1,91,142
IBoldlySayTheObvious,1,141,112,29,83,5,1,1,88,142
chasingshadows,2,140,108,32,76,11,2,2,87,142
PiNKxCANDY,1,141,111,30,81,6,1,1,87,142
sysop3,1,142,111,31,80,7,1,0,87,142
freetofap,1,141,109,32,77,7,1,1,84,142
apiratenamedbob,1,141,105,36,69,13,1,1,82,142
Drmed92,1,141,109,32,77,3,1,1,80,142
bigboychris,1,141,107,34,73,6,1,1,79,142
Halodre,2,141,104,37,67,7,2,1,74,142
jdgrafton,2,140,99,41,58,16,2,2,74,142
wienerflap,1,142,105,37,68,6,1,0,74,142
redditdoo,2,141,105,36,69,4,2,1,73,142
ask7852,1,141,104,37,67,4,1,1,71,142
Bettabecheddah,2,140,100,40,60,9,2,2,69,142
Wawski,1,141,95,46,49,19,1,1,68,142
Lion_Cub_Kurz,1,141,103,38,65,3,0,1,68,142
AlphaNova,1,141,102,39,63,4,1,1,67,142
Chaos3ory,1,141,98,43,55,12,1,1,67,142
SMIBOY,1,142,98,44,54,9,1,0,63,142
rambleonfreddy,3,139,93,46,47,13,2,3,60,142
El_Rista1993,1,141,89,52,37,23,1,1,60,142
Suunburst,1,141,97,44,53,5,1,1,58,142
yvan369,1,141,92,49,43,12,1,1,55,142
redditor15597,1,141,88,53,35,18,1,1,53,142
zaymo,1,141,93,48,45,8,1,1,53,142
DeathToAsparagus,2,140,92,48,44,5,2,2,49,142
theshizle,2,141,91,50,41,7,2,1,48,142
BobbyFaithful,3,140,92,48,44,3,3,2,47,142
Aquaman314,2,140,89,51,38,7,2,2,45,142
Captinmalren,1,141,89,52,37,8,1,1,45,142
PublicDecency,3,139,89,50,39,4,2,3,43,142
pyro357,1,141,86,55,31,10,1,1,41,142
fld,1,141,84,57,27,13,1,1,40,142
Jacesxx,1,141,84,57,27,11,1,1,38,142
Metallicpoop,4,139,84,55,29,2,2,3,31,142
cheeseballsak,1,141,84,57,27,4,1,1,31,142
thefuckdidieat,1,141,85,56,29,0,1,1,29,142
Halvarian,1,142,81,61,20,7,1,0,27,142
ashleyj1,1,141,82,59,23,3,1,1,26,142
Chun,1,141,79,62,17,6,1,1,23,142
pezz2232,2,139,112,27,85,60,2,2,145,141
GraduallyNevele,1,140,131,9,122,2,1,1,124,141
scythesabre,1,140,129,11,118,4,1,1,122,141
bigkidcostumes,1,140,123,17,106,12,0,1,118,141
HanktheDog,1,141,124,17,107,5,1,0,112,141
Kyxx,1,140,117,23,94,17,1,1,111,141
Kryptimus,1,140,119,21,98,11,1,1,109,141
Esman,3,140,120,20,100,2,0,1,102,141
ashtray_nuke,1,140,116,24,92,7,1,1,99,141
RaptorJesusRAWR,1,140,118,22,96,3,1,1,99,141
ecg96,1,140,102,38,64,33,1,1,97,141
meowmix6969,2,139,113,26,87,5,2,2,92,141
HugoBauss,1,140,107,33,74,17,1,1,91,141
fool139,1,140,101,39,62,23,1,1,85,141
Disguising,4,137,105,32,73,11,2,4,84,141
cool_boy,1,140,111,29,82,2,1,1,84,141
1ceyou,2,139,109,30,79,4,1,2,83,141
AphiTrickNet,3,139,105,34,71,10,3,2,81,141
DoctorWindmill,1,141,103,38,65,16,1,0,81,141
vasheon,1,140,110,30,80,0,1,1,80,141
WhyAreYouNotStudying,2,139,101,38,63,15,2,2,78,141
Gird_Your_Anus,2,139,105,34,71,7,1,2,78,141
invisiblekid56,1,140,101,39,62,16,1,1,78,141
Arya_5tark,1,140,98,42,56,21,1,1,77,141
HustlerThug,1,140,87,53,34,37,1,1,71,141
ArielFreeman,2,139,102,37,65,5,1,2,70,141
mrspoogemonstar,1,140,105,35,70,0,1,1,70,141
karthus25,1,140,101,39,62,7,1,1,69,141
chonkylover,1,141,78,63,15,53,1,0,68,141
kylethehobo,1,140,101,39,62,6,1,1,68,141
Seamannator,1,141,98,43,55,13,1,0,68,141
hk403,1,140,99,41,58,5,1,1,63,141
LasersPewPewPew,2,141,101,40,61,0,2,0,61,141
invilence,1,140,97,43,54,6,1,1,60,141
FluR0,1,140,95,45,50,9,1,1,59,141
karlint,1,140,95,45,50,9,1,1,59,141
HakimRS,1,140,96,44,52,6,1,1,58,141
ohhaithere69,2,139,90,49,41,16,2,2,57,141
ColorMePanda,1,140,97,43,54,3,1,1,57,141
ipunished,1,140,83,57,26,29,1,1,55,141
nyradmilli,1,140,95,45,50,5,1,1,55,141
ChrisTingley,4,137,90,47,43,5,3,4,48,141
Tippy111,1,140,94,46,48,0,1,1,48,141
dogfunky,2,139,87,52,35,12,2,2,47,141
InsertDirtMcGirt,1,140,92,48,44,3,1,1,47,141
boulverse,1,140,85,55,30,16,1,1,46,141
fxnba1218,1,141,90,51,39,4,1,0,43,141
Madmarty,1,141,88,53,35,5,1,0,40,141
Terbana,1,140,86,54,32,8,1,1,40,141
OHGODWHYDIDIDOTHAT,2,139,86,53,33,6,1,2,39,141
Favres_Penis,1,140,86,54,32,5,0,1,37,141
shotty1058,1,141,82,59,23,13,1,0,36,141
Hamster536,1,140,83,57,26,6,1,1,32,141
fakecakez,1,140,82,58,24,2,1,1,26,141
fudgingmittens,1,140,83,57,26,0,1,1,26,141
trickledowntheorist,1,139,125,14,111,5,0,1,116,140
millybartin,1,140,101,39,62,50,1,0,112,140
geekyMatrix,1,139,122,17,105,3,0,1,108,140
UseThe4s,1,140,100,40,60,47,1,0,107,140
aweddle98,1,139,120,19,101,3,1,1,104,140
chirchy25,1,139,112,27,85,14,1,1,99,140
AlexRose728,1,139,116,23,93,5,0,1,98,140
vondage,3,138,110,28,82,15,3,2,97,140
redadidasjumpsuit,1,139,114,25,89,7,1,1,96,140
lan_solo,1,139,114,25,89,4,1,1,93,140
redFF,1,139,103,36,67,25,1,1,92,140
skyman3189,1,139,112,27,85,3,1,1,88,140
kompromissen,1,139,110,29,81,5,1,1,86,140
charlseewoo,1,139,108,31,77,9,0,1,86,140
hallalotus,1,139,110,29,81,5,0,1,86,140
yabrickedit,1,140,111,29,82,2,1,0,84,140
NonsensicalOpinion,2,139,110,29,81,2,2,1,83,140
Alpinator,1,139,109,30,79,4,1,1,83,140
princessebe,2,138,106,32,74,7,2,2,81,140
himoonkey,1,140,102,38,64,17,1,0,81,140
BrettBackpack,1,140,107,33,74,5,1,0,79,140
Kicker36,1,139,107,32,75,4,1,1,79,140
Pawprint2000,2,139,108,31,77,0,2,1,77,140
kflo17,1,139,103,36,67,9,1,1,76,140
oscon,2,138,105,33,72,3,2,2,75,140
Jerfy,1,139,100,39,61,13,1,1,74,140
pleuratus,1,140,100,40,60,13,1,0,73,140
Blazingfire17,2,138,105,33,72,0,2,2,72,140
t-1,1,139,97,42,55,16,1,1,71,140
Senorblu,1,139,98,41,57,13,1,1,70,140
brickmastur,2,138,98,40,58,11,1,2,69,140
a_tension_center,2,138,100,38,62,6,2,2,68,140
laniastarpower,2,138,100,38,62,6,2,2,68,140
Cel_Decicco,1,140,97,43,54,14,1,0,68,140
Everkeen,2,138,99,39,60,7,1,2,67,140
katebrailer,2,138,96,42,54,7,2,2,61,140
Mewoko,2,138,94,44,50,11,2,2,61,140
bodean55,1,139,100,39,61,0,1,1,61,140
peacefulcommunist,2,139,93,46,47,13,2,1,60,140
dewder,1,139,92,47,45,10,1,1,55,140
KingLepus,1,139,91,48,43,11,1,1,54,140
wcr115,1,139,94,45,49,0,1,1,49,140
hockeyadrian,1,139,83,56,27,21,1,1,48,140
yesidid456,1,139,91,48,43,5,1,1,48,140
Buffalkill,1,139,89,50,39,5,1,1,44,140
not_vulva,1,139,85,54,31,13,1,1,44,140
OvaryActingJesus,1,140,88,52,36,7,1,0,43,140
atyrax,1,139,88,51,37,3,1,1,40,140
esther_von_fun,1,139,80,59,21,18,1,1,39,140
FrontPageVirgin,1,139,85,54,31,4,1,1,35,140
ThatOtherGai,2,138,85,53,32,2,2,2,34,140
Chusuf,2,138,82,56,26,7,2,2,33,140
Backspinswag,1,139,83,56,27,6,1,1,33,140
MtnyCptn,1,139,81,58,23,8,1,1,31,140
ghostrocket,1,139,80,59,21,5,0,1,26,140
rmarder,1,139,80,59,21,4,1,1,25,140
tr0lldad96,1,139,80,59,21,4,1,1,25,140
ButterThrowAway,1,139,73,66,7,15,1,1,22,140
RichieHawtin,1,138,96,42,54,91,1,1,145,139
uzzeee,1,138,131,7,124,3,0,1,127,139
TheMacPhisto,2,137,118,19,99,27,2,2,126,139
brownchilihole,1,139,122,17,105,6,1,0,111,139
patmcdoughnut,1,138,122,16,106,5,1,1,111,139
Goochzuntite,1,138,119,19,100,7,1,1,107,139
megaige,1,138,119,19,100,2,1,1,102,139
FlyingHotPocket,1,139,113,26,87,13,1,0,100,139
Duvidl,1,139,110,29,81,12,1,0,93,139
TomHansensPencil,2,137,113,24,89,4,1,2,93,139
xisa,1,138,111,27,84,8,1,1,92,139
Theturtl3,1,138,111,27,84,4,1,1,88,139
KingJerome,2,137,102,35,67,20,2,2,87,139
Jer0nimo,1,139,110,29,81,5,1,0,86,139
lastcheck,1,138,97,41,56,28,1,1,84,139
swerm,1,138,106,32,74,6,1,1,80,139
imaces,2,138,101,37,64,13,2,1,77,139
jackiesparHO,1,139,103,36,67,8,1,0,75,139
karabeckian,2,137,98,39,59,14,2,2,73,139
AndyYumYum,1,138,103,35,68,5,1,1,73,139
HERBavorz,1,138,101,37,64,7,1,1,71,139
SarcasticComment639,2,137,101,36,65,4,1,2,69,139
cacneathecactus,1,138,100,38,62,5,1,1,67,139
liljay2k,1,138,97,41,56,11,1,1,67,139
glych,1,138,99,39,60,2,1,1,62,139
Jordyo,1,138,98,40,58,4,0,1,62,139
DragonHunter,1,139,93,46,47,14,1,0,61,139
ilovegingermen,1,138,95,43,52,8,1,1,60,139
akarlsen,1,138,97,41,56,3,1,1,59,139
Fishstixxx16,2,138,94,44,50,7,2,1,57,139
Jokulan,1,138,93,45,48,5,1,1,53,139
ocTANK,1,138,93,45,48,5,1,1,53,139
yauman22,1,138,93,45,48,5,1,1,53,139
j0hnnypl4y,1,138,93,45,48,5,0,1,53,139
Drewtality,2,137,82,55,27,24,2,2,51,139
not_a_Dr,1,138,87,51,36,11,1,1,47,139
loveandlove,1,138,88,50,38,8,1,1,46,139
rabid_hippo,1,139,90,49,41,4,1,0,45,139
Gwelymernan,1,139,81,58,23,20,1,0,43,139
ImAStreetShark,2,137,88,49,39,2,2,2,41,139
ohfishstyx,1,138,87,51,36,4,1,1,40,139
dasthegreen,2,138,84,54,30,9,2,1,39,139
tlf9888,1,138,85,53,32,7,0,1,39,139
TheBigbrue,2,137,84,53,31,0,2,2,31,139
tomo840,1,138,81,57,24,7,1,1,31,139
eviljimbo,3,136,77,59,18,11,3,3,29,139
bagofdouche,1,138,80,58,22,5,1,1,27,139
rookiepaul,1,138,72,66,6,19,1,1,25,139
goldenzombie,2,137,77,60,17,6,2,2,23,139
p1ll0wp4nts,1,138,75,63,12,7,1,1,19,139
Ccron,3,137,74,63,11,2,3,2,13,139
latarian,2,137,64,73,-9,13,2,2,4,139
hyundai_guy,1,137,119,18,101,33,1,1,134,138
EdwinArmold,1,137,113,24,89,34,0,1,123,138
brokenv,1,137,117,20,97,22,1,1,119,138
rankersandrotters,1,137,126,11,115,0,1,1,115,138
mandudeperson,1,137,118,19,99,6,0,1,105,138
WK812,1,137,116,21,95,9,1,1,104,138
xRuffrider,1,137,117,20,97,7,1,1,104,138
TheOneAlex,1,137,118,19,99,3,1,1,102,138
Shayneros,1,137,116,21,95,4,1,1,99,138
Verbally,1,138,117,21,96,2,1,0,98,138
commiedic,1,137,113,24,89,8,1,1,97,138
Tyreal,1,137,114,23,91,5,1,1,96,138
SandySpheenkster,1,137,110,27,83,11,1,1,94,138
zip82da,1,138,99,39,60,34,1,0,94,138
ElKayakista,3,135,112,23,89,4,0,3,93,138
lastfigure,2,136,111,25,86,5,1,2,91,138
serjtankian,1,137,110,27,83,6,1,1,89,138
Yelir96,1,137,111,26,85,3,1,1,88,138
foughtthelaw,1,137,107,30,77,10,1,1,87,138
sarkastick,1,137,110,27,83,2,1,1,85,138
nathypoo,1,137,106,31,75,9,1,1,84,138
SheriffWonderflap,1,138,101,37,64,18,1,0,82,138
narwalseal97,2,136,102,34,68,11,2,2,79,138
rickuba,1,137,96,41,55,23,1,1,78,138
sir_spam_a_lot,1,138,103,35,68,10,1,0,78,138
Schaffersaurus,1,137,95,42,53,22,1,1,75,138
zombiekitnz,1,137,104,33,71,4,1,1,75,138
TheF0under,1,138,102,36,66,8,1,0,74,138
loginorreg,1,137,99,38,61,11,1,1,72,138
voicebox37,1,137,104,33,71,0,1,1,71,138
SirBroseph,3,135,98,37,61,7,2,3,68,138
FloatingOtter,1,137,98,39,59,8,1,1,67,138
Speeding_turtle,1,137,100,37,63,4,1,1,67,138
i_secretly_love_50_c,1,137,99,38,61,5,1,1,66,138
kobej420,1,138,100,38,62,4,1,0,66,138
mmkaylol,1,138,98,40,58,8,1,0,66,138
hypnonewt,1,137,98,39,59,2,1,1,61,138
Valadin,5,134,89,45,44,16,3,4,60,138
richisonfire,1,137,96,41,55,4,1,1,59,138
GreenDragonWishtail,2,136,97,39,58,0,2,2,58,138
Viddlerx,1,137,95,42,53,3,0,1,56,138
indyjones50,1,137,94,43,51,2,1,1,53,138
KtownKid4121,1,137,95,42,53,0,1,1,53,138
EXAX,3,135,87,48,39,13,3,3,52,138
timz84,1,137,82,55,27,25,1,1,52,138
acocainebear,3,138,90,48,42,8,3,0,50,138
Evilsj,1,137,86,51,35,14,1,1,49,138
djsnuk94,3,135,89,46,43,5,3,3,48,138
jetkonob,3,135,89,46,43,4,3,3,47,138
en7ropy,1,138,83,55,28,14,1,0,42,138
wingsofagod,2,136,88,48,40,2,1,2,42,138
TheLemon22,1,137,86,51,35,6,1,1,41,138
ayradv,1,137,83,54,29,10,1,1,39,138
FeliciaMaria,2,137,84,53,31,6,1,1,37,138
p_verploegen,1,137,81,56,25,9,1,1,34,138
i_rape_bananas,2,136,82,54,28,4,2,2,32,138
apatton11,1,137,72,65,7,17,1,1,24,138
davearch,2,137,75,62,13,11,1,1,24,138
unnamed_player,1,137,76,61,15,5,1,1,20,138
Coolfry,4,134,74,60,14,4,2,4,18,138
The_Loose_Cannon,1,138,77,61,16,0,1,0,16,138
crinoid,1,136,118,18,100,13,1,1,113,137
cptnObvs,1,136,106,30,76,33,1,1,109,137
tgrace21,2,135,116,19,97,4,2,2,101,137
mcgaggen,1,136,114,22,92,9,1,1,101,137
GrievousDingus,1,136,103,33,70,28,1,1,98,137
honeybirds,1,137,113,24,89,6,1,0,95,137
olaf13579,1,136,108,28,80,13,1,1,93,137
AiJay1,2,135,111,24,87,5,2,2,92,137
brksg0lden,2,135,110,25,85,7,1,2,92,137
drac0ner,1,136,113,23,90,2,1,1,92,137
steveblythe,2,135,109,26,83,8,0,2,91,137
0wl-Exterminator,1,136,113,23,90,0,0,1,90,137
Spore124,1,137,106,31,75,11,1,0,86,137
WhyAmISoFly,1,136,108,28,80,6,1,1,86,137
Moba,3,134,100,34,66,17,3,3,83,137
XanCrews,1,136,101,35,66,13,0,1,79,137
uberpownium,1,136,106,30,76,0,1,1,76,137
Caboose127,1,137,103,34,69,6,1,0,75,137
citizenblue,1,137,100,37,63,12,1,0,75,137
drunkentune,1,136,97,39,58,17,1,1,75,137
mackdaddysly,1,137,98,39,59,16,1,0,75,137
phazshifter11,1,136,103,33,70,5,1,1,75,137
llamapunk89,2,135,100,35,65,9,2,2,74,137
Hocherbike,1,136,101,35,66,6,1,1,72,137
f22afguy,4,134,99,35,64,7,4,3,71,137
Warborn304,1,136,97,39,58,12,1,1,70,137
sbarret,1,137,86,51,35,34,1,0,69,137
vintagestyle,6,133,98,35,63,5,5,4,68,137
avenx,1,136,99,37,62,6,1,1,68,137
Abnelol,1,136,94,42,52,14,1,1,66,137
cursedzerow,1,137,73,64,9,56,1,0,65,137
x-tigbitties-x,1,136,99,37,62,3,1,1,65,137
Dinnin,1,136,98,38,60,3,1,1,63,137
Extremebulldog,2,135,92,43,49,11,1,2,60,137
Johnnybravo60025,1,136,91,45,46,13,1,1,59,137
TheNotoriousMSG,1,136,97,39,58,0,1,1,58,137
SrslyTaken,3,135,94,41,53,4,3,2,57,137
aba84389,2,135,88,47,41,15,2,2,56,137
itsIvan,2,135,92,43,49,6,2,2,55,137
Antlionsoup,1,136,93,43,50,5,1,1,55,137
CA719,1,136,93,43,50,3,1,1,53,137
akrcoceo,1,136,89,47,42,9,1,1,51,137
ScubaSam,1,136,88,48,40,6,1,1,46,137
thedooood,1,136,88,48,40,6,1,1,46,137
raknor88,2,135,84,51,33,12,2,2,45,137
NLMichel,1,136,81,55,26,18,1,1,44,137
RedditsKittyKat,2,135,81,54,27,14,2,2,41,137
OxN,1,137,83,54,29,9,1,0,38,137
mongaloid,1,136,78,58,20,9,1,1,29,137
ReenieMeow,1,136,81,55,26,3,1,1,29,137
Regular_Dude,1,136,73,63,10,4,1,1,14,137
photography626,1,136,69,67,2,11,1,1,13,137
banproof,1,137,74,63,11,0,1,0,11,137
finished-last,1,135,126,9,117,4,1,1,121,136
Thehoodedclaw,1,135,120,15,105,6,1,1,111,136
jstalin_x,1,135,110,25,85,22,1,1,107,136
claychastain,1,136,103,33,70,35,1,0,105,136
IAmInterneting,2,135,112,23,89,15,2,1,104,136
idunno270,1,135,116,19,97,7,1,1,104,136
pirates_never_lie,1,135,112,23,89,8,1,1,97,136
GreeneGuy6,2,134,115,19,96,0,2,2,96,136
buttonboodilly,3,133,108,25,83,11,3,3,94,136
twiddlederp,1,135,113,22,91,3,1,1,94,136
pixxistixx,1,135,108,27,81,11,1,1,92,136
Victorian211,3,133,106,27,79,10,3,3,89,136
K_Squared,1,135,111,24,87,2,1,1,89,136
HipsterSC,2,135,107,28,79,8,2,1,87,136
welshyboy101,1,135,109,26,83,2,0,1,85,136
thekalby,1,135,105,30,75,9,1,1,84,136
TheGTLGuido,2,134,108,26,82,0,2,2,82,136
MissBazinga,1,135,104,31,73,5,1,1,78,136
Switchback12_9,1,135,103,32,71,7,0,1,78,136
blue_robin,3,133,100,33,67,10,3,3,77,136
robere,3,133,103,30,73,3,2,3,76,136
AlexFreire,1,135,98,37,61,14,1,1,75,136
jcoutie,1,135,102,33,69,6,1,1,75,136
15rthughes,2,134,101,33,68,6,2,2,74,136
holm0682,1,135,99,36,63,11,1,1,74,136
Robo-Connery,2,134,97,37,60,12,2,2,72,136
Twistidfied,3,133,100,33,67,3,2,3,70,136
mrcplusplus,1,136,95,41,54,11,1,0,65,136
porous43202,3,134,92,42,50,12,2,2,62,136
Wicced,1,135,97,38,59,3,1,1,62,136
hitchstriker,2,134,91,43,48,13,1,2,61,136
geekthinker,1,135,89,46,43,17,1,1,60,136
redbullramen,1,135,96,39,57,2,1,1,59,136
akacheese,2,134,89,45,44,14,2,2,58,136
enkidude,1,135,95,40,55,3,1,1,58,136
RWK,1,135,95,40,55,3,1,1,58,136
joemeister1,1,136,89,47,42,15,1,0,57,136
tezzet,2,134,86,48,38,13,2,2,51,136
ImpartialArthropod,1,135,90,45,45,6,1,1,51,136
jhuskisson,1,135,89,46,43,4,1,1,47,136
macarena_of_time,1,135,87,48,39,5,1,1,44,136
plith,1,135,87,48,39,3,1,1,42,136
DuzaLips,2,134,84,50,34,7,2,2,41,136
ChrisCRISIS81,4,133,82,51,31,8,2,3,39,136
danthoms,1,135,82,53,29,9,0,1,38,136
keepthedreamalive_,1,135,84,51,33,4,1,1,37,136
Op01,4,132,79,53,26,7,4,4,33,136
HardHarry,1,135,82,53,29,3,1,1,32,136
twitchboxx,1,135,81,54,27,3,1,1,30,136
morlakai,1,135,78,57,21,7,1,1,28,136
SparklesMcGee,1,135,75,60,15,12,1,1,27,136
Runs_House,1,135,73,62,11,13,1,1,24,136
Trojanbp,3,133,72,61,11,6,2,3,17,136
ohdearimadeanaccount,1,134,119,15,104,7,1,1,111,135
Pod_six_was_jerks,1,134,119,15,104,4,1,1,108,135
theruins,2,135,109,26,83,17,2,0,100,135
007DeathKnightKiller,1,134,110,24,86,13,1,1,99,135
runnerfag1,1,135,115,20,95,3,1,0,98,135
cwsmla,1,134,115,19,96,0,1,1,96,135
Sajficka,1,134,113,21,92,0,1,1,92,135
IsThatJesus,1,134,105,29,76,14,0,1,90,135
aruiz93,1,134,107,27,80,7,1,1,87,135
Zerorion,1,134,108,26,82,5,1,1,87,135
ifionlyhadaschwa,3,134,104,30,74,12,1,1,86,135
soapytitwank2,1,134,108,26,82,4,1,1,86,135
Jamesev93,1,134,107,27,80,5,1,1,85,135
bongoskon,1,134,108,26,82,2,1,1,84,135
jessi1834,1,134,99,35,64,20,1,1,84,135
fishsandwich,2,133,105,28,77,6,2,2,83,135
Marshmelow6,2,133,100,33,67,14,2,2,81,135
febbroski,1,134,105,29,76,5,1,1,81,135
HarveyTardy,2,133,103,30,73,5,2,2,78,135
UnicornPenisJuice,2,133,103,30,73,5,1,2,78,135
bluemagikk,1,134,102,32,70,7,1,1,77,135
PRPrivateRyan,1,134,101,33,68,9,0,1,77,135
GigantePotatoHead,1,134,96,38,58,18,1,1,76,135
Nachbar,1,134,101,33,68,8,1,1,76,135
frownifdown,3,132,100,32,68,6,3,3,74,135
fl1x,1,134,100,34,66,8,1,1,74,135
rahafHA,1,134,104,30,74,0,1,1,74,135
callmeWia,2,133,99,34,65,6,2,2,71,135
VicSlayer,1,134,92,42,50,21,1,1,71,135
tubloidial_buttenoid,1,134,98,36,62,7,1,1,69,135
kmackenzie101,1,135,99,36,63,3,1,0,66,135
tarot15,2,133,98,35,63,2,2,2,65,135
OutoflurkintoLight,1,134,93,41,52,13,0,1,65,135
Jonasaa15,2,133,97,36,61,3,2,2,64,135
Captain_gouda,1,134,90,44,46,18,1,1,64,135
iamabeefcake,2,133,96,37,59,5,1,2,64,135
Raver32,1,134,91,43,48,16,1,1,64,135
EnemySoil,6,130,91,39,52,10,4,5,62,135
Porkchop275,1,134,91,43,48,13,1,1,61,135
ElRoberto,1,134,94,40,54,6,1,1,60,135
Deucy,1,134,91,43,48,9,1,1,57,135
g-garron,1,134,92,42,50,7,1,1,57,135
jediassassin37,2,133,93,40,53,4,1,2,57,135
Donny69m,4,132,92,40,52,4,4,3,56,135
Knackjife,1,134,83,51,32,23,0,1,55,135
AlienTorture,1,135,90,45,45,8,1,0,53,135
h1k1,1,134,87,47,40,13,1,1,53,135
MisterPif,1,134,92,42,50,3,1,1,53,135
Drewbacca,1,134,89,45,44,7,1,1,51,135
kalmiopsis,5,131,83,48,35,13,5,4,48,135
acewing,1,135,85,50,35,10,1,0,45,135
BrianElsen,1,134,86,48,38,7,1,1,45,135
FingerBangBANGBANG,1,135,87,48,39,4,1,0,43,135
IsAnnieOk,1,134,85,49,36,4,1,1,40,135
nlight,1,134,72,62,10,26,1,1,36,135
thesethighs,1,135,83,52,31,5,1,0,36,135
siorge,2,134,79,55,24,8,2,1,32,135
a34tjkx,1,134,70,64,6,21,1,1,27,135
xXNetRavenXx,1,134,79,55,24,2,1,1,26,135
FreshLlama,2,133,69,64,5,19,2,2,24,135
labeebk,6,132,62,70,-8,6,2,3,-2,135
AggieTimber,1,133,112,21,91,73,1,1,164,134
WeSavedLatin,1,134,115,19,96,20,0,0,116,134
skootles,1,133,115,18,97,8,1,1,105,134
bacongravy,1,133,116,17,99,6,0,1,105,134
ImageWhoring101,2,132,105,27,78,21,2,2,99,134
Turel,1,134,114,20,94,0,1,0,94,134
AlexHeyNa,1,133,112,21,91,2,1,1,93,134
NotMahChair,1,133,105,28,77,16,1,1,93,134
faceful_of_giburn,2,132,102,30,72,17,1,2,89,134
gravballe,1,134,95,39,56,32,1,0,88,134
zublits,1,133,110,23,87,0,1,1,87,134
Oske7,1,133,104,29,75,7,1,1,82,134
NeuralSquirrel,1,133,106,27,79,2,1,1,81,134
Andreastheslimjim,2,133,105,28,77,3,1,1,80,134
Dompola,1,134,105,29,76,2,1,0,78,134
look-at-banner,1,133,103,30,73,4,1,1,77,134
ratzratz,2,133,99,34,65,11,2,1,76,134
thehamburgerburgler,1,134,103,31,72,4,1,0,76,134
TierOne,1,133,85,48,37,39,1,1,76,134
iumesh,2,134,94,40,54,12,2,0,66,134
sir_bigballs,1,133,97,36,61,3,1,1,64,134
aintnoskank,1,133,86,47,39,25,0,1,64,134
Gilltron4000,1,134,93,41,52,11,1,0,63,134
mrking2k12,1,133,94,39,55,7,1,1,62,134
Sanitary_Lumpkin,1,133,94,39,55,6,1,1,61,134
hek2600,1,134,94,40,54,6,1,0,60,134
JPLV,1,134,93,41,52,8,1,0,60,134
ShoesWithSouls,1,133,95,38,57,3,1,1,60,134
chazz251,1,133,93,40,53,7,0,1,60,134
dragonsfyre96,1,134,94,40,54,5,1,0,59,134
SystemAddict85,1,134,94,40,54,5,1,0,59,134
Wolke,1,134,94,40,54,5,1,0,59,134
DiamondAge,1,133,91,42,49,9,1,1,58,134
dickdeamonds,2,132,90,42,48,10,0,2,58,134
JayDeee,1,133,81,52,29,25,1,1,54,134
fortunecuki,1,133,92,41,51,2,1,1,53,134
Vocabularri,1,133,84,49,35,16,1,1,51,134
Jewbacca_flywalker,5,130,89,41,48,2,3,4,50,134
Senwara,1,133,89,44,45,5,0,1,50,134
ProfChaos,1,133,88,45,43,6,1,1,49,134
Xivlian,1,134,91,43,48,0,1,0,48,134
Buttersandwich,1,133,78,55,23,24,1,1,47,134
SomeRussianKid,1,133,86,47,39,8,1,1,47,134
green_derp,1,133,84,49,35,10,1,1,45,134
apazzolini,1,133,87,46,41,3,1,1,44,134
p01arb33r,2,133,83,50,33,10,2,1,43,134
hooger0000,2,132,84,48,36,6,2,2,42,134
walwallaby,1,133,82,51,31,11,1,1,42,134
karhall,1,133,81,52,29,12,1,1,41,134
case9,1,133,84,49,35,5,1,1,40,134
StealthProctologist,2,133,77,56,21,17,1,1,38,134
KarmaConductor,1,134,83,51,32,5,1,0,37,134
BloodyPancakeSyrup,1,133,73,60,13,23,1,1,36,134
vrschagin_wagon,2,132,74,58,16,13,2,2,29,134
rstern5,2,132,80,52,28,0,2,2,28,134
sooshi,2,132,75,57,18,10,2,2,28,134
MistahNiceGuy,1,133,79,54,25,3,1,1,28,134
jiimmeh,1,134,76,58,18,3,1,0,21,134
trivas,4,133,68,65,3,4,2,1,7,134
hersheykiss7761,1,132,121,11,110,11,1,1,121,133
Steeldog29,1,132,111,21,90,20,1,1,110,133
MrFiveFingers,1,133,112,21,91,16,1,0,107,133
greasy_thug,1,132,113,19,94,4,1,1,98,133
royael,1,132,112,20,92,3,1,1,95,133
FiftySixer,2,131,104,27,77,12,1,2,89,133
Mannabell,2,131,106,25,81,5,2,2,86,133
Emjei,2,131,103,28,75,7,2,2,82,133
Kruse,1,132,97,35,62,20,1,1,82,133
cayleeneale,1,132,103,29,74,7,1,1,81,133
sn44,1,132,100,32,68,13,0,1,81,133
Quincious,1,132,104,28,76,4,1,1,80,133
leavemealone007,2,131,97,34,63,14,1,2,77,133
imkunu,3,130,100,30,70,6,3,3,76,133
irod23,1,132,103,29,74,2,1,1,76,133
bonfire10,1,132,101,31,70,2,1,1,72,133
crispinT,1,132,96,36,60,12,1,1,72,133
melonpie,1,132,100,32,68,3,1,1,71,133
Souners,1,132,98,34,64,7,0,1,71,133
Artorig,1,132,100,32,68,2,1,1,70,133
MercurialMadnessMan,2,131,98,33,65,4,2,2,69,133
banebot,1,132,95,37,58,11,1,1,69,133
Taco_Kick,1,132,99,33,66,2,1,1,68,133
k4tuner1215,1,132,98,34,64,3,1,1,67,133
supersparklesparkle,1,132,98,34,64,2,1,1,66,133
hello_pickle,1,132,97,35,62,3,1,1,65,133
BloteAapOpVoeten,1,132,98,34,64,0,1,1,64,133
ihavesharpteeth,1,132,96,36,60,0,1,1,60,133
navnet,1,132,88,44,44,15,1,1,59,133
WhatTheFDR,3,131,93,38,55,2,2,2,57,133
AngelAnger,1,132,92,40,52,4,1,1,56,133
axiobeta,1,132,90,42,48,7,1,1,55,133
Pozzik,2,132,87,45,42,11,2,1,53,133
RedsClues,2,131,91,40,51,2,2,2,53,133
LynxHope,1,132,87,45,42,11,1,1,53,133
wsucougs,1,132,87,45,42,10,1,1,52,133
nickoli789,1,132,82,50,32,13,1,1,45,133
alucard1911,3,130,86,44,42,2,3,3,44,133
BootsmaBoy,3,130,83,47,36,8,3,3,44,133
stormyzim,1,132,85,47,38,6,1,1,44,133
Welcometomyrapecave,1,132,83,49,34,6,1,1,40,133
murdurturtle,1,132,77,55,22,6,1,1,28,133
hgpot,2,131,70,61,9,18,2,2,27,133
slash112,1,132,77,55,22,5,1,1,27,133
lilcosco,1,132,71,61,10,11,1,1,21,133
Joeskii13,1,132,69,63,6,8,1,1,14,133
Lazeraze,3,131,65,66,-1,14,3,2,13,133
klars1623,1,131,111,20,91,28,0,1,119,132
thatswhatmesaid,1,132,118,14,104,7,1,0,111,132
abIngenui,1,131,106,25,81,22,1,1,103,132
needz,2,130,106,24,82,20,2,2,102,132
SeeSee33,1,131,114,17,97,5,1,1,102,132
gulasch_hanuta,1,131,114,17,97,3,1,1,100,132
Monarchy44,1,131,111,20,91,9,1,1,100,132
puremojito,2,130,107,23,84,12,2,2,96,132
awkwardwriter,2,130,110,20,90,4,2,2,94,132
Kwanonify,3,129,104,25,79,9,1,3,88,132
ChrisFingaz,1,131,106,25,81,6,1,1,87,132
ASDL603,2,131,103,28,75,11,2,1,86,132
Teahes,1,131,103,28,75,11,1,1,86,132
samcolson4,1,132,107,25,82,3,1,0,85,132
CoreyRogerson,1,132,86,46,40,43,1,0,83,132
Daetra,1,131,89,42,47,35,1,1,82,132
landshrk,1,131,102,29,73,7,1,1,80,132
fearrwolf,2,130,103,27,76,3,1,2,79,132
scd250,3,129,102,27,75,2,2,3,77,132
thatwouldbesweet,1,131,99,32,67,10,1,1,77,132
thebluecollarfoodie,1,131,101,30,71,6,1,1,77,132
sergeantstrahm,3,129,98,31,67,8,3,3,75,132
Toximit,2,130,101,29,72,3,2,2,75,132
couk,1,131,99,32,67,8,1,1,75,132
MicroNerd,1,131,99,32,67,4,1,1,71,132
SykPaul,1,131,82,49,33,37,1,1,70,132
DeathPosture,1,131,99,32,67,2,1,1,69,132
nanaboz,1,131,98,33,65,4,0,1,69,132
barwix,1,131,95,36,59,7,1,1,66,132
the-troller69,2,130,97,33,64,2,1,2,66,132
bigwilliec,1,131,90,41,49,17,0,1,66,132
dudester69,2,130,92,38,54,12,0,2,66,132
XXXCCXXX,1,131,96,35,61,5,0,1,66,132
jamesparker2012,1,131,89,42,47,18,1,1,65,132
Lingua_Franca2,1,131,93,38,55,9,1,1,64,132
WayneWorld,1,131,93,38,55,9,1,1,64,132
Blue_Bi0hazard,1,131,95,36,59,4,1,1,63,132
Funk719,1,131,91,40,51,12,1,1,63,132
thejusser,1,131,93,38,55,8,1,1,63,132
Swomp,1,131,92,39,53,9,1,1,62,132
badbuddyrevell,1,132,90,42,48,13,1,0,61,132
TheLonelyCloud,1,132,95,37,58,2,1,0,60,132
1sadpanda,1,131,95,36,59,0,1,1,59,132
Porkon,4,128,87,41,46,11,3,4,57,132
CakeaMan,1,131,92,39,53,3,1,1,56,132
jozhop,1,132,92,40,52,4,1,0,56,132
nickalopagis,1,131,89,42,47,7,1,1,54,132
PGset,1,132,80,52,28,25,1,0,53,132
wetback,1,132,85,47,38,15,1,0,53,132
Mr-Solo-Dolo,1,131,89,42,47,5,1,1,52,132
QuickGonzalez,2,130,86,44,42,9,2,2,51,132
Telusive,1,131,88,43,45,6,1,1,51,132
ChewWork,1,131,83,48,35,12,1,1,47,132
Fitternickel,1,131,83,48,35,6,1,1,41,132
shit_and_piss,2,130,79,51,28,8,1,2,36,132
scofmb,2,130,71,59,12,11,2,2,23,132
Carpenoche,1,131,75,56,19,2,1,1,21,132
Arthien,3,129,68,61,7,0,2,3,7,132
ceqarht,1,130,128,2,126,0,0,1,126,131
Jayisonfire,1,130,108,22,86,20,1,1,106,131
searlesjc,1,130,116,14,102,2,0,1,104,131
Weaselthorp,1,131,115,16,99,2,1,0,101,131
sloanbr,1,130,112,18,94,5,1,1,99,131
SandBatman,1,131,110,21,89,6,1,0,95,131
CoheedLudes,1,130,111,19,92,2,1,1,94,131
UncleSisa,1,130,108,22,86,8,1,1,94,131
tlp248,1,130,106,24,82,10,1,1,92,131
cabrussell,1,130,101,29,72,19,1,1,91,131
angerrage,1,130,109,21,88,2,1,1,90,131
atmospher1c,1,130,105,25,80,9,1,1,89,131
moldyxorange,1,130,105,25,80,8,1,1,88,131
newstreetrule,1,130,109,21,88,0,1,1,88,131
tinsil,1,130,107,23,84,4,1,1,88,131
XKCD_is_relevant,1,130,106,24,82,5,1,1,87,131
Maelkoth,2,129,100,29,71,15,2,2,86,131
unprogrammable,2,130,104,26,78,4,2,1,82,131
a59a,1,130,102,28,74,8,0,1,82,131
orangejuice900,1,130,104,26,78,3,1,1,81,131
PseudoVanilla,1,130,102,28,74,6,1,1,80,131
SGT_ZIPPY,1,130,101,29,72,8,0,1,80,131
redcomet0079,1,130,103,27,76,3,1,1,79,131
ghirish24,2,129,102,27,75,2,2,2,77,131
MrDino,2,129,98,31,67,10,2,2,77,131
TheyCallMeNaterTater,1,130,99,31,68,8,1,1,76,131
DrummerBoy217,2,129,100,29,71,3,2,2,74,131
colber,1,130,98,32,66,8,1,1,74,131
locke314,1,130,102,28,74,0,1,1,74,131
FinnTheWastelander,1,131,98,33,65,8,1,0,73,131
mariah0323,1,131,100,31,69,4,1,0,73,131
Mister_Meowgi,2,129,93,36,57,16,1,2,73,131
wazzaa4u,1,130,98,32,66,7,1,1,73,131
emVignoo,1,130,99,31,68,4,1,1,72,131
NimbleForce,1,130,97,33,64,6,1,1,70,131
mastermayhem,2,129,96,33,63,5,2,2,68,131
ForcedBeef,1,130,97,33,64,4,1,1,68,131
tinglethefairy,1,131,89,42,47,20,1,0,67,131
Boxing_Clever,2,129,92,37,55,9,1,2,64,131
o2daface,1,130,95,35,60,2,0,1,62,131
TheBergerKing,3,128,90,38,52,9,3,3,61,131
prometheus1981,2,130,89,41,48,13,2,1,61,131
goeatweeds,1,130,86,44,42,17,1,1,59,131
SilentWalrus92,2,130,88,42,46,12,2,1,58,131
Reidsan,1,130,90,40,50,8,1,1,58,131
guessigotmyswagga,1,130,93,37,56,0,1,1,56,131
HxCkid95,1,130,91,39,52,4,1,1,56,131
Williamwise518,1,130,90,40,50,6,1,1,56,131
assignment2,1,130,91,39,52,2,1,1,54,131
panther1013,3,129,90,39,51,2,3,2,53,131
EpicMcAwesome,1,130,87,43,44,9,1,1,53,131
Sensual_potatoe,1,130,88,42,46,7,1,1,53,131
Squirrels_eat_bacon,1,130,79,51,28,22,1,1,50,131
Squid_launcher87,1,131,85,46,39,9,1,0,48,131
Sandaholic,2,129,86,43,43,4,2,2,47,131
Prehistoric,1,130,86,44,42,5,1,1,47,131
CBgibson,2,130,87,43,44,2,2,1,46,131
SomeToxicPooder,2,129,78,51,27,19,2,2,46,131
IAyeEye,1,130,83,47,36,10,1,1,46,131
superkissel,7,125,79,46,33,12,5,6,45,131
void_,1,130,84,46,38,7,1,1,45,131
chillsen,2,129,81,48,33,10,1,2,43,131
notthatjesus,1,130,85,45,40,3,1,1,43,131
cwizzy,5,126,81,45,36,5,2,5,41,131
Bakeandwake,1,131,83,48,35,6,1,0,41,131
mattyJbird,1,131,83,48,35,6,1,0,41,131
Mitchos123,1,130,78,52,26,12,1,1,38,131
Smoebe,1,130,80,50,30,4,0,1,34,131
Liam2121,1,130,77,53,24,4,1,1,28,131
speeder111,5,126,69,57,12,11,1,5,23,131
xLadyVirgil,1,130,69,61,8,15,0,1,23,131
Pczerw,3,128,71,57,14,6,0,3,20,131
aavy,2,129,72,57,15,4,1,2,19,131
Chitery,1,130,110,20,90,23,1,0,113,130
jgrant391,1,129,115,14,101,5,1,1,106,130
k_hall_313,1,130,115,15,100,6,1,0,106,130
canibal305,1,129,112,17,95,5,1,1,100,130
tardis3134,2,128,108,20,88,11,2,2,99,130
WhaThaFunk,1,129,98,31,67,32,1,1,99,130
DJFINKS,1,129,112,17,95,3,1,1,98,130
onlythis,1,130,87,43,44,52,1,0,96,130
ZeroEnergy,1,130,105,25,80,16,1,0,96,130
wihafizz,1,129,110,19,91,5,0,1,96,130
Blackwhale,1,129,108,21,87,7,1,1,94,130
Drunkinskater,5,126,106,20,86,5,1,4,91,130
swissarmybromance,1,130,106,24,82,7,1,0,89,130
summerinabaddon,3,127,102,25,77,9,2,3,86,130
Elysianbtrfly,1,129,101,28,73,13,1,1,86,130
rodan44,1,129,105,24,81,5,1,1,86,130
metalheade,1,129,103,26,77,7,1,1,84,130
nanrosenthal,1,130,104,26,78,4,1,0,82,130
nate6621,2,128,101,27,74,7,2,2,81,130
zubrin,1,129,102,27,75,6,1,1,81,130
cfschris,1,129,99,30,69,9,1,1,78,130
devcmacd,1,129,101,28,73,5,1,1,78,130
xGOLDx,1,129,103,26,77,0,1,1,77,130
MellowYellow420,1,129,100,29,71,5,1,1,76,130
lifeismeaningful,1,129,101,28,73,2,1,1,75,130
LikeASouthBoundTrain,1,129,97,32,65,2,1,1,67,130
JeromeTomorrow,2,129,94,35,59,7,2,1,66,130
SilverDoe,1,129,95,34,61,4,1,1,65,130
LunarDash,1,129,95,34,61,2,1,1,63,130
Moofasa_yo,1,130,94,36,58,4,1,0,62,130
goon540,1,130,89,41,48,12,1,0,60,130
Rockstallion,1,129,86,43,43,17,1,1,60,130
Yea_Quite,1,130,88,42,46,13,1,0,59,130
HallwaysAreForClowns,1,129,85,44,41,17,1,1,58,130
PunsAreFun,1,129,90,39,51,7,1,1,58,130
echospeaks,1,130,89,41,48,9,1,0,57,130
TheRealBrianOConnor,1,129,90,39,51,4,1,1,55,130
EnzoItgoes,1,129,84,45,39,15,1,1,54,130
mmurdock77,1,130,86,44,42,12,1,0,54,130
web2pointoh,2,128,85,43,42,10,2,2,52,130
mcmonsoon,2,128,88,40,48,3,2,2,51,130
fybpm,1,130,82,48,34,17,1,0,51,130
McLovin061,1,129,88,41,47,4,1,1,51,130
Coolbeans4uz,1,129,87,42,45,6,0,1,51,130
drcazes,2,128,89,39,50,0,1,2,50,130
mpg1846,2,129,86,43,43,7,1,1,50,130
rogerrrr,1,129,84,45,39,9,1,1,48,130
THEmrbrooks,1,129,86,43,43,5,1,1,48,130
Lamcia,1,129,82,47,35,12,1,1,47,130
ChribbaAlt,1,129,84,45,39,7,1,1,46,130
AhmadSA,1,130,82,48,34,10,1,0,44,130
BobSwagget,1,129,85,44,41,3,1,1,44,130
goblin561,3,127,78,49,29,12,0,3,41,130
GibbsAH,1,129,79,50,29,11,1,1,40,130
Nocturnhabeo,1,129,77,52,25,14,1,1,39,130
m_aurelius,2,128,79,49,30,7,1,2,37,130
Jorion,3,127,78,49,29,6,3,3,35,130
dank_bass,2,128,79,49,30,3,2,2,33,130
old_southy,1,129,74,55,19,14,1,1,33,130
patuck,1,129,73,56,17,16,1,1,33,130
majorwtf,3,128,75,53,22,10,3,2,32,130
1corn,1,129,79,50,29,3,1,1,32,130
Zaoui,1,129,79,50,29,2,1,1,31,130
VampiricPie,2,129,74,55,19,10,2,1,29,130
lbell1112,1,129,73,56,17,11,1,1,28,130
GIMMESOMEODAT,2,128,75,53,22,5,2,2,27,130
midnightjet,2,128,68,60,8,11,2,2,19,130
yogsmcgogs,1,129,70,59,11,4,1,1,15,130
Detrimentally,1,128,112,16,96,7,1,1,103,129
dfweyer,1,128,111,17,94,7,1,1,101,129
spiral_in_the_sky,1,128,110,18,92,8,0,1,100,129
deanj4,1,128,111,17,94,3,1,1,97,129
Drewingurmom,1,128,108,20,88,8,1,1,96,129
MonoLoco265,1,128,108,20,88,4,1,1,92,129
statutory_mindrape,1,129,108,21,87,5,1,0,92,129
TVXQueef,1,128,108,20,88,4,1,1,92,129
Caramellie,1,128,109,19,90,0,1,1,90,129
hewasphone,1,129,93,36,57,33,1,0,90,129
mydawghatesme,2,127,100,27,73,17,1,2,90,129
UndeadChipmunk,1,128,106,22,84,6,1,1,90,129
hallaa1,1,128,106,22,84,5,1,1,89,129
nametheoccupation,1,128,103,25,78,11,1,1,89,129
mooseAmuffin,2,128,108,20,88,0,2,1,88,129
sprawl_flatland,1,129,105,24,81,7,1,0,88,129
QwertyPoint,1,128,104,24,80,3,0,1,83,129
binary-love,1,128,101,27,74,8,1,1,82,129
Derpette4220,1,128,101,27,74,4,1,1,78,129
eloyjackson,1,128,102,26,76,2,1,1,78,129
dontlemmedown,1,128,99,29,70,6,1,1,76,129
DingoDamp,2,127,100,27,73,2,2,2,75,129
RoarImDinosaur,1,128,97,31,66,9,1,1,75,129
RepostsTheNextDay,4,125,95,30,65,9,1,4,74,129
poiop,1,128,99,29,70,3,1,1,73,129
EvalJow,1,128,100,28,72,0,1,1,72,129
D-N,1,129,97,32,65,5,1,0,70,129
rfbandit,1,128,98,30,68,0,1,1,68,129
krylakenlo,1,129,93,36,57,10,1,0,67,129
Ovedya2011,1,128,96,32,64,3,1,1,67,129
ChildOf7Sins,1,128,91,37,54,9,0,1,63,129
xxTANNERxx,1,128,94,34,60,2,1,1,62,129
C2Taylor19,2,127,92,35,57,4,2,2,61,129
atheist_throwaway1,1,129,86,43,43,16,1,0,59,129
thelauradrake,1,128,90,38,52,4,0,1,56,129
clank41,1,128,91,37,54,0,1,1,54,129
rengen123,1,129,89,40,49,0,1,0,49,129
Kristin_Ols23,1,128,84,44,40,8,1,1,48,129
eratchet,3,127,83,44,39,8,3,2,47,129
TylerNorton,1,128,84,44,40,7,1,1,47,129
SimplisticX2,4,126,85,41,44,2,3,3,46,129
Malditismo,1,128,86,42,44,2,1,1,46,129
IamNotALurker,1,128,80,48,32,12,1,1,44,129
RustyDerg,1,129,83,46,37,4,1,0,41,129
gabesoares55,2,127,79,48,31,6,2,2,37,129
garbagefordinner,1,128,81,47,34,2,1,1,36,129
Samiiiwashere,2,127,78,49,29,2,1,2,31,129
noahld,2,127,70,57,13,14,2,2,27,129
jfeld22,2,127,73,54,19,6,1,2,25,129
Absocold,4,127,49,78,-29,9,0,2,-20,129
Medicwine,1,127,113,14,99,11,1,1,110,128
NEWSBOT3,1,127,115,12,103,6,1,1,109,128
mky5439,2,126,113,13,100,3,2,2,103,128
Snoodler13,1,127,111,16,95,3,1,1,98,128
Attila_the_Nun,1,128,102,26,76,7,1,0,83,128
dragon144,3,125,101,24,77,5,2,3,82,128
codeking,1,128,97,31,66,16,1,0,82,128
flipboitamidles,2,128,100,28,72,8,1,0,80,128
fakingitout,1,127,98,29,69,8,1,1,77,128
MasterChiefX,2,127,96,31,65,8,1,1,73,128
jjwills_,1,127,98,29,69,3,1,1,72,128
BreeVader,1,127,97,30,67,4,1,1,71,128
SCVader,1,127,98,29,69,2,1,1,71,128
dopaman,1,127,97,30,67,2,1,1,69,128
cespes,1,127,94,33,61,4,1,1,65,128
TheMorningDeuce,1,127,92,35,57,7,1,1,64,128
kifn2,4,126,89,37,52,11,4,2,63,128
thenameislogan,1,128,94,34,60,2,1,0,62,128
autobiography,1,127,89,38,51,10,1,1,61,128
jason_grey,1,127,75,52,23,38,1,1,61,128
offsidewheat,2,126,88,38,50,11,1,2,61,128
log_thoot,1,127,85,42,43,17,1,1,60,128
Howsmow,1,127,92,35,57,2,0,1,59,128
SUPER_SECRET_AGENT,1,127,88,39,49,8,1,1,57,128
uncleleo12,1,127,86,41,45,12,1,1,57,128
Pickletoez,2,126,88,38,50,4,2,2,54,128
theninjamanz,2,126,87,39,48,5,2,2,53,128
md65,1,127,87,40,47,5,1,1,52,128
Sabmac,1,128,84,44,40,12,1,0,52,128
woooooahnellie,1,128,85,43,42,10,1,0,52,128
jtryti,1,127,81,46,35,15,1,1,50,128
PEILAM,1,127,85,42,43,7,1,1,50,128
L4WESOME,1,127,84,43,41,4,1,1,45,128
TwistedScience,1,128,82,46,36,5,1,0,41,128
ValerikScorn,1,127,77,50,27,13,1,1,40,128
thegoldsack,2,126,72,54,18,21,2,2,39,128
fappolice,1,127,80,47,33,4,1,1,37,128
I_dont_like_gravy,1,127,76,51,25,8,1,1,33,128
1000regret,3,125,71,54,17,14,2,3,31,128
Bergs,1,127,77,50,27,4,1,1,31,128
bobobhai,6,123,74,49,25,4,4,5,29,128
giggly_kisses,1,127,74,53,21,6,1,1,27,128
1FLU,1,127,75,52,23,3,1,1,26,128
b214n,3,126,71,55,16,9,3,2,25,128
electus_rum,1,127,71,56,15,10,1,1,25,128
StretchinAZ,1,128,70,58,12,6,1,0,18,128
acoolnooddood,1,127,68,59,9,8,1,1,17,128
TheFakeRush,1,127,69,58,11,6,1,1,17,128
sapincher,1,126,112,14,98,3,0,1,101,127
FramedByNature,1,127,103,24,79,12,1,0,91,127
FaultlineXR,1,126,104,22,82,6,1,1,88,127
wk1989,1,126,95,31,64,23,1,1,87,127
Nomlin,1,126,103,23,80,6,1,1,86,127
Snackadoodlepop,2,125,101,24,77,7,2,2,84,127
MrLindblade,1,126,99,27,72,12,1,1,84,127
sohautrightnow,2,125,97,28,69,15,1,2,84,127
circuzninja,3,124,101,23,78,2,3,3,80,127
catloverofthecentury,1,126,100,26,74,6,1,1,80,127
DrDigitalWKNC,1,126,97,29,68,12,1,1,80,127
ianisrlycool,2,126,99,27,72,7,2,1,79,127
narroway,1,126,98,28,70,9,1,1,79,127
Smeetske,1,126,98,28,70,9,1,1,79,127
DryvBy,2,125,91,34,57,21,1,2,78,127
Cosystick,1,126,101,25,76,0,1,1,76,127
The_Jujunater,1,126,97,29,68,6,1,1,74,127
Spoogen_1,3,124,94,30,64,9,2,3,73,127
iMooed,1,126,98,28,70,3,1,1,73,127
ElShanko,1,126,96,30,66,5,1,1,71,127
ZitHelmet,1,126,94,32,62,5,0,1,67,127
RonR,4,123,90,33,57,4,3,4,61,127
TheNeolisticKid,5,122,77,45,32,27,4,5,59,127
you_la_tengo,1,126,89,37,52,5,1,1,57,127
not_an_option,1,126,87,39,48,8,1,1,56,127
hungrybathsaltzombie,2,125,87,38,49,4,1,2,53,127
Jabba_the_Mutt,3,125,79,46,33,17,2,2,50,127
vengeful_hamster,1,126,86,40,46,4,1,1,50,127
bootsmann,1,126,82,44,38,10,1,1,48,127
sabourcc,1,126,87,39,48,0,1,1,48,127
mckp,1,127,83,44,39,7,1,0,46,127
youdeserveaheart,1,126,85,41,44,0,0,1,44,127
walnutwhale,2,125,83,42,41,2,2,2,43,127
zugzug71,5,122,75,47,28,15,1,5,43,127
Mumrik,1,126,82,44,38,4,1,1,42,127
Crono181,1,126,82,44,38,2,0,1,40,127
iwilleatyourpussy,3,124,69,55,14,24,3,3,38,127
malimukk,2,125,78,47,31,7,2,2,38,127
Khrazer,1,126,78,48,30,8,1,1,38,127
martiniman,1,126,79,47,32,2,1,1,34,127
knicksbulls,1,126,75,51,24,9,1,1,33,127
cacophonousdrunkard,1,126,73,53,20,11,1,1,31,127
MrTastyCake,1,126,73,53,20,10,1,1,30,127
notaharrisfan,1,126,76,50,26,4,1,1,30,127
Wasshehomeless,1,126,73,53,20,9,1,1,29,127
RepostSquad,5,122,71,51,20,5,4,5,25,127
beep41,2,125,72,53,19,5,2,2,24,127
mtomb631,1,126,74,52,22,2,1,1,24,127
actionguy87,2,125,69,56,13,9,2,2,22,127
scrumtrilessence,1,126,70,56,14,6,1,1,20,127
OGCook,1,126,66,60,6,13,1,1,19,127
CaptainRum,1,126,70,56,14,0,1,1,14,127
AdolfHusainBinladin,2,125,67,58,9,4,2,2,13,127
comix_corp,1,125,119,6,113,3,1,1,116,126
dominator39,1,125,108,17,91,14,0,1,105,126
bonecrusher2102,1,125,114,11,103,0,1,1,103,126
C-Raves,1,125,112,13,99,0,1,1,99,126
Zero00430,2,124,111,13,98,0,2,2,98,126
joculator,1,125,104,21,83,11,1,1,94,126
The__Diddler,1,125,106,19,87,6,1,1,93,126
iTakebigpoops,1,125,105,20,85,5,1,1,90,126
Pixelmalik,1,125,102,23,79,7,1,1,86,126
shadowfusion,1,125,98,27,71,15,1,1,86,126
rmadan,1,125,98,27,71,13,1,1,84,126
Snauser,1,125,101,24,77,5,1,1,82,126
lasso_of_truth,1,126,101,25,76,5,1,0,81,126
Zavarakatranemi,1,125,101,24,77,3,1,1,80,126
dbzisawesome,1,125,98,27,71,7,1,1,78,126
kynov,1,125,85,40,45,30,1,1,75,126
hunteraftw,2,124,97,27,70,4,2,2,74,126
Callsignpatriot,1,125,97,28,69,5,1,1,74,126
chiick,3,123,97,26,71,3,1,3,74,126
destroyingtocreate,1,125,98,27,71,3,1,1,74,126
Rgm113,1,125,98,27,71,3,1,1,74,126
MECHENGR,1,125,96,29,67,6,1,1,73,126
haymh2897,1,125,94,31,63,5,1,1,68,126
petcantona,1,125,92,33,59,6,1,1,65,126
triick,1,125,94,31,63,2,1,1,65,126
sandykumquat,2,124,94,30,64,0,2,2,64,126
dkwince,1,125,92,33,59,5,1,1,64,126
PhonixMonkey,1,125,93,32,61,2,1,1,63,126
TheWolfofMibu,2,126,92,34,58,4,2,0,62,126
priorwood,1,125,91,34,57,5,1,1,62,126
CorrDriZZle,3,124,87,37,50,9,2,2,59,126
instantincentive,1,126,89,37,52,6,1,0,58,126
asnake8u,1,126,90,36,54,3,1,0,57,126
86thdj,1,125,84,41,43,13,1,1,56,126
keeperofthetrees,1,125,84,41,43,13,1,1,56,126
julysfire,1,125,88,37,51,3,1,1,54,126
Love_Soup,1,125,87,38,49,5,1,1,54,126
yadoya,3,123,87,36,51,2,3,3,53,126
JoeDaEskimo,2,124,86,38,48,3,2,2,51,126
Random_Fandom,1,125,86,39,47,3,1,1,50,126
drirayn,1,125,83,42,41,3,1,1,44,126
Tarby1324,1,125,80,45,35,9,1,1,44,126
haterator,2,124,79,45,34,5,2,2,39,126
Lampshade_Seven,1,125,82,43,39,0,1,1,39,126
3stacks,1,126,74,52,22,14,1,0,36,126
Elendix,1,125,74,51,23,13,1,1,36,126
elsewheretogo,1,125,78,47,31,4,1,1,35,126
mukicookie,1,126,72,54,18,16,1,0,34,126
CaLLmeRaaandy,1,125,74,51,23,5,1,1,28,126
lucky5150,1,125,73,52,21,5,1,1,26,126
muffdiver69,3,123,67,56,11,10,2,3,21,126
dalore,1,125,71,54,17,3,1,1,20,126
oplav,1,125,67,58,9,11,1,1,20,126
destiny-96,1,125,66,59,7,13,0,1,20,126
royalboosha1,3,123,64,59,5,7,2,3,12,126
Exclemator,2,124,65,59,6,5,1,2,11,126
NovaHavx,1,125,65,60,5,4,1,1,9,126
PhattestKids,1,125,61,64,-3,8,1,1,5,126
Kid81,1,124,76,48,28,104,1,1,132,125
Lulabellee,1,124,113,11,102,6,0,1,108,125
Liverbait,1,124,101,23,78,22,1,1,100,125
StrongMRA,1,124,100,24,76,23,1,1,99,125
brandQn,1,124,107,17,90,7,1,1,97,125
Eggfooyung,1,125,103,22,81,11,1,0,92,125
SpartanUmaw,1,124,108,16,92,0,0,1,92,125
Leviyatan,1,124,99,25,74,16,1,1,90,125
Splashyy,1,125,88,37,51,39,1,0,90,125
amirborna,1,124,99,25,74,15,1,1,89,125
acendude,1,124,102,22,80,6,1,1,86,125
blueboard,1,124,104,20,84,2,1,1,86,125
lurkbaby,1,124,102,22,80,5,1,1,85,125
teerilsvin,1,124,100,24,76,7,1,1,83,125
greatkingrat,1,124,96,28,68,11,1,1,79,125
missnosoul,1,124,100,24,76,3,1,1,79,125
psparks,1,124,96,28,68,10,0,1,78,125
vaJOHNna,2,124,98,26,72,3,1,1,75,125
TheOnlyGirlinEE,1,124,99,25,74,0,1,1,74,125
MakeMeASandw1ch,4,121,92,29,63,10,4,4,73,125
abuali7866,1,125,81,44,37,36,1,0,73,125
ThirdDegree,1,124,95,29,66,7,1,1,73,125
Doomskank,2,124,90,34,56,15,2,1,71,125
beef_creature,2,123,91,32,59,9,2,2,68,125
hoyboe,1,124,93,31,62,3,1,1,65,125
javitee,1,124,92,32,60,4,1,1,64,125
Kingtomy,1,124,84,40,44,20,1,1,64,125
agc93,1,124,93,31,62,0,1,1,62,125
Cowclone,1,124,93,31,62,0,1,1,62,125
Lorgramoth,1,124,92,32,60,2,1,1,62,125
CyrilJHicks,5,120,86,34,52,9,4,5,61,125
NoKumSok,2,124,84,40,44,17,2,1,61,125
letakeover,1,124,90,34,56,5,1,1,61,125
ActuallyTomatoes,1,124,89,35,54,6,1,1,60,125
RaccoonYetiKiwi,2,123,88,35,53,6,2,2,59,125
saind,1,124,90,34,56,3,1,1,59,125
GeneralAverage,1,124,91,33,58,0,1,1,58,125
i_P_Crimson,1,124,89,35,54,4,1,1,58,125
RAHDRIVE,1,124,91,33,58,0,1,1,58,125
HarveyMcGhee,2,123,85,38,47,9,2,2,56,125
ilikecobbler,1,124,85,39,46,10,1,1,56,125
ExalteR,3,123,86,37,49,4,3,2,53,125
SecuritybyOrwell,1,124,87,37,50,3,1,1,53,125
menwithrobots,2,124,84,40,44,7,2,1,51,125
TerrorPigeon,2,123,84,39,45,6,2,2,51,125
Splunki,1,124,84,40,44,5,1,1,49,125
shur711,1,124,81,43,38,9,1,1,47,125
D0NES,1,125,83,42,41,5,1,0,46,125
Wistner,2,124,81,43,38,4,2,1,42,125
butt_sex,1,124,82,42,40,2,1,1,42,125
LocoTSX,1,124,75,49,26,16,1,1,42,125
atthebuzzer,2,124,76,48,28,13,0,1,41,125
AmongAngels,1,124,78,46,32,8,1,1,40,125
owenstumor,5,120,72,48,24,14,3,5,38,125
forever102,1,124,79,45,34,4,1,1,38,125
Va-asdaaa,1,124,74,50,24,13,1,1,37,125
keiouu,2,123,74,49,25,11,1,2,36,125
killbot83956720,3,122,72,50,22,11,3,3,33,125
Dappy_man,1,124,77,47,30,3,1,1,33,125
bust-a-move,3,122,72,50,22,10,2,3,32,125
AwkwardGypsy,2,123,77,46,31,0,2,2,31,125
brojas12,4,121,72,49,23,5,4,4,28,125
SaturnSucksBalls,1,124,72,52,20,5,1,1,25,125
Shazzam_121,1,124,68,56,12,12,1,1,24,125
speecbeen,1,124,70,54,16,3,1,1,19,125
DevoALMIGHTY,2,124,68,56,12,6,2,1,18,125
Chi_Asian,3,122,113,9,104,3,3,2,107,124
ZombieCupcake815,1,123,107,16,91,10,1,1,101,124
Mantuz,1,124,108,16,92,8,1,0,100,124
Yousefelso,1,124,110,14,96,4,1,0,100,124
garganchua,1,123,107,16,91,3,0,1,94,124
ChalkLetRain,2,122,105,17,88,5,2,2,93,124
Tonks3,1,123,94,29,65,25,0,1,90,124
Ogur,1,124,102,22,80,8,1,0,88,124
smell_my_duty,1,123,105,18,87,0,1,1,87,124
Psi_Corps,2,122,101,21,80,6,1,2,86,124
somethingboutahorse,4,120,99,21,78,4,2,4,82,124
reesecup,1,123,99,24,75,6,1,1,81,124
eazy_e,1,124,99,25,74,6,1,0,80,124
iPityTheKitty,1,123,100,23,77,3,1,1,80,124
MikEhBlue,1,123,98,25,73,2,1,1,75,124
Rafeeq,1,124,97,27,70,5,1,0,75,124
Johnx014,1,123,96,27,69,5,1,1,74,124
weaverfever69,1,124,97,27,70,4,1,0,74,124
Upvote_Me_Pls,4,120,92,28,64,9,1,4,73,124
OldWilliesCrackPipe,1,123,86,37,49,23,0,1,72,124
iamleighanne,1,123,96,27,69,0,1,1,69,124
KoolestNameEver,1,123,95,28,67,2,1,1,69,124
TMW777,1,124,90,34,56,13,1,0,69,124
chriskevini,1,123,93,30,63,5,1,1,68,124
ThaFattestOne,1,123,95,28,67,0,1,1,67,124
Alvarez43,1,123,87,36,51,11,1,1,62,124
eye_of_the_hurricane,1,123,92,31,61,0,1,1,61,124
Bigfish1812,1,123,90,33,57,2,1,1,59,124
iwannaiguana,2,122,86,36,50,7,2,2,57,124
franklinbrown,1,123,90,33,57,0,1,1,57,124
teiwazechoes,1,123,84,39,45,12,0,1,57,124
Ghille_In_The_Mist,1,123,88,35,53,2,1,1,55,124
ksnap,2,122,81,41,40,9,2,2,49,124
94Productions,2,124,75,49,26,22,1,0,48,124
whodoneit888,2,122,80,42,38,10,1,2,48,124
hanzibonzi,1,123,83,40,43,4,1,1,47,124
Not_From_The_Future,1,124,82,42,40,6,1,0,46,124
dick_dick_,2,123,83,40,43,0,2,1,43,124
liberianatheist,1,123,73,50,23,20,1,1,43,124
chashole,2,122,82,40,42,0,2,2,42,124
ijustpoststuff,1,123,80,43,37,5,1,1,42,124
Mo97628,1,123,76,47,29,13,1,1,42,124
puffgiant19,2,122,80,42,38,3,1,2,41,124
Anon6942,1,123,78,45,33,7,1,1,40,124
Cococachoo,1,123,76,47,29,10,0,1,39,124
langerz32,2,122,78,44,34,4,2,2,38,124
Peatrrr,1,123,74,49,25,13,1,1,38,124
Insayne1,1,123,78,45,33,4,1,1,37,124
piked,1,123,78,45,33,4,1,1,37,124
jonerhv,1,124,78,46,32,4,1,0,36,124
imanerd000,1,124,78,46,32,2,1,0,34,124
Repost_For_Karma,1,123,72,51,21,13,1,1,34,124
TheB3RG,1,124,71,53,18,9,1,0,27,124
thefaith1029,1,123,71,52,19,8,1,1,27,124
blklblsoty616,1,123,71,52,19,4,1,1,23,124
ZoomZoomBlondie,1,124,73,51,22,0,1,0,22,124
JPost,1,123,71,52,19,2,1,1,21,124
solanar18,1,123,68,55,13,6,1,1,19,124
UVotesOnly,1,123,58,65,-7,13,1,1,6,124
dkey1983,1,122,101,21,80,36,1,1,116,123
absurdlyobfuscated,1,122,109,13,96,7,1,1,103,123
antiaxiom,1,122,108,14,94,7,0,1,101,123
bradfhancock,1,123,99,24,75,21,1,0,96,123
Trayus,1,122,103,19,84,12,1,1,96,123
DangerPanda,1,122,103,19,84,11,1,1,95,123
randi3423,2,121,105,16,89,5,1,2,94,123
stars33d,1,122,108,14,94,0,1,1,94,123
SevTreDuece,1,122,106,16,90,3,1,1,93,123
whovianfromhell,1,122,100,22,78,12,1,1,90,123
jcatalano,1,122,103,19,84,5,0,1,89,123
bellarama727,1,122,101,21,80,7,1,1,87,123
GrayFawkes,1,122,100,22,78,8,1,1,86,123
dubsef,1,123,96,27,69,11,1,0,80,123
drgrabmore,2,121,95,26,69,9,2,2,78,123
XII41,1,122,96,26,70,8,1,1,78,123
bilbo9000,2,121,98,23,75,2,2,2,77,123
kellenmo,2,121,92,29,63,10,2,2,73,123
Gfresh404,2,122,96,26,70,2,2,1,72,123
FaithVsFate,2,121,91,30,61,10,2,2,71,123
kn0where,1,122,92,30,62,8,1,1,70,123
redskyy03,1,123,93,30,63,7,1,0,70,123
Jarohl,1,122,93,29,64,5,1,1,69,123
modemthug,1,122,89,33,56,13,1,1,69,123
DEMAG,1,122,93,29,64,3,1,1,67,123
lilmonstersyd,1,122,90,32,58,7,1,1,65,123
Logicianmagician,1,123,92,31,61,4,1,0,65,123
palindrome90,1,122,87,35,52,13,1,1,65,123
DavidJMurphy,2,121,90,31,59,4,2,2,63,123
floppywilly,1,122,88,34,54,9,1,1,63,123
RiceUnit,1,122,91,31,60,3,1,1,63,123
jkohatsu,1,122,83,39,44,17,1,1,61,123
soundofmind,1,123,88,35,53,8,1,0,61,123
ChickaloonCharlie,1,122,86,36,50,10,1,1,60,123
durrthock,1,122,89,33,56,3,1,1,59,123
saranowitz,1,123,85,38,47,12,1,0,59,123
AthenaMSK,1,122,90,32,58,0,1,1,58,123
SteeleBawls,1,122,88,34,54,4,1,1,58,123
Ordem_E_Progresso_,2,121,84,37,47,10,2,2,57,123
DaBlackmage89,1,123,83,40,43,14,1,0,57,123
funfungiguy,1,122,88,34,54,2,1,1,56,123
LochJess_Monster,1,122,84,38,46,8,1,1,54,123
count2infinity2,1,122,86,36,50,2,1,1,52,123
robl326,1,122,84,38,46,6,1,1,52,123
Adonej,1,122,84,38,46,5,1,1,51,123
warmwaterpenguin,1,122,77,45,32,18,1,1,50,123
547,1,122,78,44,34,14,1,1,48,123
batshit_lazy,1,122,79,43,36,11,1,1,47,123
cuddleALLthecats,1,122,80,42,38,7,1,1,45,123
qtakerh,1,123,78,45,33,11,1,0,44,123
liltitus27,1,122,77,45,32,11,1,1,43,123
Dustintico,1,122,73,49,24,15,1,1,39,123
BossLady808,2,122,79,43,36,2,2,1,38,123
mopxhead,1,122,76,46,30,7,1,1,37,123
ZeiferRei,1,123,73,50,23,14,1,0,37,123
Kmanblazzer,1,122,79,43,36,0,1,1,36,123
kraken_calamari,2,121,71,50,21,12,2,2,33,123
Lonadar,1,123,76,47,29,3,1,0,32,123
Thund3rc0ck,1,122,71,51,20,5,0,1,25,123
squirlyspooch,1,122,69,53,16,7,1,1,23,123
TheOrpinator,1,122,67,55,12,6,1,1,18,123
iIsTehRadChad,2,121,67,54,13,4,2,2,17,123
bentley7788,1,122,68,54,14,3,1,1,17,123
nakinoh,1,122,66,56,10,7,1,1,17,123
kosmo365,7,116,59,57,2,14,5,7,16,123
thebenzy,5,118,64,54,10,6,3,5,16,123
adorkablexox,3,120,57,63,-6,7,3,3,1,123
RickTrollio,1,121,106,15,91,7,1,1,98,122
insanityoverload,1,121,106,15,91,4,1,1,95,122
SammichesBeCrazy,2,121,105,16,89,6,1,1,95,122
Shecallsmeceezy,1,121,102,19,83,10,1,1,93,122
Amandrai,1,121,102,19,83,4,1,1,87,122
Kim235,1,121,88,33,55,32,1,1,87,122
Skubany,1,121,102,19,83,2,1,1,85,122
Thyme_Machine,1,121,94,27,67,16,1,1,83,122
andy_norten,3,120,98,22,76,4,1,2,80,122
SemperFry,1,121,98,23,75,4,1,1,79,122
VeneK,1,121,100,21,79,0,1,1,79,122
C_sharp_minor,1,121,94,27,67,7,0,1,74,122
Ben_RavenCroft,2,120,96,24,72,0,1,2,72,122
flaviusilaghi,1,121,92,29,63,7,1,1,70,122
TheDude357,1,121,90,31,59,11,1,1,70,122
YourCanned,1,121,94,27,67,3,1,1,70,122
maxwell_nelson,1,121,90,31,59,9,1,1,68,122
MrAuntJemima,1,121,93,28,65,2,1,1,67,122
smashley133,3,119,84,35,49,17,3,3,66,122
titterally,1,122,94,28,66,0,1,0,66,122
jpsowin,2,120,87,33,54,11,2,2,65,122
awesomeperson12,1,121,91,30,61,4,0,1,65,122
3magdnim,2,120,89,31,58,6,2,2,64,122
baruthius,2,120,90,30,60,4,1,2,64,122
ilikeunderwear,2,121,91,30,61,2,1,1,63,122
yeeeeeee,1,122,82,40,42,20,1,0,62,122
FHCSPARTAN,1,121,90,31,59,0,1,1,59,122
temuiini,4,119,86,33,53,5,3,3,58,122
gregmolick,2,120,85,35,50,8,2,2,58,122
Kidsturk,1,122,85,37,48,10,1,0,58,122
jmmkk,1,121,86,35,51,6,1,1,57,122
PilgrimPanda,1,121,84,37,47,10,1,1,57,122
RedWelkin,1,121,89,32,57,0,1,1,57,122
dragonarf,2,120,86,34,52,4,2,2,56,122
b0bstewart,1,121,84,37,47,9,1,1,56,122
stniesen,1,121,86,35,51,5,1,1,56,122
vestra4,3,121,84,37,47,8,2,1,55,122
manuranga,1,122,78,44,34,21,1,0,55,122
Thunderr_Invaderr,2,120,83,37,46,8,0,2,54,122
Ho0p,1,121,81,40,41,11,1,1,52,122
Tement,1,121,85,36,49,2,1,1,51,122
elephantrum,1,121,84,37,47,3,1,1,50,122
IamapotatoFTW,1,121,82,39,43,6,1,1,49,122
poompachompa,3,119,79,40,39,10,1,3,49,122
MunkyGoCrazy,1,121,78,43,35,13,1,1,48,122
MutedBlue,1,121,80,41,39,9,1,1,48,122
tiny_grenade,1,121,81,40,41,5,1,1,46,122
colonelcavecat,1,121,82,39,43,2,1,1,45,122
asblue91,1,121,78,43,35,7,0,1,42,122
DreamingInDogYears,2,120,74,46,28,13,2,2,41,122
ytrewq2013,1,121,80,41,39,2,1,1,41,122
NastyCrustySock,1,121,79,42,37,0,1,1,37,122
robhoward,1,121,76,45,31,4,1,1,35,122
QueefToast,4,118,66,52,14,17,2,4,31,122
corey0317,5,117,71,46,25,3,5,5,28,122
OneDoesNot,2,120,73,47,26,2,2,2,28,122
AMV_Ph34r,1,121,72,49,23,5,1,1,28,122
StanAuerbach,2,120,71,49,22,4,2,2,26,122
chickm1210,1,121,68,53,15,11,1,1,26,122
Bin4ryB4ndit,1,121,69,52,17,7,1,1,24,122
VoX_PopuIi,1,121,71,50,21,3,1,1,24,122
MrMackay,3,119,63,56,7,9,3,3,16,122
Brit98,1,121,56,65,-9,11,1,1,2,122
aconcernedconsumer,1,121,79,42,37,66,1,0,103,121
DXLLL,1,121,104,17,87,16,1,0,103,121
neanderthalensis,2,120,108,12,96,6,2,1,102,121
Ze_Carioca,1,120,96,24,72,30,1,1,102,121
tidalrave,1,120,88,32,56,45,1,1,101,121
Vessen,1,120,92,28,64,37,1,1,101,121
y2kh8r,1,120,104,16,88,9,1,1,97,121
Thrill_Of_It,1,120,99,21,78,13,1,1,91,121
shanehoustein,1,120,102,18,84,7,0,1,91,121
Trinitykill,1,120,104,16,88,2,1,1,90,121
Loruxz25,1,120,103,17,86,2,1,1,88,121
TrueBasic,1,120,102,18,84,4,1,1,88,121
GhostDays,1,120,98,22,76,10,1,1,86,121
saiyaman9000,2,119,100,19,81,2,2,2,83,121
anentpunk,1,120,100,20,80,2,1,1,82,121
JoshuaGr33n,1,120,96,24,72,9,1,1,81,121
floorpoop,1,120,97,23,74,5,1,1,79,121
berserker793,2,120,93,27,66,12,2,1,78,121
checkitdontwreckit,1,120,95,25,70,8,1,1,78,121
IncessantPedant,1,120,97,23,74,2,1,1,76,121
SJSharks1122,2,119,95,24,71,5,0,2,76,121
OllySho,2,119,95,24,71,4,1,2,75,121
stract,2,119,88,31,57,17,2,2,74,121
Midnightfire123,1,120,95,25,70,4,1,1,74,121
scotties92,1,120,94,26,68,6,1,1,74,121
ofiveo,3,119,88,31,57,16,2,2,73,121
logicalrationaltruth,1,120,94,26,68,5,1,1,73,121
jiroyg,1,120,96,24,72,0,1,1,72,121
jtwFlosper,1,120,88,32,56,14,1,1,70,121
RoundEyed_Asian,1,120,93,27,66,4,0,1,70,121
eppix,1,121,94,27,67,2,1,0,69,121
wutguy,1,120,92,28,64,4,1,1,68,121
reali-tglitch,2,119,83,36,47,19,2,2,66,121
Taintless_J,2,119,88,31,57,9,1,2,66,121
MickeyWallace,2,119,89,30,59,7,0,2,66,121
LxB,5,118,84,34,50,15,5,3,65,121
MattNCheese,1,120,90,30,60,5,1,1,65,121
Nerudah,1,120,92,28,64,0,1,1,64,121
ktothemo,1,120,92,28,64,0,0,1,64,121
geodesic42,1,120,90,30,60,2,1,1,62,121
GwsGeorge,1,120,88,32,56,6,1,1,62,121
anupsan,4,117,89,28,61,0,2,4,61,121
carver2012,2,119,88,31,57,4,1,2,61,121
WarlordGurkha,2,119,80,39,41,19,2,2,60,121
grohb12,1,120,89,31,58,2,1,1,60,121
BobFiggy,1,120,81,39,42,15,1,1,57,121
NamerBomber,1,120,87,33,54,3,1,1,57,121
Umpalumpa47,2,119,85,34,51,5,2,2,56,121
Skatergonnaskate,1,120,82,38,44,10,1,1,54,121
Lxndr5,1,120,84,36,48,5,1,1,53,121
phillyhilly3,2,119,84,35,49,3,1,2,52,121
oiav,1,120,82,38,44,8,0,1,52,121
urikolo,2,119,80,39,41,10,1,2,51,121
Synthetic_Hitman,1,120,84,36,48,2,1,1,50,121
unknown_name,2,119,76,43,33,16,1,2,49,121
othankevan,1,120,76,44,32,16,0,1,48,121
Suleredroh,1,120,80,40,40,7,1,1,47,121
kuchenkopf,1,120,76,44,32,14,1,1,46,121
monkeyguy84,2,120,81,39,42,3,0,1,45,121
Cerpicio,1,120,78,42,36,6,1,1,42,121
OpiateCocktail,1,120,81,39,42,0,1,1,42,121
gamblingbeat,2,119,79,40,39,2,2,2,41,121
underpantsbob,2,119,72,47,25,15,2,2,40,121
mi1kman_dave,2,119,74,45,29,8,2,2,37,121
ragecomics117,3,118,73,45,28,9,1,3,37,121
Scotty_doesnt_kno,1,120,74,46,28,9,1,1,37,121
PeetaMellark,4,117,70,47,23,13,1,4,36,121
sauronthegr8,1,120,76,44,32,4,1,1,36,121
uncleanklebuster,1,121,75,46,29,6,1,0,35,121
AppleBlossom63,3,118,74,44,30,3,2,3,33,121
Bagel_snatcher,2,119,72,47,25,8,2,2,33,121
slowmotionninja,2,120,70,50,20,11,2,1,31,121
Stephen1985,1,120,73,47,26,5,1,1,31,121
TheCian97,1,120,74,46,28,3,1,1,31,121
herpmcderpia,2,119,71,48,23,7,2,2,30,121
ThePunkRock,1,121,72,49,23,5,1,0,28,121
Jaguars16Ws,2,119,69,50,19,8,1,2,27,121
Lee13412,3,118,68,50,18,7,2,3,25,121
orangematic,1,120,72,48,24,0,1,1,24,121
Metallovingent,2,120,66,54,12,11,1,1,23,121
mahoodie,4,117,69,48,21,0,2,4,21,121
muckitymuck,1,120,65,55,10,7,1,1,17,121
branbm3,1,120,63,57,6,10,1,1,16,121
Lystuya,1,120,104,16,88,29,1,0,117,120
CaptainMcSwag,1,119,94,25,69,40,1,1,109,120
mynameisREX,1,119,107,12,95,8,0,1,103,120
superhumanbacon,1,119,105,14,91,7,0,1,98,120
xjackigenocidex,4,116,103,13,90,2,2,4,92,120
unholyrage,1,120,102,18,84,7,1,0,91,120
Jid11,1,119,101,18,83,4,1,1,87,120
tanker_,1,119,92,27,65,21,0,1,86,120
MrP3rfect,1,119,100,19,81,3,1,1,84,120
Blackhawx73,2,118,96,22,74,8,2,2,82,120
Rutz0r,1,119,98,21,77,5,1,1,82,120
ZuesAndHisBeard,1,120,99,21,78,3,1,0,81,120
MormonCorridor,1,119,99,20,79,0,1,1,79,120
Hotcocomoco,2,118,97,21,76,0,2,2,76,120
5give5get,2,118,97,21,76,0,1,2,76,120
Get_Tryhard,1,119,92,27,65,11,1,1,76,120
nzsteeze,1,119,97,22,75,0,1,1,75,120
jfraz257,2,118,90,28,62,12,2,2,74,120
luckyday13,1,119,95,24,71,2,1,1,73,120
Snaggle21,1,119,84,35,49,24,1,1,73,120
ThatBritishKid,1,119,94,25,69,0,1,1,69,120
HumourNoir,1,119,92,27,65,4,0,1,69,120
WilliamLamber,1,119,92,27,65,4,0,1,69,120
Dicko1100,2,118,89,29,60,7,2,2,67,120
Tudmak,1,119,89,30,59,7,1,1,66,120
oraclefish,1,119,90,29,61,2,1,1,63,120
Whaleman1234,1,119,88,31,57,6,0,1,63,120
Madous,2,118,75,43,32,29,2,2,61,120
mama_llama,2,118,85,33,52,9,2,2,61,120
jakem52,2,118,88,30,58,2,0,2,60,120
alexmunse,2,119,88,31,57,2,1,1,59,120
DeltaTheDynosaur,1,119,89,30,59,0,1,1,59,120
iStephen24x7,1,119,88,31,57,0,1,1,57,120
wjfox2009,2,118,84,34,50,5,2,2,55,120
ironthrone,1,119,85,34,51,3,1,1,54,120
Gnarwhalrus,2,119,81,38,43,10,2,1,53,120
scRp1,2,118,80,38,42,11,2,2,53,120
AnjohnsPez,1,119,84,35,49,4,1,1,53,120
elijscott,1,120,69,51,18,35,1,0,53,120
Sightful,2,118,82,36,46,6,2,2,52,120
Felipebinda2,1,119,83,36,47,5,1,1,52,120
Appeljuice,2,120,83,37,46,5,2,0,51,120
woppatown,2,119,73,46,27,24,2,1,51,120
free2game,1,119,85,34,51,0,1,1,51,120
topherherb,2,118,82,36,46,4,2,2,50,120
g2g4m10,1,119,83,36,47,2,1,1,49,120
IAmJacksReddit343,1,119,78,41,37,12,1,1,49,120
ZmAbO,1,119,80,39,41,6,1,1,47,120
immiabhinav,5,115,79,36,43,3,3,5,46,120
HANDBALL_IS_AWESOME,2,118,81,37,44,2,2,2,46,120
NattyBo,1,119,77,42,35,11,1,1,46,120
samanthalillian,1,119,81,38,43,3,0,1,46,120
Tyson324,1,119,74,45,29,17,0,1,46,120
unknownreddit,1,119,79,40,39,5,0,1,44,120
FartKilometre,1,119,81,38,43,0,1,1,43,120
Bottlejuice,1,119,79,40,39,3,1,1,42,120
Blancer,1,119,78,41,37,2,1,1,39,120
J3NGA,1,119,77,42,35,4,1,1,39,120
Mona_Lisa_Smile,3,117,73,44,29,8,3,3,37,120
adrian_moriarti,2,118,73,45,28,9,2,2,37,120
daphnedib,1,119,75,44,31,5,1,1,36,120
duckwizzle,1,119,75,44,31,5,1,1,36,120
WindyCityRockr,2,118,75,43,32,2,1,2,34,120
BrzdaCZ666,1,119,70,49,21,9,1,1,30,120
neurotic_robot,1,120,72,48,24,5,1,0,29,120
Re-Define,1,119,71,48,23,4,1,1,27,120
ImJewish,4,116,62,54,8,16,3,4,24,120
BigMcLargeHuge17,3,117,69,48,21,2,3,3,23,120
linucs,3,117,61,56,5,18,2,3,23,120
Caic,1,119,69,50,19,4,1,1,23,120
UnholyEntity,1,119,68,51,17,4,1,1,21,120
Pinkysmom7,1,119,67,52,15,5,1,1,20,120
Frat_Panda,4,116,61,55,6,4,4,4,10,120
SamReidn,3,118,52,66,-14,11,2,2,-3,120
Illuminatesfolly,1,118,107,11,96,4,1,1,100,119
Pacifists3,1,118,107,11,96,4,1,1,100,119
Stamm,1,118,104,14,90,10,0,1,100,119
drunxor,3,116,98,18,80,13,2,3,93,119
HelicopterPenor,1,118,100,18,82,11,0,1,93,119
niceeeeeeeeeeeeeeee,1,118,101,17,84,7,1,1,91,119
Lizardd,1,119,98,21,77,11,1,0,88,119
kikism,1,118,101,17,84,2,1,1,86,119
T-Waldo,1,118,86,32,54,31,1,1,85,119
kylechloe66,1,118,100,18,82,2,1,1,84,119
igneus,2,119,93,26,67,12,1,0,79,119
Marco1337,1,118,96,22,74,5,1,1,79,119
seasquared,2,118,95,23,72,7,1,1,79,119
tonny1188,1,119,97,22,75,0,1,0,75,119
LowTower,1,118,93,25,68,6,1,1,74,119
ChattyCathy2000,1,118,92,26,66,7,1,1,73,119
718458,2,117,92,25,67,2,1,2,69,119
RedManDancing,1,118,90,28,62,7,1,1,69,119
jc92,1,119,92,27,65,3,1,0,68,119
Thund3rbolt,4,116,89,27,62,6,1,3,68,119
wawaboy2,1,119,92,27,65,2,1,0,67,119
Targ,3,117,81,36,45,21,3,2,66,119
Coletrain17,1,118,90,28,62,3,1,1,65,119
Gooped,1,119,90,29,61,4,1,0,65,119
mikere,2,117,85,32,53,11,1,2,64,119
skollierabbit,2,117,88,29,59,4,2,2,63,119
tronrocks,1,118,84,34,50,12,1,1,62,119
Nightwing3,1,118,87,31,56,4,1,1,60,119
cruddychicken,1,118,85,33,52,8,0,1,60,119
brentbuchanan,2,117,85,32,53,6,2,2,59,119
Sayyed_saif,2,117,82,35,47,11,2,2,58,119
mustache_cashstash,1,118,88,30,58,0,1,1,58,119
swisscows,2,118,80,38,42,12,2,1,54,119
bobieggo,3,116,75,41,34,19,2,3,53,119
gdunc,1,118,85,33,52,0,1,1,52,119
jesses2,1,118,83,35,48,4,1,1,52,119
Cdball,1,118,83,35,48,3,1,1,51,119
albeQQ,2,117,80,37,43,5,2,2,48,119
zekedafreak,1,119,81,38,43,5,1,0,48,119
ctokey,1,118,80,38,42,6,0,1,48,119
riomarde,1,118,79,39,40,7,1,1,47,119
laguinaga1251,1,118,71,47,24,21,0,1,45,119
tactlesswonder,1,118,77,41,36,8,1,1,44,119
docodine,1,119,78,41,37,6,1,0,43,119
Z3phyrus,1,118,79,39,40,3,1,1,43,119
Fluffymuffinman,1,118,75,43,32,10,1,1,42,119
smackezie23,1,118,80,38,42,0,1,1,42,119
Xzavios,1,118,76,42,34,7,1,1,41,119
Eno-Nettogrof,4,115,71,44,27,13,3,4,40,119
poopshark,1,118,71,47,24,14,1,1,38,119
sval,1,118,76,42,34,3,1,1,37,119
furryplatypus,4,115,71,44,27,8,4,4,35,119
4O4_NotFound,2,117,75,42,33,2,2,2,35,119
Trollvarc,1,118,69,49,20,15,1,1,35,119
SlyyyTendencies,2,117,73,44,29,5,2,2,34,119
thegreatbellyflop55,3,116,71,45,26,7,3,3,33,119
STABS_WITH_SPOONS,2,117,73,44,29,2,2,2,31,119
Evaleska,1,118,72,46,26,5,0,1,31,119
moundown,5,114,59,55,4,19,2,5,23,119
BuiltWithAwesome,2,117,66,51,15,6,2,2,21,119
warzero,1,118,61,57,4,7,0,1,11,119
Bazgani,1,118,53,65,-12,2,1,1,-10,119
dmightx,1,117,105,12,93,12,1,1,105,118
oddball456,1,117,104,13,91,5,1,1,96,118
BaconWallet,1,117,103,14,89,2,1,1,91,118
billybrown,1,117,104,13,91,0,1,1,91,118
mlsherrod,1,117,102,15,87,3,1,1,90,118
yahussain123,1,117,100,17,83,7,1,1,90,118
Contastic,1,118,100,18,82,4,1,0,86,118
hockeyson,1,117,100,17,83,2,1,1,85,118
The_Irishman,1,117,99,18,81,2,1,1,83,118
Burnsounet,1,117,94,23,71,9,1,1,80,118
Tiny9915,2,116,92,24,68,12,1,2,80,118
BromaEmpire,1,117,96,21,75,4,1,1,79,118
stanfan114,1,117,92,25,67,7,1,1,74,118
matdrawment,1,117,86,31,55,17,1,1,72,118
tank_girl_90,1,117,93,24,69,3,1,1,72,118
kbrun1982,1,117,93,24,69,2,1,1,71,118
tehtrolololol,1,117,91,26,65,6,1,1,71,118
darksober,1,117,82,35,47,23,1,1,70,118
GhoulGamer,1,117,88,29,59,10,1,1,69,118
kucingkarung,1,118,89,29,60,9,1,0,69,118
stenborg,1,117,88,29,59,9,1,1,68,118
pman5595,4,115,82,33,49,18,4,3,67,118
LeonardNemoysHead,1,117,89,28,61,3,1,1,64,118
GorgosaurusLibratus,1,117,87,30,57,6,0,1,63,118
ninjababy,2,117,78,39,39,23,2,1,62,118
RWS1030,2,116,84,32,52,10,1,2,62,118
neonwhite,1,117,86,31,55,5,1,1,60,118
xXRoflFalafelXx,1,117,82,35,47,13,1,1,60,118
SL8Rfan,2,116,85,31,54,5,2,2,59,118
potsmoker420,1,117,86,31,55,4,1,1,59,118
iklove,3,115,83,32,51,7,2,3,58,118
postdarwin,1,118,86,32,54,4,1,0,58,118
TriZzz,1,117,86,31,55,3,1,1,58,118
TexasCyclone96,1,117,82,35,47,8,1,1,55,118
ubercanucksfan,4,114,79,35,44,10,2,4,54,118
GueroCabron,1,117,84,33,51,3,1,1,54,118
ManTaters,1,117,84,33,51,3,1,1,54,118
Scarytownterminator,1,117,84,33,51,3,1,1,54,118
Haleljacob,3,115,80,35,45,8,3,3,53,118
ruff0214,3,115,82,33,49,2,3,3,51,118
Pandanmonium,1,117,79,38,41,10,1,1,51,118
dickclear,1,118,82,36,46,4,1,0,50,118
jankiel,2,117,78,39,39,7,2,1,46,118
SmartAssUsername,2,116,77,39,38,8,2,2,46,118
julia068,1,118,80,38,42,4,1,0,46,118
jfwang,1,117,71,46,25,20,1,1,45,118
the_k_i_n_g,4,114,79,35,44,0,1,4,44,118
less_than_nick,1,117,77,40,37,5,1,1,42,118
ImWastingMyTime,2,116,74,42,32,8,1,2,40,118
Axist,1,117,77,40,37,2,1,1,39,118
g0disd3ad,2,116,73,43,30,7,2,2,37,118
hanoobslag,2,116,72,44,28,9,2,2,37,118
Floonet,1,118,65,53,12,25,1,0,37,118
VeritasJen,1,117,72,45,27,9,1,1,36,118
Adium,1,118,75,43,32,3,1,0,35,118
Fj0ergyn,1,118,74,44,30,5,1,0,35,118
Diablo_,1,117,66,51,15,17,1,1,32,118
Ravencrush,1,117,69,48,21,11,1,1,32,118
BeyondLiquid,2,116,66,50,16,14,2,2,30,118
white_as_phuck,1,117,68,49,19,8,1,1,27,118
SaceGhost,1,117,69,48,21,4,1,1,25,118
kionii,1,117,64,53,11,6,1,1,17,118
MattGarryMark,1,117,65,52,13,4,1,1,17,118
vikes28,1,117,63,54,9,6,1,1,15,118
R99,1,117,33,84,-51,57,1,1,6,118
irock165,3,115,55,60,-5,3,2,3,-2,118
moebob24,1,116,106,10,96,5,1,1,101,117
Trint,1,116,99,17,82,15,1,1,97,117
red_right_88,1,117,103,14,89,6,1,0,95,117
stoogies,1,116,96,20,76,17,1,1,93,117
dolani,1,116,104,12,92,0,1,1,92,117
NoodleWorm64,1,116,88,28,60,30,1,1,90,117
greg0ry,1,116,100,16,84,0,1,1,84,117
Moronoo,1,117,97,20,77,7,1,0,84,117
ericbdizzle,1,116,99,17,82,0,1,1,82,117
Bender22,1,117,89,28,61,18,1,0,79,117
Ghigai,1,116,93,23,70,8,1,1,78,117
swampfox_spartacus,3,114,95,19,76,0,2,3,76,117
Libberator,1,116,92,24,68,6,1,1,74,117
PoisonIvvy,3,114,87,27,60,12,3,3,72,117
almantimes2,1,116,94,22,72,0,1,1,72,117
nolandachief,2,117,85,32,53,15,0,0,68,117
MeGuStAcHuCkNorRiS,1,116,86,30,56,9,1,1,65,117
Xero_XYZ,3,114,83,31,52,11,2,3,63,117
Mixed-Signals,1,116,86,30,56,6,1,1,62,117
Thetom5000,1,116,85,31,54,6,0,1,60,117
BaconGoneWild69,1,116,86,30,56,3,1,1,59,117
HellsquidsIntl,1,116,85,31,54,5,1,1,59,117
Buttpudding,1,117,75,42,33,25,1,0,58,117
Captainstarbucs,1,117,87,30,57,0,1,0,57,117
Commander_Ninja,1,116,83,33,50,5,1,1,55,117
Impossible24,1,116,82,34,48,7,1,1,55,117
misterglass,1,116,83,33,50,5,1,1,55,117
mike041220,1,116,81,35,46,8,1,1,54,117
OptimumTunic,1,116,82,34,48,5,0,1,53,117
Captain_Kuhl,1,116,82,34,48,4,1,1,52,117
ProcDiadochu,1,116,82,34,48,3,1,1,51,117
Code_wizard,2,115,80,35,45,4,2,2,49,117
tehreal,2,115,78,37,41,7,2,2,48,117
INEEDMILK,3,114,73,41,32,14,2,3,46,117
truebluead,3,115,78,37,41,5,1,2,46,117
KingGeb21,1,116,77,39,38,6,1,1,44,117
quicknick117,1,116,77,39,38,5,1,1,43,117
CorrectUsername,2,115,68,47,21,20,2,2,41,117
bigz22,1,116,75,41,34,7,1,1,41,117
SyKoHPaTh,1,116,74,42,32,3,1,1,35,117
fratking,1,116,68,48,20,14,1,1,34,117
RambunctiousWookiee,1,116,70,46,24,10,1,1,34,117
MrxTrollmaster,1,116,70,46,24,5,1,1,29,117
seanrjenkins,2,115,70,45,25,2,2,2,27,117
Sampsunsmith,1,116,64,52,12,14,1,1,26,117
poeticdisaster,1,116,68,48,20,5,1,1,25,117
lcfurst,1,116,68,48,20,4,1,1,24,117
dustin5565,2,115,62,53,9,14,1,2,23,117
dareao,1,115,92,23,69,45,1,1,114,116
Marzepans,1,116,109,7,102,7,1,0,109,116
diblas,1,115,104,11,93,3,1,1,96,116
stephencolon,1,115,102,13,89,7,1,1,96,116
Jbraun801,1,116,96,20,76,15,1,0,91,116
spike0918,1,115,102,13,89,2,1,1,91,116
eehhh,1,115,101,14,87,2,1,1,89,116
millerswiller,2,114,99,15,84,5,1,2,89,116
Ourteamgreen,1,115,90,25,65,21,1,1,86,116
veddy_interesting,2,114,97,17,80,5,2,2,85,116
siborg51,3,113,97,16,81,2,2,3,83,116
gelectrode,1,115,96,19,77,2,1,1,79,116
lolabuster,1,115,86,29,57,22,1,1,79,116
NYR99,1,115,97,18,79,0,1,1,79,116
kdawg912,1,115,93,22,71,7,1,1,78,116
effegenio,1,115,89,26,63,15,0,1,78,116
EyeParty,1,116,94,22,72,5,1,0,77,116
mcaleste,1,115,96,19,77,0,1,1,77,116
Schlong_Gobbler,1,115,96,19,77,0,1,1,77,116
Crimsongrey,1,115,93,22,71,5,1,1,76,116
deepobedience,1,115,74,41,33,40,1,1,73,116
rooparoop,1,115,91,24,67,3,1,1,70,116
SocialistBunny,1,115,91,24,67,3,1,1,70,116
alexincode,2,116,86,30,56,12,1,0,68,116
BubbaLovely,1,115,90,25,65,3,1,1,68,116
shortbusoneohone,2,115,90,25,65,2,2,1,67,116
killercatz,1,115,80,35,45,21,1,1,66,116
Adaekor,1,115,89,26,63,2,1,1,65,116
JWoodzy,1,115,85,30,55,9,1,1,64,116
belgoran,1,116,71,45,26,37,1,0,63,116
AyYiYii,2,114,88,26,62,0,2,2,62,116
mikenev512,1,115,83,32,51,11,1,1,62,116
VWVVV,2,114,78,36,42,20,0,2,62,116
Coolwell,1,115,87,28,59,2,1,1,61,116
kaylalden,1,115,86,29,57,0,1,1,57,116
tjdavids,1,115,83,32,51,5,1,1,56,116
falling2fast,1,115,82,33,49,3,1,1,52,116
pantsareamyth,1,115,76,39,37,15,1,1,52,116
jetsparrow,1,116,82,34,48,2,1,0,50,116
Reesy,1,115,80,35,45,5,1,1,50,116
mookusmaximus05,1,116,78,38,40,6,1,0,46,116
Cthululz,1,115,79,36,43,2,1,1,45,116
Masian,2,114,76,38,38,6,2,2,44,116
Twitch8605,1,115,74,41,33,8,1,1,41,116
GNicholson25,1,115,75,40,35,5,1,1,40,116
shadowh511,1,115,72,43,29,10,1,1,39,116
voxorz,1,116,74,42,32,6,1,0,38,116
WhyImNotDoingWork,1,115,73,42,31,7,1,1,38,116
Jaquatic,2,114,70,44,26,10,1,2,36,116
Zanards,1,115,75,40,35,0,0,1,35,116
Remi749,1,115,72,43,29,4,1,1,33,116
panda_nectar,2,114,68,46,22,7,2,2,29,116
WholeWideWorld,2,114,69,45,24,5,1,2,29,116
jetlifemanuva,1,115,71,44,27,0,1,1,27,116
arkady123,3,113,60,53,7,17,1,3,24,116
BlueChairRunner,1,115,67,48,19,5,1,1,24,116
crazyfreak316,1,115,64,51,13,10,1,1,23,116
IAmAnAnonymousCoward,1,115,61,54,7,16,1,1,23,116
Reapers321,1,115,68,47,21,2,1,1,23,116
Shadowcrow00,1,115,65,50,15,8,1,1,23,116
Elguappo,1,115,53,62,-9,11,1,1,2,116
scsunerd,1,114,95,19,76,47,1,1,123,115
thegodsarepleased,1,114,93,21,72,24,1,1,96,115
Chiyote,1,114,100,14,86,9,1,1,95,115
moose_man,1,114,86,28,58,34,1,1,92,115
Cpaleologou,1,114,98,16,82,3,0,1,85,115
Nahtan90,1,114,97,17,80,3,1,1,83,115
MrJeeves101,1,115,97,18,79,3,1,0,82,115
Xeonit,1,114,98,16,82,0,0,1,82,115
jdkeric,1,114,93,21,72,8,1,1,80,115
phagocyte27,1,114,96,18,78,2,1,1,80,115
Barry_Legal,1,114,93,21,72,6,1,1,78,115
erazer2211,2,113,94,19,75,0,2,2,75,115
chitibang,1,115,93,22,71,3,1,0,74,115
TWOoneEIGHT,1,114,92,22,70,4,1,1,74,115
BurnieC,1,114,91,23,68,5,1,1,73,115
hobackster81,1,114,84,30,54,14,1,1,68,115
djplumking,1,114,88,26,62,4,1,1,66,115
jrodri53,1,114,87,27,60,4,1,1,64,115
BaronVonWeiss,1,114,82,32,50,13,1,1,63,115
deefees,1,114,72,42,30,33,1,1,63,115
dhgamache,1,114,86,28,58,4,1,1,62,115
bongdickbong,1,115,80,35,45,16,1,0,61,115
Sieg7Hills,2,113,84,29,55,6,1,2,61,115
TheUngracefulBear,1,114,85,29,56,3,1,1,59,115
jack_monahan,5,110,83,27,56,2,3,5,58,115
saint69,1,114,85,29,56,0,1,1,56,115
newhell,3,112,80,32,48,7,3,3,55,115
Z0mbieFred,1,115,85,30,55,0,1,0,55,115
back2square1,2,113,80,33,47,7,2,2,54,115
petersucks,1,114,84,30,54,0,1,1,54,115
thesilverbandit,1,114,82,32,50,3,1,1,53,115
killerofgiants,1,114,80,34,46,5,1,1,51,115
swimmer23,1,115,80,35,45,6,1,0,51,115
unicornlounge,1,114,79,35,44,7,0,1,51,115
Monkeybarsixx,1,114,82,32,50,0,1,1,50,115
EdmondCorcoran,1,114,80,34,46,3,1,1,49,115
Idiot_drunkard,1,114,77,37,40,9,1,1,49,115
Tosupremacy,2,113,79,34,45,3,2,2,48,115
thepitz,1,114,78,36,42,5,1,1,47,115
Guitarmansam,1,114,77,37,40,6,1,1,46,115
CokeMakesYouHigh,1,114,79,35,44,0,1,1,44,115
GrandMoffJed,2,113,74,39,35,8,2,2,43,115
avoidedlife,1,115,77,38,39,4,1,0,43,115
BARBAC0A,1,114,74,40,34,9,1,1,43,115
XYRecoilToTheFace,2,113,72,41,31,12,1,2,43,115
cristinaburrito,1,114,74,40,34,8,1,1,42,115
athray,1,114,75,39,36,4,1,1,40,115
thered0390,2,113,73,40,33,6,2,2,39,115
titsmcgee88,1,114,71,43,28,11,1,1,39,115
RhombusArkadia,1,114,74,40,34,3,1,1,37,115
Tuimz,1,114,74,40,34,3,1,1,37,115
dman0821,1,114,73,41,32,3,1,1,35,115
staanje,1,114,71,43,28,6,1,1,34,115
snwalters,2,113,69,44,25,7,1,2,32,115
Atmo-Sphere,1,114,63,51,12,18,1,1,30,115
Matiti60,1,114,67,47,20,8,1,1,28,115
ieatflies,1,114,67,47,20,7,1,1,27,115
mittenbuttons,1,114,63,51,12,12,1,1,24,115
Hauptimus,2,114,65,49,16,7,1,1,23,115
Queefmonlee,1,114,65,49,16,7,1,1,23,115
Srirachachacha,1,115,65,50,15,8,1,0,23,115
optikshell,1,114,64,50,14,4,1,1,18,115
tizzlemayne,1,114,62,52,10,6,1,1,16,115
Rourke99,5,110,56,54,2,4,2,5,6,115
t3kn0p3rf3ct,1,113,101,12,89,3,1,1,92,114
giocondo,1,113,97,16,81,9,1,1,90,114
Dr_Toast,1,114,99,15,84,3,1,0,87,114
stoke3,2,113,98,15,83,4,0,1,87,114
graybeards,1,114,95,19,76,10,1,0,86,114
treestump8,1,113,96,17,79,7,1,1,86,114
takowolf,1,113,93,20,73,8,1,1,81,114
crystalmcduff,1,113,95,18,77,2,1,1,79,114
ZeM3D,1,113,89,24,65,14,1,1,79,114
Maxamilliano,1,113,92,21,71,7,1,1,78,114
G1NGER,1,114,92,22,70,4,1,0,74,114
BillyOMorris,1,113,92,21,71,2,1,1,73,114
petler477,3,112,91,21,70,2,3,2,72,114
ilikecheeseOFWGKTA,1,113,86,27,59,12,1,1,71,114
Robotsquidbee,1,113,92,21,71,0,1,1,71,114
jamiesonstation,2,112,70,42,28,42,2,2,70,114
weggles,1,114,80,34,46,24,1,0,70,114
joreo7,1,113,90,23,67,3,0,1,70,114
Umaro2k,1,114,82,32,50,18,1,0,68,114
ConfusedWhale,1,113,89,24,65,3,0,1,68,114
sammerkblammer,1,113,87,26,61,6,1,1,67,114
2971,1,113,90,23,67,0,0,1,67,114
Lycomedes,2,112,85,27,58,8,2,2,66,114
c22b5f9178342609428d,1,113,75,38,37,29,1,1,66,114
rabidgrannie,1,113,86,27,59,6,1,1,65,114
galaxymaster,1,113,80,33,47,14,1,1,61,114
Skjellnir,1,114,85,29,56,5,1,0,61,114
uncle_coke,1,113,87,26,61,0,0,1,61,114
Teewhy4kill,2,112,79,33,46,13,2,2,59,114
IrvingI80,1,113,85,28,57,2,1,1,59,114
alex2022,1,113,84,29,55,3,1,1,58,114
King-of-Spades42,1,113,80,33,47,11,1,1,58,114
wherethebaby,1,113,80,33,47,11,1,1,58,114
monodelab,1,113,80,33,47,10,0,1,57,114
PartlyCloud,2,112,80,32,48,8,2,2,56,114
Bluefire9432,2,112,80,32,48,8,0,2,56,114
PapaSeven,4,111,80,31,49,5,4,3,54,114
cullionlybrush,1,113,75,38,37,17,0,1,54,114
Trimmedpaper,1,113,81,32,49,4,1,1,53,114
very_sensational,1,113,80,33,47,6,0,1,53,114
futhermucker0,1,113,81,32,49,3,1,1,52,114
zerofucksgiven000,2,113,80,33,47,4,2,1,51,114
SpruxHD,1,113,82,31,51,0,1,1,51,114
supafuzz,1,113,77,36,41,10,0,1,51,114
DallasSF,2,112,75,37,38,12,2,2,50,114
FVFurious,1,113,80,33,47,3,1,1,50,114
Caboose255,1,113,80,33,47,2,1,1,49,114
fa_cube_itch,1,113,76,37,39,9,1,1,48,114
oracle989,1,113,78,35,43,5,1,1,48,114
Honkey-Kong,1,113,77,36,41,6,1,1,47,114
theworkingmanskiwi,1,113,78,35,43,4,1,1,47,114
ben-ew,1,113,76,37,39,7,1,1,46,114
Upvotesfor_everyone,1,113,78,35,43,3,1,1,46,114
otroquatrotipo,1,113,73,40,33,12,1,1,45,114
hwachob95,1,113,77,36,41,3,1,1,44,114
Sly_Doug,1,113,76,37,39,5,1,1,44,114
RedemptionOverture,1,113,78,35,43,0,1,1,43,114
FearlessFreak101,6,110,75,35,40,2,1,4,42,114
Tegyukfel,1,114,76,38,38,4,1,0,42,114
AnimationNation,1,113,77,36,41,0,1,1,41,114
ericgtr1,1,113,71,42,29,11,1,1,40,114
greywood,1,113,68,45,23,15,1,1,38,114
bekman,1,113,72,41,31,6,1,1,37,114
meetjanedoe,2,112,69,43,26,10,1,2,36,114
DoYouLikeMyName27,2,112,72,40,32,2,1,2,34,114
Sicaida,1,113,70,43,27,7,1,1,34,114
viktorguerrero,2,114,68,46,22,10,2,0,32,114
Dreckerr,1,114,70,44,26,4,1,0,30,114
PurpleRainMage,1,113,70,43,27,3,1,1,30,114
Zomgski,4,110,66,44,22,7,3,4,29,114
kronikwombat,1,113,67,46,21,8,1,1,29,114
alexohno,4,111,65,46,19,9,4,3,28,114
well_fuck_me,1,113,65,48,17,10,1,1,27,114
Vinnyb90,2,113,67,46,21,5,2,1,26,114
googiebump,1,114,69,45,24,2,1,0,26,114
SuperDrawBrah,1,113,63,50,13,9,1,1,22,114
cwlosek,4,110,64,46,18,2,2,4,20,114
Braukunst,1,113,61,52,9,6,1,1,15,114
nomegustanosleep,3,111,59,52,7,7,3,3,14,114
MAKE_THIS_POLITICAL,1,113,61,52,9,4,1,1,13,114
Ashleemorgan0706,3,111,57,54,3,4,3,3,7,114
thmz,1,112,99,13,86,24,1,1,110,113
winningatlife,1,112,102,10,92,0,1,1,92,113
Baconynarwhal,1,112,93,19,74,13,1,1,87,113
WallOfPeanuts,1,112,95,17,78,9,0,1,87,113
LandHamburger,1,112,97,15,82,3,1,1,85,113
NilCealum,1,112,96,16,80,4,1,1,84,113
CenturyPunk,1,112,95,17,78,5,1,1,83,113
Romans83839,1,112,96,16,80,3,1,1,83,113
dwaxe,1,112,94,18,76,6,1,1,82,113
iwillnotentermyname,1,112,94,18,76,6,1,1,82,113
mehhman,1,112,96,16,80,2,1,1,82,113
Orapac,1,112,91,21,70,12,1,1,82,113
whitekidjulie,2,112,90,22,68,13,0,1,81,113
BillOneyPaige,1,112,94,18,76,3,1,1,79,113
TheAmazingSkoof,2,111,89,22,67,11,1,2,78,113
Bloodpig115,1,112,86,26,60,16,1,1,76,113
ashV2,1,113,89,24,65,9,1,0,74,113
fly_bird,1,112,90,22,68,5,1,1,73,113
TonyPerkin,1,112,84,28,56,17,0,1,73,113
cheezus_lives,3,110,88,22,66,6,2,3,72,113
radicaL3i,1,113,90,23,67,2,1,0,69,113
pbowling808,1,113,88,25,63,5,1,0,68,113
The_Cat_Collector,1,112,88,24,64,4,1,1,68,113
vetcmb,1,112,84,28,56,11,1,1,67,113
dj23,1,112,89,23,66,0,1,1,66,113
NobodyCaresAnyway,1,112,85,27,58,4,1,1,62,113
ablinktoremember,1,112,84,28,56,5,0,1,61,113
Anotymous,1,112,84,28,56,4,0,1,60,113
twoclose,1,112,85,27,58,0,1,1,58,113
badaboombadabing,2,112,81,31,50,7,2,1,57,113
pohng0bohl,5,108,79,29,50,6,2,5,56,113
Smagmuck,1,112,82,30,52,3,1,1,55,113
BrandonDowell123,2,112,83,29,54,0,2,1,54,113
ManSlank,1,113,82,31,51,2,1,0,53,113
ccccccchhhhhhhhhhhh,2,111,76,35,41,11,2,2,52,113
hamburger_helper,1,112,72,40,32,19,1,1,51,113
TheWhiteSpark,1,112,80,32,48,3,1,1,51,113
Troll_Logic,3,110,77,33,44,5,3,3,49,113
VoteJewbama,2,111,75,36,39,10,2,2,49,113
Charming_fish,3,111,71,40,31,16,2,2,47,113
jakehowardparkour,5,108,75,33,42,4,4,5,46,113
Tallahesey,1,112,79,33,46,0,1,1,46,113
didnt1able,3,110,67,43,24,21,3,3,45,113
MadMageMC,1,112,73,39,34,10,1,1,44,113
PapaSuchong,2,111,77,34,43,0,2,2,43,113
dhicock,1,112,74,38,36,6,1,1,42,113
meanderingmalcontent,1,112,73,39,34,5,1,1,39,113
MidgetTigerSon,1,112,74,38,36,3,0,1,39,113
Elsumo,1,112,72,40,32,6,1,1,38,113
hell_on_heels,1,112,67,45,22,16,0,1,38,113
Epicon3,3,110,70,40,30,6,2,3,36,113
austinjval,1,112,71,41,30,6,1,1,36,113
mayorjimmy,1,112,72,40,32,4,1,1,36,113
Rainbow_Cabbage,1,112,71,41,30,6,1,1,36,113
hannahsaywhat,2,111,73,38,35,0,1,2,35,113
fkymail,1,112,71,41,30,3,1,1,33,113
kaataay,3,110,69,41,28,5,1,3,33,113
fos4545,1,112,71,41,30,2,1,1,32,113
Legendoftbag,1,112,70,42,28,4,1,1,32,113
gogofoward,1,112,63,49,14,15,1,1,29,113
wailmer,2,111,65,46,19,9,2,2,28,113
Fish38,1,113,59,54,5,22,1,0,27,113
wicked2night,1,112,67,45,22,5,1,1,27,113
awwwhellno,1,112,65,47,18,7,1,1,25,113
bamfindian,1,112,61,51,10,15,1,1,25,113
LauraAnne7,1,112,60,52,8,17,1,1,25,113
SpinyLumpsucker,1,112,67,45,22,3,1,1,25,113
RedGaiter,4,109,63,46,17,2,4,4,19,113
vinylmagick,1,112,63,49,14,5,1,1,19,113
EpicGoats,4,110,62,48,14,3,4,3,17,113
fat_fatties,2,111,59,52,7,10,2,2,17,113
idgman94,1,112,59,53,6,4,1,1,10,113
CVBrownie,1,111,94,17,77,23,1,1,100,112
offthecase,1,111,89,22,67,32,1,1,99,112
jxp497,1,111,103,8,95,4,0,1,99,112
Glonn,1,111,87,24,63,35,1,1,98,112
kingmafusa,1,112,101,11,90,3,1,0,93,112
Tabdelineated,3,109,98,11,87,2,1,3,89,112
Nipe7,1,111,94,17,77,11,1,1,88,112
dutcher1775,2,110,93,17,76,9,1,2,85,112
keyblur,1,111,95,16,79,6,1,1,85,112
samandstuff,1,111,80,31,49,36,1,1,85,112
no_daddy_nooo,1,111,91,20,71,13,1,1,84,112
canucklehead13,1,111,91,20,71,10,1,1,81,112
unclemofo,1,111,94,17,77,3,1,1,80,112
watchthenlearn,1,112,92,20,72,6,1,0,78,112
AlexWeeks,1,111,89,22,67,8,1,1,75,112
arch_guy,1,111,92,19,73,2,1,1,75,112
peacebyfire,1,111,92,19,73,2,1,1,75,112
Sypris,1,111,89,22,67,7,1,1,74,112
SnakestJ91,2,110,87,23,64,8,1,2,72,112
ThePerpitrator,1,111,90,21,69,2,1,1,71,112
ColonelSandwich,1,111,89,22,67,3,1,1,70,112
Reddit_is_my_friend,1,112,88,24,64,6,1,0,70,112
svatos28,1,112,77,35,42,28,1,0,70,112
TimIndsto,1,111,84,27,57,12,0,1,69,112
cowboyhaze,1,111,85,26,59,9,1,1,68,112
smithofadown,1,112,89,23,66,2,1,0,68,112
Goronsteak,2,110,85,25,60,7,2,2,67,112
ewoolsey,2,111,88,23,65,2,1,1,67,112
khands,1,111,82,29,53,13,1,1,66,112
Saccborg,1,111,86,25,61,5,1,1,66,112
l33tSpeak,1,112,86,26,60,4,1,0,64,112
krumpetpirate,1,111,83,28,55,9,0,1,64,112
maaaaar,1,111,83,28,55,8,1,1,63,112
jerkidiot,2,111,83,28,55,7,2,1,62,112
Tomcez,1,111,84,27,57,5,1,1,62,112
Trust_Me_Im_A_Docter,2,110,83,27,56,5,1,2,61,112
oshikko,2,110,82,28,54,6,2,2,60,112
Poopfeast420boner,1,111,78,33,45,11,1,1,56,112
Macorian,1,111,80,31,49,4,1,1,53,112
Bobaganoosh,1,112,80,32,48,4,1,0,52,112
sink_head,1,112,77,35,42,10,1,0,52,112
InterwebCeleb,1,111,80,31,49,2,1,1,51,112
tazjin,1,111,78,33,45,6,1,1,51,112
hippopotacat,2,111,75,36,39,11,2,1,50,112
airid,1,111,79,32,47,3,1,1,50,112
StarvingEthiopian,1,112,79,33,46,4,1,0,50,112
therepostmachine,1,111,78,33,45,4,1,1,49,112
triple_rainbow,2,111,76,35,41,7,2,1,48,112
badastronaut7,1,111,75,36,39,8,1,1,47,112
chri740s,1,111,78,33,45,2,1,1,47,112
Vlade_dade,1,111,77,34,43,4,1,1,47,112
wheeow,1,111,76,35,41,6,1,1,47,112
DarkDiglett,2,110,76,34,42,4,2,2,46,112
dsummerhill,1,111,77,34,43,2,1,1,45,112
Bigravsss,1,112,62,50,12,31,1,0,43,112
clark111175,1,111,76,35,41,2,1,1,43,112
Dirtydirtdirt,1,111,68,43,25,18,1,1,43,112
IlikeCorn,1,112,76,36,40,3,1,0,43,112
sweetdealbtp,1,111,75,36,39,2,1,1,41,112
steaklover4,1,111,74,37,37,3,1,1,40,112
Marashio,4,108,71,37,34,5,4,4,39,112
Strader69,2,110,64,46,18,21,2,2,39,112
AFairJudgement,1,111,61,50,11,28,1,1,39,112
terrapin1234,1,111,75,36,39,0,1,1,39,112
I_Say_Awesome_Sauce,2,111,73,38,35,3,2,1,38,112
reddott,1,112,70,42,28,10,1,0,38,112
revolct,1,112,70,42,28,10,1,0,38,112
DGtheAlmighty,1,111,72,39,33,4,1,1,37,112
ziiip,1,111,73,38,35,2,1,1,37,112
GhostFaceKille02,2,110,70,40,30,6,2,2,36,112
cc00lltt00nn,1,111,69,42,27,7,1,1,34,112
BaconButton,1,111,70,41,29,4,1,1,33,112
HerpMasterDerp,1,111,70,41,29,2,1,1,31,112
TheMandibles,1,111,70,41,29,2,1,1,31,112
ChinchillaDave,1,111,61,50,11,19,1,1,30,112
xrox122,1,112,70,42,28,2,1,0,30,112
drtide4,4,109,60,49,11,18,3,3,29,112
captainkegs,3,109,65,44,21,8,1,3,29,112
minorissues,1,111,66,45,21,7,1,1,28,112
Cypher26,1,111,65,46,19,6,1,1,25,112
tsukikari,1,111,64,47,17,8,1,1,25,112
z3ronight,1,111,66,45,21,4,1,1,25,112
Gilart,1,111,60,51,9,15,0,1,24,112
Buggarz,1,111,66,45,21,2,1,1,23,112
user1811,3,109,60,49,11,11,3,3,22,112
quaxon,1,111,61,50,11,11,1,1,22,112
drbossmp,2,110,64,46,18,2,2,2,20,112
lovebigbutts,1,112,61,51,10,3,1,0,13,112
dj5alty,1,111,57,54,3,7,0,1,10,112
confederacist,2,110,55,55,0,2,2,2,2,112
thisme60,1,110,97,13,84,9,0,1,93,111
Zul_rage_mon,6,105,89,16,73,18,2,6,91,111
Smoresypoo,1,110,75,35,40,49,1,1,89,111
burgersman,1,110,96,14,82,6,1,1,88,111
Vailful,1,110,95,15,80,4,1,1,84,111
snyder30,1,110,92,18,74,8,1,1,82,111
CIRCLEJERK_OPINION,1,110,93,17,76,5,1,1,81,111
chichicork,2,110,92,18,74,6,1,1,80,111
plissken627,1,110,89,21,68,11,1,1,79,111
Strawberry_Poptart,3,108,75,33,42,35,3,3,77,111
G1Pringle,1,110,88,22,66,11,1,1,77,111
world_of_kittenz,1,110,92,18,74,2,0,1,76,111
mpowers54b32,2,109,89,20,69,6,1,2,75,111
oscarsoze,2,111,84,27,57,18,1,0,75,111
HonestAdolf,1,110,89,21,68,5,1,1,73,111
jakeandfinnforever,1,110,88,22,66,6,1,1,72,111
testification,3,108,87,21,66,6,1,3,72,111
RoachOnATree0116,1,110,86,24,62,9,1,1,71,111
sparklybarkly,1,111,89,22,67,4,0,0,71,111
ouyawei,2,109,75,34,41,29,2,2,70,111
killerkartoon,1,110,90,20,70,0,0,1,70,111
OnAStick,1,110,87,23,64,5,1,1,69,111
playa_mar_cielo,1,111,84,27,57,12,1,0,69,111
radbro,1,110,84,26,58,11,1,1,69,111
Initio,1,110,86,24,62,6,1,1,68,111
zionner,1,110,87,23,64,4,1,1,68,111
dick_farts91,2,109,84,25,59,8,0,2,67,111
ashketch1,1,110,86,24,62,3,1,1,65,111
catatoniccatalyst,1,110,85,25,60,5,1,1,65,111
ASmallGoat,1,110,85,25,60,3,1,1,63,111
HomeButton,1,110,83,27,56,6,1,1,62,111
danbhala,1,110,83,27,56,5,1,1,61,111
ZeosPantera,1,111,83,28,55,6,1,0,61,111
moobybooby,3,108,81,27,54,6,3,3,60,111
ustbro,1,110,83,27,56,3,1,1,59,111
iskristenacat,1,111,78,33,45,12,1,0,57,111
Sharpy166,3,108,75,33,42,15,1,3,57,111
LegendaryCheez,1,110,80,30,50,4,1,1,54,111
raskoln1kov,1,110,81,29,52,2,1,1,54,111
skyryder96,1,110,75,35,40,14,1,1,54,111
SpottedPlatypus,1,110,79,31,48,5,1,1,53,111
Crazyvato,1,110,76,34,42,10,1,1,52,111
david241,2,109,74,35,39,12,1,2,51,111
paslematin,1,110,74,36,38,13,1,1,51,111
Jbaalls,1,110,80,30,50,0,1,1,50,111
Kaimonix,1,110,77,33,44,5,1,1,49,111
SittingDuckNZ,1,110,72,38,34,15,1,1,49,111
TheBedSloth,2,109,69,40,29,18,2,2,47,111
KSIChrist7,1,110,76,34,42,5,1,1,47,111
Legarnier,1,111,76,35,41,6,1,0,47,111
fetalbeej,1,110,75,35,40,6,1,1,46,111
llamasama,1,111,69,42,27,17,1,0,44,111
ianfenway,1,110,74,36,38,5,1,1,43,111
Ray229harris,1,110,74,36,38,5,1,1,43,111
karlis15,2,109,73,36,37,5,2,2,42,111
let_me_get_that_gut,1,110,73,37,36,6,1,1,42,111
calibwam,1,111,73,38,35,6,1,0,41,111
BGFalcon,1,110,72,38,34,6,1,1,40,111
Rokursoxtv,1,110,73,37,36,4,0,1,40,111
No_Shaft_All_Tip,1,110,65,45,20,18,1,1,38,111
explentus,1,111,67,44,23,14,1,0,37,111
trevorrrthekid,2,109,73,36,37,0,1,2,37,111
yumyumroar,2,109,64,45,19,17,2,2,36,111
boxmunch48,1,110,64,46,18,18,1,1,36,111
Crozzat,1,110,63,47,16,20,1,1,36,111
CEONeil,3,108,64,44,20,15,2,3,35,111
ahnungslos,1,110,71,39,32,3,1,1,35,111
baadshahfk,1,110,69,41,28,7,1,1,35,111
k1w4n,1,110,68,42,26,9,1,1,35,111
EnigmaticEntity,2,110,62,48,14,20,1,1,34,111
Deagonx,3,109,60,49,11,20,3,2,31,111
BossBossian,2,109,66,43,23,7,2,2,30,111
bembo,1,111,68,43,25,5,1,0,30,111
freudwasright,1,110,66,44,22,7,1,1,29,111
kcald0,1,110,60,50,10,19,1,1,29,111
laristocrate,1,110,60,50,10,19,1,1,29,111
tapout189,2,109,66,43,23,6,1,2,29,111
Blumeanie11,1,110,65,45,20,8,1,1,28,111
wtfisaboner,1,111,68,43,25,3,1,0,28,111
lizzy1028,1,110,63,47,16,11,1,1,27,111
FireLordOzai,2,109,64,45,19,6,2,2,25,111
wayfers,1,110,63,47,16,8,1,1,24,111
Biwwl,2,109,64,45,19,3,2,2,22,111
devldog38,2,109,65,44,21,0,1,2,21,111
rainemaker,1,111,61,50,11,10,1,0,21,111
WildWasteland,1,110,52,58,-6,27,1,1,21,111
GOLTRON,2,109,60,49,11,9,2,2,20,111
Nm0117,4,107,56,51,5,4,4,4,9,111
N3RVA,1,109,99,10,89,0,0,1,89,110
abnorml1,1,109,97,12,85,0,0,1,85,110
tehcezar,1,109,93,16,77,6,1,1,83,110
oxfs,1,109,91,18,73,9,1,1,82,110
PenisMcGravy,1,109,94,15,79,3,0,1,82,110
Klamitya,1,109,93,16,77,2,1,1,79,110
craitz,1,110,90,20,70,5,1,0,75,110
ioncekilledaman,1,109,90,19,71,3,1,1,74,110
cj4ebay,1,109,89,20,69,3,1,1,72,110
smnokey,1,109,88,21,67,4,1,1,71,110
jepranav,1,109,86,23,63,6,1,1,69,110
DoctorElich,1,109,86,23,63,5,1,1,68,110
yogiman123,1,109,87,22,65,3,1,1,68,110
Riddla26,1,109,87,22,65,2,1,1,67,110
calaber24p,1,109,85,24,61,5,1,1,66,110
Parodoxez,1,109,83,26,57,9,1,1,66,110
KittenBoobs,2,109,80,29,51,14,2,1,65,110
deployed2reddit,1,110,86,24,62,3,1,0,65,110
trent_w,1,109,85,24,61,2,1,1,63,110
theecollegestudent,1,109,84,25,59,3,1,1,62,110
oWNYo,2,109,83,26,57,5,0,1,62,110
wchawkins,2,109,78,31,47,15,0,1,62,110
cjk105,1,109,82,27,55,6,0,1,61,110
Funkyman02,1,109,81,28,53,6,1,1,59,110
mrwood69,1,109,72,37,35,24,1,1,59,110
therejectethan,1,110,83,27,56,3,1,0,59,110
eddiepoopsmith,2,108,82,26,56,2,2,2,58,110
ienjoymen,5,107,78,29,49,8,3,3,57,110
ameriax,1,109,80,29,51,6,1,1,57,110
Sullyx27x,1,109,83,26,57,0,0,1,57,110
the_hanz,1,110,75,35,40,16,1,0,56,110
alllie,1,109,82,27,55,0,1,1,55,110
bluith,1,110,76,34,42,13,1,0,55,110
Jestified,1,109,78,31,47,8,1,1,55,110
leya_spade,1,109,82,27,55,0,1,1,55,110
boomboomhead,2,108,80,28,52,2,1,2,54,110
maynardsdick,1,109,79,30,49,5,1,1,54,110
anxietyvoyage,1,109,74,35,39,13,1,1,52,110
blinding,1,109,79,30,49,3,1,1,52,110
msweigart,2,108,77,31,46,6,1,2,52,110
deajea,2,108,77,31,46,4,2,2,50,110
ribs415,2,110,75,35,40,7,2,0,47,110
melotrippy,1,109,78,31,47,0,1,1,47,110
zherper,1,109,77,32,45,0,1,1,45,110
averymonsen,1,110,76,34,42,2,1,0,44,110
sharkgangpolehat,1,110,74,36,38,5,1,0,43,110
thescheibe,3,107,71,36,35,7,3,3,42,110
gandolfthegay,2,109,68,41,27,15,2,1,42,110
rayned0wn,1,109,66,43,23,19,0,1,42,110
jestyr,1,110,72,38,34,7,1,0,41,110
Mrlmop,3,108,73,35,38,2,1,2,40,110
laminatedworm,1,109,73,36,37,3,0,1,40,110
thesmoth,6,105,65,40,25,14,3,5,39,110
Copelandish,1,109,71,38,33,6,1,1,39,110
impossibilities17,1,109,70,39,31,8,1,1,39,110
pursuitofhappy,1,109,71,38,33,3,1,1,36,110
SnippingTool,3,107,64,43,21,14,1,3,35,110
yellowreport,2,110,72,38,34,0,2,0,34,110
Ensalada,1,109,68,41,27,6,1,1,33,110
Bigtoneism,1,109,65,44,21,11,1,1,32,110
bluscreen,1,109,70,39,31,0,1,1,31,110
E-Pro,1,110,65,45,20,11,1,0,31,110
Sweet_talk,2,109,66,43,23,5,2,1,28,110
jodirt53,1,110,61,49,12,16,1,0,28,110
fear_of_government,3,107,61,46,15,11,3,3,26,110
idizzu,1,109,63,46,17,8,1,1,25,110
doubtfulsilver,1,109,63,46,17,8,0,1,25,110
weirdman126,2,109,58,51,7,17,2,1,24,110
onemancheeser,1,109,64,45,19,4,1,1,23,110
Omeya,1,109,62,47,15,7,1,1,22,110
LilAzoreanFirecrackr,1,109,59,50,9,11,1,1,20,110
GuyuteFruity,1,109,61,48,13,5,0,1,18,110
MittenKnitten,1,109,59,50,9,7,1,1,16,110
Rubdix,1,110,58,52,6,8,1,0,14,110
someLPer,1,109,50,59,-9,23,1,1,14,110
achitturi,1,109,52,57,-5,6,1,1,1,110
scmathie,1,109,53,56,-3,2,1,1,-1,110
Toasteeh,1,108,101,7,94,5,1,1,99,109
Grymrir,1,108,96,12,84,13,1,1,97,109
WeSwaggidup,2,107,98,9,89,8,1,2,97,109
LILBBASEDGODD,1,108,97,11,86,11,0,1,97,109
Alex6382,1,108,91,17,74,13,1,1,87,109
trollingusta,1,108,95,13,82,4,1,1,86,109
310_nightstalkers,1,108,93,15,78,2,1,1,80,109
witty_name_here519,1,108,91,17,74,3,1,1,77,109
thisrandomkid,1,108,90,18,72,3,1,1,75,109
trevinroberson,1,108,85,23,62,13,1,1,75,109
VonFunkenstein,1,108,90,18,72,3,1,1,75,109
BlassyBlas,1,108,87,21,66,6,1,1,72,109
FlyingRabidUnicornPi,1,108,87,21,66,6,1,1,72,109
FlamingPancakes,1,108,89,19,70,0,1,1,70,109
jader29,1,108,86,22,64,6,1,1,70,109
DoctorFaustas,1,108,82,26,56,13,1,1,69,109
OwlHarris,1,108,76,32,44,25,1,1,69,109
bluebirdstheword,1,108,85,23,62,6,1,1,68,109
BiologicalTragedy,1,108,85,23,62,4,1,1,66,109
Jaseon,1,108,85,23,62,4,1,1,66,109
iwantaredditaccount,2,107,82,25,57,6,2,2,63,109
Selcouthit,1,108,81,27,54,9,1,1,63,109
No_Religion,5,104,77,27,50,12,3,5,62,109
caseyl,1,108,85,23,62,0,0,1,62,109
hooligan26,1,109,82,27,55,6,1,0,61,109
mykeof,1,108,80,28,52,9,1,1,61,109
ballsy1859,1,109,83,26,57,3,1,0,60,109
PokemonPhD,1,108,81,27,54,5,1,1,59,109
Rzimmer1ksu,1,108,78,30,48,11,1,1,59,109
ThouArtGorey26,1,108,80,28,52,4,1,1,56,109
Zymorode,1,108,77,31,46,10,1,1,56,109
unicornbaconeater,1,108,81,27,54,2,0,1,56,109
jimthedestroyer,1,109,79,30,49,4,1,0,53,109
StJimmy319,1,108,79,29,50,2,1,1,52,109
leemill02,1,108,80,28,52,0,0,1,52,109
thomasowns,3,107,75,32,43,7,3,2,50,109
dannmorr,2,107,77,30,47,3,2,2,50,109
dquizzle,1,109,73,36,37,13,1,0,50,109
germinik,1,108,77,31,46,4,1,1,50,109
Fabianb05,1,108,75,33,42,7,1,1,49,109
mcphatty84,1,108,76,32,44,5,1,1,49,109
nitesmoke,1,109,74,35,39,10,1,0,49,109
ckilborn,2,107,72,35,37,11,2,2,48,109
PowerOutages,1,108,71,37,34,14,1,1,48,109
Zander_aq,1,108,73,35,38,10,1,1,48,109
Ematthews0483,2,107,74,33,41,6,2,2,47,109
iniggles,1,109,76,33,43,4,1,0,47,109
Not_not_Deadpool,1,108,76,32,44,3,0,1,47,109
d3ly,2,107,73,34,39,5,2,2,44,109
mr_loveboat,2,108,70,38,32,12,2,1,44,109
PeterPorky,2,107,69,38,31,13,2,2,44,109
roomwithmoose,1,108,75,33,42,2,1,1,44,109
koshythomas,2,107,68,39,29,11,2,2,40,109
Onionpaste,2,109,70,39,31,9,1,0,40,109
pear_pot,2,107,71,36,35,4,1,2,39,109
lordofbore,1,108,72,36,36,2,1,1,38,109
Rahmaz,1,108,68,40,28,10,1,1,38,109
khardman51,1,108,70,38,32,5,1,1,37,109
spruce_goose,1,108,69,39,30,5,1,1,35,109
Dkarbs87,1,108,71,37,34,0,1,1,34,109
Supercattle,1,108,69,39,30,4,1,1,34,109
josht0121,3,106,66,40,26,7,3,3,33,109
viper381,2,107,60,47,13,19,2,2,32,109
Sherlockinator,1,108,63,45,18,14,1,1,32,109
ninjanoob98,2,107,64,43,21,6,2,2,27,109
AtePoint307,1,108,62,46,16,8,1,1,24,109
osimeon,6,103,63,40,23,0,3,6,23,109
argirl09,2,107,59,48,11,10,1,2,21,109
Twizlah,1,108,60,48,12,8,1,1,20,109
chubbermonkey,1,108,60,48,12,7,1,1,19,109
jrgolden42,1,108,56,52,4,15,1,1,19,109
Mr_Hyde117,1,108,56,52,4,11,1,1,15,109
nickhughes17,1,108,59,49,10,5,0,1,15,109
ola0711,1,108,59,49,10,4,1,1,14,109
aerobat97,1,108,55,53,2,4,1,1,6,109
Matty852,2,107,50,57,-7,7,1,2,0,109
Sabroe,1,108,48,60,-12,2,1,1,-10,109
hawt,1,107,96,11,85,12,1,1,97,108
kittykels420,1,107,79,28,51,44,1,1,95,108
ShanerT,1,107,96,11,85,5,1,1,90,108
Krashlandon,1,107,96,11,85,3,1,1,88,108
finn_the_hooman,1,107,97,10,87,0,0,1,87,108
BananaramaSundae,1,107,95,12,83,2,1,1,85,108
dumbfoundedbyscience,1,107,94,13,81,3,1,1,84,108
QQcumber,1,107,87,20,67,16,1,1,83,108
GingaNinja93,1,108,95,13,82,0,1,0,82,108
twilightmarchon,1,107,89,18,71,11,0,1,82,108
CharlesDeBalles,1,107,85,22,63,17,1,1,80,108
ThatCanadianBear,1,108,86,22,64,11,1,0,75,108
TisReese,1,107,88,19,69,6,1,1,75,108
InsanityItSeems,1,107,91,16,75,0,0,1,75,108
Portlander,2,107,88,19,69,3,2,1,72,108
bluri,1,107,85,22,63,8,1,1,71,108
everythingelseistriv,1,107,88,19,69,0,1,1,69,108
Captainpanda55,1,107,85,22,63,6,0,1,69,108
E_scrib157,1,107,86,21,65,3,1,1,68,108
L15t3r0f5m3g,2,106,85,21,64,3,1,2,67,108
helgaofthenorth,1,107,84,23,61,4,1,1,65,108
kevler9oh,1,107,81,26,55,10,1,1,65,108
mr_sir2012,1,107,85,22,63,2,1,1,65,108
MrJuwi,1,107,86,21,65,0,1,1,65,108
Gr1ml0ck,1,108,81,27,54,10,1,0,64,108
Khaemwaset,1,107,76,31,45,19,1,1,64,108
Con-,1,107,80,27,53,11,0,1,64,108
Norbury9395,1,107,85,22,63,0,1,1,63,108
Jackdilla,1,108,83,25,58,4,1,0,62,108
TheRunningMan2,2,106,82,24,58,2,2,2,60,108
Wallhaxz,1,107,79,28,51,6,1,1,57,108
Trooper1226,1,107,66,41,25,31,1,1,56,108
Pyroma1n1ac,1,107,79,28,51,4,1,1,55,108
transit441,1,107,79,28,51,3,0,1,54,108
lipidsly,1,107,69,38,31,21,0,1,52,108
fbiblazer,3,105,75,30,45,5,1,3,50,108
razygrl,1,107,77,30,47,3,1,1,50,108
SenorSteak,1,107,77,30,47,2,1,1,49,108
Sovrage,2,106,74,32,42,7,0,2,49,108
MrMojosDojo,2,106,74,32,42,6,2,2,48,108
bafflesaurus,1,107,76,31,45,3,0,1,48,108
AMARSHMALLOW123,3,105,73,32,41,4,1,3,45,108
radwatsonator,1,107,75,32,43,2,1,1,45,108
utahman27,1,107,74,33,41,4,1,1,45,108
ymo,1,108,75,33,42,3,1,0,45,108
FlaviaTitus,4,104,74,30,44,0,3,4,44,108
jld420,3,105,67,38,29,15,0,3,44,108
TeegLy,2,106,70,36,34,6,2,2,40,108
andrewth09,1,107,71,36,35,4,1,1,39,108
wc311,2,106,66,40,26,13,1,2,39,108
cemzie,1,107,70,37,33,5,1,1,38,108
hardtogetaname,1,108,70,38,32,6,1,0,38,108
Relient-J,1,108,69,39,30,8,1,0,38,108
KryleKrenin,1,107,70,37,33,4,1,1,37,108
wilsonmanely,1,107,67,40,27,8,1,1,35,108
emcee70,2,106,65,41,24,10,1,2,34,108
mchao,2,106,62,44,18,15,2,2,33,108
7.85E+16,1,108,68,40,28,5,1,0,33,108
NecroMudkip,1,108,65,43,22,7,1,0,29,108
VimesV,1,107,64,43,21,7,1,1,28,108
gH0o5T,1,107,63,44,19,7,1,1,26,108
Revilo1138,1,107,60,47,13,12,1,1,25,108
RLTW1994,1,107,64,43,21,4,1,1,25,108
bulldozer1,2,106,61,45,16,6,1,2,22,108
eva2222,1,107,62,45,17,5,1,1,22,108
RoboticHumanoid,1,107,60,47,13,8,1,1,21,108
Manler,2,106,57,49,8,12,2,2,20,108
zaphod777,3,105,58,47,11,8,2,3,19,108
konyholic,1,107,58,49,9,9,0,1,18,108
pologus,1,107,60,47,13,2,1,1,15,108
caddycads,3,106,58,48,10,3,2,2,13,108
cubanate,2,106,59,47,12,0,2,2,12,108
Lsund,2,106,57,49,8,2,2,2,10,108
jrodier,3,105,52,53,-1,7,2,3,6,108
conjr2,1,106,79,27,52,54,1,1,106,107
pianoexperts,1,106,99,7,92,8,1,1,100,107
Nomynomnomnom,1,106,98,8,90,4,1,1,94,107
MinneapolisNick,1,106,94,12,82,3,1,1,85,107
Theatrefaggg,1,106,87,19,68,16,1,1,84,107
Goddayyum,2,105,92,13,79,3,2,2,82,107
samdamana,1,106,94,12,82,0,1,1,82,107
a_leprechaun,1,106,83,23,60,17,1,1,77,107
DarkJokernj,1,106,89,17,72,5,1,1,77,107
mangysquirrel,1,106,86,20,66,11,0,1,77,107
feedingmydreams,1,106,76,30,46,30,1,1,76,107
Thehealeroftri,1,107,89,18,71,4,1,0,75,107
alphablerd,1,106,85,21,64,8,1,1,72,107
guitardude911,3,104,85,19,66,4,2,3,70,107
durhamdeedee,1,106,84,22,62,8,1,1,70,107
norton592,2,106,85,21,64,5,2,1,69,107
Urrjay,1,106,83,23,60,9,1,1,69,107
berkelium247,2,106,86,20,66,2,2,1,68,107
ssdestroyer,1,107,84,23,61,7,1,0,68,107
TheOnlyAshta,1,106,84,22,62,6,1,1,68,107
stephawheeeee,1,106,84,22,62,4,1,1,66,107
Ubernuck,1,106,86,20,66,0,1,1,66,107
Fluroblue,1,106,83,23,60,4,0,1,64,107
aMyriadofGambits,1,106,82,24,58,5,0,1,63,107
RatWrench,1,106,83,23,60,2,1,1,62,107
repostswithnewtitle,1,106,81,25,56,6,1,1,62,107
Mase207,2,106,81,25,56,5,2,1,61,107
JGDC,1,106,81,25,56,5,1,1,61,107
DTIT1TD,1,106,82,24,58,2,1,1,60,107
JesusHRChrist,2,105,78,27,51,8,2,2,59,107
LlamaForceTrauma,1,106,78,28,50,9,1,1,59,107
Halpert,2,107,78,29,49,8,2,0,57,107
AmericanXplorer13,1,106,80,26,54,3,1,1,57,107
Officer_vanilla,1,106,77,29,48,8,0,1,56,107
kati7109,2,105,75,30,45,9,2,2,54,107
alchemeron,1,107,79,28,51,3,1,0,54,107
Havermere,1,106,77,29,48,6,1,1,54,107
bmelche,2,105,77,28,49,4,2,2,53,107
Ryskillz101,2,105,73,32,41,12,2,2,53,107
SubjectAlpha,2,105,78,27,51,2,2,2,53,107
jimmyg7,1,106,78,28,50,3,1,1,53,107
dplummer,1,106,70,36,34,18,1,1,52,107
IamLegion,1,107,78,29,49,3,0,0,52,107
AtheistsWillTroll,1,106,75,31,44,7,1,1,51,107
IvanTheDominator,1,106,74,32,42,9,1,1,51,107
JmjFu,1,106,62,44,18,33,1,1,51,107
whydoesthisexist,1,106,63,43,20,31,1,1,51,107
Kellylikescookies,2,105,75,30,45,4,2,2,49,107
deltree711,1,106,75,31,44,5,1,1,49,107
gunnar120,1,107,75,32,43,6,1,0,49,107
Blurvixen,1,106,75,31,44,4,1,1,48,107
Mesmorized,1,106,75,31,44,4,1,1,48,107
Urist_McReddit,1,106,69,37,32,16,1,1,48,107
Houskerdoodles,2,105,68,37,31,16,2,2,47,107
mrfuzzems,2,105,70,35,35,12,2,2,47,107
asianredditorgirl,1,106,71,35,36,11,1,1,47,107
danromaniac,1,106,73,33,40,5,1,1,45,107
TipZFTW,1,106,73,33,40,5,1,1,45,107
too_funny,1,106,74,32,42,3,1,1,45,107
Paulvgarza,1,106,70,36,34,10,1,1,44,107
SirTylerGalt,1,106,72,34,38,6,1,1,44,107
Froggyx,2,105,70,35,35,7,2,2,42,107
Ramzuz,1,106,71,35,36,6,1,1,42,107
TacticalBacon00,2,105,69,36,33,6,2,2,39,107
MaxNV,1,106,67,39,28,11,1,1,39,107
wafflebagel,1,106,71,35,36,3,1,1,39,107
stosh1,1,106,71,35,36,0,1,1,36,107
0xE6,1,106,66,40,26,9,1,1,35,107
NeigeBanrion,1,106,64,42,22,13,1,1,35,107
OpinioNadir,1,107,66,41,25,10,1,0,35,107
aussie_jason,1,106,64,42,22,11,1,1,33,107
Bobster4000,1,107,60,47,13,19,1,0,32,107
CourtneyAnn21,1,106,69,37,32,0,1,1,32,107
rage-quit,2,105,65,40,25,6,2,2,31,107
scubaguybill,1,106,67,39,28,3,1,1,31,107
wfranzer,1,106,67,39,28,2,1,1,30,107
Von_Meowstien,2,105,62,43,19,9,2,2,28,107
creatureater,1,106,63,43,20,8,1,1,28,107
qandy,1,106,59,47,12,15,1,1,27,107
ofirissmart,1,106,63,43,20,6,1,1,26,107
gynoceros,1,106,59,47,12,13,1,1,25,107
waffleheart,1,107,56,51,5,19,1,0,24,107
spdrman8,1,106,60,46,14,9,1,1,23,107
CratorGator,1,106,62,44,18,3,1,1,21,107
qwooter,1,106,60,46,14,6,1,1,20,107
bigp3rm,3,104,52,52,0,15,2,3,15,107
117EV,1,106,57,49,8,7,1,1,15,107
RPShep,1,106,57,49,8,6,1,1,14,107
C0olGuyPaul,4,103,55,48,7,4,2,4,11,107
Xlguru,1,106,54,52,2,6,1,1,8,107
twizzledout,1,106,50,56,-6,13,1,1,7,107
rainbownapkin,2,104,96,8,88,6,2,2,94,106
superkidney,1,105,92,13,79,14,1,1,93,106
greg1902,1,105,97,8,89,0,1,1,89,106
Brosephbro,1,105,86,19,67,21,1,1,88,106
AChammer,1,105,90,15,75,12,1,1,87,106
troglozyte,1,105,89,16,73,10,1,1,83,106
PigPenDubstep,2,104,83,21,62,17,2,2,79,106
arielgingerman,1,105,90,15,75,3,1,1,78,106
larry6669,1,105,82,23,59,19,1,1,78,106
BeSherman,1,105,88,17,71,6,1,1,77,106
Ego_Juxtaposed,1,105,86,19,67,10,1,1,77,106
skyhimonkey,2,104,89,15,74,3,1,2,77,106
herbieloaded,1,106,88,18,70,6,1,0,76,106
ppchsdbib,1,105,87,18,69,7,1,1,76,106
ProximaC,1,105,88,17,71,3,1,1,74,106
Toodles89,1,105,89,16,73,0,1,1,73,106
we300men,1,105,84,21,63,9,1,1,72,106
deadbydesign,1,105,79,26,53,18,1,1,71,106
Tyclone,1,106,77,29,48,22,1,0,70,106
Tango_Sucka,2,104,84,20,64,5,2,2,69,106
ChrisRaze,1,105,85,20,65,4,1,1,69,106
fashi0n4ble,1,105,75,30,45,24,1,1,69,106
Dunkin11,1,106,81,25,56,11,1,0,67,106
MightyPuddy,1,105,82,23,59,8,1,1,67,106
IBreakingAcesI,4,103,83,20,63,0,1,3,63,106
whtcheddar12,1,105,78,27,51,12,1,1,63,106
Kfeild,2,104,80,24,56,6,2,2,62,106
hazedwolf,1,106,82,24,58,4,1,0,62,106
mudskrying,1,105,82,23,59,2,0,1,61,106
ZeroxWinter,2,104,68,36,32,28,0,2,60,106
el_zero123,2,104,75,29,46,13,1,2,59,106
FlashMan1294,1,105,80,25,55,3,1,1,58,106
manicspecimen,1,105,79,26,53,5,0,1,58,106
Charizardian,1,105,81,24,57,0,1,1,57,106
Lawlet,1,105,81,24,57,0,1,1,57,106
realslimshamus,1,105,81,24,57,0,1,1,57,106
mightypop,1,105,79,26,53,4,0,1,57,106
_PODS_,1,105,75,30,45,11,1,1,56,106
Buttanut,1,105,79,26,53,3,1,1,56,106
MonStarEvolve,2,105,77,28,49,5,1,1,54,106
dcallison,1,106,79,27,52,2,0,0,54,106
HanShotFirst1126,1,105,79,26,53,0,1,1,53,106
The_Hero_of_TIme,1,105,75,30,45,8,1,1,53,106
DarlingDont,2,105,78,27,51,0,2,1,51,106
jkcr,1,105,77,28,49,2,1,1,51,106
jaglo87,3,103,65,38,27,23,2,3,50,106
CaptainHomicide,1,106,69,37,32,18,1,0,50,106
_8_,1,105,77,28,49,0,1,1,49,106
Electrite,1,105,77,28,49,0,1,1,49,106
Dfresh23,2,105,72,33,39,8,2,1,47,106
capncanuck,1,105,73,32,41,5,1,1,46,106
triplemask,1,105,72,33,39,7,0,1,46,106
therealjoekony,1,105,69,36,33,12,0,1,45,106
RavarSC,3,103,67,36,31,12,2,3,43,106
shmup,1,105,72,33,39,4,1,1,43,106
TUFFNSTUFF,1,105,73,32,41,2,1,1,43,106
GlassGun,1,105,72,33,39,4,0,1,43,106
skarface6,1,105,72,33,39,3,1,1,42,106
T42B4UZZ,1,105,72,33,39,2,1,1,41,106
johnsuros,4,105,70,35,35,4,2,1,39,106
WaWamelon,1,105,72,33,39,0,0,1,39,106
Forgot_Your_Password,4,103,70,33,37,0,4,3,37,106
httpmax,2,104,68,36,32,5,1,2,37,106
iamkush,2,104,69,35,34,2,2,2,36,106
SpicyMax,1,105,67,38,29,7,1,1,36,106
sweetcheeks1607,5,101,68,33,35,0,5,5,35,106
BSH185,1,106,67,39,28,6,1,0,34,106
chimbleh,1,105,66,39,27,6,1,1,33,106
dougja,2,104,64,40,24,9,1,2,33,106
kokopelli10,1,105,68,37,31,2,1,1,33,106
oatmealdestroyer,1,105,67,38,29,4,1,1,33,106
watsonrychi5,1,105,66,39,27,6,1,1,33,106
parisien96,3,103,67,36,31,0,3,3,31,106
Diiiiirty,1,105,60,45,15,16,1,1,31,106
epic_comebacks,1,105,57,48,9,22,1,1,31,106
sstethoscopess,1,105,65,40,25,6,1,1,31,106
infinitytomorrow,2,104,67,37,30,0,1,2,30,106
Liquid_Milk,1,105,60,45,15,14,1,1,29,106
reemiip,1,105,58,47,11,18,1,1,29,106
ColdKentuckyRain,1,105,62,43,19,9,1,1,28,106
nomise,1,105,50,55,-5,32,0,1,27,106
sivablue,5,101,59,42,17,9,4,5,26,106
redtoken,1,105,60,45,15,9,1,1,24,106
JesusInABox,2,104,59,45,14,8,2,2,22,106
GallifreyanPopTart,1,105,59,46,13,8,1,1,21,106
haha_allen,1,105,61,44,17,4,1,1,21,106
usrnmtkn,1,105,58,47,11,10,1,1,21,106
NarwhalHorn,1,105,62,43,19,0,1,1,19,106
6ix_s4cks_0f_hon3y,1,105,56,49,7,6,1,1,13,106
BacconatedCoffee,1,105,55,50,5,4,1,1,9,106
HelloxKira,1,105,49,56,-7,4,1,1,-3,106
thebigem,1,104,90,14,76,10,1,1,86,105
musictower456,1,104,94,10,84,2,0,1,86,105
bijibijmak,1,104,79,25,54,26,1,1,80,105
Jazzyfreshh,1,105,90,15,75,5,1,0,80,105
Cyrphix,2,103,89,14,75,4,2,2,79,105
fructosesyrup,1,104,87,17,70,9,1,1,79,105
narwhal-bacon,1,104,90,14,76,3,1,1,79,105
omar1993,1,104,89,15,74,5,1,1,79,105
supersonics,1,104,90,14,76,2,1,1,78,105
xWelshman,1,104,90,14,76,2,1,1,78,105
NotARandomNumber,2,103,83,20,63,14,2,2,77,105
DMitri221,1,104,84,20,64,13,1,1,77,105
ThatsTotallyKyle,1,104,86,18,68,7,1,1,75,105
xlizzyrosex89,1,104,88,16,72,3,0,1,75,105
bdef,1,105,86,19,67,7,1,0,74,105
Phobos_Deimos,1,104,79,25,54,19,1,1,73,105
zahnen,1,105,86,19,67,6,1,0,73,105
Moodswinngs,2,103,86,17,69,4,0,2,73,105
belvedere58,1,104,85,19,66,6,1,1,72,105
gyoungofficial,2,104,83,21,62,9,2,1,71,105
SDbaconCarroll,1,104,86,18,68,2,1,1,70,105
g_chumway,1,104,84,20,64,5,1,1,69,105
MrGobbldigook,2,103,83,20,63,5,1,2,68,105
Asilium,1,104,84,20,64,2,1,1,66,105
Onixar,1,104,85,19,66,0,1,1,66,105
Gribblepox,1,104,76,28,48,17,1,1,65,105
submarinedreams,1,104,80,24,56,9,1,1,65,105
nomcow,2,104,83,21,62,2,2,1,64,105
mjs77,1,104,81,23,58,6,1,1,64,105
RaMpAge746,1,104,80,24,56,3,1,1,59,105
pl885,1,104,79,25,54,4,1,1,58,105
Duderino316,1,104,78,26,52,4,1,1,56,105
weirdpatterns,2,103,78,25,53,2,2,2,55,105
1AMTHEWALRUS,1,105,78,27,51,4,1,0,55,105
MangoTux,1,105,79,26,53,0,1,0,53,105
dwilliams292,1,104,76,28,48,4,1,1,52,105
faito101,1,104,76,28,48,3,1,1,51,105
reddit_user9001,1,104,75,29,46,5,1,1,51,105
nexxusoftheuniverse,3,103,75,28,47,2,3,2,49,105
japuteh6,1,104,74,30,44,4,1,1,48,105
jonthewookie,1,104,71,33,38,8,1,1,46,105
stacieg2002,1,104,75,29,46,0,1,1,46,105
zanas,2,103,68,35,33,13,1,2,46,105
DanishCunt,2,104,71,33,38,7,2,1,45,105
Grammar-Hitler,1,104,70,34,36,6,1,1,42,105
Maxwelly,2,104,66,38,28,14,1,1,42,105
ductape_condom,2,103,69,34,35,6,2,2,41,105
stumanktm,2,104,67,37,30,11,2,1,41,105
Keightler,2,103,69,34,35,6,1,2,41,105
jebik,2,103,70,33,37,3,2,2,40,105
Banana_Party,1,104,71,33,38,2,1,1,40,105
ifragginlovetoast,2,103,71,32,39,0,2,2,39,105
BasedPotato,1,104,69,35,34,5,1,1,39,105
Chemical_Smile,1,104,67,37,30,9,1,1,39,105
KerrickLong,1,104,69,35,34,4,1,1,38,105
SomeOneNeedsAHug,1,104,69,35,34,4,0,1,38,105
djk47,1,104,64,40,24,12,1,1,36,105
LugrassDucky,1,104,70,34,36,0,1,1,36,105
Zulu96,1,104,67,37,30,6,1,1,36,105
canitakethat4yousir,1,104,66,38,28,6,1,1,34,105
DjExeth,1,104,66,38,28,5,1,1,33,105
pacothewaco,1,104,67,37,30,2,1,1,32,105
kadren170,3,102,65,37,28,2,2,3,30,105
CatmanIX,1,104,61,43,18,12,1,1,30,105
currentlydownvoted,7,99,57,42,15,12,7,6,27,105
6tee9ing,1,104,64,40,24,3,1,1,27,105
El_Asso_Wipeo,2,103,63,40,23,2,2,2,25,105
Lunatic14,3,102,60,42,18,6,3,3,24,105
Excessive1,2,103,61,42,19,4,2,2,23,105
RoxiSmith33,2,103,59,44,15,8,2,2,23,105
JustPikey,1,104,60,44,16,6,1,1,22,105
DeepTaco,2,103,57,46,11,10,2,2,21,105
myschie,2,103,59,44,15,6,1,2,21,105
Gillster92,1,104,60,44,16,4,1,1,20,105
reynej,1,104,59,45,14,6,1,1,20,105
Supercluster2,1,104,58,46,12,6,1,1,18,105
D3M0NICSQUIRREL,1,104,53,51,2,15,1,1,17,105
kinokonoko,1,104,59,45,14,3,1,1,17,105
weisner,1,104,58,46,12,4,1,1,16,105
somebodystolemyname,1,104,54,50,4,3,1,1,7,105
keeprunning,3,102,51,51,0,5,3,3,5,105
psychicesp,3,102,87,15,72,39,3,2,111,104
Tunk,2,102,91,11,80,18,2,2,98,104
vandalklown,1,103,90,13,77,12,1,1,89,104
HuynhSanity,1,103,91,12,79,3,1,1,82,104
aggieastronaut,2,103,89,14,75,6,2,1,81,104
superyellow,1,103,88,15,73,8,1,1,81,104
tacotaster,1,104,90,14,76,5,1,0,81,104
telebastrd,1,103,78,25,53,27,1,1,80,104
lemonbunny,1,103,90,13,77,2,1,1,79,104
bluejolt,1,103,86,17,69,7,1,1,76,104
knopppp,4,101,79,22,57,18,4,3,75,104
galuple,2,102,78,24,54,20,1,2,74,104
Aarrgonaught,1,103,86,17,69,4,0,1,73,104
whipsmash,1,103,83,20,63,9,0,1,72,104
1337Cookies,1,103,72,31,41,29,1,1,70,104
zirfeld,1,103,82,21,61,9,1,1,70,104
wren19,1,103,84,19,65,4,1,1,69,104
basskat733,1,103,83,20,63,4,1,1,67,104
BloneSteed,1,103,85,18,67,0,1,1,67,104
dccujko,1,103,85,18,67,0,1,1,67,104
neotubesox,1,103,84,19,65,2,1,1,67,104
CataclysmicKitten,1,104,84,20,64,2,1,0,66,104
christofrawr,1,103,78,25,53,13,1,1,66,104
Tynictansol,1,103,76,27,49,17,1,1,66,104
Gamerosays,1,103,82,21,61,4,1,1,65,104
mage_g4,1,103,82,21,61,4,1,1,65,104
McLovin46,1,103,83,20,63,2,1,1,65,104
thermal_shock,1,103,82,21,61,4,1,1,65,104
hoov1e,2,102,79,23,56,7,2,2,63,104
shmadorable,1,103,83,20,63,0,1,1,63,104
Genesis09,2,102,77,25,52,10,1,2,62,104
Pnoy1337,1,103,81,22,59,2,1,1,61,104
marathon,3,101,66,35,31,29,3,3,60,104
CheesusHCrust,1,103,78,25,53,5,1,1,58,104
ADONISBPC,1,103,76,27,49,8,1,1,57,104
bigbongtherory,1,103,78,25,53,4,1,1,57,104
hungrierdave,1,103,80,23,57,0,1,1,57,104
Protocol_Six,1,103,80,23,57,0,0,1,57,104
xjakk,1,104,75,29,46,9,1,0,55,104
eklectik,1,104,78,26,52,2,1,0,54,104
devkwondoe,1,103,76,27,49,4,1,1,53,104
toshomir,1,103,77,26,51,2,1,1,53,104
ballsMcWhoppa,1,103,75,28,47,4,1,1,51,104
DemonKing420,1,103,75,28,47,4,1,1,51,104
jpwasson,1,104,76,28,48,3,1,0,51,104
mapam,2,102,74,28,46,5,1,2,51,104
austinc513,1,103,72,31,41,10,0,1,51,104
Gamblee,1,103,73,30,43,7,1,1,50,104
Noodlypriest,1,103,73,30,43,7,1,1,50,104
nAmAri3,2,102,75,27,48,0,2,2,48,104
knirefnel,1,103,73,30,43,4,1,1,47,104
Thepaperman,1,103,71,32,39,7,0,1,46,104
InTheBay,2,102,71,31,40,4,2,2,44,104
BurntHashbrown,1,103,70,33,37,7,1,1,44,104
notedlycircular,1,103,72,31,41,2,1,1,43,104
AccurateRumor,1,103,71,32,39,3,1,1,42,104
iLoveBirthmas,1,103,66,37,29,13,1,1,42,104
lostrock,1,103,71,32,39,3,1,1,42,104
imeanthat,1,103,65,38,27,14,1,1,41,104
liveitup278,3,101,69,32,37,3,2,3,40,104
danstermeister,1,103,69,34,35,5,1,1,40,104
oliver912,1,103,69,34,35,4,1,1,39,104
_HeXagon_,2,102,68,34,34,2,1,2,36,104
Blame_the_dogg,1,103,66,37,29,7,0,1,36,104
C13TheDoctor,1,103,68,35,33,3,0,1,36,104
Brian1454,1,103,63,40,23,12,1,1,35,104
Resistance92,1,103,60,43,17,17,1,1,34,104
hebl,2,103,67,36,31,2,2,1,33,104
GravityFeed,1,103,62,41,21,10,1,1,31,104
Spacemullet,1,103,63,40,23,6,1,1,29,104
upq700hp,1,104,66,38,28,0,1,0,28,104
xiggy,1,103,62,41,21,7,1,1,28,104
caustictoast,1,103,55,48,7,21,0,1,28,104
The_Blank,1,103,61,42,19,5,1,1,24,104
addicted2soysauce,1,103,59,44,15,8,1,1,23,104
I_hereby_comment,1,103,58,45,13,10,1,1,23,104
sassydina,1,103,58,45,13,9,1,1,22,104
tokenwoken,2,103,58,45,13,7,2,1,20,104
drlazybean,1,103,59,44,15,5,1,1,20,104
Fergii22,1,103,58,45,13,4,1,1,17,104
RXX,2,102,57,45,12,4,2,2,16,104
warren1983,4,100,54,46,8,3,2,4,11,104
Iryshmac,4,101,50,51,-1,5,3,3,4,104
austinator414,1,103,52,51,1,3,1,1,4,104
ExplicitDumping,1,103,52,51,1,0,1,1,1,104
toystips,4,100,42,58,-16,11,3,4,-5,104
jldiaz910,6,98,41,57,-16,7,6,6,-9,104
Hevendor,1,102,85,17,68,47,1,1,115,103
fog_horn,1,102,88,14,74,18,1,1,92,103
absolutely_flawless,1,102,91,11,80,4,1,1,84,103
ballhairtwisttie,1,102,87,15,72,11,1,1,83,103
funnygal1224,1,103,88,15,73,7,1,0,80,103
keagan2000,1,102,85,17,68,11,1,1,79,103
hunters18,1,102,89,13,76,0,1,1,76,103
Tbat,1,102,84,18,66,6,1,1,72,103
FrostofAeons,1,102,86,16,70,0,1,1,70,103
StainlessSteve,1,102,84,18,66,3,1,1,69,103
Syndicat,1,102,84,18,66,2,1,1,68,103
Viewtastic,1,102,85,17,68,0,1,1,68,103
Vegeth,1,102,84,18,66,2,0,1,68,103
RhinoTattoo,1,102,80,22,58,9,1,1,67,103
SenseDee,1,102,83,19,64,3,1,1,67,103
CakeDayScience,1,102,82,20,62,4,1,1,66,103
Former_FA,1,102,81,21,60,6,1,1,66,103
MyFlyHigh,1,102,84,18,66,0,1,1,66,103
officerproblem,1,102,83,19,64,2,1,1,66,103
AnnesFlashBackTV,2,101,81,20,61,4,2,2,65,103
maxxl,2,102,73,29,44,17,1,1,61,103
dontrememberanything,1,102,80,22,58,3,0,1,61,103
disasterless,1,102,71,31,40,20,1,1,60,103
wittytitlereposts,1,102,80,22,58,2,1,1,60,103
Zachery_Simon,1,102,73,29,44,16,1,1,60,103
counttess,2,102,78,24,54,5,2,1,59,103
iiNstinct,2,101,78,23,55,4,2,2,59,103
awesomemomo,1,102,69,33,36,23,1,1,59,103
justforthefunofit09,1,102,78,24,54,5,1,1,59,103
coolestbeanseva,1,102,77,25,52,7,0,1,59,103
Carrisonfire,1,102,71,31,40,17,1,1,57,103
tmouse92,1,103,79,24,55,2,1,0,57,103
Killerpeeps,1,102,79,23,56,0,1,1,56,103
LOGAN00786,1,102,78,24,54,2,1,1,56,103
mxcop13,1,102,65,37,28,27,0,1,55,103
CptCoatrack,1,102,72,30,42,12,1,1,54,103
grayfox311,2,101,73,28,45,8,2,2,53,103
Drakeman43,1,102,76,26,50,2,0,1,52,103
ceranas5282,1,102,75,27,48,3,1,1,51,103
benjaminmktn121,1,102,76,26,50,0,1,1,50,103
HeatherMarMal,1,102,72,30,42,6,1,1,48,103
ndaly87,1,102,72,30,42,6,1,1,48,103
SirtibblesEsquire,1,102,74,28,46,2,1,1,48,103
up_n_atom,3,100,69,31,38,9,2,3,47,103
POTATOFUCK,1,102,67,35,32,15,0,1,47,103
mshea413,3,100,63,37,26,20,1,3,46,103
Kaldra,1,102,69,33,36,9,1,1,45,103
851314,1,102,71,31,40,4,1,1,44,103
IFeedonKarmaa,2,101,70,31,39,3,2,2,42,103
rowboat000,2,101,70,31,39,3,2,2,42,103
theGalaxyBird,2,101,70,31,39,3,2,2,42,103
badiban,1,102,69,33,36,6,1,1,42,103
Viirus,1,103,71,32,39,3,1,0,42,103
Coryshepard117,1,102,69,33,36,5,1,1,41,103
luckenbach,1,102,70,32,38,3,1,1,41,103
LucasAmericano,1,102,71,31,40,0,1,1,40,103
Redbutter,1,103,69,34,35,5,1,0,40,103
TheNiffny,1,102,70,32,38,2,1,1,40,103
AmishRockstar,2,102,66,36,30,9,2,1,39,103
stormclaw11,2,101,64,37,27,8,2,2,35,103
cjhoser,1,102,55,47,8,27,1,1,35,103
SenorCinnamon,1,102,67,35,32,3,1,1,35,103
Caphero,2,101,65,36,29,5,1,2,34,103
CatAttacker,1,102,65,37,28,6,1,1,34,103
Herpbivore,1,102,67,35,32,2,1,1,34,103
ladygaygay,1,102,63,39,24,10,1,1,34,103
pillowsnuff,1,102,67,35,32,2,1,1,34,103
raggs75,2,101,64,37,27,7,1,2,34,103
WCAR_lover,1,102,66,36,30,3,1,1,33,103
jonny00490,1,103,65,38,27,5,1,0,32,103
PauseHackzor,1,102,62,40,22,10,1,1,32,103
PaviSays,1,102,62,40,22,10,1,1,32,103
dudaloopa,4,99,65,34,31,0,3,4,31,103
Dia-Beatles,2,101,64,37,27,3,2,2,30,103
Anonyddit,1,103,66,37,29,0,1,0,29,103
Enigma776,1,102,62,40,22,7,0,1,29,103
DaGutie44,1,102,57,45,12,15,0,1,27,103
optomundo,2,101,62,39,23,3,2,2,26,103
icykronik,1,102,64,38,26,0,1,1,26,103
princali,1,102,64,38,26,0,1,1,26,103
Giantkid,1,102,60,42,18,7,1,1,25,103
vilzu,1,103,62,41,21,4,1,0,25,103
HerrtomtomAZ,2,101,62,39,23,2,0,2,25,103
emiloo02,1,102,55,47,8,15,1,1,23,103
comasynthesis,1,102,90,12,78,34,1,0,112,102
eek_a_mouse,2,100,93,7,86,20,2,2,106,102
TitsMcghehey,1,101,73,28,45,55,1,1,100,102
MationMac,1,101,89,12,77,11,0,1,88,102
Alatorr,1,101,88,13,75,8,1,1,83,102
the_new_guy_,2,101,86,15,71,11,2,1,82,102
suchgreatheights6,1,101,89,12,77,4,1,1,81,102
chrisgelb,3,100,83,17,66,14,2,2,80,102
Mosakk,1,102,88,14,74,5,1,0,79,102
angrynrdrckr,1,101,86,15,71,4,1,1,75,102
eldano111,1,101,83,18,65,10,1,1,75,102
sometimesijustdont,1,101,88,13,75,0,0,1,75,102
TheMajicalWaffle,1,102,83,19,64,8,1,0,72,102
sailboatlie,1,101,84,17,67,2,1,1,69,102
WhoooMan,1,101,85,16,69,0,1,1,69,102
kingdeeder,1,101,75,26,49,19,1,1,68,102
Senip,1,101,81,20,61,7,1,1,68,102
racheljane,2,101,83,18,65,2,2,1,67,102
I_like_to_lul,1,101,81,20,61,6,1,1,67,102
puzzledplatypus,2,102,73,29,44,22,2,0,66,102
chuffy123,1,101,82,19,63,3,1,1,66,102
Horsepower3721,2,100,82,18,64,2,1,2,66,102
Olinka90,2,101,82,19,63,3,1,1,66,102
kcch,3,99,82,17,65,0,2,3,65,102
hoboshmo,1,101,80,21,59,6,0,1,65,102
azkhan33,1,101,77,24,53,11,1,1,64,102
Trapper_is_a_Faget,4,98,71,27,44,20,0,4,64,102
Tensuke,1,101,80,21,59,3,1,1,62,102
wuzzywezzer,1,101,80,21,59,3,0,1,62,102
petthefurrywall,1,101,80,21,59,2,1,1,61,102
Dabboo,3,99,74,25,49,11,3,3,60,102
deathly_hallows,2,100,78,22,56,3,2,2,59,102
heraticwalbong,3,99,70,29,41,18,2,3,59,102
SheWhoWritesEpithets,1,101,79,22,57,2,1,1,59,102
iMelancholyKid,1,101,78,23,55,3,1,1,58,102
DarkZephos,1,101,79,22,57,0,1,1,57,102
krangles,1,101,77,24,53,4,1,1,57,102
CardboardTubeKnight,2,100,78,22,56,0,1,2,56,102
DoctorCoollike,1,101,76,25,51,5,1,1,56,102
stepph,2,101,76,25,51,4,2,1,55,102
DarkBomberX,2,100,72,28,44,10,2,2,54,102
fb95dd7063,1,101,75,26,49,5,1,1,54,102
tirionfive,1,101,76,25,51,2,1,1,53,102
jabor93,1,101,73,28,45,8,0,1,53,102
xMaayZ,1,101,75,26,49,3,1,1,52,102
deepeyes1000,1,101,72,29,43,6,1,1,49,102
mi-16evil,1,101,71,30,41,8,1,1,49,102
OhMyArceus,1,101,72,29,43,6,1,1,49,102
wrathchicken,1,102,69,33,36,12,1,0,48,102
I_dislike_gays,4,101,71,30,41,6,1,1,47,102
LaTormenta,1,101,73,28,45,2,1,1,47,102
dontich,1,101,73,28,45,2,0,1,47,102
elliotd303,1,101,70,31,39,7,1,1,46,102
Peter_Lundy,1,101,67,34,33,13,1,1,46,102
fozzyfreakingbear,1,101,72,29,43,2,1,1,45,102
Ninja_Penguin298,1,101,71,30,41,4,1,1,45,102
LordBTowne,1,101,68,33,35,7,1,1,42,102
spam_in_a_can,1,102,71,31,40,2,1,0,42,102
Frankfusion,2,102,67,35,32,9,2,0,41,102
echolaliaboon,1,102,69,33,36,5,1,0,41,102
FlamingZebra,1,101,70,31,39,2,1,1,41,102
JewsInCanoes,1,101,69,32,37,4,1,1,41,102
kariotype,1,102,68,34,34,7,1,0,41,102
bmc5162,1,101,65,36,29,10,1,1,39,102
Hituke,1,101,63,38,25,14,1,1,39,102
taotao670,1,101,68,33,35,4,1,1,39,102
firestrike01,2,100,65,35,30,8,2,2,38,102
heenix,1,101,64,37,27,11,1,1,38,102
JakeyHD,1,102,65,37,28,9,1,0,37,102
JustBrowsing4Chan,1,101,67,34,33,4,1,1,37,102
Thingsandalsostuff,1,101,61,40,21,15,1,1,36,102
the_squeebulator,2,100,63,37,26,9,2,2,35,102
xActaAD,3,99,60,39,21,13,3,3,34,102
McStrauss,1,102,65,37,28,5,1,0,33,102
slosprint,1,102,65,37,28,5,1,0,33,102
xeromancer,1,101,63,38,25,7,1,1,32,102
memofdavid,5,98,63,35,28,2,4,4,30,102
sleaziep,1,102,65,37,28,2,1,0,30,102
iamjakeparty,1,101,65,36,29,0,1,1,29,102
awesome9,1,101,64,37,27,0,0,1,27,102
snipes1259,1,101,61,40,21,5,1,1,26,102
dr4w4,1,102,60,42,18,7,1,0,25,102
DSTakumiDerp,1,101,58,43,15,10,1,1,25,102
ballsacagewea,1,101,59,42,17,7,1,1,24,102
B0gart,3,99,57,42,15,8,3,3,23,102
breeett,1,101,56,45,11,11,1,1,22,102
facetiously,1,101,60,41,19,3,1,1,22,102
itzliz,2,100,55,45,10,11,2,2,21,102
SUPLERFLY,1,101,61,40,21,0,1,1,21,102
im4monkees,3,99,56,43,13,7,2,3,20,102
JadeHignett,2,100,56,44,12,8,0,2,20,102
dboothh,3,99,57,42,15,0,2,3,15,102
Lemelak,3,99,51,48,3,12,2,3,15,102
ryoshi,1,101,55,46,9,6,1,1,15,102
crash_over-ride,3,99,53,46,7,4,3,3,11,102
Gfoxcool,1,101,53,48,5,5,1,1,10,102
seeleco,3,99,48,51,-3,10,2,3,7,102
SkipToTheEnd,1,100,87,13,74,11,0,1,85,101
Nichoftime,1,100,90,10,80,4,1,1,84,101
Promiscuous_Gerbil,1,100,84,16,68,8,0,1,76,101
Kamizar,1,101,82,19,63,11,1,0,74,101
rackpuppy,1,100,85,15,70,4,1,1,74,101
vocoders,1,100,82,18,64,9,1,1,73,101
SnakeCracker,1,101,81,20,61,9,1,0,70,101
BmWalker93,1,101,71,30,41,28,1,0,69,101
JJFresh814,1,100,82,18,64,3,0,1,67,101
fattehboi,1,100,82,18,64,2,1,1,66,101
lunaticsb,1,101,80,21,59,7,1,0,66,101
mattyg5,1,100,77,23,54,12,1,1,66,101
ruck259,1,100,80,20,60,5,1,1,65,101
Sith1557,1,100,76,24,52,12,1,1,64,101
Psychokittycat,1,100,79,21,58,5,1,1,63,101
shifty1776,1,100,78,22,56,6,1,1,62,101
Mrowl7,2,99,75,24,51,9,0,2,60,101
hellogoobly,1,100,76,24,52,6,1,1,58,101
SirSamsa,1,100,77,23,54,4,0,1,58,101
bananaswild,1,100,78,22,56,0,1,1,56,101
tbird1234,1,100,78,22,56,0,1,1,56,101
mcb1,1,100,74,26,48,7,1,1,55,101
ClutchComplex,1,100,77,23,54,0,1,1,54,101
kevvvn,1,100,72,28,44,10,1,1,54,101
ryanbazza,1,100,77,23,54,0,1,1,54,101
schaefferBMW,1,100,77,23,54,0,1,1,54,101
dennit,1,100,74,26,48,5,1,1,53,101
absolut_ian,1,100,75,25,50,2,1,1,52,101
beaudacious14,1,100,76,24,52,0,1,1,52,101
BluShine,1,100,68,32,36,16,1,1,52,101
corey561,1,100,74,26,48,2,1,1,50,101
nadacarp,1,100,65,35,30,20,0,1,50,101
bpositive,1,100,68,32,36,12,1,1,48,101
liketolearn,1,101,72,29,43,5,1,0,48,101
johnny_bgoode,2,99,68,31,37,9,2,2,46,101
hearo,1,100,72,28,44,2,1,1,46,101
Shem44,1,100,70,30,40,6,1,1,46,101
fuolwen,4,97,68,29,39,6,4,4,45,101
durtyhairy,1,100,70,30,40,5,0,1,45,101
FAderp91,1,100,72,28,44,0,1,1,44,101
turkishpie19,2,100,69,31,38,5,2,1,43,101
erikaxoxo,1,100,69,31,38,5,1,1,43,101
oddgurl13,1,100,70,30,40,2,1,1,42,101
n00bstar,1,100,67,33,34,7,1,1,41,101
davefinisher,2,99,68,31,37,4,0,2,41,101
claudiumsh,1,100,69,31,38,2,1,1,40,101
itzwhiteflag,2,99,66,33,33,6,2,2,39,101
cadex,2,99,67,32,35,4,1,2,39,101
mdthegreat,2,99,64,35,29,3,2,2,32,101
sirarkane,2,100,64,36,28,4,1,1,32,101
lunaneo1007,2,99,63,36,27,4,2,2,31,101
CaribbeanSushi,1,101,64,37,27,3,1,0,30,101
IByrdl,1,100,63,37,26,4,1,1,30,101
spoonman12,1,100,65,35,30,0,1,1,30,101
RAGING_GENITALIA,1,100,59,41,18,10,0,1,28,101
mr_stuber,1,100,60,40,20,7,1,1,27,101
Bacon_Wizard,1,100,62,38,24,2,1,1,26,101
mailbox123,1,100,63,37,26,0,1,1,26,101
pheartheceal,1,100,59,41,18,8,1,1,26,101
chocobecca,1,100,61,39,22,3,1,1,25,101
hamburger_helpster,2,99,60,39,21,4,1,2,25,101
monicamarlena,3,98,57,41,16,9,1,3,25,101
CehJota,1,100,61,39,22,2,1,1,24,101
ConR4WR,1,100,58,42,16,7,1,1,23,101
Joebalz,1,100,58,42,16,7,1,1,23,101
Sludude,3,98,57,41,16,6,3,3,22,101
MJA94,1,100,58,42,16,6,1,1,22,101
jumpinghobo,1,100,54,46,8,13,0,1,21,101
adametsa,1,101,59,42,17,0,1,0,17,101
Serath62,1,100,57,43,14,3,1,1,17,101
sweatyballs27,1,101,56,45,11,6,1,0,17,101
punkspacewafers,2,99,52,47,5,6,2,2,11,101
chewieconcarne,2,99,53,46,7,4,1,2,11,101
Syddog17,1,100,53,47,6,5,1,1,11,101
Jeezum,1,100,53,47,6,2,1,1,8,101
DubiousPig,1,99,86,13,73,18,1,1,91,100
bewareofthegoldfish,1,100,89,11,78,2,1,0,80,100
Nighthawk121,1,100,88,12,76,0,1,0,76,100
bkk2090,1,99,83,16,67,7,1,1,74,100
gcm90,2,98,86,12,74,0,0,2,74,100
jakejstrick,1,99,83,16,67,4,0,1,71,100
earlchilles,1,99,84,15,69,0,1,1,69,100
flyingdutchmen,1,99,82,17,65,4,1,1,69,100
Invisiblelol,2,100,82,18,64,3,1,0,67,100
QuizMasterAsh,1,99,79,20,59,7,1,1,66,100
GuitarGuru2001,1,100,79,21,58,7,1,0,65,100
manami333,1,99,80,19,61,4,1,1,65,100
I_KeepsItReal,2,99,79,20,59,3,2,1,62,100
bman5252,1,99,78,21,57,5,1,1,62,100
caaawl,1,99,77,22,55,7,1,1,62,100
Duecez24,1,99,79,20,59,3,1,1,62,100
tigermoth,1,99,79,20,59,2,1,1,61,100
Unce,1,99,77,22,55,6,1,1,61,100
ninjembro,2,99,70,29,41,20,0,1,61,100
pannepacker,1,99,77,22,55,5,1,1,60,100
CristiArmean,1,99,73,26,47,13,0,1,60,100
JakeBurnsRed,1,99,78,21,57,2,1,1,59,100
xXJLxPWNSXx,1,99,76,23,53,6,1,1,59,100
RexPunchard,1,99,76,23,53,5,1,1,58,100
Wilhemina5,1,99,76,23,53,5,1,1,58,100
qervem,1,100,71,29,42,15,1,0,57,100
WestcoastWonder,2,98,73,25,48,8,2,2,56,100
CrazyCanadianEh,1,99,76,23,53,2,1,1,55,100
lol_wuut,1,99,67,32,35,20,1,1,55,100
rpryor13,1,99,75,24,51,3,1,1,54,100
Skopak,2,98,74,24,50,3,2,2,53,100
rlrguy,1,100,74,26,48,5,1,0,53,100
CallDaAmberlamps,1,99,73,26,47,5,1,1,52,100
Chipsandiscream,1,99,73,26,47,5,1,1,52,100
SpoonyBadger,1,99,72,27,45,5,1,1,50,100
Broadway_Blueshirts,1,99,73,26,47,2,1,1,49,100
rock-it-science,1,99,73,26,47,2,1,1,49,100
0osimo0,2,98,69,29,40,8,2,2,48,100
aparker42,1,99,71,28,43,5,1,1,48,100
oopumad,1,100,70,30,40,7,1,0,47,100
raiseursails,1,99,71,28,43,4,1,1,47,100
smileylinzi,1,100,69,31,38,8,1,0,46,100
swagrare,1,99,69,30,39,7,1,1,46,100
Therustygear,1,99,68,31,37,9,1,1,46,100
tunasam,1,100,69,31,38,8,1,0,46,100
Aithos,1,100,71,29,42,2,1,0,44,100
IAMHab,1,100,65,35,30,14,1,0,44,100
Croinex,1,99,71,28,43,0,1,1,43,100
Bunsdo,1,99,67,32,35,7,1,1,42,100
BeefSneeze,1,99,68,31,37,4,1,1,41,100
Killzonexxl,2,99,68,31,37,3,2,1,40,100
Splapp,2,98,66,32,34,5,2,2,39,100
Anderan,1,99,65,34,31,8,1,1,39,100
TommyMarin,1,99,64,35,29,9,1,1,38,100
Gratestprsnalive,1,99,67,32,35,2,1,1,37,100
jfleysh,1,99,62,37,25,12,1,1,37,100
dementia13,1,99,63,36,27,10,0,1,37,100
PantheraOnca,1,99,63,36,27,9,1,1,36,100
BaronVonChang,2,98,65,33,32,4,0,2,36,100
DonQuixote360,1,99,62,37,25,10,1,1,35,100
ghosthaunt,1,99,65,34,31,4,1,1,35,100
kmerc1,1,99,67,32,35,0,1,1,35,100
NewKidMaxwell,1,99,64,35,29,6,1,1,35,100
BAMM0,1,99,63,36,27,7,1,1,34,100
Bunniescreed,1,99,62,37,25,9,1,1,34,100
Shaneo2929,1,99,62,37,25,9,1,1,34,100
thisisthelaststop,1,99,62,37,25,9,1,1,34,100
Bad_Zoo_Boy,2,98,61,37,24,9,2,2,33,100
izi666,1,99,56,43,13,20,0,1,33,100
bigdaddypoppin,1,100,59,41,18,14,1,0,32,100
the_green_glass_door,1,99,59,40,19,13,1,1,32,100
TSwannM,2,98,63,35,28,3,2,2,31,100
ar9kanine,1,99,62,37,25,6,1,1,31,100
livinitup,2,98,64,34,30,0,2,2,30,100
Agenttable077,1,99,63,36,27,3,1,1,30,100
Gonnabeahustla,1,100,65,35,30,0,1,0,30,100
jukesroflz,1,99,61,38,23,7,1,1,30,100
nshaz,1,99,63,36,27,3,1,1,30,100
cunninglinguist96,2,98,61,37,24,5,2,2,29,100
sandwichqueen,1,99,63,36,27,2,1,1,29,100
norcalaztecs,1,100,61,39,22,5,1,0,27,100
acidmonkey,3,97,59,38,21,5,2,3,26,100
glocky,1,99,59,40,19,7,1,1,26,100
MikeHenry,1,100,63,37,26,0,1,0,26,100
Haze0241,2,98,59,39,20,4,2,2,24,100
Stephenhawkwing,1,99,57,42,15,7,1,1,22,100
mull54,2,98,57,41,16,5,0,2,21,100
rockeh,1,99,56,43,13,7,1,1,20,100
lains-experiment,1,99,57,42,15,3,0,1,18,100
Rayborn,1,99,54,45,9,8,1,1,17,100
fabiangunz,1,99,56,43,13,3,0,1,16,100
jeditransistor,2,98,52,46,6,4,2,2,10,100
blueflameviper,1,99,51,48,3,3,1,1,6,100
terrorhassan,1,99,47,52,-5,2,1,1,-3,100
Nate_Puffy,2,98,44,54,-10,5,2,2,-5,100
rademaster,1,99,86,13,73,12,1,0,85,99
Unfriendly_alien,1,99,85,14,71,13,1,0,84,99
FIawLess,1,98,85,13,72,5,1,1,77,99
Dread_Hayze,1,98,81,17,64,11,1,1,75,99
icycitrusblast,1,98,86,12,74,0,1,1,74,99
only_gibberish,1,98,86,12,74,0,0,1,74,99
trecoolj8,1,98,85,13,72,0,1,1,72,99
HumanMillipede,1,98,83,15,68,3,1,1,71,99
redheadsrage,1,98,82,16,66,5,1,1,71,99
nsaucdiv151,2,97,81,16,65,4,2,2,69,99
TheGurf,1,98,76,22,54,11,1,1,65,99
CWoww,1,98,78,20,58,3,1,1,61,99
spencerz,3,96,74,22,52,8,3,3,60,99
bgf97,1,98,77,21,56,4,1,1,60,99
Steve4444,1,98,78,20,58,2,1,1,60,99
DanimalHouse,2,97,77,20,57,2,2,2,59,99
rspix000,2,98,71,27,44,15,2,1,59,99
WHARGARBEEES,3,96,72,24,48,11,1,3,59,99
shnublet,1,98,75,23,52,5,1,1,57,99
B23vital,1,98,71,27,44,13,0,1,57,99
jzagri,3,97,74,23,51,4,2,2,55,99
SPITFIYAH,1,98,72,26,46,9,1,1,55,99
Strug-ga-ling,1,98,75,23,52,3,1,1,55,99
ataraxic_,1,98,74,24,50,4,1,1,54,99
nkleinrichert7,1,98,74,24,50,0,1,1,50,99
YouBlewMyMind,2,99,71,28,43,7,1,0,50,99
_Mattman_,1,98,73,25,48,0,1,1,48,99
Exceedingly,1,98,73,25,48,0,1,1,48,99
pandapoi,1,98,69,29,40,8,1,1,48,99
shinchan230,1,98,68,30,38,8,1,1,46,99
jammerjoint,4,95,64,31,33,11,2,4,44,99
DigitalN,1,98,67,31,36,8,1,1,44,99
jstl,1,98,68,30,38,6,1,1,44,99
gsmccabe,3,97,69,28,41,2,2,2,43,99
jYi,4,95,67,28,39,4,2,4,43,99
Chexmix321,1,98,69,29,40,2,1,1,42,99
hlpdsk,1,98,65,33,32,10,1,1,42,99
mahandal,1,98,68,30,38,4,1,1,42,99
HeQtor,1,98,61,37,24,17,1,1,41,99
alps25,1,98,67,31,36,4,1,1,40,99
Commandercody,1,98,67,31,36,4,1,1,40,99
tia-marie,1,99,67,32,35,5,1,0,40,99
jostego,3,97,65,32,33,7,0,2,40,99
MrsChimpGod,1,98,69,29,40,0,0,1,40,99
jimbob320,1,99,66,33,33,5,1,0,38,99
Alnama,1,98,66,32,34,3,1,1,37,99
jake-the-great,1,98,66,32,34,0,1,1,34,99
DaStampede,1,98,64,34,30,4,0,1,34,99
Tankly2,2,97,64,33,31,2,2,2,33,99
theprodigalknight,1,98,62,36,26,7,1,1,33,99
veribaka,1,98,63,35,28,5,1,1,33,99
El_Cantante,3,96,63,33,30,2,3,3,32,99
IrishItalian0129,3,96,61,35,26,6,3,3,32,99
HereticS1xth,1,98,63,35,28,4,1,1,32,99
MissKatieMae,2,97,58,39,19,13,1,2,32,99
PROUDgrizHATER,1,98,62,36,26,6,1,1,32,99
shiv_sin,2,98,53,45,8,24,1,1,32,99
Dacien1983,2,97,60,37,23,8,2,2,31,99
collinburris,2,97,62,35,27,4,1,2,31,99
carnieyb,1,98,60,38,22,8,1,1,30,99
Jaysong17,1,98,57,41,16,14,1,1,30,99
Pixelvomit,1,98,62,36,26,2,1,1,28,99
ragnoros,1,98,57,41,16,12,1,1,28,99
tlock8,2,97,60,37,23,2,0,2,25,99
5amu3l00,2,97,56,41,15,9,2,2,24,99
Krillin,1,98,57,41,16,7,1,1,23,99
rockonjohngoodman,1,98,58,40,18,4,1,1,22,99
rodriguezr08,1,99,56,43,13,9,1,0,22,99
alienth,1,98,58,40,18,3,1,1,21,99
The_Snailman,1,98,54,44,10,11,1,1,21,99
Dathadorne,1,98,55,43,12,7,1,1,19,99
switchmod,1,98,56,42,14,5,1,1,19,99
HaibaraAi,1,98,53,45,8,6,1,1,14,99
jus732,1,98,50,48,2,12,1,1,14,99
chagerty,4,96,53,43,10,0,2,3,10,99
Alder12,1,98,51,47,4,5,1,1,9,99
resident-evil,1,98,51,47,4,5,0,1,9,99
MiaVee,1,98,88,10,78,6,1,0,84,98
pophardpunk,1,97,85,12,73,8,0,1,81,98
DarkestBlood,1,97,84,13,71,5,1,1,76,98
doobloo,1,97,74,23,51,24,1,1,75,98
skittishjoker,1,97,81,16,65,10,1,1,75,98
mewtime,1,97,84,13,71,3,1,1,74,98
tapeplayer,1,97,84,13,71,3,1,1,74,98
dicknose33,1,98,84,14,70,3,1,0,73,98
Mulltown,1,97,80,17,63,8,1,1,71,98
Hot_Beef_Injection,1,97,79,18,61,8,1,1,69,98
kriswone,1,97,81,16,65,4,1,1,69,98
Blungdue,1,97,79,18,61,5,1,1,66,98
followups,1,97,80,17,63,2,1,1,65,98
dreamendDischarger,1,97,79,18,61,3,1,1,64,98
DrShenandrew,1,98,80,18,62,2,1,0,64,98
N3on_Monster,1,97,77,20,57,7,1,1,64,98
chilidawg44,1,97,79,18,61,2,1,1,63,98
Horace_P_McTitties,1,97,79,18,61,2,1,1,63,98
AaaaawYeeeeea,2,96,79,17,62,0,2,2,62,98
drewdie1st,1,97,71,26,45,17,1,1,62,98
miss_bonbonbonbon,3,96,75,21,54,7,3,2,61,98
eceitel,1,97,78,19,59,2,1,1,61,98
Kritical02,1,97,74,23,51,10,0,1,61,98
Indypunk,1,97,74,23,51,9,1,1,60,98
yukidomaru,1,97,71,26,45,14,1,1,59,98
woddle1000,1,97,72,25,47,11,1,1,58,98
Blitz-,1,97,77,20,57,0,1,1,57,98
mentalcow,1,97,68,29,39,18,1,1,57,98
WileyE,1,97,74,23,51,6,1,1,57,98
FatHitman,3,95,73,22,51,5,2,3,56,98
DratVillains,1,97,75,22,53,3,1,1,56,98
stararrows,1,98,77,21,56,0,1,0,56,98
Arsinik,3,96,72,24,48,7,3,2,55,98
Mercury1600,1,97,76,21,55,0,1,1,55,98
spagent,1,97,74,23,51,4,1,1,55,98
trothad2,2,96,72,24,48,6,2,2,54,98
Emayarkay,1,97,73,24,49,5,1,1,54,98
dcorso1,2,97,74,23,51,3,0,1,54,98
truthpooper,1,97,74,23,51,2,1,1,53,98
2FishInATank,2,96,71,25,46,6,2,2,52,98
Ginganinja888,1,97,72,25,47,5,1,1,52,98
illskillz1,1,97,69,28,41,11,1,1,52,98
kjn33,1,97,72,25,47,5,1,1,52,98
xindierockx7114,4,94,67,27,40,11,2,4,51,98
FinkFoodle,1,97,67,30,37,14,0,1,51,98
Asylumgirl15,2,96,73,23,50,0,1,2,50,98
renako,1,97,69,28,41,9,1,1,50,98
sonyuhshidae,1,97,71,26,45,5,1,1,50,98
N00t,1,97,72,25,47,2,1,1,49,98
worstcaseontario_,1,97,67,30,37,11,1,1,48,98
steveojameso,1,97,71,26,45,3,0,1,48,98
B4CON,1,97,66,31,35,12,1,1,47,98
MIKEoxinurface,1,97,70,27,43,4,1,1,47,98
RightAboveAverage,1,97,72,25,47,0,1,1,47,98
natatatco,2,96,67,29,38,8,2,2,46,98
Ray2chill,2,96,71,25,46,0,2,2,46,98
cayman40,1,97,61,36,25,19,0,1,44,98
imonlyalurker,1,97,68,29,39,4,1,1,43,98
sublime_potato,2,96,60,36,24,18,2,2,42,98
bvanciu96,1,97,67,30,37,5,0,1,42,98
anon0311,1,97,67,30,37,4,1,1,41,98
akal96,5,94,61,33,28,12,3,4,40,98
boogabooga08,1,97,65,32,33,7,1,1,40,98
Johnsnoz,1,97,67,30,37,0,1,1,37,98
sloanbone,1,98,65,33,32,4,1,0,36,98
TankedSpam,1,97,61,36,25,10,0,1,35,98
pokefreak3,2,96,54,42,12,22,1,2,34,98
GobbleswithRAGE,2,96,60,36,24,8,1,2,32,98
ChocoMcFudgeCake,1,97,58,39,19,12,0,1,31,98
aemily,1,97,62,35,27,3,1,1,30,98
tgrich,2,96,58,38,20,9,2,2,29,98
TheNewYou,1,98,61,37,24,5,1,0,29,98
funnynickname,1,97,63,34,29,0,0,1,29,98
wellisntthisawkward,3,95,58,37,21,7,2,3,28,98
oneilldom,3,95,57,38,19,8,2,3,27,98
Chrissoubibi,2,96,56,40,16,9,2,2,25,98
MoldyCereal,1,97,58,39,19,5,1,1,24,98
reddible,3,95,56,39,17,6,3,3,23,98
aablasco,1,97,57,40,17,6,1,1,23,98
TheAnaconda93,4,94,57,37,20,0,3,4,20,98
shameless-reposter,2,96,54,42,12,8,2,2,20,98
skylar_shadowstorm,2,96,51,45,6,14,1,2,20,98
DariusBlack,1,97,56,41,15,4,1,1,19,98
frohawk09,1,97,58,39,19,0,1,1,19,98
Odisfishie,1,97,50,47,3,16,0,1,19,98
AaronM09,5,93,54,39,15,2,4,5,17,98
kimboslice11,1,97,53,44,9,8,1,1,17,98
alanajane,1,97,54,43,11,3,1,1,14,98
decameter,1,97,52,45,7,7,1,1,14,98
OnionFily,1,97,54,43,11,3,1,1,14,98
Tak291,1,97,52,45,7,6,1,1,13,98
Platony,1,97,51,46,5,7,1,1,12,98
e7ric,1,97,52,45,7,4,1,1,11,98
Igra,5,93,48,45,3,0,3,5,3,98
sirh4xalot,3,95,47,48,-1,4,3,3,3,98
burningrobot,2,96,82,14,68,18,2,1,86,97
ucslug,2,95,87,8,79,7,2,2,86,97
kitten_muncher,1,96,88,8,80,0,1,1,80,97
raidraidraid,1,96,85,11,74,3,1,1,77,97
hmh006,1,96,84,12,72,5,0,1,77,97
IslamAndPeace,1,96,82,14,68,4,1,1,72,97
Oliverthetower,2,95,81,14,67,4,2,2,71,97
wraithsrock,1,97,84,13,71,0,1,0,71,97
DangerWife,1,96,77,19,58,11,1,1,69,97
mrsobchak,1,96,69,27,42,24,1,1,66,97
aussie_gecko1892,1,96,75,21,54,10,1,1,64,97
baker10923,2,95,79,16,63,0,2,2,63,97
reklameboks,1,97,76,21,55,7,1,0,62,97
kieganrockstar,1,96,73,23,50,12,0,1,62,97
Dsullivan1293,2,95,73,22,51,9,2,2,60,97
CheshireKarl,1,96,70,26,44,16,1,1,60,97
jiveturkeylawl,1,96,76,20,56,4,1,1,60,97
Skaundrel,1,96,76,20,56,4,1,1,60,97
Thirsty_Moose,2,95,72,23,49,10,2,2,59,97
Chocolateglazed,1,96,74,22,52,7,1,1,59,97
solomon081,2,95,73,22,51,5,1,2,56,97
facebones2112,2,95,70,25,45,10,2,2,55,97
Nautica51o,2,95,73,22,51,3,2,2,54,97
Chops369,2,95,73,22,51,3,1,2,54,97
MoonMonstar,2,96,69,27,42,11,2,1,53,97
Leiflarve,1,96,69,27,42,11,1,1,53,97
Roozbehh,1,96,72,24,48,5,1,1,53,97
StarCheese,2,95,70,25,45,7,1,2,52,97
Sseress1,2,95,73,22,51,0,0,2,51,97
phillyfanjd,3,94,69,25,44,6,2,3,50,97
Always_Upvotes_Cats,1,96,72,24,48,2,1,1,50,97
athennna,1,96,66,30,36,13,1,1,49,97
chrisbburke,1,96,71,25,46,2,1,1,48,97
compto35,2,95,71,24,47,0,1,2,47,97
vitaminz1990,1,97,70,27,43,4,1,0,47,97
damnimgood69,2,96,67,29,38,8,2,1,46,97
badmotherfucker75,1,96,65,31,34,12,1,1,46,97
ohyeabrother,1,97,67,30,37,6,1,0,43,97
Imgonnaroll,2,96,67,29,38,4,2,1,42,97
KittenRaffle,1,96,68,28,40,2,1,1,42,97
rapeislove,1,96,58,38,20,22,1,1,42,97
ThatFedExMan,1,97,61,36,25,17,1,0,42,97
Literati,1,96,66,30,36,6,0,1,42,97
BrobiWanKinobe,2,96,67,29,38,2,1,1,40,97
ctm617,1,96,64,32,32,8,1,1,40,97
wooben,1,96,66,30,36,4,1,1,40,97
nopir,2,97,65,32,33,5,1,0,38,97
smashedsaturn,1,96,63,33,30,7,1,1,37,97
MysteryMooseMan,1,96,62,34,28,8,1,1,36,97
kroatia04,1,96,63,33,30,5,1,1,35,97
mcfuzzum,1,96,65,31,34,0,1,1,34,97
l4wd0g,2,95,60,35,25,8,2,2,33,97
nelsonblaha,2,96,59,37,22,10,2,1,32,97
crack22,1,96,64,32,32,0,1,1,32,97
umwaitwhat,1,97,60,37,23,9,1,0,32,97
boffer4life,2,96,60,36,24,7,2,1,31,97
4knives,1,96,61,35,26,5,1,1,31,97
UnknownProphet,1,96,60,36,24,7,1,1,31,97
NickZaiger,2,95,62,33,29,0,2,2,29,97
The_Downvote_Guy,1,96,57,39,18,11,1,1,29,97
Zendicar,1,96,60,36,24,5,1,1,29,97
used_bathwater,2,95,58,37,21,7,2,2,28,97
Nikki2147,1,96,60,36,24,3,1,1,27,97
Invisiblevisions,2,95,60,35,25,0,2,2,25,97
grey_sky,1,96,58,38,20,5,1,1,25,97
Arnoldo90,1,96,56,40,16,6,1,1,22,97
mySTASH,1,96,57,39,18,2,1,1,20,97
deadzone404,1,97,58,39,19,0,1,0,19,97
JohnnyCharles,2,95,55,40,15,3,2,2,18,97
braidedbutthairs,1,96,55,41,14,3,1,1,17,97
jwchen,1,96,51,45,6,8,1,1,14,97
ewmad,4,93,47,46,1,0,3,4,1,97
PANCAKE_TIME,1,96,73,23,50,49,1,0,99,96
Ella_Bella,1,96,85,11,74,14,1,0,88,96
rev9whitey,2,94,80,14,66,21,2,2,87,96
Aerv,1,95,86,9,77,3,1,1,80,96
Squint_Eastwood,1,95,73,22,51,29,1,1,80,96
WyattFlem,1,95,81,14,67,7,1,1,74,96
LookingForKarma,3,93,78,15,63,10,1,3,73,96
nyfish1992,2,95,77,18,59,13,2,1,72,96
Willbo,1,96,70,26,44,27,1,0,71,96
RainieDay,2,94,78,16,62,9,0,2,71,96
12WootWoot,1,95,82,13,69,0,1,1,69,96
angiethebeat,1,95,82,13,69,0,0,1,69,96
Seaing,1,95,79,16,63,6,0,1,69,96
thepopchassid,1,95,75,20,55,13,0,1,68,96
owstopit,1,95,80,15,65,2,1,1,67,96
heeeeeeeeeeeeeeeeeey,1,95,78,17,61,4,1,1,65,96
InsaneBlaco,1,95,76,19,57,8,1,1,65,96
lawnknome52,2,94,74,20,54,10,2,2,64,96
Cyamos,1,95,77,18,59,5,1,1,64,96
dahabit,1,95,76,19,57,5,1,1,62,96
Matt0753,1,96,77,19,58,4,1,0,62,96
Jackrushton,1,95,70,25,45,16,1,1,61,96
Coriron,2,95,75,20,55,4,2,1,59,96
sgtb23,1,95,69,26,43,16,1,1,59,96
thenightman99,3,93,69,24,45,13,3,3,58,96
Digimas,1,95,74,21,53,5,1,1,58,96
hirashirou,1,95,75,20,55,2,1,1,57,96
TheDunnshow,1,95,60,35,25,30,1,1,55,96
Shadoweaster,1,95,72,23,49,5,1,1,54,96
qamarf2,2,94,70,24,46,6,2,2,52,96
sterling_mallory,2,94,70,24,46,6,2,2,52,96
KarmaStrikesAgain,1,96,64,32,32,20,1,0,52,96
redhatGizmo,2,96,72,24,48,3,2,0,51,96
12the22the32the4,2,94,71,23,48,2,2,2,50,96
DessertPizza,1,95,66,29,37,13,1,1,50,96
ActNaturally,1,96,68,28,40,9,1,0,49,96
Qquuiinnoonneess,2,94,71,23,48,0,2,2,48,96
TrolltasticLogic,1,95,68,27,41,7,1,1,48,96
Paastand,2,94,68,26,42,5,2,2,47,96
sidewalksolipsis,1,95,71,24,47,0,1,1,47,96
Supraman,2,94,68,26,42,5,1,2,47,96
MrRykler,2,94,64,30,34,12,2,2,46,96
srutherf,1,95,69,26,43,3,1,1,46,96
Baconpwner,1,96,62,34,28,17,1,0,45,96
alokococoa,1,95,67,28,39,5,1,1,44,96
Wolferection,1,95,64,31,33,11,1,1,44,96
readittroll,1,95,69,26,43,0,1,1,43,96
ironrevor,2,94,65,29,36,3,2,2,39,96
ImMadeOfRice,1,95,67,28,39,0,1,1,39,96
DangerousDetlef,1,96,61,35,26,12,1,0,38,96
coupdetat,7,90,53,37,16,20,5,6,36,96
analogy_4_anything,1,96,58,38,20,16,1,0,36,96
arithx,1,95,64,31,33,3,1,1,36,96
humphrey06,1,95,60,35,25,11,1,1,36,96
le-skwrl,1,95,61,34,27,8,1,1,35,96
XxTalkingMachinexX,1,95,60,35,25,10,1,1,35,96
Perceptes,2,94,60,34,26,8,2,2,34,96
Kr3w570,1,96,60,36,24,9,1,0,33,96
billykrz777,2,94,59,35,24,9,0,2,33,96
jaredlindgren,1,95,63,32,31,0,1,1,31,96
magicbullets,3,93,59,34,25,5,3,3,30,96
Dingojohnson,1,95,56,39,17,13,1,1,30,96
Ordinaryyy,2,94,58,36,22,7,1,2,29,96
senorbeez,1,95,55,40,15,14,1,1,29,96
GoldenMoe,1,95,59,36,23,6,0,1,29,96
heres_one_for_ya,2,94,57,37,20,8,1,2,28,96
tdh2113,1,95,58,37,21,7,1,1,28,96
Steglich,1,95,61,34,27,0,1,1,27,96
billothy,1,95,53,42,11,15,1,1,26,96
MooTVMoo,1,95,55,40,15,10,1,1,25,96
Acidyo,3,95,55,40,15,8,3,1,23,96
worthlesshero,1,95,57,38,19,3,1,1,22,96
pswii60,1,95,55,40,15,6,1,1,21,96
bella_morte69,1,95,52,43,9,11,1,1,20,96
justonecomic,1,95,56,39,17,3,1,1,20,96
keitel993,1,95,55,40,15,5,1,1,20,96
Demasu,1,95,57,38,19,0,1,1,19,96
Girth,1,95,56,39,17,2,1,1,19,96
Tellem_Holzer,1,95,55,40,15,4,1,1,19,96
IMadeThisforMineZ,3,93,52,41,11,7,3,3,18,96
kobel4k3r5,1,96,56,40,16,2,1,0,18,96
Sure_lll_Eat_That,1,95,55,40,15,2,1,1,17,96
CaptainKnobvious,1,95,54,41,13,3,1,1,16,96
Melovegrapes93,1,95,53,42,11,3,1,1,14,96
That1neGinger,1,95,48,47,1,12,1,1,13,96
Troller101,2,94,51,43,8,2,2,2,10,96
bolgrot,1,94,90,4,86,4,1,1,90,95
w1nterfell,1,94,82,12,70,6,1,1,76,95
Elhamster310,1,94,80,14,66,8,1,1,74,95
weetbix-kid,1,95,81,14,67,6,1,0,73,95
devlin89,2,93,80,13,67,4,2,2,71,95
dark45954,1,95,77,18,59,9,1,0,68,95
FrankBro,1,95,68,27,41,27,1,0,68,95
jayjaypee,1,94,78,16,62,6,1,1,68,95
CosmicMoggie,2,93,76,17,59,7,2,2,66,95
nolunch,2,93,77,16,61,5,2,2,66,95
drcoolsex,1,94,78,16,62,4,1,1,66,95
Zatokrev,1,94,77,17,60,2,0,1,62,95
HoneyedHam,1,94,75,19,56,5,1,1,61,95
thepsycho_t,1,94,76,18,58,2,0,1,60,95
conjureflameatronach,2,93,74,19,55,4,2,2,59,95
20andcounting,1,94,76,18,58,0,1,1,58,95
goss400,1,94,72,22,50,8,1,1,58,95
DJRD4465,1,94,72,22,50,8,0,1,58,95
AWimpyAsianKid,3,92,69,23,46,11,2,3,57,95
Rendez,1,94,73,21,52,5,0,1,57,95
HiDaveGeorge,1,94,72,22,50,6,1,1,56,95
mister_fister535,1,94,72,22,50,6,1,1,56,95
zeppelinl,1,94,71,23,48,8,1,1,56,95
VolumeZero,1,94,73,21,52,4,0,1,56,95
Ancatdubh2,1,94,73,21,52,3,1,1,55,95
thabauss,1,94,73,21,52,3,1,1,55,95
killahmix,1,94,69,25,44,10,0,1,54,95
101dkpopman,1,94,71,23,48,4,1,1,52,95
sporkybyme,1,94,71,23,48,4,1,1,52,95
Three_Fifty,1,94,73,21,52,0,1,1,52,95
Blazed_Ginger,1,95,70,25,45,6,1,0,51,95
Ell223,1,94,65,29,36,15,1,1,51,95
iJonesy,2,93,69,24,45,5,2,2,50,95
afkuser,1,94,65,29,36,14,1,1,50,95
JaredKJames,1,94,70,24,46,4,1,1,50,95
chosen_juan,1,94,70,24,46,4,0,1,50,95
huc1969,1,94,70,24,46,3,1,1,49,95
summerofevidence,3,92,68,24,44,5,1,3,49,95
boredMedStudent2,1,94,70,24,46,2,1,1,48,95
tgame14,1,95,68,27,41,6,1,0,47,95
Wo1fy,1,94,68,26,42,5,1,1,47,95
_derpinator_,1,94,68,26,42,4,1,1,46,95
decilios,1,94,68,26,42,3,1,1,45,95
Magoran,1,95,68,27,41,4,1,0,45,95
ashylarry69,1,94,66,28,38,6,1,1,44,95
Stripedhorse,1,94,68,26,42,2,0,1,44,95
Sauce_Money,2,93,66,27,39,4,2,2,43,95
imsohighondrugs,1,94,66,28,38,5,1,1,43,95
kpk4288,1,94,66,28,38,4,1,1,42,95
meowmeow111,1,94,61,33,28,14,1,1,42,95
JEDISMOKE27,1,94,66,28,38,3,1,1,41,95
LeapDayLion,2,93,63,30,33,7,2,2,40,95
ORDub,1,94,65,29,36,4,1,1,40,95
Coltfourty5,1,94,62,32,30,9,1,1,39,95
smithhay,1,94,63,31,32,6,1,1,38,95
quazimoto69,2,93,63,30,33,4,2,2,37,95
ron57,2,94,63,31,32,5,2,1,37,95
fawker,1,94,58,36,22,14,1,1,36,95
Nimrod41544,1,94,53,41,12,24,1,1,36,95
asstits,2,94,61,33,28,8,0,1,36,95
LordMarty,4,91,60,31,29,6,4,4,35,95
cmb216,1,95,63,32,31,4,1,0,35,95
Kazz1212,2,93,63,30,33,2,1,2,35,95
Randall444,2,93,56,37,19,16,1,2,35,95
syphon0202,1,94,61,33,28,7,0,1,35,95
AKNJ,1,94,55,39,16,18,1,1,34,95
tq92,1,94,59,35,24,9,1,1,33,95
Tofm,1,94,58,36,22,10,1,1,32,95
FriskyChicken,3,92,59,33,26,5,3,3,31,95
jaggazz,2,95,61,34,27,3,2,0,30,95
land_elk,1,94,59,35,24,4,1,1,28,95
Tetrarous,2,93,58,35,23,4,2,2,27,95
Sarbear12321,2,93,57,36,21,5,2,2,26,95
JRieger_,1,94,58,36,22,4,1,1,26,95
Hellacopper,1,95,58,37,21,4,1,0,25,95
ta4444,1,94,56,38,18,7,1,1,25,95
catcher6250,1,94,58,36,22,2,1,1,24,95
cbgeek65,1,94,59,35,24,0,1,1,24,95
ciscosurvive,1,94,59,35,24,0,1,1,24,95
nowaydude11,3,93,56,37,19,4,3,2,23,95
thelocalnative,3,93,57,36,21,2,3,2,23,95
186394,4,91,57,34,23,0,2,4,23,95
JIIIIINXXX,1,94,57,37,20,3,1,1,23,95
aGuyCalledMatt,2,93,52,41,11,10,2,2,21,95
TheOneWhoKnocksBitch,2,93,54,39,15,6,2,2,21,95
h-dog-diggity,1,94,51,43,8,13,1,1,21,95
k4rrax,1,94,55,39,16,5,1,1,21,95
SpitFire9913,1,94,55,39,16,4,1,1,20,95
cmeister900,1,94,49,45,4,15,1,1,19,95
MackieDrew,1,94,55,39,16,2,1,1,18,95
xtremefudgecake,1,94,56,38,18,0,1,1,18,95
shnoogaboogums,1,94,53,41,12,5,1,1,17,95
beatangel,2,93,50,43,7,8,2,2,15,95
shadowrabbit,2,93,51,42,9,6,2,2,15,95
redditdreamwoman,1,94,53,41,12,3,1,1,15,95
Magicmagnets42,1,94,52,42,10,4,1,1,14,95
the_piglet,1,94,46,48,-2,16,1,1,14,95
AmbyDawn,1,94,44,50,-6,19,1,1,13,95
TheNoodlyMessiah,1,94,49,45,4,6,1,1,10,95
GC_Fyah,1,94,48,46,2,8,0,1,10,95
Clubcar12,1,94,46,48,-2,7,1,1,5,95
tbone115,1,93,87,6,81,10,1,1,91,94
chompthis,1,94,70,24,46,36,1,0,82,94
rigelstarr,1,93,83,10,73,6,1,1,79,94
FupaLoofah,1,94,84,10,74,4,1,0,78,94
puffybaba,1,94,85,9,76,2,1,0,78,94
Astrus,1,93,69,24,45,30,1,1,75,94
bordslampa,1,93,77,16,61,12,1,1,73,94
andy013,1,93,81,12,69,2,1,1,71,94
ayanami_elena,1,93,81,12,69,2,1,1,71,94
mbarrow213,1,93,81,12,69,2,1,1,71,94
Kroms,1,94,79,15,64,5,1,0,69,94
whackadoo47,1,93,77,16,61,8,1,1,69,94
BIGTEXT,1,93,76,17,59,8,1,1,67,94
emmbey,1,93,75,18,57,10,0,1,67,94
Mindle,1,93,78,15,63,3,1,1,66,94
lolface7,2,92,72,20,52,12,2,2,64,94
Eyeamy0u,2,92,76,16,60,4,1,2,64,94
bahamamamalama,1,93,78,15,63,0,1,1,63,94
DaDaveski,1,93,67,26,41,22,0,1,63,94
Burakkureibun,1,94,75,19,56,5,1,0,61,94
DontTouchThatTurtle,1,93,76,17,59,2,1,1,61,94
PR_Pride,1,93,75,18,57,4,1,1,61,94
wtf_kitties,1,93,75,18,57,3,0,1,60,94
destroctdo,1,93,67,26,41,18,1,1,59,94
relaxx,1,94,72,22,50,9,1,0,59,94
ZapdosThunderbird,3,91,69,22,47,12,1,3,59,94
YOU_FUCK,1,93,75,18,57,2,0,1,59,94
Guyer09,1,93,72,21,51,6,1,1,57,94
Caraes_Naur,1,93,71,22,49,7,1,1,56,94
Mattangard,1,93,69,24,45,11,1,1,56,94
rabbit2489,1,93,72,21,51,5,1,1,56,94
LoganPS,1,93,73,20,53,0,1,1,53,94
PartySamurai,1,93,72,21,51,2,1,1,53,94
1Ders,1,93,71,22,49,3,1,1,52,94
CatchinZs,1,93,71,22,49,3,1,1,52,94
mepsipax,3,91,70,21,49,3,1,3,52,94
RubyHunter,4,90,62,28,34,18,0,4,52,94
bunnylovely,1,93,71,22,49,2,1,1,51,94
I_Lyk_Dis,1,93,72,21,51,0,1,1,51,94
Whoa_Bundy,1,93,68,25,43,8,1,1,51,94
bearmanatee,1,93,70,23,47,4,0,1,51,94
general_lilis,1,93,69,24,45,3,1,1,48,94
grandmah,1,93,66,27,39,9,1,1,48,94
Kongo204,2,92,68,24,44,4,1,2,48,94
MyNameIsLaura,3,92,68,24,44,3,2,2,47,94
NeverEndingFanta,1,93,69,24,45,2,1,1,47,94
upvoteatheism,1,93,68,25,43,4,1,1,47,94
wecameasplugs,1,93,68,25,43,4,0,1,47,94
Peacockblue11,2,92,68,24,44,2,1,2,46,94
scales484,2,92,69,23,46,0,1,2,46,94
yemsh,2,92,66,26,40,5,2,2,45,94
Poohunter,1,93,67,26,41,4,1,1,45,94
1alex1,2,92,57,35,22,22,1,2,44,94
Atyone,1,93,66,27,39,5,1,1,44,94
twowaysplit,2,92,65,27,38,6,1,2,44,94
Argentina891,1,93,66,27,39,4,1,1,43,94
Gabbergeddez,4,90,59,31,28,14,3,4,42,94
fifteentango88,2,93,63,30,33,8,1,1,41,94
Tachometer,4,90,62,28,34,6,1,4,40,94
ayadew,1,93,64,29,35,4,1,1,39,94
bstaplet,1,93,64,29,35,4,1,1,39,94
hockeyguy_89,2,92,61,31,30,8,2,2,38,94
ominoustoad,2,92,62,30,32,6,2,2,38,94
robcrusoe,1,93,63,30,33,5,1,1,38,94
False_Firebird,1,93,65,28,37,0,1,1,37,94
cutechild,1,93,63,30,33,4,0,1,37,94
AvronC,2,92,61,31,30,6,2,2,36,94
cmdood,1,93,63,30,33,2,1,1,35,94
crhaxter,1,94,61,33,28,5,1,0,33,94
napzzz,1,93,61,32,29,3,1,1,32,94
SamuelLChang17,1,93,59,34,25,7,1,1,32,94
Topper2676,4,90,57,33,24,7,2,4,31,94
Arbitor,1,93,59,34,25,2,1,1,27,94
redlightnetherlands,1,94,59,35,24,3,1,0,27,94
BrosophicalBro,2,92,59,33,26,0,2,2,26,94
danc89,1,93,57,36,21,4,1,1,25,94
josefromthe925,1,94,58,36,22,3,1,0,25,94
Borndeath,4,90,56,34,22,2,3,4,24,94
experienceddoglover,1,93,54,39,15,9,1,1,24,94
IrishOnionRing,1,93,53,40,13,11,1,1,24,94
CloneDeath,1,93,53,40,13,10,1,1,23,94
MrBrojangles90,1,93,54,39,15,8,1,1,23,94
orthros,1,93,54,39,15,8,1,1,23,94
Rotax9,1,93,54,39,15,8,1,1,23,94
betweenthepaws,1,93,54,39,15,6,1,1,21,94
Im_A_Douchefag,1,93,50,43,7,14,1,1,21,94
CYKL0N3,2,92,53,39,14,6,2,2,20,94
OneEyedPoptar,1,93,54,39,15,5,1,1,20,94
Wade_W_Wilson,4,92,55,37,18,2,1,2,20,94
edwordhatesyou,1,93,53,40,13,5,1,1,18,94
trenchgiv,2,92,54,38,16,0,2,2,16,94
monkeyface79,1,93,51,42,9,6,1,1,15,94
Thats_Debatable,1,93,53,40,13,2,1,1,15,94
WhyYouHeffToBeMad,1,93,52,41,11,4,1,1,15,94
herp_van_derpington,3,91,51,40,11,2,1,3,13,94
skorsak,1,93,52,41,11,2,1,1,13,94
shibbybear,4,91,46,45,1,7,3,3,8,94
Adamcolter80,1,93,34,59,-25,7,1,1,-18,94
jsr4,1,92,78,14,64,35,1,1,99,93
twisterghost,1,92,83,9,74,11,1,1,85,93
kmwhite,1,92,83,9,74,4,1,1,78,93
Fire_Ox,1,92,80,12,68,7,1,1,75,93
Landmuffin,1,93,83,10,73,0,1,0,73,93
sourisetoile,1,92,81,11,70,2,1,1,72,93
Spiffstered,1,92,69,23,46,25,0,1,71,93
PeterFear,1,92,80,12,68,0,1,1,68,93
redflexiseal,2,91,71,20,51,16,2,2,67,93
HarrierAce101,1,92,78,14,64,3,1,1,67,93
professionalgriefer,1,92,79,13,66,0,1,1,66,93
Casuapking,1,92,76,16,60,4,1,1,64,93
Maetitahna,1,92,77,15,62,2,1,1,64,93
hme4,4,89,76,13,63,0,4,4,63,93
griffinmoede,1,92,74,18,56,6,1,1,62,93
artdamage,1,92,66,26,40,20,1,1,60,93
pooka12321,1,92,75,17,58,2,1,1,60,93
arizaga02,1,92,75,17,58,0,1,1,58,93
iMad13,1,92,74,18,56,2,1,1,58,93
Lonelyneko824,2,91,73,18,55,3,1,2,58,93
omgimacarrot288,4,89,72,17,55,2,2,4,57,93
rb7_brady,1,92,72,20,52,5,1,1,57,93
DillPickle19,2,91,71,20,51,5,2,2,56,93
GreenDirector,1,93,66,27,39,17,1,0,56,93
RudioPD,1,92,74,18,56,0,1,1,56,93
EquationTAKEN,1,92,70,22,48,8,0,1,56,93
iarron,1,92,70,22,48,7,1,1,55,93
MalConstant,1,93,74,19,55,0,1,0,55,93
wickidclown17,1,92,72,20,52,3,1,1,55,93
Your_Fly_Is_Open,1,92,72,20,52,3,1,1,55,93
Aktve,1,92,68,24,44,10,1,1,54,93
apowellryan,2,92,70,22,48,5,2,1,53,93
illest808,1,92,69,23,46,7,1,1,53,93
wickedimpulse00,1,93,62,31,31,22,1,0,53,93
deletethisacc,1,92,72,20,52,0,1,1,52,93
reyniel,2,92,64,28,36,14,2,1,50,93
Croupaloop,1,92,69,23,46,4,1,1,50,93
sweng,1,92,71,21,50,0,1,1,50,93
Wiskibasso,1,92,68,24,44,6,0,1,50,93
allundercontrol,5,88,67,21,46,3,1,5,49,93
Rocky12114,1,92,62,30,32,17,0,1,49,93
McNorch,2,93,64,29,35,13,1,0,48,93
MrAkimbo10,2,91,67,24,43,5,1,2,48,93
ruslan_a,1,93,68,25,43,4,1,0,47,93
TrinixDMorrison,1,93,67,26,41,6,1,0,47,93
sanat,2,91,62,29,33,13,2,2,46,93
dannygmoe,1,92,67,25,42,4,1,1,46,93
DisapprovingEyes,2,91,68,23,45,0,2,2,45,93
Taggzann,2,91,65,26,39,6,2,2,45,93
villaindee,1,93,68,25,43,2,1,0,45,93
Dbjs100,2,92,64,28,36,8,2,1,44,93
The_Ranger_of_Skange,1,92,61,31,30,14,1,1,44,93
chaneywashere,1,92,67,25,42,2,0,1,44,93
kicknshades,2,91,65,26,39,4,2,2,43,93
Amazing-horse,2,91,67,24,43,0,1,2,43,93
dougy109,1,92,65,27,38,5,1,1,43,93
avboden,2,91,62,29,33,9,2,2,42,93
abomanisha,1,92,67,25,42,0,1,1,42,93
i_spin_bubbles,1,92,63,29,34,7,1,1,41,93
Son0fZeus,1,92,65,27,38,3,1,1,41,93
you-are_a-fag,1,92,64,28,36,5,0,1,41,93
Justin0014,1,92,63,29,34,5,1,1,39,93
Bartleby986,2,91,62,29,33,4,2,2,37,93
InfinitySnatch,2,91,61,30,31,6,2,2,37,93
vastgrishnakh,1,92,62,30,32,5,0,1,37,93
X_Sync,2,91,61,30,31,5,2,2,36,93
Jag1207,1,92,64,28,36,0,1,1,36,93
elitemustache,1,92,54,38,16,19,1,1,35,93
mtndewhero,1,92,62,30,32,3,1,1,35,93
Adasia42,1,92,61,31,30,4,1,1,34,93
Igiveoutupvotes,1,92,63,29,34,0,1,1,34,93
cvanwinkle,2,91,58,33,25,9,0,2,34,93
edliscool,1,92,61,31,30,2,1,1,32,93
ozone63,1,92,61,31,30,2,1,1,32,93
psycho579,1,92,59,33,26,6,1,1,32,93
Kush2022,3,90,59,31,28,3,3,3,31,93
Bubbasqueeze,1,92,60,32,28,3,1,1,31,93
862482,1,92,59,33,26,4,1,1,30,93
uberpenguin,1,92,59,33,26,4,1,1,30,93
Your_Peacock,1,92,59,33,26,4,1,1,30,93
halfoster,1,92,58,34,24,5,0,1,29,93
derp_derpington,1,92,55,37,18,10,1,1,28,93
Urizen23,1,93,55,38,17,11,1,0,28,93
hbetts54,1,92,57,35,22,5,1,1,27,93
poliwhirling,1,92,53,39,14,13,1,1,27,93
fatezero,3,90,56,34,22,4,3,3,26,93
JHoward777,3,90,55,35,20,5,1,3,25,93
Midgetgemmie,1,92,52,40,12,12,1,1,24,93
oranjemuisjes,1,92,55,37,18,6,1,1,24,93
serrghi,1,92,52,40,12,12,1,1,24,93
ICE417,2,91,51,40,11,11,2,2,22,93
343_Guilty_Sparks,1,92,54,38,16,6,1,1,22,93
kerrigan4,3,90,54,36,18,2,1,3,20,93
kimalamode,1,92,52,40,12,7,1,1,19,93
justcallmebutter,1,92,51,41,10,8,1,1,18,93
Danyoda,1,92,53,39,14,3,1,1,17,93
CyborgCraig,2,91,51,40,11,2,2,2,13,93
saulacu,1,92,51,41,10,3,1,1,13,93
drunk_otter,1,93,48,45,3,0,1,0,3,93
jagoob,1,92,43,49,-6,3,1,1,-3,93
Offensive_Brute,1,92,65,27,38,43,1,0,81,92
Sarbara,1,91,69,22,47,34,1,1,81,92
euphamie,1,91,81,10,71,8,1,1,79,92
JustZisGuy,1,91,83,8,75,0,0,1,75,92
iamnotfacetious,2,90,80,10,70,3,1,2,73,92
tinamou63,1,91,72,19,53,17,1,1,70,92
ilikecrall,2,90,78,12,66,3,2,2,69,92
internetbrunette,2,90,77,13,64,5,2,2,69,92
lemonkitty,1,91,76,15,61,6,0,1,67,92
JiveBomber,2,90,78,12,66,0,2,2,66,92
LaBrosseN7,1,91,76,15,61,5,1,1,66,92
MUNCHB0X,1,91,68,23,45,21,0,1,66,92
ginnawilson,1,91,76,15,61,4,1,1,65,92
Moogitar,1,91,75,16,59,6,1,1,65,92
Izx7,1,91,69,22,47,17,1,1,64,92
Crazy001boy,1,91,70,21,49,13,1,1,62,92
hannahmacey,2,90,66,24,42,16,2,2,58,92
Rowboat315,1,91,71,20,51,7,1,1,58,92
Epifil,1,91,74,17,57,0,1,1,57,92
richdoe,1,91,71,20,51,6,1,1,57,92
carbonizedmacintosh,2,91,63,28,35,18,1,1,53,92
IceWolf17,1,91,72,19,53,0,1,1,53,92
ViagraSnake,1,91,69,22,47,6,1,1,53,92
IronOxide42,2,90,61,29,32,20,1,2,52,92
FapleJuice,2,90,63,27,36,15,2,2,51,92
BF3_awesome,1,91,69,22,47,4,1,1,51,92
junkimchi,1,91,70,21,49,2,1,1,51,92
certifiedlurker,1,91,69,22,47,3,1,1,50,92
GrombleTromble,1,92,68,24,44,6,1,0,50,92
raravis90,1,91,66,25,41,9,1,1,50,92
slam707,1,91,66,25,41,9,1,1,50,92
marceta,1,91,68,23,45,4,1,1,49,92
shootyoursoul,1,91,69,22,47,2,1,1,49,92
thekingofcrash7,1,91,67,24,43,6,1,1,49,92
trapped_in_reposts,1,91,69,22,47,2,1,1,49,92
IMP1017,1,91,68,23,45,3,1,1,48,92
VoRicebowl,2,90,65,25,40,8,1,2,48,92
ion-tom,4,88,63,25,38,9,4,4,47,92
havenless,1,91,69,22,47,0,1,1,47,92
Spyder44,1,91,69,22,47,0,1,1,47,92
trollfather,2,90,66,24,42,5,1,2,47,92
twitchygecko,1,91,66,25,41,6,1,1,47,92
Ubaro,1,91,68,23,45,2,1,1,47,92
combesy24,1,91,62,29,33,13,1,1,46,92
bubrockit,2,90,62,28,34,11,2,2,45,92
luag,1,91,64,27,37,7,1,1,44,92
Disappearingpoet,1,92,64,28,36,7,1,0,43,92
ouch_my_pride,2,90,59,31,28,14,1,2,42,92
zabuma,1,92,57,35,22,20,1,0,42,92
juste_moi,1,91,64,27,37,4,1,1,41,92
hexc2o,2,90,59,31,28,13,0,2,41,92
explicithandlz,1,91,63,28,35,5,1,1,40,92
Saskuel,1,91,55,36,19,21,1,1,40,92
m0viebee,2,90,62,28,34,5,2,2,39,92
simmejanne,2,90,61,29,32,6,2,2,38,92
Son_UMAD,1,91,63,28,35,2,1,1,37,92
TheAngryCookie,1,91,57,34,23,14,1,1,37,92
masteroftasks,1,91,61,30,31,5,1,1,36,92
RuafaolGaiscioch,1,92,61,31,30,6,0,0,36,92
taisha2640,3,89,57,32,25,10,3,3,35,92
daftmunt,2,91,55,36,19,15,1,1,34,92
OhSnapItsKay,1,91,54,37,17,14,1,1,31,92
Unsolved_Mysteries,1,92,60,32,28,3,1,0,31,92
OHIoGoonie,3,89,50,39,11,19,3,3,30,92
Serphim,1,91,57,34,23,7,1,1,30,92
Sma11ey,1,91,58,33,25,4,1,1,29,92
woot3568,1,91,60,31,29,0,0,1,29,92
thenotortiousturtle,1,91,58,33,25,3,1,1,28,92
ascerbic,1,92,52,40,12,15,1,0,27,92
MeowingtonHax,1,91,50,41,9,18,1,1,27,92
redmanzy310,1,91,58,33,25,2,1,1,27,92
Sonums,4,88,56,32,24,2,4,4,26,92
MJsdanglebaby,1,91,57,34,23,3,1,1,26,92
Sharkfest,1,91,56,35,21,4,1,1,25,92
MurphyFtw,1,91,52,39,13,11,1,1,24,92
adrianrain,1,91,52,39,13,10,1,1,23,92
JMac87,1,91,55,36,19,4,1,1,23,92
BoilerMaker11,1,91,54,37,17,6,0,1,23,92
dhlila,2,91,53,38,15,7,2,1,22,92
protus,1,91,51,40,11,11,1,1,22,92
keadin11,1,91,54,37,17,5,0,1,22,92
munguia319,1,91,50,41,9,13,0,1,22,92
a600hzhum,1,91,51,40,11,10,1,1,21,92
redditrone,1,91,54,37,17,4,1,1,21,92
AIcohoLiX,2,90,53,37,16,4,1,2,20,92
ErmacAnd1,1,91,52,39,13,7,1,1,20,92
PZLATE,2,90,51,39,12,6,1,2,18,92
tmikos,1,91,54,37,17,0,1,1,17,92
davebehnk,1,91,52,39,13,3,1,1,16,92
TheFinnishOne,1,91,50,41,9,5,1,1,14,92
Pineapplerainbow,2,91,50,41,9,3,2,1,12,92
thawigga,1,91,50,41,9,3,1,1,12,92
CuntryGirlShakeIt,3,90,46,44,2,8,2,2,10,92
neverve,3,90,47,43,4,6,2,2,10,92
deadforever193,4,89,47,42,5,0,3,3,5,92
nitimurinvetitum,1,91,43,48,-5,7,0,1,2,92
DrBot21,1,90,79,11,68,7,1,1,75,91
GamerGirl89,1,90,77,13,64,9,1,1,73,91
DaddyzHome,1,90,80,10,70,3,0,1,73,91
blueviking,1,91,75,16,59,13,1,0,72,91
taimaishublm,1,90,78,12,66,6,1,1,72,91
bleu_corn,1,90,78,12,66,3,1,1,69,91
cwckc7,1,90,71,19,52,13,1,1,65,91
linksosexy,1,90,76,14,62,3,0,1,65,91
T3hBau5,1,90,76,14,62,2,1,1,64,91
redditor_for_2_days,1,90,76,14,62,0,1,1,62,91
BanginBrozillian,1,91,71,20,51,9,1,0,60,91
shanticlause,1,90,73,17,56,4,1,1,60,91
muddi900,1,90,74,16,58,0,1,1,58,91
gerbol,1,91,66,25,41,16,1,0,57,91
Fridman,1,90,73,17,56,0,1,1,56,91
rhino-tamer,2,89,69,20,49,7,1,2,56,91
slippinsideways,1,90,73,17,56,0,1,1,56,91
moominza,1,90,67,23,44,11,1,1,55,91
Meoler9,1,90,68,22,46,8,1,1,54,91
pacmanisfun,1,90,72,18,54,0,1,1,54,91
Memoriam,1,90,62,28,34,19,0,1,53,91
todg,1,90,68,22,46,7,0,1,53,91
Epicalpacasmaybe,1,90,69,21,48,4,1,1,52,91
nypride92,1,90,68,22,46,6,1,1,52,91
random__being,1,90,68,22,46,6,1,1,52,91
solocommand,1,90,71,19,52,0,1,1,52,91
Brandon132,1,90,71,19,52,0,0,1,52,91
moleman73,1,90,68,22,46,6,0,1,52,91
r2beer2,1,90,69,21,48,3,1,1,51,91
Mynamesjd,1,91,65,26,39,11,1,0,50,91
PhantomFuck,1,90,68,22,46,4,1,1,50,91
geturownbox,3,88,66,22,44,5,2,3,49,91
kittytime,2,89,66,23,43,6,2,2,49,91
ayyoable,1,90,64,26,38,11,1,1,49,91
PoliticalEnt,1,90,68,22,46,3,1,1,49,91
hechtd,1,90,68,22,46,3,0,1,49,91
rumzii,1,90,67,23,44,4,1,1,48,91
TechnicolourBear,1,91,67,24,43,5,1,0,48,91
prematurepost,1,90,62,28,34,13,0,1,47,91
Vader90,1,90,61,29,32,14,1,1,46,91
kingrecon,1,90,65,25,40,5,1,1,45,91
shadedpencil,2,89,61,28,33,12,1,2,45,91
Rinx7,1,90,63,27,36,8,1,1,44,91
jbrake,1,90,65,25,40,2,1,1,42,91
tbone3000,1,90,63,27,36,6,1,1,42,91
TheMourningPaper,1,91,65,26,39,3,1,0,42,91
tusocio,1,90,65,25,40,2,1,1,42,91
EmceCocks,1,91,63,28,35,6,1,0,41,91
SatchelWednesday,1,91,66,25,41,0,1,0,41,91
gaston522,1,90,63,27,36,4,1,1,40,91
JJakaRebel,1,90,62,28,34,6,1,1,40,91
WULYF,1,90,61,29,32,8,1,1,40,91
ezekielragardos,1,90,60,30,30,9,1,1,39,91
Phlexonance,2,89,62,27,35,4,0,2,39,91
TXRaised512,1,90,63,27,36,3,0,1,39,91
floydenstein,1,90,61,29,32,6,1,1,38,91
pancakeman96,1,90,59,31,28,10,1,1,38,91
jctru,1,91,61,30,31,6,1,0,37,91
rennsport,1,90,62,28,34,3,1,1,37,91
mrwest09,1,91,61,30,31,5,1,0,36,91
Spookydimmys,1,90,59,31,28,8,1,1,36,91
IamSarcasticus,1,90,59,31,28,7,1,1,35,91
spanglish14,4,88,57,31,26,8,3,3,34,91
Tuco_bell,1,90,58,32,26,8,1,1,34,91
Hooopes,3,88,57,31,26,7,2,3,33,91
Anon30,1,91,59,32,27,6,1,0,33,91
Mattogo,1,90,60,30,30,2,1,1,32,91
GreenTomatoSauce,1,90,51,39,12,19,1,1,31,91
corporateswine,1,90,60,30,30,0,1,1,30,91
Chrismurf1986,2,89,56,33,23,6,2,2,29,91
Isilo,1,90,57,33,24,5,1,1,29,91
mwong312,1,91,57,34,23,6,1,0,29,91
rocketman0739,1,90,56,34,22,6,0,1,28,91
Ronbotic,1,90,54,36,18,9,1,1,27,91
J29ID,1,90,53,37,16,10,0,1,26,91
yesladdd,1,90,50,40,10,16,0,1,26,91
Darams666,2,89,56,33,23,2,2,2,25,91
earthtoannie,1,90,53,37,16,9,1,1,25,91
mattybrennan93,1,90,55,35,20,5,1,1,25,91
GltyUntlPrvnInncnt,4,87,52,35,17,7,2,4,24,91
mfo245,1,90,57,33,24,0,1,1,24,91
NaitZabes,1,90,53,37,16,8,1,1,24,91
beigetangerine,1,90,54,36,18,5,1,1,23,91
bmorgy,1,90,54,36,18,5,1,1,23,91
Sommiel,1,90,53,37,16,6,1,1,22,91
theamanx8,1,90,52,38,14,8,1,1,22,91
aMANescape,6,85,50,35,15,5,4,6,20,91
BakerrBakerr,1,90,49,41,8,12,1,1,20,91
ygreniS,1,90,52,38,14,5,1,1,19,91
MasterAndCharmander,1,90,53,37,16,2,1,1,18,91
Chuckgofer,1,90,52,38,14,0,1,1,14,91
kremmy,1,90,48,42,6,2,1,1,8,91
nfs4life,1,90,49,41,8,0,1,1,8,91
TangerineSpeedo,1,90,41,49,-8,16,1,1,8,91
mattymck,2,89,44,45,-1,7,1,2,6,91
Otters4455,3,89,46,43,3,2,3,2,5,91
feelthesteel33,1,90,45,45,0,4,1,1,4,91
SolidKGB,5,86,40,46,-6,7,5,5,1,91
quirkynerdgirl,1,90,28,62,-34,4,1,1,-30,91
Moodude,1,90,69,21,48,55,1,0,103,90
catlicker9000,1,89,76,13,63,7,0,1,70,90
Braydenrocks,1,89,70,19,51,18,0,1,69,90
TodOodle,1,89,73,16,57,12,0,1,69,90
ccnilsen,2,88,77,11,66,2,2,2,68,90
DaGreenMachine,1,90,76,14,62,5,1,0,67,90
loolson08,1,89,76,13,63,4,0,1,67,90
Crowfiee,1,89,72,17,55,9,1,1,64,90
Fafurion,1,89,75,14,61,3,1,1,64,90
Pulsating_Pickle,1,89,75,14,61,3,0,1,64,90
suzepie,3,87,71,16,55,6,2,3,61,90
Red_Woody,1,89,61,28,33,28,1,1,61,90
TheToothlessDentist,2,90,70,20,50,10,2,0,60,90
Bynteth,1,90,66,24,42,18,1,0,60,90
hiyou102,1,89,73,16,57,2,1,1,59,90
ScarsAndStripes,1,89,72,17,55,3,1,1,58,90
hextasy,1,89,71,18,53,4,1,1,57,90
ronnietsunami,1,90,72,18,54,3,0,0,57,90
flameonya,2,89,60,29,31,25,2,1,56,90
aarwynn,1,89,65,24,41,15,1,1,56,90
starfish92,1,90,69,21,48,8,1,0,56,90
49erShark,1,89,70,19,51,4,1,1,55,90
bael2188,1,89,72,17,55,0,1,1,55,90
_Sultan_,1,89,65,24,41,14,0,1,55,90
aortega,1,89,70,19,51,2,1,1,53,90
RaptorJevus,1,90,61,29,32,21,1,0,53,90
RED-fucking-rocket,1,89,69,20,49,3,1,1,52,90
schmiegola_mcbain,1,90,70,20,50,2,1,0,52,90
dinamo23,1,89,67,22,45,6,1,1,51,90
Raumcole,2,88,66,22,44,6,2,2,50,90
Blakes,2,90,70,20,50,0,0,0,50,90
Mason_Youn,1,89,68,21,47,2,1,1,49,90
rokras,1,90,68,22,46,3,1,0,49,90
cank3r,3,87,61,26,35,13,1,3,48,90
SOUL_VICE,1,89,64,25,39,9,1,1,48,90
dnbpanda,1,89,68,21,47,0,1,1,47,90
sciencebeforegod,1,89,66,23,43,4,1,1,47,90
pibroch,2,88,62,26,36,9,2,2,45,90
widdle,1,89,67,22,45,0,1,1,45,90
Relk,1,89,66,23,43,2,0,1,45,90
entertanus,2,89,62,27,35,8,2,1,43,90
UOLATSC,1,89,63,26,37,4,1,1,41,90
youcancallmehoju,1,89,64,25,39,2,1,1,41,90
Biny,1,89,50,39,11,29,1,1,40,90
EroSennin78,1,89,63,26,37,2,0,1,39,90
_Order66,3,87,58,29,29,9,2,3,38,90
cakeattack21,1,89,62,27,35,3,1,1,38,90
surfwithme,1,90,61,29,32,6,1,0,38,90
Robyz,1,89,58,31,27,11,0,1,38,90
dahliaface,1,89,60,29,31,6,1,1,37,90
vonnemutt,2,88,57,31,26,9,2,2,35,90
karma_is_for_pussies,1,90,61,29,32,3,1,0,35,90
mctt,1,90,59,31,28,7,1,0,35,90
polkadotthief,2,89,59,30,29,6,1,1,35,90
Tree_Phiddy,1,89,61,28,33,2,1,1,35,90
Harkeshark,1,90,61,29,32,3,0,0,35,90
scottyourban,2,88,58,30,28,6,2,2,34,90
killerhunnybee,2,89,55,34,21,12,2,1,33,90
Kwontons,2,88,57,31,26,7,2,2,33,90
ArmyMedic,1,89,59,30,29,4,1,1,33,90
homestawwunner,1,89,59,30,29,4,1,1,33,90
LFcool,1,89,59,30,29,4,1,1,33,90
MeleeCyrus,1,89,53,36,17,16,1,1,33,90
Ninjasandapples,1,89,61,28,33,0,1,1,33,90
samn122,1,89,58,31,27,6,1,1,33,90
nedken,1,89,54,35,19,14,0,1,33,90
13ANiSH,2,88,57,31,26,6,2,2,32,90
mt1337,1,89,58,31,27,5,1,1,32,90
iiN33dAnAdult,1,89,59,30,29,2,1,1,31,90
JenniferWC,1,89,58,31,27,4,1,1,31,90
sad_pants,1,89,55,34,21,10,1,1,31,90
jlee98,2,88,51,37,14,16,2,2,30,90
tr335,2,88,58,30,28,2,2,2,30,90
jwbrooke,1,89,58,31,27,3,1,1,30,90
i_stole_ur_door,2,88,56,32,24,5,0,2,29,90
molecularmonkey,1,89,57,32,25,3,1,1,28,90
RustyGreaves,1,89,58,31,27,0,1,1,27,90
gingersAREreal,1,89,56,33,23,2,1,1,25,90
SkullsAndOnes,1,89,56,33,23,2,1,1,25,90
jasonpatudy,1,89,52,37,15,9,1,1,24,90
shmiggs,1,89,53,36,17,7,1,1,24,90
redwingssuck,1,89,54,35,19,4,1,1,23,90
Catherineishere,1,89,51,38,13,9,1,1,22,90
AmericaTheHero,1,89,54,35,19,2,1,1,21,90
xecila,1,89,53,36,17,4,1,1,21,90
Cool_Guy_McFly,5,86,47,39,8,12,1,4,20,90
lgbt,1,89,51,38,13,7,1,1,20,90
nygiants656,1,89,53,36,17,2,1,1,19,90
chopp3r,1,89,51,38,13,4,1,1,17,90
ciaranx1989,1,89,52,37,15,2,1,1,17,90
frotlops,1,89,51,38,13,4,1,1,17,90
Drixxi,1,89,50,39,11,5,1,1,16,90
TijuanaSoundMachine,1,89,51,38,13,3,1,1,16,90
bla-zay,1,89,51,38,13,2,1,1,15,90
enjoycapitalism,1,89,50,39,11,4,1,1,15,90
logikzlol,2,88,47,41,6,7,2,2,13,90
dabunk7,3,87,48,39,9,4,1,3,13,90
ProfessorCaptain,3,87,48,39,9,3,3,3,12,90
katarjin,1,89,42,47,-5,13,1,1,8,90
tngo89,4,86,44,42,2,2,4,4,4,90
deus__,1,89,46,43,3,0,1,1,3,90
cepedarod,1,89,43,46,-3,4,1,1,1,90
melbob78,1,88,84,4,80,7,1,1,87,89
darahen2004,1,88,79,9,70,10,1,1,80,89
novihockey95,1,89,79,10,69,8,1,0,77,89
remhawk99,1,88,77,11,66,7,1,1,73,89
PandasEverywhere,1,88,80,8,72,0,1,1,72,89
Ganthamus_prime,1,88,78,10,68,3,1,1,71,89
kyz_xox,1,88,77,11,66,4,1,1,70,89
Ddaddy_Long_Legss,1,88,71,17,54,14,0,1,68,89
speedracr226,1,88,77,11,66,2,0,1,68,89
illidan432,1,88,70,18,52,14,1,1,66,89
ninjojo,1,89,62,27,35,30,1,0,65,89
Beeni30,1,88,75,13,62,0,0,1,62,89
annonolojic,2,87,72,15,57,3,1,2,60,89
freeformlurker,1,88,73,15,58,2,1,1,60,89
zahavi13,1,88,73,15,58,2,1,1,60,89
neat_love,2,87,69,18,51,8,1,2,59,89
ishmam1234567,1,88,72,16,56,2,1,1,58,89
Mfazzina7,1,88,71,17,54,3,1,1,57,89
Blowphobia,1,88,71,17,54,2,1,1,56,89
Immynimmy,1,89,66,23,43,13,1,0,56,89
kr094,1,88,61,27,34,21,1,1,55,89
NervousMango,1,88,69,19,50,5,1,1,55,89
sabbott1990,2,89,72,17,55,0,1,0,55,89
ak47blackjack,3,87,69,18,51,3,2,2,54,89
FemaleFiends,1,88,69,19,50,4,1,1,54,89
texan_in_dc,1,88,71,17,54,0,1,1,54,89
theMan_theLegend,1,88,71,17,54,0,1,1,54,89
mj8,1,89,69,20,49,4,1,0,53,89
IHeartAmber,1,88,67,21,46,6,1,1,52,89
TheFifthCan,1,88,68,20,48,4,1,1,52,89
distilld,1,88,66,22,44,7,0,1,51,89
thatsbriskbabyornot,1,88,69,19,50,0,1,1,50,89
androidchrist,2,87,63,24,39,11,0,2,50,89
rangerdanger550,1,88,69,19,50,0,0,1,50,89
antonius22,1,88,67,21,46,3,1,1,49,89
asianfarmer,1,88,67,21,46,3,1,1,49,89
ryan2318,1,88,63,25,38,10,1,1,48,89
Charger5,1,88,65,23,42,5,1,1,47,89
marpenorj,1,88,65,23,42,5,1,1,47,89
justanewb,3,87,61,26,35,11,2,2,46,89
Buttflapp,1,88,63,25,38,8,1,1,46,89
daftmetal,1,88,63,25,38,8,1,1,46,89
Hosef91,1,89,66,23,43,3,1,0,46,89
LtHawkward,1,88,66,22,44,2,1,1,46,89
MikeMinze,1,88,65,23,42,4,1,1,46,89
cfb22,2,87,65,22,43,2,2,2,45,89
avonlakeguy,2,87,60,27,33,11,1,2,44,89
dmcfarla,1,88,66,22,44,0,1,1,44,89
leedo8,2,87,62,25,37,6,2,2,43,89
Black_ValoR,1,88,64,24,40,3,1,1,43,89
fragile_november,1,88,59,29,30,13,1,1,43,89
iamredditgirl,1,89,66,23,43,0,1,0,43,89
bunnibutt,1,88,65,23,42,0,1,1,42,89
crazyblondude,1,88,63,25,38,4,1,1,42,89
recoil669,3,87,62,25,37,3,3,2,40,89
Avi3leaves,1,88,64,24,40,0,1,1,40,89
ThaDeadFetus,1,88,61,27,34,5,1,1,39,89
kwakward,2,88,57,31,26,12,2,1,38,89
armpit_fart,2,87,59,28,31,7,1,2,38,89
YHZ,1,88,62,26,36,2,1,1,38,89
allied14,2,87,62,25,37,0,2,2,37,89
DoctorFredburger,1,88,61,27,34,3,1,1,37,89
DondeLobo,2,87,60,27,33,4,1,2,37,89
VonDozier,2,87,59,28,31,6,1,2,37,89
sigilvii,1,89,60,29,31,5,1,0,36,89
MosesIAmnt,1,88,58,30,28,6,1,1,34,89
Bobsyl,1,88,54,34,20,13,1,1,33,89
vince1234,1,88,59,29,30,2,1,1,32,89
alexdavies99,2,88,58,30,28,2,1,1,30,89
schematix,1,88,55,33,22,8,1,1,30,89
THEPIEISAFAKE,2,87,57,30,27,3,1,2,30,89
DeMorgana,1,88,57,31,26,3,1,1,29,89
icemunky,1,88,57,31,26,3,0,1,29,89
sirdefenestrator,1,88,57,31,26,2,1,1,28,89
tuathanari,1,88,57,31,26,2,1,1,28,89
SimplePhantom,2,87,53,34,19,8,1,2,27,89
Yodasoja,1,88,54,34,20,7,1,1,27,89
Nyaaners,3,86,56,30,26,0,3,3,26,89
PolsheVik,1,88,56,32,24,2,1,1,26,89
tatonkadonk,1,89,48,41,7,19,1,0,26,89
AntiHer0z,1,88,55,33,22,3,1,1,25,89
Dumbreddittroll,1,88,54,34,20,3,1,1,23,89
Benjamite5000,1,88,54,34,20,2,1,1,22,89
greenekid,1,88,55,33,22,0,1,1,22,89
Soundmantom,1,89,53,36,17,5,1,0,22,89
USMCsniper,1,88,53,35,18,4,1,1,22,89
Adam_Alpha,1,88,51,37,14,7,1,1,21,89
malefizer,1,88,43,45,-2,23,0,1,21,89
clayduck,1,88,50,38,12,8,1,1,20,89
RubyLit,1,88,49,39,10,9,0,1,19,89
benjamin54,2,87,51,36,15,2,2,2,17,89
zeroka,1,88,49,39,10,7,1,1,17,89
lampwall,1,88,49,39,10,6,1,1,16,89
TheBrownLion,1,88,50,38,12,4,1,1,16,89
IRoylT,2,87,47,40,7,8,2,2,15,89
xpsdeset,1,89,47,42,5,10,1,0,15,89
tootmcpooter,2,87,51,36,15,0,0,2,15,89
CrossCheckPanda,1,88,50,38,12,2,1,1,14,89
divorah92,1,88,49,39,10,4,1,1,14,89
Dogbackwards,1,88,49,39,10,4,1,1,14,89
TheOldSkoolVibes,1,88,50,38,12,2,1,1,14,89
Mandiea91,3,86,47,39,8,5,3,3,13,89
nefu22,1,88,50,38,12,0,1,1,12,89
mackdaddyy,2,87,49,38,11,0,2,2,11,89
Athics,1,88,47,41,6,4,1,1,10,89
doublealone,1,88,49,39,10,0,1,1,10,89
basedgodwoop,1,87,77,10,67,13,1,1,80,88
T_L_K,1,87,80,7,73,3,0,1,76,88
gdrapos,1,87,75,12,63,11,0,1,74,88
Brave_and_the_Gold,1,87,79,8,71,2,1,1,73,88
scouragestar99,1,87,76,11,65,6,0,1,71,88
t0lk,1,87,70,17,53,16,1,1,69,88
SirHerpDerp,1,87,76,11,65,3,1,1,68,88
therocketflyer,2,87,76,11,65,3,1,1,68,88
ilovehorses4life,1,87,77,10,67,0,1,1,67,88
deadlygolfcart,1,88,75,13,62,4,1,0,66,88
rhfrank3,1,88,75,13,62,4,1,0,66,88
GTFOScience,1,87,76,11,65,0,1,1,65,88
MasterSlater,1,87,74,13,61,2,1,1,63,88
Crazy_dog_Lady,1,87,71,16,55,6,0,1,61,88
rediTTTlaw,1,88,73,15,58,2,1,0,60,88
The_Muensters,3,86,71,15,56,3,3,2,59,88
McMurphyCrazy,1,87,73,14,59,0,1,1,59,88
rspeirs,1,87,71,16,55,4,1,1,59,88
runbunny,1,88,71,17,54,5,1,0,59,88
Kenny_Login,2,87,67,20,47,10,2,1,57,88
rnally,1,87,72,15,57,0,1,1,57,88
Andthesuch,1,87,59,28,31,25,1,1,56,88
bacon_taste,1,88,69,19,50,5,1,0,55,88
jimmy8rar1c0,1,87,71,16,55,0,1,1,55,88
NLPriceMeader,1,87,68,19,49,6,1,1,55,88
ptahforever,2,87,68,19,49,4,2,1,53,88
chrbir1,1,87,70,17,53,0,1,1,53,88
jesusju1ce,3,85,59,26,33,20,1,3,53,88
sharinganmaster,1,87,66,21,45,8,0,1,53,88
greenrd,1,88,65,23,42,9,1,0,51,88
hungry138imp,1,87,69,18,51,0,1,1,51,88
MOARawsums,1,87,66,21,45,6,1,1,51,88
bohring1150,1,87,66,21,45,5,1,1,50,88
catwrightRHCP,1,87,67,20,47,3,1,1,50,88
MrNightGuy,1,88,68,20,48,2,1,0,50,88
Bill_Cosbys_Sweater,2,86,62,24,38,11,2,2,49,88
DingleHorse,1,88,64,24,40,9,1,0,49,88
docmosis,1,87,68,19,49,0,1,1,49,88
iuseVAPORUB,1,87,66,21,45,4,1,1,49,88
saturatedtowel,1,87,68,19,49,0,1,1,49,88
mojokabobo,2,86,65,21,44,4,1,2,48,88
PenguinMarch,1,87,65,22,43,5,1,1,48,88
tomasgdvl,1,87,65,22,43,5,1,1,48,88
jerschneid,1,87,62,25,37,9,1,1,46,88
mustremeberthisname,1,87,66,21,45,0,1,1,45,88
sweetiyeti,3,85,63,22,41,3,3,3,44,88
remotayy882,1,87,63,24,39,4,1,1,43,88
SwagSwaggerson,3,85,60,25,35,8,1,3,43,88
MandyzFelix,3,85,60,25,35,7,1,3,42,88
scking90,1,87,58,29,29,13,1,1,42,88
troylazlow,3,85,62,23,39,2,3,3,41,88
coolarooni135,1,87,63,24,39,2,1,1,41,88
DanD79,1,87,56,31,25,15,1,1,40,88
robinhoodprince,4,84,61,23,38,2,1,4,40,88
WH1PPA,2,86,62,24,38,2,1,2,40,88
nnovotny55,1,87,60,27,33,6,1,1,39,88
Hippiepotamus0,1,87,52,35,17,22,0,1,39,88
ilikefruit9999,6,84,59,25,34,4,3,4,38,88
RC225,1,87,61,26,35,3,1,1,38,88
SwastedStatus,1,87,60,27,33,5,1,1,38,88
Throtex,1,88,60,28,32,6,1,0,38,88
Gouglas,1,87,61,26,35,2,1,1,37,88
ThisIsASpammAccount,1,87,58,29,29,8,1,1,37,88
bahlexx,2,87,59,28,31,5,1,1,36,88
ooohshinyyy,1,87,60,27,33,3,1,1,36,88
Anadyne,1,87,60,27,33,2,1,1,35,88
AR2012,1,87,60,27,33,2,1,1,35,88
BallsX,1,87,57,30,27,8,1,1,35,88
ding-a-ling_man,1,87,61,26,35,0,1,1,35,88
I_RAPE_WITH_SPOONS,1,87,57,30,27,8,1,1,35,88
SamShafer,1,87,55,32,23,12,1,1,35,88
sebalinsky,1,87,61,26,35,0,1,1,35,88
Demolisher55,1,87,61,26,35,0,0,1,35,88
BaconBeardMan,1,87,52,35,17,17,1,1,34,88
FOXTER,1,87,57,30,27,7,1,1,34,88
gypsysoul_,1,87,56,31,25,9,1,1,34,88
jfpaschalljr,1,87,59,28,31,3,0,1,34,88
antiwobble,1,87,59,28,31,2,1,1,33,88
BuffaloBillKody,1,87,57,30,27,6,0,1,33,88
KaiyashEyelash,2,86,58,28,30,2,2,2,32,88
Dave336,1,87,59,28,31,0,1,1,31,88
ponchobrown,1,87,55,32,23,8,1,1,31,88
fiestabooger,1,88,58,30,28,2,1,0,30,88
totallywontstabyou,1,87,57,30,27,3,1,1,30,88
Purpleorgrape,1,87,56,31,25,3,1,1,28,88
JohnnySmash69,1,87,52,35,17,10,1,1,27,88
McFurious,1,87,52,35,17,10,1,1,27,88
thenation7,1,87,46,41,5,22,1,1,27,88
ColonelCrunch,1,88,52,36,16,10,1,0,26,88
tardo911,1,88,51,37,14,12,1,0,26,88
fish1414,4,84,50,34,16,9,4,4,25,88
uzsbadgrmmronpurpose,1,87,52,35,17,7,1,1,24,88
Koric5733,3,85,54,31,23,0,3,3,23,88
dimsen,1,87,51,36,15,8,1,1,23,88
Naly_D,1,87,53,34,19,4,1,1,23,88
Helexia,1,87,51,36,15,6,1,1,21,88
r0tten,1,87,52,35,17,4,1,1,21,88
riotlancer,1,87,48,39,9,12,1,1,21,88
RRGeneral,1,87,52,35,17,4,1,1,21,88
bleedRnge,1,87,51,36,15,5,1,1,20,88
BionicSeahorse,1,87,50,37,13,6,1,1,19,88
derekferguson942,1,87,49,38,11,8,1,1,19,88
clondike7,1,87,48,39,9,9,0,1,18,88
BertBert227,1,87,51,36,15,2,1,1,17,88
HgCNO2,1,88,50,38,12,5,1,0,17,88
midnight_blue,1,87,52,35,17,0,0,1,17,88
abkothman,1,87,49,38,11,5,1,1,16,88
Deltasquad03,1,87,48,39,9,6,1,1,15,88
TessTickols,1,87,48,39,9,5,1,1,14,88
pcannons,1,87,49,38,11,2,1,1,13,88
Adamman62,1,87,48,39,9,2,1,1,11,88
POTaD0S,1,87,48,39,9,2,1,1,11,88
xSpartan15x,1,87,41,46,-5,3,1,1,-2,88
chackattack,1,87,27,60,-33,9,1,1,-24,88
red_tree,1,86,80,6,74,12,1,1,86,87
incollapse,1,86,82,4,78,2,1,1,80,87
kolipo,1,86,82,4,78,2,1,1,80,87
omgarm,1,86,71,15,56,23,1,1,79,87
TwoBlueUnicorns,1,86,79,7,72,7,1,1,79,87
deedledortch,1,86,76,10,66,11,1,1,77,87
notmyra,1,87,71,16,55,20,1,0,75,87
snowmurdock,1,86,80,6,74,0,1,1,74,87
Dutchguy076,1,86,75,11,64,8,1,1,72,87
GodOfThunder44,1,86,63,23,40,27,1,1,67,87
kawlok,1,87,74,13,61,6,1,0,67,87
Traditz,1,86,62,24,38,29,1,1,67,87
EatThatCheese,1,86,74,12,62,4,1,1,66,87
blondzio,1,86,72,14,58,7,1,1,65,87
jellyworld,1,86,70,16,54,9,0,1,63,87
twothirdsshark,1,86,72,14,58,4,1,1,62,87
Alienfan3,1,86,70,16,54,7,1,1,61,87
christophers80,1,86,71,15,56,5,1,1,61,87
Mustkunstn1k,1,86,67,19,48,13,1,1,61,87
adjudicator52,1,86,73,13,60,0,1,1,60,87
blackwingsdarkwords,1,86,69,17,52,7,0,1,59,87
trollzor18,2,86,62,24,38,20,2,1,58,87
postolio,1,86,70,16,54,4,1,1,58,87
ooglemoogle,2,85,67,18,49,8,2,2,57,87
HIVHamster,1,86,66,20,46,11,1,1,57,87
onaangenaam,1,86,68,18,50,7,1,1,57,87
monotoonz,1,86,68,18,50,6,1,1,56,87
RedditorInGotham,1,86,70,16,54,2,1,1,56,87
Reggeatron,1,86,64,22,42,13,1,1,55,87
ginger_mcfreckle_vag,3,84,62,22,40,14,3,3,54,87
Ibeadoctor,1,86,69,17,52,2,1,1,54,87
TooManyOtters,1,87,68,19,49,4,1,0,53,87
bjscott,1,86,65,21,44,8,1,1,52,87
sorter13,1,86,67,19,48,4,1,1,52,87
TroloLeon,1,86,66,20,46,6,1,1,52,87
birdslikeme,2,86,67,19,48,3,2,1,51,87
DildoTester,1,86,68,18,50,0,1,1,50,87
nothereorareyou,1,87,67,20,47,3,1,0,50,87
mason89,1,86,65,21,44,6,0,1,50,87
poochina522,3,86,66,20,46,2,2,1,48,87
ForestGnome4,2,86,64,22,42,5,2,1,47,87
al3xwuzhere,2,85,62,23,39,7,2,2,46,87
girtalert,2,85,64,21,43,2,2,2,45,87
lx_TWEAK_xl,2,85,58,27,31,13,2,2,44,87
nocnoc9,1,86,65,21,44,0,1,1,44,87
woody2107,2,85,57,28,29,15,1,2,44,87
maveric1k,1,86,65,21,44,0,0,1,44,87
NJTRJ27,2,85,61,24,37,5,2,2,42,87
feetlikespoons,1,86,55,31,24,18,1,1,42,87
OurNumbers,1,86,59,27,32,10,1,1,42,87
Samglz10,1,86,64,22,42,0,1,1,42,87
aggemac,1,87,61,26,35,5,1,0,40,87
doubleplusepic,1,86,62,24,38,2,1,1,40,87
ryan3243,1,87,56,31,25,15,1,0,40,87
cheet621,3,84,60,24,36,3,2,3,39,87
heimdalsgate,2,85,59,26,33,6,2,2,39,87
monkeyslut69,3,84,60,24,36,3,1,3,39,87
SybariticLegerity,2,85,55,30,25,13,2,2,38,87
dubloe7,1,87,57,30,27,11,1,0,38,87
FadingMocha,1,86,59,27,32,6,1,1,38,87
SquirrelTactic,1,86,57,29,28,10,1,1,38,87
fuckthemusics,1,86,52,34,18,19,1,1,37,87
grave9feal,1,86,59,27,32,5,1,1,37,87
Cre8ivity,3,85,58,27,31,4,3,2,35,87
bigkix,2,85,57,28,29,6,2,2,35,87
donandino,2,85,59,26,33,2,2,2,35,87
johnothetree,2,85,56,29,27,8,2,2,35,87
cooliodaniel,1,86,59,27,32,3,1,1,35,87
Dj_deus_ex,1,86,59,27,32,2,1,1,34,87
WarParakeet,1,86,57,29,28,6,1,1,34,87
Valek27,2,85,56,29,27,6,2,2,33,87
ChampsDeBle,1,86,55,31,24,9,1,1,33,87
JONNy-G,1,86,55,31,24,9,1,1,33,87
novelty_spatula,1,86,57,29,28,5,1,1,33,87
peckishpenguin,1,87,59,28,31,2,1,0,33,87
Lambocoon,2,86,58,28,30,2,2,1,32,87
reddit_like_its_hot,3,84,53,31,22,10,2,3,32,87
TheHomoclinicOrbit,1,86,51,35,16,16,1,1,32,87
coolnachoman,2,85,57,28,29,2,2,2,31,87
ajkgiordanos,3,85,54,31,23,7,1,2,30,87
expsranger,1,86,56,30,26,4,1,1,30,87
iamalexandrov,1,86,52,34,18,12,1,1,30,87
LeJavier,1,86,55,31,24,6,1,1,30,87
PereCallahan,1,86,57,29,28,2,1,1,30,87
ponchosuperstar,1,86,58,28,30,0,1,1,30,87
HoosierGinger,3,84,55,29,26,3,3,3,29,87
Hagibb,1,86,55,31,24,4,1,1,28,87
probslak,1,86,56,30,26,2,1,1,28,87
acntech,1,87,57,30,27,0,1,0,27,87
silversdark,1,86,52,34,18,9,1,1,27,87
steamedpeaches,1,86,53,33,20,6,0,1,26,87
tarloktheballer,3,84,48,36,12,13,3,3,25,87
Sferwerda,1,86,51,35,16,9,1,1,25,87
t-snily,1,86,54,32,22,3,1,1,25,87
ViP_Suite,1,86,51,35,16,9,1,1,25,87
kendall12321232,3,84,50,34,16,8,3,3,24,87
joblabbo,1,86,53,33,20,4,1,1,24,87
maroon_pizza_horse,1,86,50,36,14,10,1,1,24,87
ShiftingClouds,1,86,55,31,24,0,1,1,24,87
el_drum,1,86,50,36,14,9,1,1,23,87
kenshin534,1,86,48,38,10,13,1,1,23,87
Ohlala-,2,85,52,33,19,4,1,2,23,87
Jack24Bing,1,86,52,34,18,4,0,1,22,87
jis1998,3,85,51,34,17,2,2,2,19,87
luddeboii,2,85,48,37,11,8,1,2,19,87
Artem_C,1,86,51,35,16,3,0,1,19,87
billy_baroo,3,84,47,37,10,8,3,3,18,87
Arcires,2,86,50,36,14,4,1,1,18,87
bsptc,1,86,48,38,10,8,1,1,18,87
DaW1zard,1,86,52,34,18,0,1,1,18,87
simonsaysimon,1,86,46,40,6,12,1,1,18,87
nairebis,1,86,45,41,4,13,0,1,17,87
RobbyFerguson,1,86,48,38,10,6,1,1,16,87
TabooThoughts,1,86,45,41,4,11,1,1,15,87
CerebralPancytopenia,1,86,47,39,8,6,1,1,14,87
FredCDobbsy,1,86,47,39,8,2,1,1,10,87
kleymex,1,86,45,41,4,3,1,1,7,87
LJIGaming,1,86,44,42,2,5,1,1,7,87
Who_flung_poo69,2,85,45,40,5,0,1,2,5,87
DannyIsAsian,3,84,42,42,0,3,3,3,3,87
Rosezenaa,2,85,43,42,1,2,2,2,3,87
MrFAUBI,2,85,42,43,-1,3,1,2,2,87
oldfurr,1,85,71,14,57,31,0,1,88,86
totemist,1,85,61,24,37,40,1,1,77,86
jarhead318,1,85,72,13,59,15,1,1,74,86
THE_alien,1,85,74,11,63,7,1,1,70,86
immunity89,1,85,73,12,61,8,1,1,69,86
uthoruk,1,85,74,11,63,5,1,1,68,86
ryneku,1,85,72,13,59,6,1,1,65,86
jnm244,1,85,72,13,59,5,1,1,64,86
onemindoneplanet,1,86,73,13,60,4,1,0,64,86
countfenrir,1,85,72,13,59,4,1,1,63,86
CHECKYOURPRIVILEGE,1,86,74,12,62,0,1,0,62,86
LeviRobbieCaleb,1,85,72,13,59,3,1,1,62,86
Gruntsuperhero,2,84,68,16,52,10,0,2,62,86
TeblowTime,2,84,72,12,60,0,1,2,60,86
teddypatana,1,85,71,14,57,3,1,1,60,86
de0d0rantstick,1,85,70,15,55,5,0,1,60,86
BigAntsAreSmall,1,85,72,13,59,0,1,1,59,86
hippostiptoes,1,85,70,15,55,3,1,1,58,86
pzycho,1,85,70,15,55,2,1,1,57,86
Barresi,1,85,68,17,51,5,1,1,56,86
digitalslut,1,85,70,15,55,0,1,1,55,86
brayness,1,86,70,16,54,0,1,0,54,86
ogreatsnail,1,85,63,22,41,13,1,1,54,86
wumumo,1,85,57,28,29,25,1,1,54,86
IamLars,1,85,64,21,43,10,1,1,53,86
Toxaris71,1,85,67,18,49,3,1,1,52,86
ClankyMoo,3,83,61,22,39,12,1,3,51,86
Pokeno0b,1,85,68,17,51,0,1,1,51,86
skinniegenes,1,85,67,18,49,2,1,1,51,86
tacobelmont,2,84,66,18,48,3,1,2,51,86
WalrusoftheWorld,1,85,67,18,49,2,1,1,51,86
PonderouSR,1,85,65,20,45,5,1,1,50,86
dupecheck,2,85,64,21,43,6,2,1,49,86
AmberWings,1,86,66,20,46,3,1,0,49,86
fluffywhitekitten,1,85,66,19,47,2,0,1,49,86
Delucabazooka,1,85,63,22,41,6,0,1,47,86
chaoszeta,2,84,61,23,38,8,2,2,46,86
Mariling,1,85,60,25,35,11,1,1,46,86
AmerAir,1,85,60,25,35,8,1,1,43,86
pandaslawterppl,2,84,62,22,40,2,2,2,42,86
Andewz111,1,85,62,23,39,2,1,1,41,86
TandemMasterRoy,2,84,59,25,34,6,2,2,40,86
babski13,1,86,56,30,26,14,1,0,40,86
wardsac,1,85,58,27,31,9,1,1,40,86
goodguygob,2,84,50,34,16,22,1,2,38,86
Claxxamatic,1,85,61,24,37,0,1,1,37,86
martinx3x,1,85,57,28,29,8,1,1,37,86
thorton_robb,1,85,61,24,37,0,1,1,37,86
euphoricpeace,2,84,55,29,26,10,2,2,36,86
plytvanim_the_world,2,84,59,25,34,2,2,2,36,86
Broken_Mirrors,1,85,59,26,33,3,1,1,36,86
iaimtomisbehav3,1,85,58,27,31,5,1,1,36,86
REALSTOOPID,1,85,58,27,31,5,0,1,36,86
Nitrospark,1,85,55,30,25,10,1,1,35,86
Emperor_NOPEolean,1,85,58,27,31,3,1,1,34,86
Anheroed,1,85,57,28,29,4,1,1,33,86
chauncycover,2,84,55,29,26,7,1,2,33,86
Hawk798,1,85,59,26,33,0,1,1,33,86
WilsonsWarbler,1,85,59,26,33,0,1,1,33,86
familyguy829,2,84,55,29,26,6,2,2,32,86
Swoboman87,2,84,56,28,28,4,2,2,32,86
Gargoyle_Cock,1,85,57,28,29,3,1,1,32,86
yenoore,1,85,57,28,29,3,1,1,32,86
stoned-derelict,3,83,55,28,27,4,3,3,31,86
dorkimoe,2,85,50,35,15,16,2,1,31,86
Marceliooo,1,85,57,28,29,2,1,1,31,86
metaranha,1,85,55,30,25,6,1,1,31,86
MyTrueFeelings,2,84,53,31,22,8,1,2,30,86
AllosauRUSS,1,85,52,33,19,9,1,1,28,86
jack47,1,85,50,35,15,13,1,1,28,86
hunterdematteo,2,84,50,34,16,11,2,2,27,86
xXtaytayXx,5,81,54,27,27,0,2,5,27,86
PhillyFade,3,83,53,30,23,3,3,3,26,86
Devils_Advocado,1,85,53,32,21,3,1,1,24,86
FaLLenSk8,2,84,52,32,20,3,2,2,23,86
Hyplexed,1,85,53,32,21,2,1,1,23,86
thenerdy,1,85,54,31,23,0,1,1,23,86
Psych0Fir3,1,85,54,31,23,0,0,1,23,86
SteakSushi,1,85,54,31,23,0,0,1,23,86
therealkirbslice,1,85,50,35,15,7,1,1,22,86
danish_sprode,1,85,49,36,13,8,1,1,21,86
franciscojuarez,1,85,50,35,15,6,1,1,21,86
LRafols,1,85,50,35,15,6,1,1,21,86
vikashgoel,1,85,50,35,15,6,1,1,21,86
xbangerangx,1,85,53,32,21,0,1,1,21,86
vikingsfan454,2,84,49,35,14,6,2,2,20,86
greekdressing,1,85,47,38,9,11,1,1,20,86
Jono360,2,84,50,34,16,3,2,2,19,86
cakedicks,1,85,47,38,9,10,1,1,19,86
Panicman96,3,83,49,34,15,3,2,3,18,86
chaosdestro0,1,85,49,36,13,4,1,1,17,86
SamMee514,1,85,46,39,7,10,1,1,17,86
RabbitOfTheNW,2,85,47,38,9,7,2,1,16,86
jadebcmt,3,83,48,35,13,2,1,3,15,86
Jmgill12,1,85,49,36,13,2,1,1,15,86
kinglabtested,3,83,45,38,7,7,2,3,14,86
chicoiswhite,3,84,46,38,8,5,2,2,13,86
Juffin,4,82,43,39,4,6,2,4,10,86
JordanB5566,1,85,45,40,5,5,1,1,10,86
H0b0Walrus,1,85,45,40,5,0,1,1,5,86
lolpenguinz,3,83,44,39,5,0,1,3,5,86
TheDuskDragon,1,84,79,5,74,4,0,1,78,85
DJ3XO,1,84,49,35,14,53,1,1,67,85
lavendarsuitsme,1,84,73,11,62,4,1,1,66,85
the_blackfish,1,84,73,11,62,4,1,1,66,85
skankinaway,1,85,67,18,49,15,1,0,64,85
ThatGuy2780,1,84,71,13,58,6,1,1,64,85
Whitawolf,1,84,73,11,62,0,1,1,62,85
ND2000,1,84,71,13,58,2,1,1,60,85
TypicalHaikuResponse,1,84,71,13,58,2,0,1,60,85
hodywody,2,84,66,18,48,11,2,1,59,85
evanweb546,1,84,68,16,52,7,1,1,59,85
igorr35,2,84,70,14,56,2,2,1,58,85
jnafa,2,83,67,16,51,7,2,2,58,85
cornfields-of-iowa,1,84,69,15,54,3,1,1,57,85
mrgage,1,84,68,16,52,5,1,1,57,85
okachowwa,1,84,57,27,30,26,1,1,56,85
TREESMANTREES,2,84,66,18,48,8,0,1,56,85
shoomai,1,84,67,17,50,5,1,1,55,85
Chuyito,1,84,68,16,52,2,0,1,54,85
DarthNative,1,84,69,15,54,0,0,1,54,85
UsefullnUseless,2,85,68,17,51,2,2,0,53,85
KatterEater,1,84,60,24,36,17,1,1,53,85
thematche,2,83,63,20,43,9,2,2,52,85
shanew21,1,84,67,17,50,2,1,1,52,85
weks,1,84,65,19,46,6,1,1,52,85
Djerrid,1,84,66,18,48,4,0,1,52,85
the_moonface,1,84,64,20,44,7,1,1,51,85
the_comfy_chair,3,82,66,16,50,0,2,3,50,85
Carlama,1,84,65,19,46,4,1,1,50,85
MelG23,1,84,63,21,42,5,1,1,47,85
njchainer,1,84,59,25,34,13,1,1,47,85
StrangeeDaze,2,83,63,20,43,3,1,2,46,85
drkgreyfox,2,83,62,21,41,4,2,2,45,85
DoctorToWhatExtent,1,84,62,22,40,5,1,1,45,85
b1gtym1n,1,84,61,23,38,5,1,1,43,85
MaireadRossa,2,83,63,20,43,0,1,2,43,85
retardedsushi,1,84,62,22,40,2,1,1,42,85
RonMexico69,1,84,60,24,36,5,1,1,41,85
xblackmambax,1,84,60,24,36,5,1,1,41,85
Bananalog-clock,1,84,53,31,22,18,1,1,40,85
cigarettesteve,1,84,57,27,30,10,1,1,40,85
Verecoth,1,84,61,23,38,2,1,1,40,85
GigaStormRider,2,83,58,25,33,6,2,2,39,85
Pokemen,1,85,61,24,37,2,1,0,39,85
Cyber_Sheep,1,85,54,31,23,15,1,0,38,85
cryogenick,2,83,55,28,27,10,2,2,37,85
lynnloo,1,85,55,30,25,12,0,0,37,85
I_Am_Vladimir_Putin,2,83,56,27,29,7,2,2,36,85
Dakewlguy,1,84,56,28,28,8,1,1,36,85
Deklaration,1,84,58,26,32,4,1,1,36,85
jonahgrant,1,84,59,25,34,2,1,1,36,85
Nalin163,1,85,59,26,33,3,1,0,36,85
jockstick24,1,84,57,27,30,5,1,1,35,85
tanneragle,1,84,58,26,32,3,1,1,35,85
futuramous,1,84,52,32,20,14,1,1,34,85
JewbaccaIsReal,1,84,57,27,30,4,1,1,34,85
stoo132,1,84,58,26,32,2,1,1,34,85
kolthor,1,84,57,27,30,3,1,1,33,85
sapper2345,2,83,52,31,21,11,2,2,32,85
Aduckonquack97,2,83,55,28,27,4,2,2,31,85
Floorspud,2,83,55,28,27,4,2,2,31,85
MrBozoVG,1,84,56,28,28,3,1,1,31,85
galaxim3,1,84,56,28,28,3,0,1,31,85
ead4eyes,2,83,55,28,27,3,1,2,30,85
PalmPaperCut,1,84,51,33,18,12,1,1,30,85
CanadianBaking,1,84,56,28,28,2,0,1,30,85
koblinz,2,83,55,28,27,2,2,2,29,85
fret13,1,84,54,30,24,5,1,1,29,85
Paxika,2,83,51,32,19,10,1,2,29,85
kraete,1,84,56,28,28,0,1,1,28,85
ScottishUnicorn,1,84,51,33,18,10,1,1,28,85
Shrimplet596,1,84,56,28,28,0,1,1,28,85
kberg3030,1,84,55,29,26,0,1,1,26,85
MarshanInvaders,1,84,55,29,26,0,1,1,26,85
SirDigbyChickenCzar,1,85,48,37,11,15,1,0,26,85
Russiaissur,4,82,45,37,8,16,3,3,24,85
CaptainMogan8008,2,84,51,33,18,6,2,1,24,85
clueless-ct,1,85,51,34,17,6,1,0,23,85
morespamforya,1,84,52,32,20,3,1,1,23,85
buchec18,1,84,50,34,16,6,1,1,22,85
mitters,1,84,52,32,20,2,1,1,22,85
runoldhag,1,84,51,33,18,4,1,1,22,85
Viperini,1,84,52,32,20,2,0,1,22,85
Rantipole,1,85,53,32,21,0,1,0,21,85
alextheshah,2,83,49,34,15,5,1,2,20,85
mellamoisis,1,84,49,35,14,6,1,1,20,85
lilrabbit129,1,84,46,38,8,11,1,1,19,85
HOWISCIENCE,1,84,47,37,10,8,1,1,18,85
Smorgo22,1,84,49,35,14,4,1,1,18,85
The_Purple_Zebra,3,82,46,36,10,8,1,3,18,85
Canhgaroo,1,84,48,36,12,4,1,1,16,85
Jessedef,1,84,45,39,6,9,1,1,15,85
parker-tanner2,4,81,45,36,9,5,3,4,14,85
inktar,1,84,47,37,10,3,1,1,13,85
Awesomer_Than_Me,3,84,46,38,8,0,1,1,8,85
TheBigFalkowski,1,84,44,40,4,0,1,1,4,85
Gravesh,4,81,40,41,-1,3,3,4,2,85
clburton24,1,84,38,46,-8,10,1,1,2,85
retromike,3,82,39,43,-4,4,3,3,0,85
lttljimmy,1,84,69,15,54,29,1,0,83,84
Wandering_Beaver,1,84,70,14,56,18,1,0,74,84
InSomnis,1,83,72,11,61,3,1,1,64,84
matidaou,1,83,60,23,37,26,1,1,63,84
Nerobus,1,83,73,10,63,0,1,1,63,84
derpin_r33t,1,83,72,11,61,0,1,1,61,84
PhillTheBoss,1,83,72,11,61,0,0,1,61,84
Schrodingers_Kat,2,82,71,11,60,0,2,2,60,84
bmw010,1,83,67,16,51,9,1,1,60,84
breaking_jackpots,1,83,71,12,59,0,1,1,59,84
TickleBandit,1,83,68,15,53,6,1,1,59,84
BangersAndMash98,1,83,69,14,55,3,0,1,58,84
tatowtot,1,83,69,14,55,3,0,1,58,84
LeetModule,1,83,68,15,53,4,0,1,57,84
clubbing_narwhals,1,83,67,16,51,5,1,1,56,84
Stewpid,2,83,59,24,35,20,2,1,55,84
daysruntogether,1,83,68,15,53,2,1,1,55,84
joelski,1,84,67,17,50,5,1,0,55,84
krazykenn,1,83,65,18,47,8,0,1,55,84
TeRedditUser,1,83,69,14,55,0,0,1,55,84
connapolusa,1,84,67,17,50,4,1,0,54,84
cowhideking,1,83,63,20,43,11,1,1,54,84
FaKinSuPaTaiNiPoNi,1,83,67,16,51,3,1,1,54,84
I_POST_FUGLY,1,83,67,16,51,3,1,1,54,84
stkas,1,83,65,18,47,7,1,1,54,84
Joey23art,1,83,60,23,37,16,0,1,53,84
Mclark80,1,83,63,20,43,10,0,1,53,84
mcbarry42,3,81,64,17,47,5,1,3,52,84
spermfoot,1,83,66,17,49,3,1,1,52,84
iLiveInyourTrees,1,83,57,26,31,20,1,1,51,84
Mr_Steven,1,83,63,20,43,7,1,1,50,84
BiGNasty91_,1,83,64,19,45,4,1,1,49,84
KingAndres,1,83,66,17,49,0,1,1,49,84
npahc,1,83,63,20,43,6,1,1,49,84
Nw_lifted,1,83,66,17,49,0,1,1,49,84
pumppumppump,1,83,64,19,45,4,1,1,49,84
that-brown-guy,2,83,61,22,39,10,1,1,49,84
raffoo,1,83,66,17,49,0,0,1,49,84
exko,1,83,64,19,45,3,1,1,48,84
SemiSeriousSam,2,82,61,21,40,8,1,2,48,84
Kouveau,1,83,63,20,43,4,0,1,47,84
Brocktoon_in_a_jar,1,83,61,22,39,7,1,1,46,84
kdean101,1,83,62,21,41,5,1,1,46,84
davewiz20,1,83,64,19,45,0,0,1,45,84
HeartlessHowl,1,83,64,19,45,0,0,1,45,84
KaliAnn23,2,82,60,22,38,6,2,2,44,84
gecko97,1,83,63,20,43,0,1,1,43,84
shepardownsnorris,1,83,63,20,43,0,1,1,43,84
southorange,2,82,57,25,32,11,1,2,43,84
basicxenocide,3,82,60,22,38,4,2,2,42,84
countrybuhbuh,2,83,59,24,35,6,1,1,41,84
IAMAnerdAMA,1,83,60,23,37,4,1,1,41,84
victor47,1,83,60,23,37,4,0,1,41,84
epgenius,4,80,55,25,30,10,4,4,40,84
seidlka,2,82,60,22,38,2,2,2,40,84
manvstech,1,84,61,23,38,2,1,0,40,84
zavage300,1,83,59,24,35,5,1,1,40,84
RedditsBlueYoda,1,84,60,24,36,3,1,0,39,84
Roxl,1,83,61,22,39,0,1,1,39,84
schmaaah,1,83,61,22,39,0,1,1,39,84
shenaniganschek,1,83,57,26,31,8,1,1,39,84
okcomputer14,1,83,57,26,31,7,1,1,38,84
PlanZed,1,84,61,23,38,0,1,0,38,84
INemzis,1,83,60,23,37,0,1,1,37,84
pt3pry,1,83,56,27,29,8,1,1,37,84
wakaba,1,83,58,25,33,4,1,1,37,84
cripsypickle,1,83,57,26,31,5,1,1,36,84
crunkashell,1,83,58,25,33,3,1,1,36,84
u2Sunstuff,1,83,51,32,19,17,1,1,36,84
ryanhall17,2,82,59,23,36,0,0,2,36,84
RobertSean08,2,82,55,27,28,7,2,2,35,84
Yoink1213,1,83,56,27,29,6,1,1,35,84
ZiGGyChi3F,1,83,55,28,27,7,1,1,34,84
GunsNSnakepits,1,83,54,29,25,8,1,1,33,84
rotat,1,84,55,29,26,7,1,0,33,84
sarcaster632,1,83,54,29,25,8,1,1,33,84
spmkd,1,83,54,29,25,8,1,1,33,84
toptop2,1,83,58,25,33,0,1,1,33,84
jemmanrrivera,1,83,48,35,13,19,1,1,32,84
lighght,1,84,56,28,28,4,1,0,32,84
Prometheon,1,83,53,30,23,9,1,1,32,84
augenwiehimmel,5,79,47,32,15,16,3,5,31,84
dr_mantis_tobaggan,1,83,57,26,31,0,1,1,31,84
earthduck,1,83,55,28,27,4,1,1,31,84
HogieJones,1,83,57,26,31,0,1,1,31,84
Shackofpoop,1,83,54,29,25,6,1,1,31,84
timredditwis,1,84,52,32,20,11,1,0,31,84
NickDerpkins,3,81,50,31,19,11,3,3,30,84
datoxic,1,83,52,31,21,9,1,1,30,84
WhatWasThatNow,1,83,54,29,25,5,1,1,30,84
Gymnastinmyanus,1,83,49,34,15,14,0,1,29,84
parahsalinbundtcake,2,82,55,27,28,0,1,2,28,84
seazorg,1,83,53,30,23,5,1,1,28,84
cassisawesome,1,83,55,28,27,0,1,1,27,84
Jerronc,1,83,51,32,19,8,1,1,27,84
Misosoup207,1,83,54,29,25,2,1,1,27,84
koimaster,1,83,50,33,17,9,1,1,26,84
glorious_views,1,83,51,32,19,6,1,1,25,84
scrappyisachamp,1,83,49,34,15,10,1,1,25,84
VampireWatermelon,1,83,53,30,23,2,1,1,25,84
JesseSheridan,3,81,50,31,19,5,3,3,24,84
Flimflamsam,3,81,48,33,15,9,2,3,24,84
lollface,2,82,51,31,20,4,2,2,24,84
ratchet132,1,83,53,30,23,0,1,1,23,84
cwayne1989,2,82,48,34,14,8,1,2,22,84
drewt1995,1,83,51,32,19,3,1,1,22,84
Nickisnic,2,82,50,32,18,3,1,2,21,84
joe2tehfo,1,83,48,35,13,7,0,1,20,84
commando_usman,3,81,48,33,15,4,2,3,19,84
BuggieBee,1,83,51,32,19,0,1,1,19,84
wizrad,1,83,47,36,11,8,1,1,19,84
KillerBSide,1,83,48,35,13,4,1,1,17,84
ezoneclan,1,84,50,34,16,0,1,0,16,84
zozeman0,1,83,47,36,11,5,1,1,16,84
ambrogi5421,1,83,44,39,5,10,1,1,15,84
KorbenD2263,1,83,47,36,11,4,1,1,15,84
ssdu3,1,83,48,35,13,2,1,1,15,84
TiredPreston,1,83,45,38,7,8,1,1,15,84
TimTimNL,1,83,43,40,3,10,1,1,13,84
okatokat,1,83,45,38,7,3,1,1,10,84
jrsolomon1,1,83,44,39,5,3,1,1,8,84
copacetixi,1,83,44,39,5,2,1,1,7,84
Eight_Claws,1,83,40,43,-3,5,1,1,2,84
jerseyboyji,1,83,39,44,-5,6,1,1,1,84
Lucavious,1,83,37,46,-9,6,0,1,-3,84
tag737,1,82,71,11,60,30,1,1,90,83
thisiswhat,1,83,78,5,73,15,1,0,88,83
ingsocc,1,83,76,7,69,6,1,0,75,83
jmier,1,82,72,10,62,4,1,1,66,83
protecon,1,82,73,9,64,2,0,1,66,83
AverageMiner,1,82,72,10,62,3,1,1,65,83
xX-Tiger_In_Tux-Xx,2,81,72,9,63,0,1,2,63,83
erycstrife,2,81,58,23,35,27,2,2,62,83
especially_unspecial,1,82,71,11,60,0,1,1,60,83
how_would_kobe_react,1,82,69,13,56,4,1,1,60,83
AKSasquatch,1,82,69,13,56,3,1,1,59,83
mbgluck,1,82,68,14,54,5,1,1,59,83
RottenNoodleLover,1,82,65,17,48,10,1,1,58,83
steenarie,1,82,65,17,48,9,1,1,57,83
IPuntGnomes,1,82,63,19,44,12,1,1,56,83
Wohleralex,1,82,68,14,54,2,1,1,56,83
Ice_Karma,1,82,69,13,56,0,0,1,56,83
J-loavocado,2,81,67,14,53,2,2,2,55,83
Mrducktape,1,82,63,19,44,9,1,1,53,83
supersmashbro,1,82,58,24,34,18,1,1,52,83
CrosswordsAreFun,2,82,63,19,44,6,2,1,50,83
DNDR1,1,82,65,17,48,2,1,1,50,83
ritz592,1,82,63,19,44,6,1,1,50,83
savage_detective,1,82,66,16,50,0,1,1,50,83
TheDoomsmith,1,82,57,25,32,18,1,1,50,83
WartedICEMAN105,1,82,64,18,46,4,1,1,50,83
MotoringPRO,1,82,65,17,48,2,0,1,50,83
MrAMV,1,82,64,18,46,3,1,1,49,83
SpacemanSheldon,1,82,65,17,48,0,1,1,48,83
NSskier90,2,81,62,19,43,3,2,2,46,83
manganlol,1,83,63,20,43,3,1,0,46,83
sourcreamjunkie,1,82,64,18,46,0,1,1,46,83
whowantsrice,2,82,61,21,40,5,2,1,45,83
JazzySheep,1,82,60,22,38,7,1,1,45,83
Kris_Carter,1,82,62,20,42,2,1,1,44,83
orion808,1,82,63,19,44,0,0,1,44,83
CrazySlim,1,82,61,21,40,3,0,1,43,83
godlessatheist,1,82,61,21,40,2,1,1,42,83
MmLargo,1,82,61,21,40,2,1,1,42,83
POLITE_ALL_CATS_GUY,1,82,53,29,24,18,1,1,42,83
themanbeard,1,82,58,24,34,8,1,1,42,83
whiteazn777,2,81,60,21,39,3,1,2,42,83
chevygirl86,1,83,60,23,37,4,1,0,41,83
drop24,1,82,59,23,36,5,1,1,41,83
TheBlackSquirrel,1,82,61,21,40,0,1,1,40,83
ichibandesu,1,82,58,24,34,6,0,1,40,83
StoicGunner,1,82,60,22,38,0,1,1,38,83
Variable303,1,82,54,28,26,12,1,1,38,83
ImFriendsWithThatGuy,1,82,58,24,34,2,1,1,36,83
thomasperraudin,1,82,56,26,30,6,1,1,36,83
Ayshole,1,82,59,23,36,0,0,1,36,83
myredditnick,2,81,57,24,33,2,2,2,35,83
chickenlipsbun,2,81,55,26,29,6,1,2,35,83
MirageHeartsReddit,1,82,53,29,24,11,1,1,35,83
geekgirlpartier,1,82,58,24,34,0,1,1,34,83
KINGREDBEARD,1,82,55,27,28,6,1,1,34,83
violenciarivas,1,83,54,29,25,9,1,0,34,83
cacapeepee,1,82,56,26,30,3,1,1,33,83
Nahomy101,1,82,56,26,30,3,1,1,33,83
Smokiemcpot18,1,82,53,29,24,9,1,1,33,83
Ado_,2,81,54,27,27,5,2,2,32,83
wartech,3,80,51,29,22,10,2,3,32,83
phish_physics_phun,1,82,57,25,32,0,1,1,32,83
rawrhampster,2,81,54,27,27,5,1,2,32,83
timberwolf5922,1,82,54,28,26,5,1,1,31,83
LukasC,4,79,55,24,31,0,0,4,31,83
Sofa_King_Bored,3,81,53,28,25,6,0,2,31,83
jhansen858,2,81,48,33,15,15,2,2,30,83
itgoesahahahon,1,82,56,26,30,0,1,1,30,83
pokemaster_winter,1,82,56,26,30,0,1,1,30,83
TheAflac,1,82,52,30,22,8,1,1,30,83
Wegotthefunk,1,82,54,28,26,4,1,1,30,83
udremeei,1,82,50,32,18,11,1,1,29,83
bieberslayer,1,82,53,29,24,4,1,1,28,83
Giygas,1,82,53,29,24,4,1,1,28,83
wooha,2,82,51,31,20,7,2,1,27,83
ohem,1,82,53,29,24,3,1,1,27,83
PaulSerone,1,82,50,32,18,9,0,1,27,83
ukepriest,1,82,52,30,22,3,1,1,25,83
50_shades_of_rape,1,82,49,33,16,9,0,1,25,83
rotzooi,2,81,42,39,3,21,2,2,24,83
vanjib1,2,81,52,29,23,0,2,2,23,83
Jesu123,2,81,52,29,23,0,1,2,23,83
Empereol,1,82,51,31,20,2,1,1,22,83
GraveMask,1,82,51,31,20,2,1,1,22,83
IndooTime,1,82,50,32,18,4,1,1,22,83
leagueofone,1,82,52,30,22,0,0,1,22,83
ADEEEEM,1,82,50,32,18,3,1,1,21,83
JaBooty,1,82,50,32,18,3,1,1,21,83
codst3r,1,82,49,33,16,4,1,1,20,83
fcap8987,2,81,46,35,11,8,2,2,19,83
ohnoez11,1,82,47,35,12,6,1,1,18,83
shoxwut,1,82,48,34,14,4,1,1,18,83
A_MAD93,1,82,48,34,14,4,0,1,18,83
ishalletcetc,1,82,48,34,14,3,1,1,17,83
sagittariisXII,2,81,47,34,13,3,2,2,16,83
crouching_tiger,1,82,47,35,12,4,1,1,16,83
jarrell127,1,82,46,36,10,4,1,1,14,83
maz-o,1,82,45,37,8,5,1,1,13,83
jbruce,3,81,43,38,5,7,1,2,12,83
blackcrows1,1,82,42,40,2,8,1,1,10,83
dgxshiny,1,83,46,37,9,0,1,0,9,83
Wilcows,3,80,41,39,2,6,3,3,8,83
WarmNipples,1,82,42,40,2,5,1,1,7,83
txampion,2,81,38,43,-5,11,2,2,6,83
Ohh_Yeah,1,82,36,46,-10,6,1,1,-4,83
Dodgerillo,3,80,34,46,-12,5,2,3,-7,83
BigFluffy,1,82,31,51,-20,3,1,1,-17,83
cmalkus,1,82,8,74,-66,2,1,1,-64,83
hammerandsickle,1,81,75,6,69,17,1,1,86,82
Gnux,1,81,75,6,69,0,1,1,69,82
NothingInsightful,1,81,72,9,63,5,0,1,68,82
Matheusela,2,81,71,10,61,6,1,1,67,82
AbusiveProstate,1,81,71,10,61,5,1,1,66,82
08rs4,1,81,69,12,57,8,1,1,65,82
sirenitaa,1,81,72,9,63,0,1,1,63,82
darlingdorkface,1,81,66,15,51,11,1,1,62,82
Tidus4eva,1,81,68,13,55,7,1,1,62,82
ffxpwns,1,81,71,10,61,0,1,1,61,82
ceziceu,1,81,65,16,49,9,1,1,58,82
l0br0,1,81,63,18,45,13,1,1,58,82
CharredCharmander,1,82,68,14,54,0,1,0,54,82
hazzamatazza,1,82,65,17,48,6,1,0,54,82
GeorgeyB22,2,81,66,15,51,2,2,1,53,82
ejection_handle_pull,1,81,63,18,45,8,1,1,53,82
rbsteelerfan,1,81,63,18,45,8,1,1,53,82
michaelsnakefang,1,81,64,17,47,6,0,1,53,82
stupiddickface,2,80,64,16,48,4,2,2,52,82
BaronOshawott,2,82,66,16,50,2,1,0,52,82
Duyvil,1,81,59,22,37,15,1,1,52,82
CootBoot327,1,81,66,15,51,0,1,1,51,82
KonyDog,1,81,65,16,49,2,1,1,51,82
Kronix,1,81,61,20,41,10,1,1,51,82
mr_majorly,1,81,64,17,47,4,1,1,51,82
No_No_Juice,1,81,65,16,49,2,1,1,51,82
TheSwedeIrishman,1,81,63,18,45,6,1,1,51,82
ABrutalWorld,1,81,60,21,39,11,1,1,50,82
roblee8908,2,80,65,15,50,0,1,2,50,82
handisoni,1,81,65,16,49,0,1,1,49,82
hellshot8,1,81,54,27,27,22,1,1,49,82
Irony_,1,81,65,16,49,0,1,1,49,82
Kloosty,1,82,58,24,34,15,1,0,49,82
lorahsullivan,1,81,61,20,41,7,1,1,48,82
Hellsgate11,1,81,63,18,45,2,1,1,47,82
DonVomar,1,81,64,17,47,0,0,1,47,82
Jovh,1,81,61,20,41,5,1,1,46,82
EarthbornPuma,1,81,61,20,41,4,1,1,45,82
hIISoasd,1,81,61,20,41,4,1,1,45,82
alfrankenstorm,1,82,63,19,44,0,1,0,44,82
snapoppy,1,81,59,22,37,7,1,1,44,82
freederp,1,81,60,21,39,4,1,1,43,82
commongiga,1,81,58,23,35,7,1,1,42,82
Killraine,1,82,62,20,42,0,1,0,42,82
waidailo,1,81,57,24,33,9,1,1,42,82
Chody,1,81,59,22,37,4,1,1,41,82
RandyDangle,1,81,61,20,41,0,1,1,41,82
Santaslittlehelp,1,81,60,21,39,2,1,1,41,82
Arrow_In_Your_Knee,1,81,59,22,37,3,1,1,40,82
Destati,1,81,56,25,31,9,1,1,40,82
Madpony,1,81,59,22,37,3,1,1,40,82
tofu3000,1,81,56,25,31,9,1,1,40,82
beathau5,3,79,57,22,35,3,3,3,38,82
DeanerMurdoch,1,81,57,24,33,5,1,1,38,82
Kthe144,1,81,58,23,35,3,1,1,38,82
Blackstone82,2,80,57,23,34,3,2,2,37,82
kleptobizmo,1,81,54,27,27,10,1,1,37,82
Skreeonk,1,81,58,23,35,2,1,1,37,82
spudpuffin,1,81,59,22,37,0,1,1,37,82
metalrawk,1,81,57,24,33,4,0,1,37,82
hipsters_are_fun,1,81,57,24,33,3,1,1,36,82
untam3d123,2,80,54,26,28,7,2,2,35,82
ubermonsta,1,81,57,24,33,2,0,1,35,82
jasonkruger1313,2,80,55,25,30,4,2,2,34,82
fightforalways,2,80,51,29,22,11,2,2,33,82
cassafrassfox,1,81,52,29,23,10,1,1,33,82
Crevil,1,82,49,33,16,17,1,0,33,82
deepsun,1,81,56,25,31,2,1,1,33,82
sarahfrancesca,1,82,49,33,16,17,1,0,33,82
YourMombadil,1,82,55,27,28,5,1,0,33,82
LuitenantDan,1,81,55,26,29,4,0,1,33,82
xRinzler,1,81,54,27,27,6,0,1,33,82
rracoonn,1,81,48,33,15,16,1,1,31,82
APHEXENATOR,1,81,52,29,23,7,1,1,30,82
fabulous_hawk,1,82,51,31,20,10,1,0,30,82
neshi3,1,81,46,35,11,19,1,1,30,82
Blacky_McBlackerson,1,81,55,26,29,0,1,1,29,82
FerdinandPareto,1,81,52,29,23,6,1,1,29,82
nutterybipple,1,81,50,31,19,10,1,1,29,82
relidar,1,81,55,26,29,0,1,1,29,82
Sealegs67,1,82,52,30,22,7,1,0,29,82
steelbydesign,1,81,52,29,23,6,1,1,29,82
Bomberhead,2,81,51,30,21,7,2,1,28,82
fastidiousferret,1,82,53,29,24,4,1,0,28,82
h1imhzq,1,81,50,31,19,9,1,1,28,82
marios32,1,81,53,28,25,3,1,1,28,82
lloyd____,1,81,51,30,21,6,1,1,27,82
Reynn1015,1,81,49,32,17,10,0,1,27,82
lebowskisweater,2,80,53,27,26,0,2,2,26,82
MIBIH,2,81,51,30,21,5,2,1,26,82
rockinrollita,1,82,52,30,22,4,1,0,26,82
jimitsays,2,81,49,32,17,8,2,1,25,82
MrBrownies1911,1,81,51,30,21,4,1,1,25,82
Pemaddona,1,82,53,29,24,0,1,0,24,82
clonetek,2,80,49,31,18,5,2,2,23,82
jaltesorensen,2,80,47,33,14,9,2,2,23,82
parahillObjective,2,80,48,32,16,7,2,2,23,82
RapeUpThere,1,82,48,34,14,9,1,0,23,82
CinnamonPancake,2,80,48,32,16,7,0,2,23,82
Goico,1,81,49,32,17,5,1,1,22,82
koachapproach,1,81,48,33,15,7,1,1,22,82
aortega22,5,77,46,31,15,6,4,5,21,82
IAmTheBard,1,81,49,32,17,3,1,1,20,82
CrushOnMrsObama,1,82,49,33,16,3,1,0,19,82
kblalock,1,81,49,32,17,2,1,1,19,82
SlowGT,1,81,46,35,11,8,1,1,19,82
nerdtronics,1,82,49,33,16,2,1,0,18,82
cgin91,1,81,47,34,13,4,1,1,17,82
jp606,1,81,49,32,17,0,1,1,17,82
mcl523,1,81,49,32,17,0,1,1,17,82
Melia1537,1,81,47,34,13,4,1,1,17,82
OverNyanThousand,1,81,47,34,13,4,1,1,17,82
Autern,1,81,46,35,11,5,1,1,16,82
oldpplfreakmeout,1,82,46,36,10,6,1,0,16,82
Shadykill3r,2,80,47,33,14,2,1,2,16,82
superhans2009,1,81,46,35,11,5,1,1,16,82
TheLordboud,1,82,49,33,16,0,1,0,16,82
yhelothere,1,81,44,37,7,8,1,1,15,82
Reddit_has_changed,1,81,44,37,7,7,1,1,14,82
Will_this_work_,1,81,45,36,9,3,1,1,12,82
celecele,1,81,44,37,7,4,0,1,11,82
penisbeauty,1,81,43,38,5,5,1,1,10,82
Lawsuitup,3,79,41,38,3,4,3,3,7,82
samuraialien,3,80,37,43,-6,6,3,2,0,82
caner5000,1,81,34,47,-13,0,1,1,-13,82
nyoro_n,2,80,73,7,66,34,2,1,100,81
B-Con,1,81,74,7,67,14,1,0,81,81
StevenSkytower,1,80,69,11,58,16,1,1,74,81
jacobf33,1,80,76,4,72,0,1,1,72,81
staringdog,1,80,71,9,62,10,1,1,72,81
Ennuiandthensome,1,80,70,10,60,11,1,1,71,81
fanaticflyer,1,80,72,8,64,6,1,1,70,81
ViniTheHat,1,80,69,11,58,10,1,1,68,81
Girl_Drama,1,80,69,11,58,6,1,1,64,81
hreser90,1,80,69,11,58,6,1,1,64,81
420TreeHugger,2,79,64,15,49,14,1,2,63,81
goodduck,2,81,69,12,57,5,1,0,62,81
moriah7647,1,80,70,10,60,0,1,1,60,81
jklu,2,79,67,12,55,4,1,2,59,81
psychroclasm,1,80,67,13,54,5,1,1,59,81
ellopollyyy,1,80,67,13,54,4,1,1,58,81
skrunkarus,1,80,69,11,58,0,1,1,58,81
TheChosenWhipStick,1,80,65,15,50,8,1,1,58,81
jesusismoney,1,80,67,13,54,3,1,1,57,81
reddit__admin,1,81,68,13,55,0,1,0,55,81
blindshooter,1,80,65,15,50,4,1,1,54,81
swandi,1,80,66,14,52,2,0,1,54,81
Budlicker420,1,80,65,15,50,3,1,1,53,81
laurelei,1,80,65,15,50,3,1,1,53,81
mmoproblemsm,1,80,62,18,44,7,1,1,51,81
whatwhywhy,1,80,64,16,48,3,1,1,51,81
XseCrystal,1,80,63,17,46,5,0,1,51,81
SugarCraving,1,80,62,18,44,6,1,1,50,81
Testiclesius,1,81,63,18,45,5,1,0,50,81
puddlz,1,80,61,19,42,7,1,1,49,81
Biggie39,2,79,60,19,41,7,1,2,48,81
Markieshark,1,80,62,18,44,3,1,1,47,81
wilfred27,1,80,62,18,44,3,1,1,47,81
daniskillin,1,80,63,17,46,0,1,1,46,81
Davey_Jones,2,80,55,25,30,16,1,1,46,81
Romulet,1,80,63,17,46,0,1,1,46,81
Nero2333,2,79,62,17,45,0,2,2,45,81
geeeoooort,1,80,59,21,38,7,1,1,45,81
NunyaaBidniss,1,80,61,19,42,3,1,1,45,81
sepultura,1,80,60,20,40,4,1,1,44,81
TheSnake66,2,79,57,22,35,7,2,2,42,81
trulife,2,80,58,22,36,6,2,1,42,81
astrael91,1,80,61,19,42,0,1,1,42,81
naomeow,1,80,58,22,36,6,1,1,42,81
pivotpivot,2,79,57,22,35,6,2,2,41,81
hblask,1,80,57,23,34,7,1,1,41,81
tophattomcat,1,81,52,29,23,18,1,0,41,81
ZeroV2,1,80,56,24,32,9,1,1,41,81
jvtguitar,1,80,60,20,40,0,1,1,40,81
anti_x_gravity,1,80,58,22,36,3,1,1,39,81
haydennt,1,81,57,24,33,6,1,0,39,81
RowersParadise,2,80,57,23,34,4,2,1,38,81
AtomikRadio,1,80,59,21,38,0,1,1,38,81
Meriis,1,80,54,26,28,10,1,1,38,81
vinster271,1,80,59,21,38,0,1,1,38,81
clintmk96,2,79,53,26,27,9,2,2,36,81
soajao,1,80,57,23,34,2,1,1,36,81
Christian67,1,80,57,23,34,2,0,1,36,81
Boomdone,1,80,55,25,30,5,1,1,35,81
Funij_Yoke,1,80,54,26,28,7,1,1,35,81
Liger_Zero,1,80,47,33,14,21,1,1,35,81
Lankyneil,2,80,55,25,30,4,2,1,34,81
ArcticAsmodian,1,80,57,23,34,0,1,1,34,81
joeyasaperson,1,80,55,25,30,4,1,1,34,81
_Ahri_,3,78,54,24,30,3,2,3,33,81
AverageNapkin,3,78,55,23,32,0,3,3,32,81
CrazyAboutCupcakes,1,80,53,27,26,6,1,1,32,81
Defonos,1,80,54,26,28,4,1,1,32,81
Perpetum,7,79,47,32,15,17,1,2,32,81
elmfuzzy,1,80,54,26,28,3,1,1,31,81
EnglishGamer,1,81,55,26,29,2,1,0,31,81
feared_isolation,1,80,52,28,24,7,1,1,31,81
PokemasterTT,1,80,51,29,22,9,1,1,31,81
pureprotest,2,79,54,25,29,2,1,2,31,81
Riceater,3,79,55,24,31,0,1,2,31,81
twozerotwo,1,80,54,26,28,3,1,1,31,81
jonmoore96,2,79,53,26,27,3,2,2,30,81
badbrutus,1,80,52,28,24,6,1,1,30,81
GoZags18,1,80,53,27,26,4,1,1,30,81
Magzy,1,81,52,29,23,7,1,0,30,81
Nightmare13,1,80,55,25,30,0,1,1,30,81
sh1tsngiggles,2,79,51,28,23,6,2,2,29,81
C4T4L1N4,1,81,49,32,17,12,1,0,29,81
JonTheAnt,1,80,52,28,24,3,1,1,27,81
redditiem,2,79,50,29,21,5,2,2,26,81
The_Amberlamps,1,80,52,28,24,2,1,1,26,81
harhemostry,5,76,46,30,16,9,2,5,25,81
Iceberg33,1,81,52,29,23,2,1,0,25,81
knightsofrnew,2,79,48,31,17,8,1,2,25,81
MasterOfDebt,1,81,52,29,23,2,1,0,25,81
RicarduZonta,1,80,45,35,10,15,0,1,25,81
dgray16,1,80,52,28,24,0,1,1,24,81
mr_ektid,1,80,49,31,18,6,1,1,24,81
the_mattador,2,79,50,29,21,3,1,2,24,81
High_Five_______SIKE,2,79,50,29,21,2,2,2,23,81
KazakiLion,1,80,49,31,18,5,1,1,23,81
shaynemk,1,80,48,32,16,7,1,1,23,81
Faroque,1,80,46,34,12,10,1,1,22,81
KainBlackheart,1,80,50,30,20,2,1,1,22,81
slowpoketail,1,80,51,29,22,0,1,1,22,81
In_Spac3,1,80,48,32,16,5,1,1,21,81
Malognay,1,80,49,31,18,3,1,1,21,81
occupymylefty,5,76,45,31,14,6,5,5,20,81
jackgopack4,1,80,47,33,14,6,1,1,20,81
AnnanWater,2,79,48,31,17,2,2,2,19,81
justd0nt,1,80,46,34,12,7,1,1,19,81
kayjones17,2,79,48,31,17,2,1,2,19,81
michaeluuu,1,80,47,33,14,5,1,1,19,81
gocanadiens,3,78,45,33,12,6,3,3,18,81
ajmaxwell,1,80,43,37,6,12,1,1,18,81
diecastjohnson,2,80,43,37,6,11,1,1,17,81
dotikk,1,80,46,34,12,5,1,1,17,81
serdoctordalekslayer,2,79,48,31,17,0,1,2,17,81
StarSamantha,1,80,47,33,14,3,1,1,17,81
Thumperings,1,80,46,34,12,5,1,1,17,81
TravisJason,1,80,45,35,10,7,0,1,17,81
LEEKAYTAR,1,80,46,34,12,4,1,1,16,81
LlamaswithMachetes,1,80,48,32,16,0,1,1,16,81
kmrsnsrn,2,79,41,38,3,11,2,2,14,81
RonaldMcD,2,79,44,35,9,5,2,2,14,81
GnarledViking,1,80,45,35,10,4,1,1,14,81
errydayimredditn,2,79,46,33,13,0,1,2,13,81
Dreaming_Schematics,1,80,42,38,4,7,1,1,11,81
maxanderson,2,79,42,37,5,5,2,2,10,81
clouds31,2,80,45,35,10,0,1,1,10,81
BarackaFlockaFlame,5,76,35,41,-6,13,5,5,7,81
locheontop,1,80,40,40,0,7,1,1,7,81
reddixmadix,1,80,37,43,-6,2,1,1,-4,81
AndyCarroll,2,80,29,51,-22,7,0,1,-15,81
pebohead,1,79,74,5,69,11,1,1,80,80
bluetytanium,1,79,75,4,71,3,1,1,74,80
drtim21,1,79,74,5,69,2,0,1,71,80
Robert_Downey_Jr,2,78,60,18,42,24,2,2,66,80
baka2k10,1,79,68,11,57,8,1,1,65,80
HampeMannen,1,79,72,7,65,0,1,1,65,80
That1indiekid,1,79,65,14,51,12,1,1,63,80
l34512,1,80,69,11,58,4,1,0,62,80
dmdoha,1,79,68,11,57,3,0,1,60,80
anthony_man,1,79,67,12,55,4,1,1,59,80
Tman3500,2,78,63,15,48,11,1,2,59,80
Gooch15,1,79,68,11,57,0,1,1,57,80
hiveration,1,79,64,15,49,8,0,1,57,80
ialwaysforgetpswds,1,79,58,21,37,20,0,1,57,80
Farrion,2,79,58,21,37,18,2,1,55,80
Whatthe45,1,79,66,13,53,2,1,1,55,80
drgirrlfriend,1,79,64,15,49,5,1,1,54,80
Mirath,1,79,65,14,51,2,1,1,53,80
Mothership_Wit,1,79,66,13,53,0,1,1,53,80
Faceless_Troll,1,79,62,17,45,8,0,1,53,80
fuzzyferret,1,79,63,16,47,5,1,1,52,80
spankyj,1,79,64,15,49,2,1,1,51,80
KarmaWolf,1,79,61,18,43,7,1,1,50,80
ailingblackops,1,79,60,19,41,8,1,1,49,80
yess5ss,1,79,63,16,47,2,1,1,49,80
Trolls-Gone-Wild,2,78,61,17,44,3,2,2,47,80
FightGar,1,79,60,19,41,6,1,1,47,80
ga4a89,1,79,59,20,39,8,1,1,47,80
junkmonkey4876,1,79,62,17,45,2,0,1,47,80
bearfraser,2,78,59,19,40,6,2,2,46,80
Barkingpanther,1,79,60,19,41,5,1,1,46,80
Fellows23,1,80,61,19,42,4,1,0,46,80
markmellow,1,79,59,20,39,7,1,1,46,80
PLEASE_READ_THIS,1,79,55,24,31,15,1,1,46,80
CaptainGrandpa,1,79,59,20,39,6,1,1,45,80
GrimReaperPT,1,79,60,19,41,4,1,1,45,80
Renzulli,1,79,62,17,45,0,1,1,45,80
unionjackattack,1,79,59,20,39,6,1,1,45,80
dwix,1,80,61,19,42,2,1,0,44,80
loserkid182,1,79,60,19,41,3,1,1,44,80
purinsu,1,79,57,22,35,9,1,1,44,80
katatayyy,1,79,59,20,39,5,0,1,44,80
ezaviar,2,78,56,22,34,9,1,2,43,80
FudgieBoobs,1,79,61,18,43,0,1,1,43,80
GTech,3,77,56,21,35,7,2,3,42,80
Rhaps0dy,1,79,58,21,37,5,1,1,42,80
smith_mich,2,79,57,22,35,7,1,1,42,80
lastoftheyagahe,3,77,57,20,37,4,2,3,41,80
xanderdad,2,78,55,23,32,9,2,2,41,80
Aaronmaggedon,1,79,58,21,37,4,1,1,41,80
gardenofholliess,1,79,60,19,41,0,1,1,41,80
nothinnerdy,1,80,53,27,26,14,1,0,40,80
s3n5ai,1,79,58,21,37,3,1,1,40,80
NeverrSummer,1,79,56,23,33,7,0,1,40,80
Ak_snowbeast,3,77,57,20,37,2,2,3,39,80
AirJordy,1,79,58,21,37,2,1,1,39,80
Meyerhoffman,1,79,57,22,35,3,1,1,38,80
Kleeem,1,79,57,22,35,2,1,1,37,80
NummerEinz,1,79,55,24,31,6,1,1,37,80
chrisgos91,4,76,51,25,26,10,4,4,36,80
kingalban,1,79,55,24,31,5,0,1,36,80
Digitalol,1,79,57,22,35,0,1,1,35,80
TheSpiffySpaceman,1,80,56,24,32,3,1,0,35,80
fistingtrees,1,79,57,22,35,0,0,1,35,80
electrocuted,2,78,56,22,34,0,2,2,34,80
teh_meh,1,79,52,27,25,8,1,1,33,80
zoocrazed,1,79,55,24,31,2,1,1,33,80
dontforgetpassword,2,79,49,30,19,13,2,1,32,80
sdamyth,2,78,54,24,30,2,2,2,32,80
woofle07,1,79,54,25,29,3,0,1,32,80
manar2710,3,77,53,24,29,2,1,3,31,80
YogurtSmoothie,1,79,52,27,25,6,1,1,31,80
bluered,4,76,51,25,26,4,3,4,30,80
RubberSpandex,2,78,52,26,26,4,2,2,30,80
bakkouz,1,79,52,27,25,5,1,1,30,80
takeitlikeaditch,1,79,53,26,27,3,1,1,30,80
Miyabe,5,75,51,24,27,2,5,5,29,80
Bamf4585,1,79,54,25,29,0,1,1,29,80
GameCompare,1,79,53,26,27,2,1,1,29,80
HotFartG6,1,80,47,33,14,15,1,0,29,80
turkishdelight89,1,79,52,27,25,4,1,1,29,80
twoleatherchairs,1,79,49,30,19,10,1,1,29,80
squirrino,1,79,49,30,19,9,1,1,28,80
caitlin1127,1,79,53,26,27,0,1,1,27,80
froasian,1,79,45,34,11,16,1,1,27,80
kingclutch,1,79,53,26,27,0,1,1,27,80
SUPERJEWwithSWAGGG,1,79,51,28,23,4,1,1,27,80
rybread761,2,79,50,29,21,6,0,1,27,80
markofoz,2,78,44,34,10,16,2,2,26,80
hauntedby-humans,1,79,52,27,25,0,1,1,25,80
MARL0NBLAND0,1,79,51,28,23,2,1,1,25,80
iSlidell,3,77,47,30,17,7,2,3,24,80
Beezle,1,79,49,30,19,5,1,1,24,80
eatpoopsleep,1,79,49,30,19,5,1,1,24,80
alsobrante,1,79,46,33,13,10,1,1,23,80
DonGeisss,1,79,45,34,11,12,1,1,23,80
huntersburroughs,1,79,51,28,23,0,1,1,23,80
kakeman987,1,79,49,30,19,4,1,1,23,80
masterMack,1,80,50,30,20,3,1,0,23,80
barnezilla,1,79,47,32,15,8,0,1,23,80
WannabeBrony,2,78,50,28,22,0,2,2,22,80
jeffrey62844,1,79,49,30,19,2,1,1,21,80
ChunderBeast,1,80,49,31,18,2,1,0,20,80
Justin7861,1,79,45,34,11,9,1,1,20,80
tennop,1,79,48,31,17,3,1,1,20,80
monkey_cunt,1,79,48,31,17,3,0,1,20,80
skyistooblue,3,77,46,31,15,4,3,3,19,80
theknightwhosays_nee,3,77,47,30,17,2,3,3,19,80
adamraco,1,79,46,33,13,6,1,1,19,80
Kelfox,1,79,47,32,15,4,1,1,19,80
vizolover,1,79,46,33,13,6,1,1,19,80
Vypir500,3,77,48,29,19,0,1,3,19,80
58dermo,1,79,49,30,19,0,0,1,19,80
Hotshotguy6,1,79,47,32,15,3,1,1,18,80
shipmen,1,80,49,31,18,0,1,0,18,80
Dovamine,3,77,47,30,17,0,3,3,17,80
DJCamouflage,1,79,45,34,11,6,1,1,17,80
Garmelio,1,79,45,34,11,6,1,1,17,80
renobucci,1,79,46,33,13,4,1,1,17,80
Highly_Unlikely,1,79,44,35,9,7,1,1,16,80
ricecoreyr,1,79,45,34,11,4,1,1,15,80
Thadious_James,1,79,44,35,9,6,1,1,15,80
ThoraxTheImpaler,1,79,44,35,9,6,1,1,15,80
pantzareoptional,1,79,44,35,9,5,1,1,14,80
failedloginattempt,2,78,45,33,12,0,2,2,12,80
benjaminmin,2,79,35,44,-9,20,2,1,11,80
FenrirUlf,1,79,43,36,7,4,1,1,11,80
misterandy45,1,79,43,36,7,4,1,1,11,80
antonio01,1,79,39,40,-1,3,1,1,2,80
cobracount,3,77,38,39,-1,2,1,3,1,80
ChilBroBagins,1,79,37,42,-5,0,1,1,-5,80
DashFisk,2,78,32,46,-14,6,1,2,-8,80
Mictasticuck,1,78,62,16,46,57,1,1,103,79
Zypher310,1,78,72,6,66,2,1,1,68,79
frankivo,1,79,68,11,57,8,1,0,65,79
Roguecop,1,78,67,11,56,8,1,1,64,79
bernie16wb,1,78,67,11,56,6,0,1,62,79
mrsully1981,1,78,69,9,60,0,1,1,60,79
Whyarentyoumadbro,1,78,67,11,56,3,1,1,59,79
Blitzkrieg_CE,2,77,65,12,53,5,2,2,58,79
Dawson2093,1,78,62,16,46,12,1,1,58,79
dcthomas82,1,78,63,15,48,10,1,1,58,79
gntrr,5,75,62,13,49,7,5,4,56,79
MrSquish,1,78,60,18,42,14,1,1,56,79
ChanTheMan36,1,78,64,14,50,5,1,1,55,79
lolspap,1,78,62,16,46,9,1,1,55,79
felixtre,1,78,64,14,50,4,1,1,54,79
vsoria,1,78,66,12,54,0,1,1,54,79
gnuworldorder,1,78,60,18,42,11,1,1,53,79
nanoka1,1,79,64,15,49,3,1,0,52,79
marshall78,1,78,62,16,46,4,1,1,50,79
phi186,2,79,54,25,29,20,2,0,49,79
SleepyZombie,1,78,62,16,46,3,0,1,49,79
Terran_it_up,2,77,55,22,33,14,1,2,47,79
jupiter0,2,77,59,18,41,6,0,2,47,79
brussels4breakfast,1,78,58,20,38,8,1,1,46,79
dobervich,1,78,62,16,46,0,1,1,46,79
FyreMan,3,76,56,20,36,10,1,3,46,79
ImmaGrownAssPigeon,1,78,62,16,46,0,0,1,46,79
SNLabat,2,77,59,18,41,4,1,2,45,79
bobhund,1,78,53,25,28,16,1,1,44,79
20salmon,1,79,60,19,41,2,1,0,43,79
clgchicken,1,78,58,20,38,5,1,1,43,79
Justinnzkiller,1,78,52,26,26,17,0,1,43,79
bjdevall,2,77,57,20,37,5,2,2,42,79
bsoile61,1,78,54,24,30,12,1,1,42,79
unfunny-meme,1,79,59,20,39,3,1,0,42,79
byRoody,2,77,58,19,39,2,2,2,41,79
Hoboman88,2,78,58,20,38,3,2,1,41,79
crackinKnucks,1,78,58,20,38,3,1,1,41,79
deepfriedunicorn,1,78,58,20,38,3,1,1,41,79
Knosh,1,78,55,23,32,9,1,1,41,79
sloppyseas86,1,79,59,20,39,2,1,0,41,79
aHoboNamedDave,1,78,57,21,36,4,1,1,40,79
alexjames21,1,78,56,22,34,6,1,1,40,79
Brak15,1,78,55,23,32,8,1,1,40,79
Acidspring1313,1,78,57,21,36,3,1,1,39,79
broncyobo,1,78,57,21,36,3,1,1,39,79
MozzLand,1,78,56,22,34,5,1,1,39,79
Reposter_McGee,1,78,56,22,34,5,1,1,39,79
bhaaat,3,76,57,19,38,0,3,3,38,79
flyby13,1,78,56,22,34,4,1,1,38,79
Frank-the-Bunny,1,78,57,21,36,2,1,1,38,79
kingfishcoons,1,78,58,20,38,0,1,1,38,79
klussier9,1,78,52,26,26,12,1,1,38,79
Lazores,1,78,56,22,34,4,1,1,38,79
redor32,1,78,57,21,36,2,1,1,38,79
hoover_22,1,78,56,22,34,4,0,1,38,79
ripass0205,1,78,56,22,34,4,0,1,38,79
pajkungen,1,78,54,24,30,7,1,1,37,79
XoXeLo,2,77,55,22,33,3,2,2,36,79
Alkazaf,1,78,57,21,36,0,1,1,36,79
gawen,1,78,55,23,32,4,1,1,36,79
Sondrx,1,78,52,26,26,10,1,1,36,79
ccardinals5,1,79,56,23,33,2,1,0,35,79
PedraoMN,1,78,52,26,26,9,1,1,35,79
sssossssaaa,3,76,55,21,34,0,3,3,34,79
AbeFroman171,1,78,54,24,30,4,1,1,34,79
AstronotusOcellatus,1,78,52,26,26,8,1,1,34,79
Freditor9,1,78,56,22,34,0,1,1,34,79
Teroch,1,78,53,25,28,6,1,1,34,79
jaker1013,2,78,49,29,20,14,0,1,34,79
Reddit_minion97,4,75,52,23,29,3,3,4,32,79
smokeytrees420,2,77,52,25,27,5,2,2,32,79
cockpitatheist,1,78,52,26,26,6,1,1,32,79
Scruffballz,1,78,53,25,28,4,1,1,32,79
smokingtypewriter,1,78,55,23,32,0,1,1,32,79
Sunsucks,1,78,54,24,30,2,1,1,32,79
spyro4now,3,77,54,23,31,0,3,2,31,79
dismount,1,79,53,26,27,4,1,0,31,79
mikkikoron,1,78,52,26,26,5,1,1,31,79
chompotron,1,78,53,25,28,2,1,1,30,79
quickaddress204,1,78,46,32,14,16,1,1,30,79
sciencebabble,1,78,47,31,16,14,1,1,30,79
arbyn,4,76,48,28,20,9,1,3,29,79
r3nzi,1,78,52,26,26,3,1,1,29,79
Deathisfatal,1,78,52,26,26,2,1,1,28,79
getinshape,1,78,53,25,28,0,1,1,28,79
Shmorgishborg,1,78,44,34,10,18,1,1,28,79
harryclare06,5,74,49,25,24,3,3,5,27,79
hates_cheese,1,78,51,27,24,3,1,1,27,79
jguerra3,3,77,52,25,27,0,1,2,27,79
Ricksauce,1,78,51,27,24,3,1,1,27,79
PsychoticDreams47,2,78,48,30,18,8,2,1,26,79
femaiden,1,78,51,27,24,2,1,1,26,79
frankdur,1,78,50,28,22,4,1,1,26,79
keiti_fujoshi-chan,1,79,50,29,21,4,1,0,25,79
maxchillfactor2320,1,78,49,29,20,5,1,1,25,79
drholland42,1,78,51,27,24,0,1,1,24,79
ohitsGRANT,1,78,51,27,24,0,1,1,24,79
NokturnalG1ZZM0,2,77,46,31,15,8,2,2,23,79
MrPipeDreams,1,79,51,28,23,0,1,0,23,79
MrStranger,1,79,49,30,19,4,1,0,23,79
chemicalcuriosities,1,78,50,28,22,0,1,1,22,79
S7R4nG3,1,78,49,29,20,2,1,1,22,79
cfeels91,1,78,46,32,14,7,1,1,21,79
omdaging,1,78,48,30,18,3,1,1,21,79
rhetoricalanswer,1,78,47,31,16,5,1,1,21,79
bighurt150,1,78,48,30,18,2,1,1,20,79
catrinadeville,1,78,48,30,18,2,1,1,20,79
mihaidab,3,77,45,32,13,6,2,2,19,79
Forkler,1,78,42,36,6,13,1,1,19,79
WLiam2012,1,78,46,32,14,5,1,1,19,79
kaylarae,3,76,46,30,16,2,2,3,18,79
vickewire,1,78,48,30,18,0,1,1,18,79
Red_Merkin,1,78,47,31,16,0,1,1,16,79
fire5ide,3,76,43,33,10,4,2,3,14,79
BlackFire210,4,75,44,31,13,0,4,4,13,79
I_epect_Karma,4,76,41,35,6,6,2,3,12,79
kittonmittonz,1,78,43,35,8,4,1,1,12,79
TylerC94,1,78,42,36,6,5,1,1,11,79
UberValkor,1,78,44,34,10,0,1,1,10,79
beachbum662,2,77,37,40,-3,11,2,2,8,79
swmnln4,3,76,37,39,-2,4,2,3,2,79
Squirtcub,4,75,35,40,-5,5,4,4,0,79
VicYesterday,4,75,37,38,-1,0,4,4,-1,79
wolet,1,78,31,47,-16,15,1,1,-1,79
im_so_bored,1,78,35,43,-8,3,0,1,-5,79
revchu,1,77,68,9,59,15,1,1,74,78
gregsmithmusic,2,77,66,11,55,12,2,1,67,78
meghantron,1,77,72,5,67,0,1,1,67,78
jtaylor991,1,77,69,8,61,4,1,1,65,78
commom_username,1,77,59,18,41,23,1,1,64,78
mPROden0769,2,76,68,8,60,3,1,2,63,78
beckyphebe,1,77,69,8,61,2,0,1,63,78
roxshot,1,77,58,19,39,22,1,1,61,78
buddhaftw,1,77,67,10,57,2,1,1,59,78
carlspagler,1,77,65,12,53,5,1,1,58,78
The_Final_DarkMage,1,77,66,11,55,3,1,1,58,78
Deleted1staccount,1,77,63,14,49,9,0,1,58,78
gkb182x,1,77,66,11,55,2,1,1,57,78
picguy,1,77,54,23,31,25,1,1,56,78
ClysmiC,1,77,65,12,53,2,1,1,55,78
BuffaloTree,1,77,61,16,45,9,1,1,54,78
Hysteriia,1,78,60,18,42,12,1,0,54,78
Geranyl,1,77,65,12,53,0,1,1,53,78
twiangles,1,77,61,16,45,8,1,1,53,78
Bama011,2,76,57,19,38,14,2,2,52,78
Lotimus,2,76,59,17,42,10,1,2,52,78
Charles_baker,1,77,64,13,51,0,0,1,51,78
jack12354,1,77,64,13,51,0,0,1,51,78
resident16,1,77,64,13,51,0,0,1,51,78
SellecksMoustache,1,77,63,14,49,2,0,1,51,78
Chicken_Boo_Too,1,77,62,15,47,3,0,1,50,78
hegz69,1,77,63,14,49,0,1,1,49,78
speedkillsdj,3,75,59,16,43,6,1,3,49,78
Player_Uno,2,76,62,14,48,0,2,2,48,78
BobChubby,1,77,62,15,47,0,1,1,47,78
GreenDan,2,76,58,18,40,6,2,2,46,78
1234con,1,77,60,17,43,3,1,1,46,78
BakinCookies,1,77,59,18,41,5,1,1,46,78
chlorophyll_snifr,1,77,60,17,43,3,1,1,46,78
hawkke,1,77,59,18,41,5,1,1,46,78
ShadowBasic,1,78,58,20,38,8,1,0,46,78
Cerko,1,77,59,18,41,4,1,1,45,78
dzoops,1,77,59,18,41,4,0,1,45,78
fischerda,1,77,60,17,43,2,0,1,45,78
Brynladin,1,77,60,17,43,0,1,1,43,78
rolltider,1,77,60,17,43,0,1,1,43,78
cdsparks,1,77,58,19,39,3,1,1,42,78
DecRand,1,77,55,22,33,9,1,1,42,78
HamFork,1,78,59,19,40,2,1,0,42,78
the_dood_abides,1,77,54,23,31,11,1,1,42,78
Z0mbiemaster,1,77,57,20,37,5,1,1,42,78
dr_p53,1,77,58,19,39,2,1,1,41,78
Kit_L,2,76,56,20,36,4,2,2,40,78
atomicpudding,1,77,57,20,37,3,1,1,40,78
OfficerMcNasty,1,77,57,20,37,3,1,1,40,78
Painkiller90,1,78,59,19,40,0,1,0,40,78
xandr96,1,77,56,21,35,5,1,1,40,78
Mrsduckpocalypse,1,77,58,19,39,0,1,1,39,78
ihateusernames42,2,76,57,19,38,0,1,2,38,78
jewishholocaust1488,1,78,46,32,14,24,1,0,38,78
Dinho90,7,71,53,18,35,2,3,7,37,78
Scorch8482,1,77,54,23,31,6,1,1,37,78
hispters,2,76,56,20,36,0,2,2,36,78
Feefernet,1,77,52,25,27,9,1,1,36,78
cockatoodles,1,77,54,23,31,4,1,1,35,78
Rhinosaucerus,1,77,56,21,35,0,1,1,35,78
waitsfieldjon,1,77,54,23,31,4,1,1,35,78
Farcry25,1,77,51,26,25,9,1,1,34,78
chaz03088,1,77,55,22,33,0,1,1,33,78
rachel137,1,77,55,22,33,0,1,1,33,78
V_Glaz_Dam,1,77,50,27,23,10,1,1,33,78
JamesHenry52,1,77,53,24,29,3,1,1,32,78
omgpro,1,78,47,31,16,16,1,0,32,78
fineherbs,1,77,53,24,29,2,1,1,31,78
josiecouture,1,77,52,25,27,4,1,1,31,78
PKane088,1,77,54,23,31,0,1,1,31,78
German_Jerky,1,77,51,26,25,5,1,1,30,78
Sanity_prevails,3,75,49,26,23,6,2,3,29,78
ac_musicgirl,1,77,51,26,25,4,1,1,29,78
aniaroks,1,77,50,27,23,6,1,1,29,78
BennyBenasty,1,77,51,26,25,4,1,1,29,78
Drink_Clorox_and_Die,1,77,48,29,19,9,1,1,28,78
hoboslayer444,1,78,51,27,24,4,1,0,28,78
Skitlez10,1,77,50,27,23,5,1,1,28,78
studioprisoner95,2,76,48,28,20,7,2,2,27,78
Dondo_,1,77,49,28,21,6,1,1,27,78
ShoppedYourPost,1,77,52,25,27,0,1,1,27,78
turtles317,1,77,50,27,23,4,1,1,27,78
Ghostofonyx,2,77,50,27,23,3,2,1,26,78
bonadragger,1,77,51,26,25,0,1,1,25,78
la_capitana,1,77,50,27,23,2,1,1,25,78
Kukko18,2,77,50,27,23,0,2,1,23,78
BeamPacer,1,77,50,27,23,0,1,1,23,78
hayley107,1,77,48,29,19,4,1,1,23,78
prettyjaja,2,76,49,27,22,0,1,2,22,78
SerDavosSeaworth,1,77,48,29,19,2,1,1,21,78
thalescosta,1,77,44,33,11,10,1,1,21,78
bigxy3242,2,76,48,28,20,0,1,2,20,78
jmscrttndn,1,77,47,30,17,3,1,1,20,78
OZY1,1,77,43,34,9,11,1,1,20,78
alord,2,76,44,32,12,7,2,2,19,78
tjnsn,1,77,43,34,9,10,1,1,19,78
moshhpitt,1,77,47,30,17,2,0,1,19,78
LunchCakes,1,77,43,34,9,9,1,1,18,78
imgary,1,77,47,30,17,0,1,1,17,78
CodyOdi,1,77,45,32,13,4,0,1,17,78
ardradog,1,77,43,34,9,7,1,1,16,78
gtkarber,1,78,45,33,12,4,1,0,16,78
timegoneby,4,74,41,33,8,6,3,4,14,78
tl_dr__,2,76,45,31,14,0,2,2,14,78
VorpalAuroch,1,77,44,33,11,3,1,1,14,78
xiangK,1,77,42,35,7,7,1,1,14,78
ohhayalicia,1,77,42,35,7,6,1,1,13,78
Syatek,1,77,38,39,-1,14,0,1,13,78
newguy57,2,76,42,34,8,4,1,2,12,78
NlCKCANNON,1,78,43,35,8,2,1,0,10,78
avfalcon45,1,77,42,35,7,3,0,1,10,78
pspness,1,77,43,34,9,0,1,1,9,78
large-farva,2,77,41,36,5,3,2,1,8,78
never_nude_99,2,77,36,41,-5,9,0,1,4,78
Dickhead_McBurgerque,1,77,34,43,-9,7,1,1,-2,78
Gatord35,5,73,29,44,-15,5,5,5,-10,78
Dees-Sauce,1,77,67,10,57,36,1,0,93,77
bjkbjkbjk11,1,76,68,8,60,2,0,1,62,77
OceanFury,1,76,65,11,54,7,1,1,61,77
FattyAcidTrip,1,76,64,12,52,8,1,1,60,77
raniel_dadcliffe,1,76,66,10,56,2,1,1,58,77
jasonxwoods,1,77,67,10,57,0,1,0,57,77
Ztrains,1,77,57,20,37,20,1,0,57,77
1_point_21_gigawatts,1,76,59,17,42,14,1,1,56,77
igetthatreference,1,76,66,10,56,0,0,1,56,77
ggiacopelli,1,76,61,15,46,9,0,1,55,77
johnwallis55,1,76,59,17,42,12,1,1,54,77
kenks88,1,76,63,13,50,2,1,1,52,77
A_Fast_Turtle,1,76,61,15,46,5,0,1,51,77
alexb911,1,76,62,14,48,2,1,1,50,77
BoreInc,1,76,59,17,42,8,1,1,50,77
JohnWayneGretzky,1,76,59,17,42,8,1,1,50,77
Shitragecomics,1,76,62,14,48,2,1,1,50,77
user_without_a_soul,1,76,62,14,48,2,1,1,50,77
LeYuno,2,75,51,24,27,22,2,2,49,77
Squeegeed3rdEye,1,76,56,20,36,13,1,1,49,77
Tjcarter54,1,76,61,15,46,3,1,1,49,77
blooples,1,76,60,16,44,4,1,1,48,77
RepostToaster,1,76,57,19,38,10,1,1,48,77
Sane333,2,76,62,14,48,0,0,1,48,77
modman2,1,76,59,17,42,5,1,1,47,77
stankinlankin,2,75,56,19,37,9,2,2,46,77
34unlockthedoor,1,76,60,16,44,2,1,1,46,77
dogalarmsux,1,76,60,16,44,2,1,1,46,77
freetowearsun-screen,1,76,58,18,40,5,1,1,45,77
punkminkis,1,76,59,17,42,3,1,1,45,77
Warlordthewinner,2,75,59,16,43,2,1,2,45,77
chuckimus,1,76,58,18,40,4,1,1,44,77
orangechicken,1,76,58,18,40,4,1,1,44,77
Nilbyfucksgiven,1,76,52,24,28,15,1,1,43,77
penutjellybutter,1,76,58,18,40,3,1,1,43,77
hellopuppet,1,76,57,19,38,4,1,1,42,77
JawlessRocket,1,76,59,17,42,0,1,1,42,77
ForeverJamon,1,76,56,20,36,5,1,1,41,77
scuba_simon,1,77,59,18,41,0,1,0,41,77
Jazor,1,76,52,24,28,12,1,1,40,77
smek2,1,77,53,24,29,11,1,0,40,77
stmwap,1,76,52,24,28,11,1,1,39,77
crazywhiteboy0127,2,75,54,21,33,5,1,2,38,77
luvtorn,1,76,56,20,36,2,1,1,38,77
thisspace4rent,1,77,53,24,29,9,1,0,38,77
yz85rider922,1,76,56,20,36,2,1,1,38,77
PullOutBoy,3,74,55,19,36,0,3,3,36,77
AssCommander,1,76,50,26,24,12,1,1,36,77
wichonator97,1,76,55,21,34,2,1,1,36,77
Ancient_Hyper_Sniper,1,76,53,23,30,6,0,1,36,77
imjustmichelle,3,74,51,23,28,7,3,3,35,77
edesjard,1,77,50,27,23,12,1,0,35,77
PINKMONKEY24,1,76,53,23,30,5,1,1,35,77
Michaelozz,2,75,51,24,27,7,2,2,34,77
bsolidgold,2,76,49,27,22,11,2,1,33,77
callmecatalyst,1,76,53,23,30,3,1,1,33,77
Todderfly,1,76,53,23,30,3,1,1,33,77
jjfur,1,76,51,25,26,7,0,1,33,77
DreadLockeRasta,1,76,51,25,26,6,1,1,32,77
giggleshihihi,1,76,48,28,20,12,1,1,32,77
PidCOS,1,76,54,22,32,0,1,1,32,77
specialk3,3,74,50,24,26,4,2,3,30,77
carbodacious,1,76,51,25,26,4,1,1,30,77
Savage_Salmon,1,76,53,23,30,0,1,1,30,77
thehenj,1,76,49,27,22,7,0,1,29,77
ejvind123,1,76,50,26,24,4,1,1,28,77
King_Of_NSFW,1,76,47,29,18,10,1,1,28,77
greedystar138,2,75,43,32,11,14,0,2,25,77
The_Painted_Man,2,75,47,28,19,5,2,2,24,77
SwollenOstrich,1,76,48,28,20,4,1,1,24,77
PortalPhreak,3,74,47,27,20,4,0,3,24,77
bryu27,1,76,48,28,20,3,1,1,23,77
drdausersmd,2,76,46,30,16,6,2,1,22,77
BlueBlade,1,76,47,29,18,4,1,1,22,77
jihadbuscus,1,76,48,28,20,2,1,1,22,77
livefromavenues,1,76,48,28,20,2,1,1,22,77
StarWarsChick96,1,76,47,29,18,4,1,1,22,77
tigersrgrreat,1,76,49,27,22,0,1,1,22,77
mkarolian,2,75,47,28,19,2,1,2,21,77
pinkparfait,1,76,43,33,10,11,1,1,21,77
Iamtdg,4,74,46,28,18,2,3,3,20,77
oswaldow,1,76,48,28,20,0,1,1,20,77
NonsenseSynapse,1,76,45,31,14,6,0,1,20,77
0mar7ittle,2,77,46,31,15,4,2,0,19,77
Mali_Licious,1,76,44,32,12,6,1,1,18,77
Patbenn,2,76,47,29,18,0,0,1,18,77
cake4chu,1,76,42,34,8,8,1,1,16,77
LordAnubis10,3,74,44,30,14,2,1,3,16,77
fushar,1,76,41,35,6,9,0,1,15,77
RayginX,4,73,42,31,11,2,1,4,13,77
concienned,2,75,42,33,9,3,2,2,12,77
AmeriSauce,1,76,41,35,6,6,1,1,12,77
benwaffle,2,75,43,32,11,0,2,2,11,77
RaulROKZ,1,76,42,34,8,3,1,1,11,77
slr6590,3,74,40,34,6,4,3,3,10,77
Darthferret,2,76,39,37,2,0,1,1,2,77
swimtothejeff,1,76,32,44,-12,7,1,1,-5,77
jarrodnb,1,75,71,4,67,7,1,1,74,76
cmk314,1,75,65,10,55,4,1,1,59,76
xElPolloMuertex,1,76,63,13,50,8,1,0,58,76
HashBottoms,1,75,66,9,57,0,1,1,57,76
mikeronan,2,74,64,10,54,2,2,2,56,76
thejmanjman,1,75,62,13,49,7,1,1,56,76
Groggie,2,74,63,11,52,3,2,2,55,76
aussiepowerranger,1,75,59,16,43,12,0,1,55,76
thedisco,1,75,62,13,49,5,1,1,54,76
Reaca1461,1,75,59,16,43,10,1,1,53,76
internet_butt_raper,2,74,57,17,40,12,2,2,52,76
slithek,2,75,61,14,47,5,2,1,52,76
Flying_Rockets,1,76,62,14,48,4,1,0,52,76
HyperDave,1,75,61,14,47,5,1,1,52,76
Armed_In_Africa,1,75,62,13,49,3,0,1,52,76
InsertWityUsername,2,74,61,13,48,3,2,2,51,76
GracieGirl1998,1,75,59,16,43,8,1,1,51,76
gingerartemis,2,74,62,12,50,0,2,2,50,76
apierce27,1,75,61,14,47,3,0,1,50,76
TiG82,1,75,58,17,41,8,1,1,49,76
chain_chomp,3,73,58,15,43,5,3,3,48,76
kindofawardance,1,76,62,14,48,0,1,0,48,76
ohheyheyheyhey,1,75,60,15,45,3,1,1,48,76
crenshizzle,1,75,55,20,35,12,1,1,47,76
GiantPlatypus,1,75,61,14,47,0,1,1,47,76
IU_walawala,1,75,54,21,33,14,1,1,47,76
BaconUrEggs,1,75,58,17,41,5,1,1,46,76
IPanthro,1,76,58,18,40,6,1,0,46,76
jesplease,1,75,57,18,39,7,1,1,46,76
touchedbyanupvote,2,75,56,19,37,9,1,1,46,76
theresamarie,1,75,60,15,45,0,1,1,45,76
roach5k,2,74,59,15,44,0,2,2,44,76
MayonnaiseMan,1,75,56,19,37,7,1,1,44,76
shmapes,1,75,58,17,41,3,1,1,44,76
Spenkeh,1,75,55,20,35,9,1,1,44,76
JCXtreme,2,75,55,20,35,8,2,1,43,76
freelanceisart,1,75,59,16,43,0,1,1,43,76
Sheriff_John_Bunnell,1,75,55,20,35,8,1,1,43,76
distopiandoormatt,1,75,59,16,43,0,0,1,43,76
Rodney182,1,76,55,21,34,8,1,0,42,76
Shiverz,1,75,57,18,39,3,1,1,42,76
Evolve_Fish,2,74,52,22,30,11,2,2,41,76
awswaim,1,75,58,17,41,0,1,1,41,76
Kelet,1,75,58,17,41,0,1,1,41,76
le_troll_hunter,2,75,58,17,41,0,1,1,41,76
Voldy_1,1,75,58,17,41,0,1,1,41,76
musicnote628,2,74,55,19,36,4,2,2,40,76
FranzVz,1,75,55,20,35,5,1,1,40,76
marsamHearts,1,76,58,18,40,0,1,0,40,76
megustaderpin,1,75,56,19,37,3,1,1,40,76
ya_mad_bro,2,74,54,20,34,5,2,2,39,76
LLMO13,1,75,57,18,39,0,1,1,39,76
merkis,1,75,55,20,35,3,1,1,38,76
TemperMental,1,76,56,20,36,2,1,0,38,76
Ljsmith8021,2,74,54,20,34,3,2,2,37,76
SinisterTitan,2,75,55,20,35,2,2,1,37,76
abinormal,1,76,53,23,30,7,1,0,37,76
dokoman364,1,75,56,19,37,0,1,1,37,76
levius,1,76,55,21,34,3,1,0,37,76
rgalan,1,76,55,21,34,3,1,0,37,76
germancurious,2,74,52,22,30,6,2,2,36,76
emajae,1,75,52,23,29,7,1,1,36,76
powerlifter59,1,75,53,22,31,4,1,1,35,76
urine_luck,1,75,50,25,25,10,1,1,35,76
Jackpot96,1,75,52,23,29,5,1,1,34,76
meeeow,1,76,45,31,14,20,1,0,34,76
deathshotx,2,74,50,24,26,8,0,2,34,76
braydenf17,1,75,54,21,33,0,1,1,33,76
sam_leon22,1,75,47,28,19,14,1,1,33,76
james4207,4,74,53,21,32,0,1,2,32,76
LeonasL,1,75,49,26,23,9,1,1,32,76
satan_shark_bait,2,74,52,22,30,2,1,2,32,76
downtothegwound,3,73,48,25,23,8,2,3,31,76
oscelot,1,75,53,22,31,0,1,1,31,76
i_am_indeed_human,1,75,48,27,21,10,0,1,31,76
QueCasular,2,74,52,22,30,0,1,2,30,76
misterdonkeypunch,1,75,50,25,25,4,1,1,29,76
THEAgent_Orange,1,75,48,27,21,8,1,1,29,76
theangrygorilla,1,75,52,23,29,0,1,1,29,76
tjalfecaze,1,75,52,23,29,0,1,1,29,76
was_saying_boo_urns,1,75,50,25,25,4,1,1,29,76
KatsWithHats,4,72,46,26,20,8,2,4,28,76
beardbeast,1,75,44,31,13,15,1,1,28,76
Varasque,1,75,49,26,23,5,1,1,28,76
RYMANOFSTEEL,3,73,49,24,25,2,2,3,27,76
Foldafolda,1,75,51,24,27,0,1,1,27,76
ShortBus1983,1,75,51,24,27,0,1,1,27,76
slothey,1,75,47,28,19,8,1,1,27,76
PolarClybourn,2,74,48,26,22,4,2,2,26,76
3scape7heLake,1,76,50,26,24,2,1,0,26,76
hynut,1,75,47,28,19,7,1,1,26,76
bctich,1,75,49,26,23,2,1,1,25,76
Ianchu,1,75,50,25,25,0,1,1,25,76
shanahanigans,1,75,48,27,21,4,1,1,25,76
toughbill,1,75,45,30,15,10,1,1,25,76
kgallagher2690,1,75,47,28,19,5,1,1,24,76
infinity242,1,75,47,28,19,4,1,1,23,76
Florencia1234,1,76,48,28,20,2,1,0,22,76
celia24,1,75,47,28,19,2,1,1,21,76
heze420,1,75,45,30,15,6,1,1,21,76
michelliguess,1,75,48,27,21,0,1,1,21,76
Natural_RX,1,75,48,27,21,0,1,1,21,76
SO_not_a_raper,1,75,47,28,19,2,1,1,21,76
stratodude,2,74,46,28,18,2,2,2,20,76
Zacaroni,3,73,44,29,15,5,2,3,20,76
FrostVal,2,74,43,31,12,7,2,2,19,76
fozzarz,2,74,42,32,10,7,2,2,17,76
TheMadReagent,2,75,43,32,11,6,2,1,17,76
joepaultx,4,72,41,31,10,6,2,4,16,76
HiDcYPHE,1,75,43,32,11,5,1,1,16,76
KingSiLLyMaN,1,75,43,32,11,5,1,1,16,76
NateCorran,1,75,41,34,7,8,1,1,15,76
rayray-lee,1,75,45,30,15,0,1,1,15,76
Weechickadee,1,75,43,32,11,4,0,1,15,76
DocFGeek,1,75,42,33,9,4,1,1,13,76
_Thrillhouse_,1,75,42,33,9,3,1,1,12,76
MetacomCreative,1,75,42,33,9,3,1,1,12,76
fingapapits,1,75,43,32,11,0,1,1,11,76
neilsonai,3,73,40,33,7,3,2,3,10,76
jessgusta99,1,75,40,35,5,5,1,1,10,76
Tr1pleJay,1,75,39,36,3,6,1,1,9,76
MadMonkey119,1,75,39,36,3,3,1,1,6,76
emokneegrow,1,75,36,39,-3,9,0,1,6,76
titscommander,1,75,38,37,1,4,1,1,5,76
F7U12345678910,1,75,34,41,-7,10,1,1,3,76
nillerrr,1,75,35,40,-5,3,1,1,-2,76
Irepostgivemeupvotes,1,75,35,40,-5,2,1,1,-3,76
Petrusromo,5,72,31,41,-10,5,4,4,-5,76
TheYoungDellis,3,73,50,23,27,51,1,2,78,75
JustinIsAProdigy,2,74,60,14,46,27,2,1,73,75
HAMBOOONE,1,74,71,3,68,3,1,1,71,75
sidney_crago,1,74,63,11,52,17,1,1,69,75
locrlwt,1,74,68,6,62,7,0,1,69,75
verbal27,1,74,69,5,64,2,1,1,66,75
MeltedBanana,1,74,66,8,58,7,1,1,65,75
dragonboltz,1,75,51,24,27,36,1,0,63,75
farfrmsane,1,74,67,7,60,0,1,1,60,75
MrPanFriedNoodle,1,74,64,10,54,5,0,1,59,75
BlackBat90,1,74,63,11,52,6,1,1,58,75
daisypusher,1,74,66,8,58,0,1,1,58,75
SeductiveHobo,1,74,65,9,56,2,1,1,58,75
skwerpsquad,1,74,60,14,46,9,1,1,55,75
KyleKingCDN,1,74,64,10,54,0,1,1,54,75
NurseNiki,1,74,61,13,48,6,1,1,54,75
ckyling91,1,74,63,11,52,2,0,1,54,75
T_O_G_G_Z,3,73,57,16,41,12,2,2,53,75
demhandz81,1,74,57,17,40,13,1,1,53,75
007Nightfire,1,75,61,14,47,5,1,0,52,75
MrMiyagisMom,2,73,58,15,43,9,1,2,52,75
datSiek,1,74,60,14,46,4,0,1,50,75
Coboj,1,74,57,17,40,9,1,1,49,75
capeman13,1,74,54,20,34,13,1,1,47,75
afkobaya,1,74,59,15,44,2,1,1,46,75
ElCrusho,1,74,60,14,46,0,1,1,46,75
Sadonyoriik,1,74,58,16,42,4,1,1,46,75
sdavey3000,1,74,60,14,46,0,1,1,46,75
CrypticChaos,1,74,60,14,46,0,0,1,46,75
lickeypops,2,74,58,16,42,3,2,1,45,75
rejectedstone,1,74,55,19,36,9,1,1,45,75
castle_danger,2,73,59,14,45,0,0,2,45,75
wideiris,3,72,53,19,34,10,3,3,44,75
notstupidjustlazy,2,73,56,17,39,5,2,2,44,75
ArsonWolf,1,74,55,19,36,8,1,1,44,75
syl_phirsty,1,74,58,16,42,2,1,1,44,75
DMagnific,1,74,57,17,40,3,1,1,43,75
notachimo,1,74,57,17,40,3,0,1,43,75
cheeseandjam,1,75,57,18,39,3,1,0,42,75
dasai86,1,74,51,23,28,14,1,1,42,75
Kurdoth,1,74,57,17,40,0,1,1,40,75
mr_pablo,1,74,55,19,36,4,1,1,40,75
perkanator,1,75,56,19,37,3,1,0,40,75
TrickIMu,1,74,57,17,40,0,1,1,40,75
HouseOfHouse,1,74,55,19,36,3,1,1,39,75
sergeant_sparklette,1,74,56,18,38,0,1,1,38,75
ThaTav,1,74,47,27,20,18,1,1,38,75
FromageOmage,1,74,51,23,28,9,0,1,37,75
I_LOVE_DOGS_,1,74,48,26,22,14,1,1,36,75
mastersword83,1,74,53,21,32,4,1,1,36,75
plasticdiana,1,74,55,19,36,0,1,1,36,75
Sidrenwada2,1,74,54,20,34,2,1,1,36,75
Chickenspank,1,74,53,21,32,4,0,1,36,75
sweimer,1,74,54,20,34,2,0,1,36,75
BenderRodrigezz,1,74,51,23,28,7,1,1,35,75
confetti,1,74,42,32,10,25,1,1,35,75
ittakesacrane,1,74,54,20,34,0,1,1,34,75
Farky09,1,75,54,21,33,0,1,0,33,75
boomer0913,1,75,52,23,29,3,1,0,32,75
Crono101,1,74,51,23,28,4,1,1,32,75
mezzizle,1,74,50,24,26,6,1,1,32,75
Munksgaard,1,75,47,28,19,13,1,0,32,75
Pt0m,1,74,50,24,26,6,1,1,32,75
raintothebird,3,72,52,20,32,0,1,3,32,75
TLVftwLOL,1,74,53,21,32,0,1,1,32,75
sarahboreal,1,74,49,25,24,7,1,1,31,75
dt3ft,2,73,47,26,21,9,2,2,30,75
yammys,1,74,52,22,30,0,1,1,30,75
Trainwrekk54,2,74,50,24,26,3,2,1,29,75
Scottacus,1,74,49,25,24,5,1,1,29,75
sn0ritz,1,74,41,33,8,20,1,1,28,75
rigneck,2,73,44,29,15,12,2,2,27,75
Masterofmuppets1,1,74,47,27,20,7,1,1,27,75
REDDITFTW98,3,72,47,25,22,4,3,3,26,75
fantasmagore,1,74,46,28,18,8,1,1,26,75
h1ena,1,74,48,26,22,4,1,1,26,75
iamspikelee,1,74,42,32,10,16,1,1,26,75
Patmb97,1,74,50,24,26,0,1,1,26,75
EdwardRMeow,2,73,44,29,15,10,2,2,25,75
ALL_CAPS_GETS_MORE_K,1,74,47,27,20,5,1,1,25,75
nsocks4,1,74,42,32,10,15,1,1,25,75
Omega5000,1,74,39,35,4,21,1,1,25,75
The_Sack,1,75,46,29,17,8,1,0,25,75
btg643,2,73,46,27,19,5,1,2,24,75
IRONBUTTERFLY12,1,74,48,26,22,2,0,1,24,75
HertogJanVanBrabant,1,74,47,27,20,3,1,1,23,75
ideanmalek,3,72,45,27,18,4,3,3,22,75
qjkxkcd,3,72,47,25,22,0,2,3,22,75
2montholdrepostsonly,1,74,46,28,18,4,1,1,22,75
Kahlas,3,72,45,27,18,4,1,3,22,75
White_Devil_x2,1,74,46,28,18,4,1,1,22,75
undeadsanta13,2,73,47,26,21,0,2,2,21,75
element51,1,74,45,29,16,5,1,1,21,75
frostedwaffles,1,74,46,28,18,3,1,1,21,75
Calvinooo,1,74,43,31,12,8,1,1,20,75
press-control-w,1,74,44,30,14,6,1,1,20,75
Sir_Laughalot,1,74,44,30,14,6,1,1,20,75
TotalDivergence,1,74,43,31,12,8,1,1,20,75
CaptainJello,4,71,40,31,9,10,1,4,19,75
seabass_,1,74,45,29,16,3,1,1,19,75
willputra,1,74,45,29,16,3,1,1,19,75
VelvetJammies,1,74,43,31,12,6,1,1,18,75
Khephran,1,74,43,31,12,5,1,1,17,75
tdope,1,74,41,33,8,9,1,1,17,75
Masai_TJ,1,74,44,30,14,2,1,1,16,75
TheTrueRadio,3,72,42,30,12,4,1,3,16,75
samjs45,2,73,39,34,5,10,2,2,15,75
boyled,2,73,41,32,9,5,2,2,14,75
jjchap4317,1,74,40,34,6,8,1,1,14,75
firebyfloyd,1,74,42,32,10,3,1,1,13,75
BGFlick,1,74,41,33,8,4,1,1,12,75
minitaba,1,74,42,32,10,2,1,1,12,75
MistaTwizzle,1,74,39,35,4,8,1,1,12,75
va_gina,1,74,43,31,12,0,1,1,12,75
quackr,1,74,41,33,8,3,1,1,11,75
fivedollarshirt,2,73,39,34,5,5,2,2,10,75
carrotv,1,74,41,33,8,2,1,1,10,75
TheSimm36,4,71,40,31,9,0,3,4,9,75
Theheadderpington,2,73,39,34,5,2,1,2,7,75
ofcoursemyhorse,5,71,33,38,-5,11,3,4,6,75
Mikebyrneyadigg,2,73,32,41,-9,12,2,2,3,75
captain_boomer,1,74,38,36,2,0,1,1,2,75
Scobbieru,1,74,36,38,-2,4,1,1,2,75
Amuuzuawwea,1,74,34,40,-6,5,1,1,-1,75
carcis,1,73,61,12,49,21,1,1,70,74
grog_sit_reserve,1,73,55,18,37,31,1,1,68,74
trashcaaat,1,73,63,10,53,15,1,1,68,74
TriggerCut,1,74,65,9,56,11,1,0,67,74
squigi,1,73,69,4,65,0,0,1,65,74
jason-samfield,2,73,61,12,49,15,2,1,64,74
acelam,1,73,65,8,57,5,1,1,62,74
whatashittypost,1,73,63,10,53,8,1,1,61,74
8m4ck,1,73,62,11,51,7,1,1,58,74
SgtQuack,1,73,63,10,53,5,1,1,58,74
alido2boord,1,73,64,9,55,2,1,1,57,74
LochSNESmonster,1,73,63,10,53,3,1,1,56,74
macduck71,1,73,58,15,43,13,1,1,56,74
TooSmugToFail,1,73,58,15,43,12,1,1,55,74
i3inkley,1,73,60,13,47,7,1,1,54,74
quantum_mindflux,1,73,62,11,51,3,1,1,54,74
Interfaced84,1,74,60,14,46,6,1,0,52,74
Josie02,1,73,61,12,49,3,1,1,52,74
DysfunctionalxLlama,2,72,60,12,48,3,2,2,51,74
__waitwhat__,1,73,62,11,51,0,1,1,51,74
Chivalrousredditor,1,73,62,11,51,0,1,1,51,74
LoLShel,1,73,60,13,47,4,1,1,51,74
Captspanky,1,74,60,14,46,2,1,0,48,74
GinnyPotter13,1,73,52,21,31,17,1,1,48,74
chililoaf,1,73,56,17,39,8,1,1,47,74
dandom,1,73,58,15,43,4,1,1,47,74
Mulattolicious,1,73,57,16,41,6,1,1,47,74
Mr_Killface,1,73,55,18,37,9,1,1,46,74
pokemanzred,2,72,48,24,24,21,2,2,45,74
craponacracker,1,73,56,17,39,5,1,1,44,74
niggachu,1,73,57,16,41,3,1,1,44,74
JustAdorkable379,2,72,55,17,38,5,2,2,43,74
conn2005,1,73,56,17,39,4,1,1,43,74
Lightning_Saix,1,73,57,16,41,2,1,1,43,74
shredderooze,1,74,56,18,38,5,1,0,43,74
sunnoh,1,74,54,20,34,9,1,0,43,74
ReachTheSky,2,72,56,16,40,3,0,2,43,74
cbarrett1989,1,73,49,24,25,17,1,1,42,74
GABSonfire,1,74,57,17,40,2,1,0,42,74
GaudiLover,1,74,54,20,34,8,1,0,42,74
Aboluv,1,73,56,17,39,2,1,1,41,74
mTn-,1,74,55,19,36,4,1,0,40,74
portitforward,1,73,53,20,33,7,1,1,40,74
deimosusn,2,72,52,20,32,7,2,2,39,74
burgess_meredith_jr,1,73,54,19,35,4,1,1,39,74
OceanicArc,1,73,54,19,35,4,1,1,39,74
hatethejess,1,73,50,23,27,11,1,1,38,74
huskerfan4life520,1,73,53,20,33,5,1,1,38,74
FynXoyk,2,72,50,22,28,9,2,2,37,74
Pheon809,2,72,52,20,32,5,2,2,37,74
kjsargent6900,1,73,54,19,35,2,1,1,37,74
tifached,1,73,55,18,37,0,1,1,37,74
NinjaHunter950,2,72,49,23,26,10,2,2,36,74
flowside,1,74,55,19,36,0,1,0,36,74
hokie97,1,73,54,19,35,0,1,1,35,74
klaatu42,1,73,47,26,21,14,1,1,35,74
MexStretch,2,72,51,21,30,3,2,2,33,74
NumbersMakeMeHorny,3,71,51,20,31,2,2,3,33,74
MALE_NURSING_STUDENT,1,73,51,22,29,4,1,1,33,74
TeddyTheTerrorist,2,72,52,20,32,0,2,2,32,74
shit_master,1,74,53,21,32,0,1,0,32,74
beebum12,3,71,51,20,31,0,3,3,31,74
peter48a,2,73,48,25,23,8,2,1,31,74
leolol16,1,73,51,22,29,2,1,1,31,74
va956,1,73,51,22,29,2,1,1,31,74
mattisthefaggot,2,72,47,25,22,8,2,2,30,74
ConorBoy97M,1,73,48,25,23,6,1,1,29,74
neffhead,2,73,49,24,25,4,1,1,29,74
Pyistazty,1,73,51,22,29,0,1,1,29,74
Ross29,1,73,51,22,29,0,1,1,29,74
SalviaSensei,1,73,50,23,27,2,1,1,29,74
RagingCamps,1,73,50,23,27,2,0,1,29,74
Ubasti,2,72,47,25,22,6,2,2,28,74
VIDLAAA,1,73,49,24,25,3,1,1,28,74
armheadflujab,1,73,49,24,25,2,1,1,27,74
VanillaPoopTart,1,73,42,31,11,16,0,1,27,74
DrDw,2,72,46,26,20,6,2,2,26,74
himynameisrandy,1,73,48,25,23,3,1,1,26,74
TorturedWhisper,1,73,48,25,23,3,1,1,26,74
mossbank123spir,1,73,47,26,21,4,1,1,25,74
Triqk,1,73,49,24,25,0,1,1,25,74
brotherleelove,2,72,45,27,18,6,2,2,24,74
dxl32,1,73,48,25,23,0,1,1,23,74
Idontlikejohn,1,73,46,27,19,4,1,1,23,74
jemka,1,73,43,30,13,10,1,1,23,74
withoutheroes,1,73,44,29,15,7,1,1,22,74
theyellowdragon,3,71,44,27,17,4,2,3,21,74
120decibel,1,73,46,27,19,2,1,1,21,74
GefeGeld,1,73,43,30,13,8,1,1,21,74
gropethis,1,73,46,27,19,2,1,1,21,74
Jezzabeanz,1,73,44,29,15,6,1,1,21,74
subtly_racist_wasp,1,73,44,29,15,6,1,1,21,74
ryland52586,1,73,44,29,15,5,1,1,20,74
Omnifi,2,73,46,27,19,0,2,1,19,74
MrGlib,1,73,44,29,15,4,1,1,19,74
lolbabies,4,70,44,26,18,0,3,4,18,74
ckmlorenc,1,73,42,31,11,7,1,1,18,74
kevorkian82,1,73,45,28,17,0,1,1,17,74
masterdouche,1,73,45,28,17,0,1,1,17,74
pancakefactory,1,73,44,29,15,2,1,1,17,74
BCouto,1,73,43,30,13,3,1,1,16,74
cacher371,1,73,43,30,13,3,1,1,16,74
shoot_the_puck91,1,73,42,31,11,5,1,1,16,74
IvanTheGood,3,71,43,28,15,0,3,3,15,74
Finnick,1,73,43,30,13,2,1,1,15,74
Platinumjsi,1,73,41,32,9,6,1,1,15,74
Steel_Ninja,1,73,42,31,11,4,1,1,15,74
StropkotheDrummer,1,73,41,32,9,6,1,1,15,74
abenji,2,72,36,36,0,14,2,2,14,74
ShearForce,2,72,43,29,14,0,2,2,14,74
soapbubbles,2,73,41,32,9,5,2,1,14,74
Death_Walrus,1,73,41,32,9,5,1,1,14,74
carryXon,1,73,39,34,5,8,1,1,13,74
imortaljuicebox,1,73,42,31,11,2,1,1,13,74
Lattice0123,1,73,43,30,13,0,1,1,13,74
kid_zopilote,1,73,43,30,13,0,0,1,13,74
jtblair92,1,74,41,33,8,4,1,0,12,74
dontblink_ever,4,71,35,36,-1,13,0,3,12,74
khengstebeck,2,72,40,32,8,3,1,2,11,74
titanicx,1,73,42,31,11,0,1,1,11,74
Diopsis,1,73,41,32,9,2,0,1,11,74
cwmbran,1,73,35,38,-3,13,1,1,10,74
wOaught47,1,73,39,34,5,5,0,1,10,74
AcousticRanger,1,73,41,32,9,0,1,1,9,74
delirious_mongoloid,1,73,36,37,-1,10,1,1,9,74
KeepCalmBitch,2,73,40,33,7,2,1,1,9,74
jedtrmpt,1,73,39,34,5,3,1,1,8,74
joesecc,1,73,39,34,5,3,1,1,8,74
sammieboi65,1,73,40,33,7,0,1,1,7,74
PS360_Forever,2,72,39,33,6,0,2,2,6,74
VioletSunset996,1,74,39,35,4,0,1,0,4,74
Juicywatermelonvagin,2,72,36,36,0,0,2,2,0,74
MXBM,1,72,70,2,68,3,1,1,71,73
dcoxen,3,71,63,8,55,8,3,2,63,73
alessa28,3,70,60,10,50,11,2,3,61,73
jonasspira,2,71,60,11,49,9,2,2,58,73
mtndewman1,1,72,64,8,56,0,1,1,56,73
bluekum,1,72,57,15,42,12,1,1,54,73
dragpent,1,72,59,13,46,8,1,1,54,73
foreveralright,1,72,50,22,28,26,1,1,54,73
Jet_Blazer,1,72,56,16,40,14,1,1,54,73
MadMuppet,1,72,57,15,42,12,1,1,54,73
AJJAY,1,72,59,13,46,7,1,1,53,73
a_perfect_tool,1,72,58,14,44,8,1,1,52,73
didierdoddsy,1,72,54,18,36,16,0,1,52,73
callumpwndu,1,72,57,15,42,9,1,1,51,73
kc5000,1,72,60,12,48,3,0,1,51,73
favoredson99,1,72,59,13,46,4,1,1,50,73
gepsonka,1,72,55,17,38,12,1,1,50,73
vaporeonz9,1,73,57,16,41,9,0,0,50,73
Chxnce,1,72,56,16,40,9,1,1,49,73
tivo12,1,72,59,13,46,3,1,1,49,73
randomosis,1,72,59,13,46,3,0,1,49,73
marmaladeskies76,1,72,58,14,44,3,1,1,47,73
shadowgaard,1,72,56,16,40,7,1,1,47,73
brianRGB,2,71,58,13,45,0,1,2,45,73
Ewics,1,72,54,18,36,9,1,1,45,73
blake2564,1,72,55,17,38,5,1,1,43,73
gggsakc,1,72,56,16,40,2,1,1,42,73
ChuckZombie,2,71,54,17,37,4,1,2,41,73
HardBoned,1,72,53,19,34,7,1,1,41,73
lookcloserlenny,1,72,55,17,38,3,0,1,41,73
AlfonsotheTroll,1,72,55,17,38,2,1,1,40,73
JohnNYC8,2,72,56,16,40,0,1,1,40,73
lifeisafractal,1,72,54,18,36,4,1,1,40,73
wildchild96,1,72,56,16,40,0,1,1,40,73
d0DoO,1,72,53,19,34,5,1,1,39,73
Buck_Naykid,1,72,55,17,38,0,1,1,38,73
Demiscourge,1,72,55,17,38,0,1,1,38,73
sprayforallah,1,72,55,17,38,0,1,1,38,73
watchmeasifly,1,73,49,24,25,13,1,0,38,73
Zo0ish,1,72,47,25,22,16,1,1,38,73
pffftyagassed,1,72,50,22,28,10,0,1,38,73
necrosisbear,1,72,53,19,34,3,1,1,37,73
rconley27,1,72,48,24,24,13,1,1,37,73
gwheese,3,70,46,24,22,14,3,3,36,73
terrabl,2,72,51,21,30,6,1,1,36,73
worfres_arec_bawrin,1,72,51,21,30,6,1,1,36,73
Paddytheirish1,1,72,48,24,24,11,1,1,35,73
sophiee,1,72,50,22,28,6,1,1,34,73
KYLLER085,4,69,50,19,31,2,4,4,33,73
FourToLife,3,70,50,20,30,3,1,3,33,73
FruitSaladFreddy,1,72,50,22,28,5,1,1,33,73
qabsteak,1,72,50,22,28,5,1,1,33,73
dilkington11,1,72,50,22,28,5,0,1,33,73
LiquidAlb,2,71,52,19,33,0,0,2,33,73
osfbamf,2,71,48,23,25,7,2,2,32,73
asmnbv,1,73,45,28,17,15,1,0,32,73
Nysticator,2,71,49,22,27,5,1,2,32,73
GlenThen,3,72,52,20,32,0,0,1,32,73
I3ombastic,1,73,49,24,25,6,1,0,31,73
JasonInTheMiddle,2,71,50,21,29,2,1,2,31,73
slanket,1,72,49,23,26,5,1,1,31,73
fershiza1093,3,70,44,26,18,12,3,3,30,73
burgerga,1,73,50,23,27,3,1,0,30,73
no1name,1,73,44,29,15,15,1,0,30,73
sobeach,2,71,45,26,19,11,1,2,30,73
CanadaVsBears,4,69,42,27,15,14,3,4,29,73
butt_chocolate,1,72,48,24,24,5,1,1,29,73
DoogerZOMG,1,73,47,26,21,8,1,0,29,73
maarvi,1,72,49,23,26,3,1,1,29,73
Macrado,1,72,49,23,26,3,1,1,29,73
hubris105,1,72,48,24,24,4,1,1,28,73
Studio10,1,72,50,22,28,0,0,1,28,73
Myflyisbreezy,2,71,45,26,19,8,1,2,27,73
rottedcrotch,1,72,45,27,18,9,1,1,27,73
WiickedSF,1,72,42,30,12,15,1,1,27,73
robynclark,2,71,47,24,23,3,2,2,26,73
bassetgirl,1,72,49,23,26,0,1,1,26,73
Ekrubm,1,72,48,24,24,2,1,1,26,73
soiwentoabarandthere,1,72,43,29,14,12,1,1,26,73
kolice,1,72,43,29,14,11,1,1,25,73
r0ckzilla,2,71,45,26,19,6,1,2,25,73
dcwj,3,70,44,26,18,6,3,3,24,73
JelloPuddin,1,72,46,26,20,4,1,1,24,73
Rohaq,1,72,48,24,24,0,0,1,24,73
spawn9859,1,72,43,29,14,9,1,1,23,73
yanix,1,73,47,26,21,2,1,0,23,73
fluffymuha,1,72,45,27,18,4,1,1,22,73
b00l_Badass,1,72,44,28,16,5,1,1,21,73
splishwhine,1,72,45,27,18,3,1,1,21,73
UltaMayhem,1,72,45,27,18,2,1,1,20,73
urfaselol,1,72,44,28,16,4,1,1,20,73
Maxemac,1,72,45,27,18,2,0,1,20,73
unicornspoon,3,71,42,29,13,7,0,2,20,73
Envy_This,1,72,43,29,14,5,1,1,19,73
ICUNVME,1,72,44,28,16,3,1,1,19,73
technicalbuzz,1,72,42,30,12,7,1,1,19,73
tarunkataria,1,72,44,28,16,2,1,1,18,73
vandaefer,1,72,45,27,18,0,1,1,18,73
mouserat246,2,71,44,27,17,0,2,2,17,73
koredom,1,72,43,29,14,2,1,1,16,73
Remdawgin242,1,72,44,28,16,0,1,1,16,73
iamjimmy,1,72,43,29,14,2,0,1,16,73
rezaramon1,1,72,40,32,8,7,1,1,15,73
thealessandroshow,4,69,39,30,9,5,4,4,14,73
Furby-Freddie,1,72,43,29,14,0,1,1,14,73
Levsome,1,72,42,30,12,2,1,1,14,73
memoryslave,1,72,41,31,10,4,1,1,14,73
MIKarlsen,1,72,41,31,10,4,1,1,14,73
mrjarule,1,72,41,31,10,3,1,1,13,73
reddirter,2,71,41,30,11,2,1,2,13,73
Yesman69,1,72,40,32,8,5,1,1,13,73
datdaz84,2,71,36,35,1,11,2,2,12,73
murchandise,2,71,39,32,7,5,2,2,12,73
AstroZombie29,1,72,41,31,10,2,1,1,12,73
flyingsnowman,1,72,40,32,8,4,1,1,12,73
LovelessActIII,1,72,42,30,12,0,1,1,12,73
dddanmar,2,72,39,33,6,5,2,1,11,73
MRdecepticon,1,72,39,33,6,4,1,1,10,73
Timmies_addict,1,72,40,32,8,2,1,1,10,73
Locust2000,1,72,38,34,4,5,1,1,9,73
ChristopherNievess,3,70,36,34,2,6,3,3,8,73
Rocky9211,4,69,35,34,1,7,3,4,8,73
MrKron,2,71,37,34,3,3,2,2,6,73
TheFern33,1,72,38,34,4,0,1,1,4,73
OfThriceAndTen,4,70,31,39,-8,10,2,3,2,73
mrsilvers,2,71,33,38,-5,5,2,2,0,73
TheCannonsMouth,1,72,31,41,-10,5,1,1,-5,73
brocccoli,1,71,57,14,43,32,1,1,75,72
TheOneTheyCallReptar,1,71,67,4,63,2,0,1,65,72
killbecky,1,71,66,5,61,2,0,1,63,72
hooski,1,71,65,6,59,3,1,1,62,72
AnOldHobo,1,71,50,21,29,31,1,1,60,72
NaitsirkC,1,71,61,10,51,7,1,1,58,72
simplepirate,1,71,60,11,49,8,1,1,57,72
engelrift,2,70,61,9,52,3,2,2,55,72
GB_SUCKS_MY_COCK,1,72,61,11,50,5,1,0,55,72
tempestjg,1,71,60,11,49,6,1,1,55,72
BlessTheFallenXx,1,71,60,11,49,6,0,1,55,72
mflourishes,2,70,62,8,54,0,1,2,54,72
o6ijuan,1,72,56,16,40,14,1,0,54,72
Maleficent33,1,71,61,10,51,2,1,1,53,72
partygirl226,1,71,62,9,53,0,1,1,53,72
sukiiii,1,72,59,13,46,6,1,0,52,72
xExitStrategyx,1,71,57,14,43,7,1,1,50,72
kmckeown,1,71,55,16,39,11,0,1,50,72
bettacallsaul,1,71,54,17,37,12,1,1,49,72
Sup_Shenanigans,1,71,60,11,49,0,1,1,49,72
mamefreak,1,72,49,23,26,22,1,0,48,72
HeyItsCody,1,71,49,22,27,21,0,1,48,72
datwhiteboy31,1,71,58,13,45,2,1,1,47,72
opricat91,1,71,59,12,47,0,1,1,47,72
trustmeimthepilot,1,71,52,19,33,14,1,1,47,72
whereistehnarwhal,1,71,58,13,45,2,1,1,47,72
Qasa17,1,71,58,13,45,2,0,1,47,72
CaptainJ13,1,71,57,14,43,3,1,1,46,72
Sting1,2,72,52,20,32,13,2,0,45,72
FCSwarley,1,71,56,15,41,4,1,1,45,72
niah,1,71,58,13,45,0,1,1,45,72
TenderAreolas,1,71,56,15,41,4,1,1,45,72
The_Commander,1,71,58,13,45,0,1,1,45,72
VictoriousPR,1,71,57,14,43,2,1,1,45,72
DreMayne,1,71,53,18,35,9,1,1,44,72
gryphus,2,72,44,28,16,28,1,0,44,72
I_divid3d_by_z3ro,1,72,49,23,26,18,1,0,44,72
roseyrosho,1,71,55,16,39,5,1,1,44,72
koolxxx,1,71,52,19,33,11,0,1,44,72
softhairvelvettongue,2,70,54,16,38,5,2,2,43,72
K-A-Y-A,1,71,57,14,43,0,1,1,43,72
thegreatbradsby,1,71,53,18,35,8,1,1,43,72
thenameuwisheduhad,1,71,55,16,39,4,1,1,43,72
Ramsayy09,3,69,46,23,23,19,3,3,42,72
Corwinator,2,70,54,16,38,4,1,2,42,72
crobtennis,2,70,56,14,42,0,1,2,42,72
OddlyOffensive,2,70,50,20,30,12,1,2,42,72
Anthbro,1,71,55,16,39,3,0,1,42,72
PopPopInAttic,1,71,56,15,41,0,1,1,41,72
WTF-BOB,1,71,55,16,39,2,1,1,41,72
dick_hole2,2,71,52,19,33,7,2,1,40,72
DigitalEvil,1,71,53,18,35,5,1,1,40,72
veni_vidi_defui,1,72,50,22,28,12,1,0,40,72
dudeewhatt,1,71,54,17,37,2,1,1,39,72
KarloVtron,1,71,54,17,37,2,1,1,39,72
Kcafo,1,72,51,21,30,9,1,0,39,72
iceinspike,1,72,50,22,28,10,1,0,38,72
tomtraficante,1,71,51,20,31,7,1,1,38,72
TheoQ99,2,70,51,19,32,5,2,2,37,72
Dergerhultz,1,71,54,17,37,0,1,1,37,72
GoldBeerCap,1,71,54,17,37,0,1,1,37,72
werberger,1,71,53,18,35,2,1,1,37,72
alisterduh,2,70,50,20,30,6,2,2,36,72
johnventu,2,71,49,22,27,9,2,1,36,72
PingPing88,1,71,51,20,31,5,1,1,36,72
ibankai,2,70,48,22,26,9,2,2,35,72
andrewuncaged,1,71,45,26,19,16,1,1,35,72
Ngunya,1,71,53,18,35,0,1,1,35,72
peetor,1,72,52,20,32,3,1,0,35,72
vampyprincess88,1,72,52,20,32,3,1,0,35,72
c_diz_zle,2,70,51,19,32,3,0,2,35,72
Al-Dunya,1,71,51,20,31,3,1,1,34,72
Cormasaurus,1,71,50,21,29,5,1,1,34,72
rdx313,2,71,49,22,27,6,2,1,33,72
Cingetorix,1,71,51,20,31,2,1,1,33,72
JenniferJ323,1,72,51,21,30,2,1,0,32,72
Rightwing-101,2,70,50,20,30,2,1,2,32,72
s0urce,1,71,44,27,17,15,1,1,32,72
Chlovesma,1,72,48,24,24,7,1,0,31,72
feistyfish,1,71,44,27,17,14,1,1,31,72
HardKnockWife,1,71,48,23,25,6,1,1,31,72
Chickenzrck,2,70,47,23,24,6,2,2,30,72
Sanaki13,1,71,49,22,27,3,1,1,30,72
platypus128,1,71,49,22,27,2,1,1,29,72
supersamus,1,71,49,22,27,2,1,1,29,72
Dresden0910,1,71,42,29,13,15,1,1,28,72
wak3boarding,1,71,46,25,21,7,1,1,28,72
davidahoffman,1,71,48,23,25,2,1,1,27,72
oceanfloors1,1,71,42,29,13,14,1,1,27,72
janisdoof,1,71,45,26,19,8,0,1,27,72
andrewd5861,1,71,47,24,23,3,1,1,26,72
Asap6,1,71,47,24,23,3,1,1,26,72
fluidmind23,1,71,45,26,19,6,1,1,25,72
gammatide,1,71,43,28,15,10,1,1,25,72
Karleo,1,71,42,29,13,12,1,1,25,72
mwada1,1,72,47,25,22,3,1,0,25,72
Wavering_Radiant,1,71,46,25,21,4,1,1,25,72
DehydratedPenguin,4,68,46,22,24,0,3,4,24,72
esudd,1,71,44,27,17,7,1,1,24,72
jimmahdean,1,71,45,26,19,5,1,1,24,72
Mashworth13,1,71,46,25,21,3,1,1,24,72
MastaSnizzFizz,2,70,39,31,8,15,2,2,23,72
jordan_terry,1,71,47,24,23,0,1,1,23,72
JoshWinks,1,71,42,29,13,10,1,1,23,72
SunniD,1,71,45,26,19,4,1,1,23,72
GoinBossanova,2,70,44,26,18,4,2,2,22,72
g-dragon,1,71,39,32,7,15,1,1,22,72
Snazzlecrag,1,71,45,26,19,3,1,1,22,72
TERPINGTON,1,71,44,27,17,5,1,1,22,72
Persecuted,1,71,46,25,21,0,1,1,21,72
master_baiter,2,72,43,29,14,6,2,0,20,72
spacymushroom,2,71,42,29,13,7,2,1,20,72
BreadMustache,1,71,40,31,9,11,1,1,20,72
pooppie,1,71,44,27,17,3,1,1,20,72
greenmachine969,1,71,44,27,17,2,1,1,19,72
hardindapaint12,1,71,45,26,19,0,1,1,19,72
ill_repost_it_again,1,71,42,29,13,4,1,1,17,72
TehORCA,1,71,42,29,13,4,1,1,17,72
derleek,1,71,38,33,5,11,1,1,16,72
iszyriley,1,71,40,31,9,7,1,1,16,72
borhap,1,71,40,31,9,6,1,1,15,72
NAMBLA2012,1,71,40,31,9,6,1,1,15,72
Poorsoul,1,71,42,29,13,2,1,1,15,72
Reddit_RageComics,2,70,41,29,12,3,1,2,15,72
weirdman,1,71,38,33,5,10,1,1,15,72
wild-tangent,1,71,40,31,9,6,1,1,15,72
teddynsnoopy,1,71,39,32,7,7,1,1,14,72
agentwilsonx,1,71,41,30,11,2,1,1,13,72
pwnyrface,1,71,40,31,9,4,1,1,13,72
thomdabomb,1,71,41,30,11,2,1,1,13,72
Trollivertwist,3,70,37,33,4,8,1,2,12,72
unebellefille,1,71,37,34,3,9,1,1,12,72
dualism04,1,71,41,30,11,0,1,1,11,72
Nod_Narb,1,71,40,31,9,2,1,1,11,72
stevesonaplane,1,71,39,32,7,4,1,1,11,72
DocD,2,70,39,31,8,2,2,2,10,72
SlippyC57,2,70,39,31,8,2,2,2,10,72
Blitchiz,1,71,38,33,5,5,1,1,10,72
Durddy,1,71,37,34,3,4,1,1,7,72
rinbrand,3,69,31,38,-7,11,3,3,4,72
Anthony_mitch,3,69,36,33,3,0,2,3,3,72
FairyMaira,1,71,30,41,-11,9,0,1,-2,72
nuktakupaya,1,70,60,10,50,23,0,1,73,71
jojobean777,1,70,68,2,66,2,0,1,68,71
MooseHoliday,1,70,63,7,56,4,1,1,60,71
okeren,1,70,63,7,56,4,0,1,60,71
egrounds,1,70,55,15,40,19,1,1,59,71
bluehiro,1,71,62,9,53,4,1,0,57,71
YerkesDodson,1,70,62,8,54,0,1,1,54,71
ImSortofANerd,1,70,61,9,52,0,0,1,52,71
Millus01,1,70,58,12,46,6,0,1,52,71
AardvarksAreAwesome,1,70,59,11,48,3,1,1,51,71
Dweller30,1,70,60,10,50,0,1,1,50,71
honestchippy,1,70,57,13,44,6,1,1,50,71
cjohn333,1,70,58,12,46,0,1,1,46,71
rucaaaa,1,70,54,16,38,8,1,1,46,71
StankCheeze,1,70,56,14,42,4,1,1,46,71
zephite2,1,71,55,16,39,7,1,0,46,71
mcfaudoo,1,70,55,15,40,5,1,1,45,71
chellewga,1,70,57,13,44,0,1,1,44,71
expiredcheese,1,71,55,16,39,5,1,0,44,71
RTchoke,1,71,51,20,31,13,1,0,44,71
dat33,1,70,55,15,40,3,1,1,43,71
asperatology,1,70,49,21,28,14,1,1,42,71
CompiledSanity,1,70,56,14,42,0,1,1,42,71
smj_406,1,70,54,16,38,4,0,1,42,71
sporvath,2,69,51,18,33,8,2,2,41,71
andy360,1,70,51,19,32,9,1,1,41,71
horsecalledben,1,70,55,15,40,0,1,1,40,71
ieesha,1,70,49,21,28,12,1,1,40,71
Pa1ncake,1,70,53,17,36,4,1,1,40,71
WeAreTheLonely,1,70,55,15,40,0,1,1,40,71
dpowers1221,1,70,53,17,36,3,1,1,39,71
DrKushnstein,1,70,53,17,36,3,1,1,39,71
queenmaeree,1,70,51,19,32,7,1,1,39,71
steph1cleveland,1,70,52,18,34,4,1,1,38,71
WaihWuh,1,70,50,20,30,8,1,1,38,71
MaakThePirate,2,69,53,16,37,0,2,2,37,71
Mrjetsondc,1,71,53,18,35,2,1,0,37,71
yourule97,1,70,52,18,34,3,1,1,37,71
Luucid,1,70,51,19,32,5,0,1,37,71
boredinwisc,2,69,51,18,33,3,2,2,36,71
Dohne,1,70,53,17,36,0,1,1,36,71
kenand1988,1,70,50,20,30,6,1,1,36,71
Demigodzi,1,70,53,17,36,0,0,1,36,71
Johnmann14,1,70,50,20,30,5,1,1,35,71
Goat_Girl17,1,70,52,18,34,0,1,1,34,71
uzernayme,1,70,50,20,30,4,1,1,34,71
jonnydonny,1,70,49,21,28,5,1,1,33,71
jrtera,1,70,50,20,30,3,1,1,33,71
lister88,1,70,50,20,30,3,1,1,33,71
Ottoblock,2,69,48,21,27,5,2,2,32,71
AnInaneMea,1,70,50,20,30,2,1,1,32,71
Devchonachko,1,70,49,21,28,4,1,1,32,71
haiku1991,1,70,50,20,30,2,1,1,32,71
pkbonez,1,70,51,19,32,0,1,1,32,71
AnarchoAlan,2,69,48,21,27,4,2,2,31,71
tmeester,2,69,44,25,19,12,2,2,31,71
Cyc68,1,70,49,21,28,3,1,1,31,71
GoltMcGoy,1,71,51,20,31,0,1,0,31,71
mhw1992,1,70,49,21,28,3,1,1,31,71
thecommongolfer,1,70,41,29,12,19,1,1,31,71
Maklemoomilk,1,70,48,22,26,5,0,1,31,71
AHelplessOrphan,1,70,50,20,30,0,1,1,30,71
DanDB64,1,70,48,22,26,4,1,1,30,71
EdgarAllanHoe,1,70,47,23,24,6,1,1,30,71
hypno_tode,1,70,50,20,30,0,1,1,30,71
LipstickandMalice,1,70,49,21,28,2,1,1,30,71
NikNik_McSneakerton,1,70,47,23,24,6,1,1,30,71
vault_girl,1,70,50,20,30,0,1,1,30,71
grandlarceny22,2,69,49,20,29,0,2,2,29,71
panicking_man,2,70,44,26,18,11,2,1,29,71
The_R3medy,2,69,45,24,21,8,2,2,29,71
CooperKellogg,2,69,48,21,27,2,1,2,29,71
jsminklr,1,71,45,26,19,10,1,0,29,71
whatsherfacegirl,1,71,45,26,19,10,1,0,29,71
LikeAnEmployee,1,71,48,23,25,3,1,0,28,71
coolhandluke45,2,70,43,27,16,11,2,1,27,71
Pednote,1,70,44,26,18,8,1,1,26,71
ski-tibet,1,70,46,24,22,4,1,1,26,71
passthelove,2,69,47,22,25,0,2,2,25,71
richiewww,2,70,46,24,22,3,2,1,25,71
NightmareZombie,2,69,47,22,25,0,1,2,25,71
SpecialTest,1,70,46,24,22,3,1,1,25,71
cyclopticpanda,1,70,47,23,24,0,1,1,24,71
ithinkitscool,1,70,45,25,20,4,1,1,24,71
Z0jx,2,70,38,32,6,17,2,1,23,71
agentkramr,1,70,45,25,20,3,1,1,23,71
emtoor,1,70,45,25,20,3,1,1,23,71
bluedung,2,69,43,26,17,5,2,2,22,71
darthsuegar,1,70,42,28,14,8,1,1,22,71
hoegdall,1,70,44,26,18,4,1,1,22,71
williambell13,1,70,45,25,20,2,1,1,22,71
DarkNation,2,70,43,27,16,5,2,1,21,71
DaveM1299,1,70,44,26,18,2,1,1,20,71
Poomfie,1,70,45,25,20,0,1,1,20,71
shlbloobs,1,70,42,28,14,6,1,1,20,71
srvstrat71,1,70,43,27,16,4,1,1,20,71
WillKarmaGetMeSkyrim,1,70,43,27,16,4,1,1,20,71
godzillary,1,70,42,28,14,5,1,1,19,71
woizard,2,69,42,27,15,4,1,2,19,71
googoomuck,4,68,39,29,10,8,2,3,18,71
BloodThirsty989,1,70,44,26,18,0,1,1,18,71
subsept,1,70,44,26,18,0,1,1,18,71
Jackie_Enthorn,1,70,42,28,14,3,1,1,17,71
zwidmer,1,70,42,28,14,3,1,1,17,71
hrd_kanne135,1,70,39,31,8,8,1,1,16,71
NotByDefault,1,70,43,27,16,0,1,1,16,71
saad_khan,1,70,41,29,12,4,0,1,16,71
DimmuKnight,1,70,35,35,0,15,1,1,15,71
lessobvious,1,70,40,30,10,5,1,1,15,71
shiplega,1,70,41,29,12,3,1,1,15,71
arielsweetheart,1,70,42,28,14,0,1,1,14,71
donkeedong,1,70,39,31,8,6,1,1,14,71
jedi_std,1,70,41,29,12,2,1,1,14,71
Robard12,1,70,41,29,12,2,1,1,14,71
airexx,1,70,40,30,10,3,1,1,13,71
TheFlyingTuna,1,70,38,32,6,7,1,1,13,71
weirdaccount,2,69,29,40,-11,24,1,2,13,71
Medderick,1,70,39,31,8,5,0,1,13,71
ILLITERATE_HOBO,2,69,38,31,7,5,2,2,12,71
llyrias,1,70,40,30,10,2,1,1,12,71
better_red,3,68,38,30,8,3,3,3,11,71
Remain62,2,69,40,29,11,0,2,2,11,71
Lichersnatch,3,68,39,29,10,0,3,3,10,71
Nishta,2,69,38,31,7,3,1,2,10,71
s2000buddies,1,70,39,31,8,2,1,1,10,71
koreanz,1,70,39,31,8,0,0,1,8,71
skatedaddy,2,69,38,31,7,0,2,2,7,71
rocker285,2,69,37,32,5,2,1,2,7,71
tenaciousd199,1,70,36,34,2,5,1,1,7,71
Mexican_Princess,1,70,36,34,2,2,1,1,4,71
TheFugget,1,70,32,38,-6,6,1,1,0,71
InnokentiyOphir,1,70,34,36,-2,0,1,1,-2,71
rotwfighter,2,69,30,39,-9,7,0,2,-2,71
waleedwale1,3,68,32,36,-4,0,2,3,-4,71
SmartieLion,1,70,32,38,-6,0,1,1,-6,71
I_CAPE_RUNTS,4,67,29,38,-9,0,3,4,-9,71
NigelFartknocker,3,69,17,52,-35,13,1,2,-22,71
tofumac,1,69,68,1,67,0,1,1,67,70
dan3067,1,70,43,27,16,48,1,0,64,70
itsatomic,1,69,55,14,41,19,1,1,60,70
dogyman13,1,69,63,6,57,2,1,1,59,70
netmier,1,69,63,6,57,0,1,1,57,70
THE_HUMAN_TREE,1,69,63,6,57,0,1,1,57,70
ataylor05,1,69,59,10,49,6,1,1,55,70
holyolyrolliepollie,1,69,57,12,45,9,1,1,54,70
gothiccinderella,1,69,60,9,51,3,0,1,54,70
DVDA63,1,69,61,8,53,0,1,1,53,70
guido32,1,69,60,9,51,2,1,1,53,70
JuggaloSlayer,1,69,60,9,51,2,1,1,53,70
Shelverman,1,69,58,11,47,5,1,1,52,70
BaconWrappedEnigma,1,69,60,9,51,0,0,1,51,70
BestOfPeepee,1,70,60,10,50,0,1,0,50,70
capitan_cathartic,2,68,57,11,46,3,1,2,49,70
coolaslando,1,69,56,13,43,5,1,1,48,70
dweebraider,1,69,57,12,45,3,1,1,48,70
IGG99funny,1,69,55,14,41,7,1,1,48,70
jzmassive1,1,70,54,16,38,10,1,0,48,70
oneyeartrip,1,69,55,14,41,7,1,1,48,70
Custosnox,1,69,57,12,45,2,1,1,47,70
DocMiBa,2,68,57,11,46,0,2,2,46,70
openthelocked,1,69,56,13,43,3,1,1,46,70
DorkMasterFresh,1,69,53,16,37,8,1,1,45,70
Nashvillians,2,68,56,12,44,0,2,2,44,70
Apoctopi,1,69,55,14,41,3,1,1,44,70
ThatPlaidHatGuy,1,69,54,15,39,5,1,1,44,70
voodoochild312,1,70,54,16,38,6,1,0,44,70
hdrew43739,1,69,52,17,35,7,1,1,42,70
pike1868,2,68,55,13,42,0,1,2,42,70
BERGER0N,1,69,55,14,41,0,1,1,41,70
origarmi_chicken,1,69,52,17,35,6,1,1,41,70
Fantasticalism,1,69,55,14,41,0,0,1,41,70
ravingredfox,2,68,52,16,36,4,2,2,40,70
juxtaposer43,1,69,50,19,31,8,1,1,39,70
mnemoniker,1,69,54,15,39,0,1,1,39,70
thegreatdecay,1,70,48,22,26,13,1,0,39,70
CzarInDecay,2,68,53,15,38,0,2,2,38,70
vtimpe93,1,69,48,21,27,11,1,1,38,70
brown_amazingness,2,68,49,19,30,7,2,2,37,70
ambientmf,1,69,47,22,25,12,1,1,37,70
ikaika92,1,69,50,19,31,6,1,1,37,70
lostsync,1,69,52,17,35,2,1,1,37,70
NotCthulu,2,68,46,22,24,13,0,2,37,70
dreamerkid001,2,68,51,17,34,2,2,2,36,70
Toalmaster,2,68,42,26,16,20,2,2,36,70
MineCraftandcheese,1,69,51,18,33,3,1,1,36,70
1stgamer,1,69,52,17,35,0,1,1,35,70
alec8er,1,69,50,19,31,3,1,1,34,70
ethanmaru,1,69,50,19,31,3,1,1,34,70
ocealot,1,69,42,27,15,19,1,1,34,70
samaritan7,2,69,47,22,25,7,2,1,32,70
erynxedge,1,69,49,20,29,3,1,1,32,70
Fluffleblow,1,69,48,21,27,5,1,1,32,70
newallt1,1,70,50,20,30,2,1,0,32,70
Sovietwiggler,3,67,46,21,25,7,1,3,32,70
CanIGoHomeYet,1,69,49,20,29,3,0,1,32,70
TheSoiledKnight,1,69,48,21,27,4,1,1,31,70
Notnowwonton,1,69,47,22,25,5,1,1,30,70
russell223344,1,69,43,26,17,13,1,1,30,70
crvandez,1,69,44,25,19,10,1,1,29,70
FATAL_FETUS,1,69,49,20,29,0,1,1,29,70
instago,1,69,48,21,27,2,1,1,29,70
jimi7890,1,69,48,21,27,2,1,1,29,70
rainterra,1,70,45,25,20,9,1,0,29,70
misa87,1,69,48,21,27,2,0,1,29,70
biacelinamaria,1,69,45,24,21,7,1,1,28,70
fedex09,1,70,45,25,20,8,1,0,28,70
fuckheadfreddy,1,69,44,25,19,9,1,1,28,70
mintage,1,69,39,30,9,19,1,1,28,70
ThisGifsUnrelated,1,69,46,23,23,5,1,1,28,70
catonakeybrdinspace,3,67,43,24,19,8,2,3,27,70
ThePeoplesBear,1,69,48,21,27,0,1,1,27,70
alecyo12,1,69,42,27,15,11,1,1,26,70
Krizkor,3,67,45,22,23,2,3,3,25,70
trexflyer02,1,69,42,27,15,10,1,1,25,70
Vindexus,1,69,46,23,23,0,1,1,23,70
virtyy,2,68,42,26,16,6,2,2,22,70
kwagz1991,1,69,44,25,19,3,1,1,22,70
sid1195,2,68,43,25,18,4,1,2,22,70
soccergeek114,1,69,42,27,15,7,1,1,22,70
weshallrise,1,69,43,26,17,5,1,1,22,70
hannahbanana3,2,69,45,24,21,0,2,1,21,70
S4NR,3,67,40,27,13,8,2,3,21,70
dan013,1,69,43,26,17,4,1,1,21,70
Desperately_Insecure,1,69,45,24,21,0,1,1,21,70
lovely_red_snow,1,69,42,27,15,6,0,1,21,70
i-am-the-walrus789,4,68,39,29,10,10,2,2,20,70
BKrunchy,2,68,44,24,20,0,1,2,20,70
CarnalSanders,1,70,40,30,10,10,1,0,20,70
Kirk_Redditor,4,66,43,23,20,0,1,4,20,70
Rendog101,1,69,42,27,15,5,1,1,20,70
spacemanspiff30,1,69,42,27,15,5,1,1,20,70
Zaino14,2,68,42,26,16,4,0,2,20,70
Kbman,3,69,39,30,9,10,2,1,19,70
dougiee,1,69,43,26,17,2,1,1,19,70
kiska9461,1,69,42,27,15,4,1,1,19,70
Volke_Spy,1,69,44,25,19,0,1,1,19,70
Malonik,1,69,40,29,11,7,1,1,18,70
TheBouncyFatKid,1,69,42,27,15,3,1,1,18,70
WilburTheCornFlake,1,69,42,27,15,3,1,1,18,70
Zekkafae,1,70,43,27,16,2,1,0,18,70
Jamus64,1,69,42,27,15,2,1,1,17,70
R-Hirschy,1,69,42,27,15,2,1,1,17,70
washingtonduke,1,69,43,26,17,0,1,1,17,70
AlexBeeInBim,2,68,42,26,16,0,2,2,16,70
blinky339,2,68,37,31,6,10,1,2,16,70
brian_c94,1,69,41,28,13,3,1,1,16,70
Fetche_La_Vache,1,69,41,28,13,3,1,1,16,70
pokepine,1,69,41,28,13,3,1,1,16,70
e1ioan,2,69,40,29,11,5,0,1,16,70
rravisha,1,69,41,28,13,2,1,1,15,70
TinyChainsaw,1,69,41,28,13,2,1,1,15,70
tydy91,1,69,39,30,9,6,1,1,15,70
MachinegunKari,1,69,41,28,13,2,0,1,15,70
El_Nicos,1,69,39,30,9,5,0,1,14,70
down_is_up,1,69,39,30,9,4,1,1,13,70
the_gray_fox_lives,1,69,39,30,9,3,1,1,12,70
DrJesusSingh,1,69,35,34,1,11,0,1,12,70
TREMONT27,3,67,36,31,5,5,1,3,10,70
Xx_GoBlue_xX,3,67,36,31,5,4,2,3,9,70
gwood1234,1,69,33,36,-3,12,1,1,9,70
rahjerlodger,1,69,38,31,7,0,1,1,7,70
c3fighter,1,69,37,32,5,0,1,1,5,70
roswell88,4,66,35,31,4,0,3,4,4,70
TheMerch4nt,1,69,31,38,-7,10,1,1,3,70
Jibblers,3,67,29,38,-9,7,3,3,-2,70
xsammhooverx,3,68,29,39,-10,0,2,2,-10,70
KeithMoon97,1,68,59,9,50,15,1,1,65,69
redditalin,1,68,52,16,36,28,0,1,64,69
MrGoodGlow,1,69,60,9,51,12,1,0,63,69
klcna,1,69,63,6,57,5,1,0,62,69
tjt2013,1,68,61,7,54,4,1,1,58,69
random_digital,1,68,58,10,48,9,1,1,57,69
mootagate,1,68,58,10,48,8,1,1,56,69
Pleaxe,1,68,61,7,54,2,1,1,56,69
treesaretall,1,68,61,7,54,2,1,1,56,69
aerno,1,68,61,7,54,0,1,1,54,69
Renbail,1,68,61,7,54,0,1,1,54,69
BobDaVinci,1,69,61,8,53,0,1,0,53,69
lettuceman44,1,68,58,10,48,5,1,1,53,69
nomsforthepoor,1,68,59,9,50,3,1,1,53,69
P1ofTheTicket,1,68,60,8,52,0,1,1,52,69
voltron560,1,68,58,10,48,4,1,1,52,69
gabpac,1,68,42,26,16,35,1,1,51,69
hrvstr0fsorow,1,68,55,13,42,8,1,1,50,69
M_Night_Seussalon,1,68,59,9,50,0,1,1,50,69
micthalo45,1,68,59,9,50,0,1,1,50,69
sulaymanf,1,68,58,10,48,2,1,1,50,69
pacteH,1,68,58,10,48,2,0,1,50,69
AshtrayFloors,1,69,48,21,27,22,1,0,49,69
Cl123456,1,68,57,11,46,3,1,1,49,69
gperez0103,1,68,49,19,30,19,1,1,49,69
TheLessPopularView,1,68,56,12,44,5,0,1,49,69
bitter_twin_farmer,1,68,58,10,48,0,1,1,48,69
concreteblok,1,69,53,16,37,11,1,0,48,69
CationicHaddock,3,66,55,11,44,3,2,3,47,69
THEyoungswagg,1,68,55,13,42,5,1,1,47,69
NethChild,1,68,54,14,40,6,1,1,46,69
SandTigerAlert,1,68,55,13,42,4,1,1,46,69
tabret2004,1,68,52,16,36,10,1,1,46,69
ArchieMcFly,1,68,55,13,42,3,1,1,45,69
Durable_Turtle,1,68,55,13,42,3,1,1,45,69
sibi_king12,1,69,57,12,45,0,1,0,45,69
whuppo99,1,68,52,16,36,9,1,1,45,69
GorillaDude,2,67,51,16,35,9,2,2,44,69
aRealAryan,1,68,56,12,44,0,1,1,44,69
Failmat,1,68,55,13,42,2,1,1,44,69
winegums,1,68,54,14,40,2,1,1,42,69
jettrooper33,1,68,47,21,26,15,1,1,41,69
theDrummer,2,68,53,15,38,3,1,1,41,69
WinterCame87,1,68,53,15,38,3,1,1,41,69
epilepticdog,1,68,53,15,38,2,1,1,40,69
Miric1,1,68,51,17,34,6,1,1,40,69
ryan11829,1,68,54,14,40,0,1,1,40,69
tr3k,1,68,48,20,28,12,1,1,40,69
xreris391,1,68,53,15,38,2,1,1,40,69
frubie,1,69,54,15,39,0,1,0,39,69
pdoubleg,2,67,51,16,35,4,1,2,39,69
thecakeisalie135,2,67,51,16,35,4,0,2,39,69
Kozzii,2,67,48,19,29,9,2,2,38,69
mliz16,1,68,52,16,36,2,1,1,38,69
Statiks,1,68,53,15,38,0,1,1,38,69
one50bpm,1,68,38,30,8,29,1,1,37,69
jhaycen,2,68,49,19,30,5,2,1,35,69
DoTheEvolution,1,69,51,18,33,2,1,0,35,69
stopconey2012,1,68,47,21,26,9,1,1,35,69
tick1e,1,68,50,18,32,3,1,1,35,69
bugunderarug,1,69,50,19,31,3,1,0,34,69
Dontdieman,1,68,42,26,16,18,1,1,34,69
ilikeexplosions,1,68,51,17,34,0,1,1,34,69
ISlangKnowledge,1,68,51,17,34,0,1,1,34,69
themostdangerousbox,1,68,47,21,26,7,1,1,33,69
Painkiller655321,1,68,48,20,28,4,1,1,32,69
ZionTheKing,1,68,48,20,28,4,1,1,32,69
Crashmybrow,1,69,50,19,31,0,1,0,31,69
JoshuaShelley,1,68,41,27,14,17,1,1,31,69
aureliusantoninus,1,68,49,19,30,0,1,1,30,69
Joshua144,1,68,49,19,30,0,1,1,30,69
meme321,1,68,45,23,22,8,1,1,30,69
Opblaaskaas,1,68,47,21,26,4,1,1,30,69
maxtopia,1,68,47,21,26,3,1,1,29,69
cryingeyes,1,68,47,21,26,2,1,1,28,69
futuresoldierKY,1,68,47,21,26,2,1,1,28,69
nightninja88,1,68,39,29,10,18,1,1,28,69
RandomCoolName,1,68,47,21,26,2,1,1,28,69
Twinzs,1,68,48,20,28,0,1,1,28,69
CashRorschach,1,68,42,26,16,11,1,1,27,69
jgay4Audis,1,68,44,24,20,7,1,1,27,69
Ogal,1,68,46,22,24,3,1,1,27,69
ohdoylerulez90,1,68,43,25,18,9,1,1,27,69
sunshinedze,2,68,46,22,24,3,1,1,27,69
scarletletter99,2,67,45,22,23,3,2,2,26,69
MarmiteMusketeer,1,68,45,23,22,4,1,1,26,69
grenaidster,2,67,44,23,21,4,2,2,25,69
homonidd,2,67,45,22,23,2,2,2,25,69
SomethingClepher,1,68,45,23,22,3,1,1,25,69
thinks_its_r_funny,1,68,44,24,20,5,1,1,25,69
chitownredditor,2,68,43,25,18,6,1,1,24,69
MadeForTeaVea,1,68,45,23,22,2,1,1,24,69
salena_rena97,3,67,45,22,23,0,2,2,23,69
kirbyforce,1,69,45,24,21,2,1,0,23,69
merlii-,1,68,43,25,18,5,1,1,23,69
caulay,1,68,44,24,20,2,1,1,22,69
emofrappuccino,1,68,42,26,16,6,1,1,22,69
harrowbane,1,68,42,26,16,6,1,1,22,69
kyotoman,1,68,45,23,22,0,1,1,22,69
RippinRocket,1,68,45,23,22,0,1,1,22,69
WTFisthisRedditThing,1,68,41,27,14,8,1,1,22,69
RoyaleWcheese,1,69,42,27,15,6,1,0,21,69
kruger_rgr,1,68,44,24,20,0,1,1,20,69
Airsinner,1,68,38,30,8,12,0,1,20,69
Larsz5,1,68,42,26,16,2,1,1,18,69
starrchick8,1,68,42,26,16,2,1,1,18,69
miskatonicrich,2,68,42,26,16,0,1,1,16,69
jkman666,2,67,38,29,9,6,2,2,15,69
freexxspirit,1,68,39,29,10,5,1,1,15,69
iMrJ0nes,1,68,40,28,12,3,1,1,15,69
Jmk420,1,68,39,29,10,4,1,1,14,69
gottabeaboveit,2,68,41,27,14,0,0,1,14,69
eligoins,2,68,39,29,10,2,2,1,12,69
bbysnake,1,68,39,29,10,0,1,1,10,69
Mariostomper,2,67,32,35,-3,11,1,2,8,69
Pays4Porn,2,68,35,33,2,4,2,1,6,69
whatsthegoods,2,67,34,33,1,4,0,2,5,69
bwtharpe,1,68,33,35,-2,0,1,1,-2,69
zovm,1,68,32,36,-4,0,1,1,-4,69
anthrocide,1,68,27,41,-14,8,1,1,-6,69
TheMacMan,5,65,22,43,-21,10,4,4,-11,69
codename121,2,67,25,42,-17,4,1,2,-13,69
drummer1059,1,67,57,10,47,15,1,1,62,68
WalletPhoneKeys,1,68,50,18,32,30,0,0,62,68
peterabbit456,1,67,61,6,55,5,1,1,60,68
cdubular,1,67,61,6,55,4,1,1,59,68
Theforward,1,67,58,9,49,9,1,1,58,68
cjdimino,1,67,59,8,51,4,1,1,55,68
salmonnerd,1,67,58,9,49,4,1,1,53,68
plus1internets,1,67,55,12,43,8,1,1,51,68
rezaziel,1,67,58,9,49,2,1,1,51,68
Sosd,1,67,59,8,51,0,1,1,51,68
the_maru,1,68,56,12,44,7,1,0,51,68
ceskycesk,1,67,58,9,49,2,0,1,51,68
db123bd,1,67,59,8,51,0,0,1,51,68
akap4,1,67,56,11,45,5,1,1,50,68
jootshatesplanes,2,66,54,12,42,7,2,2,49,68
atribecalledpikachu,1,68,57,11,46,3,1,0,49,68
rivkaleg,1,67,58,9,49,0,1,1,49,68
squatly,1,68,45,23,22,27,1,0,49,68
albertneeds_a_stein,1,67,56,11,45,3,1,1,48,68
nemysyss,1,68,48,20,28,20,1,0,48,68
stan11003,1,67,53,14,39,9,1,1,48,68
c_wolves,1,67,54,13,41,6,1,1,47,68
Dankburger,1,67,56,11,45,2,1,1,47,68
90percent_noob,2,66,54,12,42,4,2,2,46,68
jpsquill,2,67,55,12,43,3,2,1,46,68
shiroel,1,67,55,12,43,3,1,1,46,68
jdogg11,1,67,55,12,43,2,1,1,45,68
pov_dave,1,67,50,17,33,12,1,1,45,68
JarrusMarker,2,66,51,15,36,8,1,2,44,68
Mr_Shields,1,67,52,15,37,7,1,1,44,68
billionyearoldcarbon,1,67,52,15,37,6,1,1,43,68
DJ_Upgrayedd,1,67,54,13,41,2,1,1,43,68
ghgg99,1,67,54,13,41,2,1,1,43,68
Huskatta,1,67,55,12,43,0,1,1,43,68
ignorantferret,1,67,49,18,31,12,1,1,43,68
hamataro,1,67,51,16,35,7,1,1,42,68
biggzsizzle,2,66,52,14,38,3,2,2,41,68
JeffersonSmith,1,67,54,13,41,0,1,1,41,68
nonfamouswentz,1,67,53,14,39,2,1,1,41,68
retropinkplastic,1,67,54,13,41,0,1,1,41,68
SitOnMyFace32,1,67,52,15,37,4,1,1,41,68
trentrezdude,1,67,52,15,37,3,1,1,40,68
NikolaiDimitri,1,67,51,16,35,4,1,1,39,68
satanic_observer,1,67,51,16,35,4,1,1,39,68
wentworththegreat,1,67,53,14,39,0,0,1,39,68
dcook2435,1,67,51,16,35,3,1,1,38,68
woozy2snoozy,1,68,52,16,36,2,1,0,38,68
Arman2a,1,67,48,19,29,8,1,1,37,68
FLYING_GAY_SHITDICKS,1,67,45,22,23,14,1,1,37,68
ILoveCities,1,67,51,16,35,2,1,1,37,68
onlyforaminute,1,67,51,16,35,2,1,1,37,68
swimmerhair,1,67,52,15,37,0,1,1,37,68
savvysab,1,67,49,18,31,5,1,1,36,68
anemicroyalties,2,66,50,16,34,2,0,2,36,68
FilipinoRell,1,67,51,16,35,0,1,1,35,68
Denisius,1,67,49,18,31,3,1,1,34,68
Lawbat,2,66,50,16,34,0,1,2,34,68
mysticsky,2,67,46,21,25,9,1,1,34,68
ooda,1,68,51,17,34,0,1,0,34,68
wassuppp,1,68,48,20,28,6,1,0,34,68
frgrc334,2,66,48,18,30,4,0,2,34,68
optimus_crime33,1,67,49,18,31,3,0,1,34,68
Coryn101,1,67,49,18,31,2,1,1,33,68
special_k77,1,67,49,18,31,2,1,1,33,68
x1337wahoox,1,67,49,18,31,2,1,1,33,68
mr5drums,1,67,42,25,17,16,0,1,33,68
DerpChang,2,67,48,19,29,3,1,1,32,68
Kdude900,2,66,48,18,30,2,1,2,32,68
slickshady333,1,67,45,22,23,9,1,1,32,68
TheWindsurfer,1,67,48,19,29,3,1,1,32,68
AssdUpFromDaCalvesUp,1,67,48,19,29,2,1,1,31,68
DerekDarko,1,68,48,20,28,3,1,0,31,68
I_steal_your_karma,1,67,47,20,27,4,1,1,31,68
litterbox_archives,2,66,44,22,22,9,1,2,31,68
mejones2104,1,67,49,18,31,0,1,1,31,68
mlmarco12,2,66,42,24,18,13,1,2,31,68
elijahcoleschneider1,2,66,46,20,26,4,2,2,30,68
spr1nkles,3,65,45,20,25,5,2,3,30,68
nyankitty69,1,67,46,21,25,5,1,1,30,68
ReverendSlack,1,68,48,20,28,2,1,0,30,68
kayyy6,2,66,47,19,28,2,0,2,30,68
shits_in_public,2,66,45,21,24,5,2,2,29,68
312Pirate,1,67,46,21,25,4,1,1,29,68
birthdaybitch,1,68,47,21,26,3,1,0,29,68
RandomPerson99,1,67,45,22,23,6,1,1,29,68
steveo7034,1,67,47,20,27,2,1,1,29,68
topspin424,1,67,48,19,29,0,1,1,29,68
Mattyrawwr,2,67,44,23,21,6,2,1,27,68
scunnyowl,2,67,45,22,23,4,2,1,27,68
Bacon_Man123,1,67,44,23,21,6,1,1,27,68
ilyxtina,1,67,43,24,19,8,1,1,27,68
JustMosh,1,67,45,22,23,4,1,1,27,68
matthewmundane,1,67,46,21,25,2,1,1,27,68
moshinator94,1,67,47,20,27,0,1,1,27,68
KiwiSoldier,2,66,45,21,24,2,2,2,26,68
joOkamaniia,1,67,44,23,21,5,1,1,26,68
Nasidious,2,66,46,20,26,0,1,2,26,68
poopy_wizard132,2,66,46,20,26,0,1,2,26,68
RossyRossy,2,66,41,25,16,9,2,2,25,68
deflagrator,1,67,46,21,25,0,1,1,25,68
Raider7843,1,67,41,26,15,10,1,1,25,68
hudsonator04,2,66,43,23,20,4,1,2,24,68
bfig,1,67,39,28,11,13,0,1,24,68
airemyn,2,66,41,25,16,7,1,2,23,68
NerdRagingDickhead,1,67,45,22,23,0,1,1,23,68
aliuy,1,67,41,26,15,7,1,1,22,68
theycallmeryan,1,67,41,26,15,7,1,1,22,68
0xAdam,1,67,41,26,15,6,1,1,21,68
elmoshasagun,1,67,41,26,15,6,1,1,21,68
indochris609,1,67,43,24,19,2,1,1,21,68
lunchboxhero,1,67,44,23,21,0,1,1,21,68
OneWarning13,1,67,39,28,11,10,1,1,21,68
fektard,2,66,43,23,20,0,2,2,20,68
hazysummersky,1,67,42,25,17,3,1,1,20,68
Jytky-Tuksu,2,66,42,24,18,2,1,2,20,68
mick5000x,1,68,43,25,18,2,1,0,20,68
The_Shane_Company,2,66,38,28,10,9,2,2,19,68
chachamonkey,1,67,42,25,17,2,1,1,19,68
eloriginal619,1,67,41,26,15,4,1,1,19,68
Kinetik_Inferno,1,67,43,24,19,0,1,1,19,68
YourMumAtYourHouse,1,67,41,26,15,4,1,1,19,68
CARDTRICKSTER,1,67,41,26,15,4,0,1,19,68
berzerkerBM,3,65,39,26,13,5,1,3,18,68
RevenantCommunity,1,67,36,31,5,13,1,1,18,68
redditlurkernoob776,3,65,40,25,15,2,3,3,17,68
nZaeR,2,66,40,26,14,3,2,2,17,68
bizzish,1,67,42,25,17,0,1,1,17,68
der_chiller,1,67,41,26,15,2,1,1,17,68
dianaestelle,1,67,39,28,11,6,1,1,17,68
mahl92,1,67,41,26,15,2,1,1,17,68
wheresmyhoodie,1,67,41,26,15,2,1,1,17,68
Arcanize,1,67,37,30,7,10,0,1,17,68
HuruHara,1,67,38,29,9,7,1,1,16,68
OMGLOLTOPISSOCUTE,1,67,39,28,11,5,1,1,16,68
mrautomatic17,1,68,42,26,16,0,0,0,16,68
HempDog,1,67,41,26,15,0,1,1,15,68
jdtix,1,67,37,30,7,8,1,1,15,68
OHAYYYDERE,1,67,38,29,9,6,1,1,15,68
pixelplayer,1,67,41,26,15,0,1,1,15,68
rainman18,1,67,39,28,11,4,1,1,15,68
Bakaveli,2,66,37,29,8,6,2,2,14,68
GamerBum,1,67,40,27,13,0,1,1,13,68
Iamubergeek,1,67,38,29,9,4,1,1,13,68
ThaFreakyOne,1,67,37,30,7,6,0,1,13,68
whicketywack,1,67,38,29,9,3,1,1,12,68
_Savage,1,67,38,29,9,3,0,1,12,68
codyholpp,1,67,37,30,7,4,1,1,11,68
kicker414,1,67,37,30,7,4,1,1,11,68
lewisstyle91,1,67,37,30,7,4,1,1,11,68
tainted169,1,68,37,31,6,5,1,0,11,68
spott3,1,68,38,30,8,2,1,0,10,68
Aldrai,1,67,35,32,3,7,0,1,10,68
BattaUp,3,65,37,28,9,0,2,3,9,68
akula59,1,67,38,29,9,0,1,1,9,68
b4lv4r3z,1,67,37,30,7,2,1,1,9,68
kendal613,3,65,37,28,9,0,0,3,9,68
markmarkmarkmark,2,66,37,29,8,0,1,2,8,68
mongster2,2,66,37,29,8,0,1,2,8,68
PinkieDash1321,2,66,35,31,4,3,2,2,7,68
SCOOBA_MOOSE,2,66,35,31,4,3,1,2,7,68
BBN_in_america,2,66,31,35,-4,10,1,2,6,68
jalayne14,2,67,33,34,-1,5,1,1,4,68
domp77,1,67,35,32,3,0,1,1,3,68
LewisONFIRE,1,67,35,32,3,0,1,1,3,68
Troll_tavera,3,65,29,36,-7,9,3,3,2,68
buttery_biscuit_bass,3,66,32,34,-2,4,1,2,2,68
paramsey08,1,67,32,35,-3,5,1,1,2,68
virusys,1,67,31,36,-5,6,1,1,1,68
AllieCobbler,2,66,31,35,-4,3,2,2,-1,68
redditNC,3,65,30,35,-5,3,3,3,-2,68
HighSpeed556,1,67,31,36,-5,2,0,1,-3,68
RRobertstein,3,66,24,42,-18,9,3,2,-9,68
DeepFriedPanda,1,66,62,4,58,20,0,1,78,67
cranefist10,1,66,56,10,46,16,1,1,62,67
aliaschicnine,1,67,46,21,25,33,1,0,58,67
onscreenlol,1,66,57,9,48,10,1,1,58,67
SidaMental,1,66,61,5,56,0,1,1,56,67
Subwayeatn,1,66,56,10,46,10,0,1,56,67
all3nizzle,1,66,59,7,52,0,0,1,52,67
wiguls,1,66,57,9,48,3,0,1,51,67
curly_rage,1,66,57,9,48,2,1,1,50,67
hey_do_I_know_you,1,66,58,8,50,0,1,1,50,67
Interceptor,1,66,53,13,40,10,1,1,50,67
ozziesoftballs,1,66,57,9,48,2,0,1,50,67
cheeseto,1,67,54,13,41,8,1,0,49,67
Mandolomo,1,66,56,10,46,3,1,1,49,67
MagicalAndrew,1,66,56,10,46,2,1,1,48,67
pooja2681,1,66,57,9,48,0,1,1,48,67
Vault2high,1,66,55,11,44,4,0,1,48,67
benartmao,3,64,44,20,24,23,3,3,47,67
A_Water_Fountain,1,66,52,14,38,9,1,1,47,67
Nopskillz,1,66,52,14,38,9,1,1,47,67
Knav13,1,67,51,16,35,11,1,0,46,67
Weisguys,1,66,56,10,46,0,1,1,46,67
douglasman100,1,66,54,12,42,3,0,1,45,67
KeithUK7,1,66,53,13,40,4,1,1,44,67
mongrel_cat,1,66,53,13,40,2,1,1,42,67
nomoex,1,66,54,12,42,0,1,1,42,67
thatwhitekid247,1,66,53,13,40,2,1,1,42,67
merrrmerr,1,66,54,12,42,0,0,1,42,67
mjwassmer,1,67,51,16,35,6,1,0,41,67
AutisticMind,1,66,51,15,36,4,1,1,40,67
donateababy,1,66,53,13,40,0,1,1,40,67
NothingWild,1,66,52,14,38,2,1,1,40,67
GerbilTesticles,2,65,49,16,33,6,2,2,39,67
thecreat0r,1,66,50,16,34,5,1,1,39,67
zxrax,1,66,51,15,36,3,1,1,39,67
Warmachine1000,1,66,50,16,34,5,0,1,39,67
darksoulshaman,1,66,52,14,38,0,1,1,38,67
fattylewis,1,66,52,14,38,0,1,1,38,67
Shownuts,1,66,51,15,36,2,1,1,38,67
TVons,1,66,52,14,38,0,1,1,38,67
gerphq,1,66,50,16,34,3,1,1,37,67
maestrojv,1,66,49,17,32,5,1,1,37,67
Gaybrosauros,1,66,45,21,24,13,0,1,37,67
vm367,2,65,45,20,25,11,2,2,36,67
terrordactoll,1,66,39,27,12,24,1,1,36,67
waqasbhutta,1,66,48,18,30,6,1,1,36,67
Kartingf1Fan,1,66,51,15,36,0,0,1,36,67
shadow622,2,65,39,26,13,21,2,2,34,67
I_HELP_CATS,1,67,48,19,29,5,1,0,34,67
occasionally_horny,1,66,50,16,34,0,1,1,34,67
Tsury,1,66,48,18,30,4,1,1,34,67
jealousjelly,1,66,50,16,34,0,0,1,34,67
pouched446,1,66,50,16,34,0,0,1,34,67
whoah,2,65,47,18,29,4,2,2,33,67
krcook510,3,64,43,21,22,10,2,3,32,67
TylerWyrick,1,66,49,17,32,0,1,1,32,67
TheGusBus,2,65,42,23,19,12,2,2,31,67
Mrsdunngoofd,1,67,45,22,23,8,1,0,31,67
deadfag123,1,66,46,20,26,5,0,1,31,67
BAM4000,1,66,46,20,26,4,1,1,30,67
hawkon147,1,66,48,18,30,0,1,1,30,67
atom_storm,1,67,44,23,21,8,1,0,29,67
Kharanjul,1,66,46,20,26,3,0,1,29,67
diaper_dawson,2,65,43,22,21,7,2,2,28,67
djhuffman,1,66,42,24,18,10,1,1,28,67
euphonical,1,66,46,20,26,2,1,1,28,67
Hungernerd,1,66,45,21,24,4,1,1,28,67
WillMcB,1,66,45,21,24,4,1,1,28,67
twakattak,1,66,44,22,22,5,1,1,27,67
afrobro360,1,66,43,23,20,6,1,1,26,67
doctorlypatrick,1,66,44,22,22,4,1,1,26,67
SpectreFire,1,66,45,21,24,2,1,1,26,67
Abbernathy,1,66,42,24,18,8,0,1,26,67
64oz_Slurprise,1,66,43,23,20,5,1,1,25,67
adamxarchy,1,66,44,22,22,3,1,1,25,67
dizzlekins,1,66,44,22,22,3,1,1,25,67
KSalway,1,67,44,23,21,4,1,0,25,67
Twidbin,2,65,41,24,17,8,1,2,25,67
JBHIV,2,65,44,21,23,2,0,2,25,67
alpacalips42,1,66,44,22,22,2,1,1,24,67
matt_griffiths016,1,66,45,21,24,0,1,1,24,67
SaintAnlathas,2,65,44,21,23,0,2,2,23,67
peopledownvoteme,1,66,43,23,20,3,1,1,23,67
suckituploser,1,66,43,23,20,3,1,1,23,67
korpah,1,66,43,23,20,3,0,1,23,67
JLodata,1,67,40,27,13,9,1,0,22,67
PeterPancakes5,1,66,44,22,22,0,1,1,22,67
sh7289,1,66,44,22,22,0,1,1,22,67
tekhnephile,1,66,44,22,22,0,1,1,22,67
tlldrkhndsm,1,66,43,23,20,2,1,1,22,67
yuujiowned,1,66,40,26,14,8,1,1,22,67
Audiot,4,63,42,21,21,0,2,4,21,67
anon2471,1,66,40,26,14,7,1,1,21,67
JohnJacobs,2,65,41,24,17,4,1,2,21,67
klaengur,1,66,42,24,18,3,1,1,21,67
WithThePress,1,66,42,24,18,3,1,1,21,67
Bloodfeastisleman,3,64,42,22,20,0,3,3,20,67
aintnothinbutathang,1,66,43,23,20,0,1,1,20,67
CurbstompSanta,1,66,41,25,16,4,1,1,20,67
flexterra,1,66,43,23,20,0,1,1,20,67
N1k0Gr3En,1,66,41,25,16,3,1,1,19,67
Thermus,1,66,41,25,16,3,1,1,19,67
AnonymousRitz,1,66,39,27,12,7,0,1,19,67
ArbiK,2,65,40,25,15,3,2,2,18,67
ChrisKeys15,3,64,37,27,10,8,2,3,18,67
2girls1fred,1,66,42,24,18,0,1,1,18,67
GhostGlide,1,66,42,24,18,0,1,1,18,67
SkinniestAnimal,1,66,34,32,2,16,1,1,18,67
CreativeEnvy,1,67,38,29,9,8,1,0,17,67
mojofilter,1,67,40,27,13,4,1,0,17,67
da559,1,66,39,27,12,4,1,1,16,67
DeePrincess,3,64,40,24,16,0,1,3,16,67
GeorgiaJonesette,1,66,41,25,16,0,1,1,16,67
spandexwedgie,2,65,39,26,13,3,0,2,16,67
ccuje5,3,65,39,26,13,2,3,2,15,67
mariofouad,2,65,36,29,7,8,2,2,15,67
cambria05,1,66,37,29,8,7,1,1,15,67
soloplatypus,3,64,39,25,14,0,3,3,14,67
SeishikiNipponjin,1,66,37,29,8,6,1,1,14,67
hyuugurt,1,66,38,28,10,3,1,1,13,67
Slowboarding,1,66,38,28,10,3,1,1,13,67
yubski,1,66,37,29,8,5,1,1,13,67
Bite_Off_Wanker,1,66,36,30,6,6,1,1,12,67
sushiporn,1,66,38,28,10,0,1,1,10,67
scrupples,1,66,38,28,10,0,0,1,10,67
sflbest,2,65,36,29,7,2,2,2,9,67
BatmanisJUSTICE,1,66,36,30,6,2,1,1,8,67
datboi1d,1,66,35,31,4,3,1,1,7,67
Brodyquester,1,66,36,30,6,0,1,1,6,67
drewbek,1,66,34,32,2,3,1,1,5,67
lshabowco,2,65,30,35,-5,8,1,2,3,67
charlie123517,1,66,31,35,-4,5,1,1,1,67
Ryvienna,3,64,25,39,-14,12,1,3,-2,67
Sauronkraut,3,64,28,36,-8,4,1,3,-4,67
TheVitrifier,1,66,30,36,-6,2,1,1,-4,67
rawdoggingisawesome,2,65,28,37,-9,4,2,2,-5,67
GnarKillington,1,66,30,36,-6,0,0,1,-6,67
DRepicNarwal,3,64,23,41,-18,2,3,3,-16,67
ripster55,1,65,59,6,53,10,0,1,63,66
Dayanx,1,66,62,4,58,2,1,0,60,66
AssassinPancake,1,65,58,7,51,6,1,1,57,66
clowns_will_eat_me,2,64,57,7,50,7,1,2,57,66
jordy1611,1,65,56,9,47,8,1,1,55,66
MVallieres,1,65,54,11,43,12,1,1,55,66
rush905,1,65,48,17,31,24,1,1,55,66
anewparticle,1,66,58,8,50,4,1,0,54,66
killyourmusic,1,65,58,7,51,2,1,1,53,66
skyclown,1,65,56,9,47,5,1,1,52,66
mrmomano,1,65,54,11,43,8,1,1,51,66
gloryglory31,1,66,58,8,50,0,1,0,50,66
jegomez1255,1,65,55,10,45,5,1,1,50,66
Marnold13,1,65,56,9,47,3,0,1,50,66
Minecraftography,1,66,54,12,42,7,1,0,49,66
puppybeard,1,65,56,9,47,2,1,1,49,66
cjeremys,1,66,53,13,40,7,1,0,47,66
drinkurmilk911,1,65,51,14,37,10,1,1,47,66
MrSuperWaffle,1,65,54,11,43,3,1,1,46,66
pigferret,2,66,48,18,30,15,2,0,45,66
kenmaclean,1,65,54,11,43,2,1,1,45,66
Mr_Sun,1,65,54,11,43,2,1,1,45,66
ShamrockPirate,1,65,54,11,43,2,1,1,45,66
TheSpie,1,65,46,19,27,18,1,1,45,66
cbracco,1,65,51,14,37,7,1,1,44,66
Tios,1,65,53,12,41,3,1,1,44,66
waferelite,2,65,50,15,35,8,2,1,43,66
RainbowPie,1,65,52,13,39,4,1,1,43,66
riaveg8,2,64,45,19,26,16,2,2,42,66
SuperSmashedBro,2,66,54,12,42,0,2,0,42,66
sillicia,1,65,52,13,39,3,1,1,42,66
ckallas2,1,65,51,14,37,4,1,1,41,66
r0wo1,1,65,53,12,41,0,1,1,41,66
The0ldMan,1,65,48,17,31,10,0,1,41,66
rose0shine,2,65,49,16,33,7,2,1,40,66
abrobear,1,65,51,14,37,3,1,1,40,66
anatimedream,1,65,47,18,29,11,1,1,40,66
GoEatYourKFC,1,65,51,14,37,3,1,1,40,66
DoctorThunder,1,66,51,15,36,3,1,0,39,66
tornadosgoOMNOM,1,66,51,15,36,3,1,0,39,66
WNBA-Allstar,1,65,51,14,37,2,1,1,39,66
siredward85,1,66,47,19,28,10,1,0,38,66
Icypixel,1,65,42,23,19,19,0,1,38,66
BrianSlipknot87,1,65,48,17,31,6,1,1,37,66
dustystrait,1,65,51,14,37,0,1,1,37,66
KungFuJimmy,1,65,50,15,35,2,1,1,37,66
random_tiger,1,65,50,15,35,2,1,1,37,66
slayerssceptor,1,65,50,15,35,2,1,1,37,66
Vengefulrobot,1,65,50,15,35,2,1,1,37,66
thegreatdane908,1,65,49,16,33,3,1,1,36,66
Unreal782,1,65,47,18,29,7,1,1,36,66
_jaimie,1,65,48,17,31,4,1,1,35,66
9gaggerhater,1,65,48,17,31,4,1,1,35,66
Photosit,1,65,48,17,31,4,1,1,35,66
Russianmoney,2,64,47,17,30,5,1,2,35,66
SetsOnTheBeach,1,65,50,15,35,0,1,1,35,66
wbender,1,65,49,16,33,2,0,1,35,66
4ThOfAKind,1,65,46,19,27,7,1,1,34,66
TheAckIsBack,3,64,47,17,30,3,2,2,33,66
Gengar0,1,65,48,17,31,2,1,1,33,66
MAN_FUCK_THIS,1,65,49,16,33,0,1,1,33,66
Pryds,1,66,46,20,26,7,1,0,33,66
shaitan19,1,65,44,21,23,10,1,1,33,66
slowmen,1,65,46,19,27,6,1,1,33,66
SlurpsMcgee,2,64,41,23,18,14,2,2,32,66
UglyBabyDoinBootCamp,2,64,45,19,26,6,2,2,32,66
acespace,1,65,43,22,21,11,1,1,32,66
ckyxasg,1,65,44,21,23,9,1,1,32,66
Omnidarko,1,66,48,18,30,2,1,0,32,66
ReverendVerse,1,65,46,19,27,5,0,1,32,66
battery_go,1,65,48,17,31,0,1,1,31,66
StonerWithAShotgun,1,66,47,19,28,3,1,0,31,66
tippocalypse,1,65,46,19,27,4,1,1,31,66
werktags,1,65,48,17,31,0,1,1,31,66
Arkonen,2,64,43,21,22,8,2,2,30,66
theredfiretruck,2,64,47,17,30,0,2,2,30,66
BigZamboni,2,64,47,17,30,0,0,2,30,66
AvengerJoe16,1,65,47,18,29,0,1,1,29,66
BurnSween,1,65,46,19,27,2,1,1,29,66
IHartmann,1,65,44,21,23,6,1,1,29,66
jsantana2010,1,65,43,22,21,8,1,1,29,66
mike1146l,1,65,47,18,29,0,1,1,29,66
mskraut,2,64,44,20,24,5,1,2,29,66
electricwolves,1,65,44,21,23,5,1,1,28,66
mandac,1,65,45,20,25,3,1,1,28,66
Failed_Success,1,65,42,23,19,8,1,1,27,66
jaimecarrion,1,65,43,22,21,6,1,1,27,66
pidgeface,1,65,45,20,25,2,1,1,27,66
RixenRae,1,65,46,19,27,0,1,1,27,66
Sammsi,1,65,45,20,25,2,1,1,27,66
Shorkey,1,65,46,19,27,0,1,1,27,66
Monkeyninja24,2,64,45,19,26,0,2,2,26,66
CrunkCow,1,65,42,23,19,7,1,1,26,66
General_Awesome,1,66,45,21,24,2,1,0,26,66
_jallison_,1,65,44,21,23,2,1,1,25,66
chrisrich85,1,65,41,24,17,8,1,1,25,66
desispark87,1,66,43,23,20,5,1,0,25,66
PrettyGirlRedditer,1,65,45,20,25,0,1,1,25,66
purify2,1,66,44,22,22,3,1,0,25,66
rinnayy14,1,65,44,21,23,2,1,1,25,66
duckym,1,65,43,22,21,3,1,1,24,66
selahhsuicide,1,65,43,22,21,3,1,1,24,66
HumbleMagnificent,1,65,39,26,13,10,1,1,23,66
Lazer_Cat,1,65,39,26,13,10,1,1,23,66
owl_93,2,64,43,21,22,0,2,2,22,66
RichieRich0545,3,64,41,23,18,4,2,2,22,66
DonkeyScience,1,65,41,24,17,5,1,1,22,66
KidxBuu,1,65,39,26,13,9,1,1,22,66
toastplease,1,65,40,25,15,7,1,1,22,66
worldsbestuser,1,66,41,25,16,6,1,0,22,66
sambills,2,64,39,25,14,7,2,2,21,66
dickpound,3,63,38,25,13,8,1,3,21,66
IGuessYourSkinColor,1,65,39,26,13,8,1,1,21,66
Somebody__real,1,65,40,25,15,6,0,1,21,66
birdcanfly,5,61,38,23,15,5,3,5,20,66
Evilmaze,2,64,41,23,18,2,2,2,20,66
Gecko5567,1,65,41,24,17,3,1,1,20,66
iAlwaysRepost,1,65,40,25,15,5,1,1,20,66
maelsferatu,1,65,40,25,15,5,1,1,20,66
skahl000,1,65,40,25,15,5,1,1,20,66
SpiffySmitty,2,64,42,22,20,0,1,2,20,66
tigerbalm603,3,63,40,23,17,2,2,3,19,66
dustyrustypuffin,1,65,39,26,13,6,1,1,19,66
gac2116,1,65,40,25,15,4,1,1,19,66
hard_to_explain,1,65,39,26,13,6,1,1,19,66
SentimentalSparrow,1,65,42,23,19,0,1,1,19,66
shinero,1,65,40,25,15,4,1,1,19,66
Sidedownup,1,65,39,26,13,6,1,1,19,66
ToBadForU,1,65,41,24,17,2,1,1,19,66
mypostisarepost,2,64,34,30,4,14,2,2,18,66
DongsNPongs,1,65,40,25,15,3,1,1,18,66
Misslyckad,1,65,38,27,11,7,1,1,18,66
tipallas0fuk,1,65,39,26,13,5,1,1,18,66
unused-username,1,65,38,27,11,7,1,1,18,66
klinusthebear,2,65,40,25,15,2,1,1,17,66
ndgonz,1,65,41,24,17,0,1,1,17,66
SovietMudkip,1,65,39,26,13,4,1,1,17,66
PointlessDelegation,3,64,40,24,16,0,3,2,16,66
All-St4r,1,66,38,28,10,6,1,0,16,66
staomeel,1,65,39,26,13,3,1,1,16,66
swordof1000truths,2,64,38,26,12,4,1,2,16,66
Mrubuto,1,65,37,28,9,6,0,1,15,66
_Hyphen_,1,65,37,28,9,4,1,1,13,66
Cats_Hating,1,65,39,26,13,0,1,1,13,66
RayberFabes,3,64,38,26,12,0,2,2,12,66
discocrisco,1,65,36,29,7,5,1,1,12,66
MaliciousHobo,1,65,36,29,7,5,1,1,12,66
yakri,1,66,38,28,10,2,1,0,12,66
Jerrys_Kids,2,64,37,27,10,0,2,2,10,66
HowsMyClutch,1,65,37,28,9,0,1,1,9,66
Happy_panda_123,1,65,34,31,3,5,1,1,8,66
DigitalGroove,1,65,35,30,5,2,1,1,7,66
cabby367,1,65,34,31,3,2,1,1,5,66
potentiallyoffensive,1,65,30,35,-5,10,1,1,5,66
frazdt,1,65,30,35,-5,9,1,1,4,66
Galactix,1,65,34,31,3,0,1,1,3,66
WordsWithNerds,2,65,34,31,3,0,1,1,3,66
Dutchhoth,3,63,30,33,-3,5,3,3,2,66
kinetic_skink,2,64,33,31,2,0,2,2,2,66
Guitar_Beer_O,2,64,28,36,-8,9,1,2,1,66
barbed_penis,1,65,30,35,-5,5,1,1,0,66
nofuneral,1,65,30,35,-5,5,1,1,0,66
StandardBC,1,65,31,34,-3,0,1,1,-3,66
akaryocyte,1,66,30,36,-6,2,1,0,-4,66
abus11351,1,64,56,8,48,16,1,1,64,65
RAWRbecca,1,64,58,6,52,6,1,1,58,65
bgloco,1,64,59,5,54,3,0,1,57,65
mapcrocker,1,64,57,7,50,4,1,1,54,65
AskYouEverything,1,64,55,9,46,7,1,1,53,65
bartapack44,1,64,56,8,48,4,1,1,52,65
hotrod2k82,1,64,58,6,52,0,0,1,52,65
OtterAttack,1,64,56,8,48,3,1,1,51,65
petty86,2,64,52,12,40,11,1,1,51,65
dexlense,1,64,55,9,46,4,1,1,50,65
nickwilcoxon,2,64,57,7,50,0,0,1,50,65
DarsKeo,2,64,54,10,44,5,1,1,49,65
MichaelC2585,1,64,55,9,46,3,1,1,49,65
fourtdsonegame,1,64,51,13,38,10,1,1,48,65
vkailas,1,64,53,11,42,6,1,1,48,65
cybermystic,2,64,50,14,36,11,2,1,47,65
immaderper,1,64,52,12,40,7,1,1,47,65
MoltenShadow,1,64,50,14,36,11,1,1,47,65
RealSp1t,1,64,52,12,40,7,1,1,47,65
Imsodarncool,2,63,51,12,39,7,2,2,46,65
jweck,1,64,55,9,46,0,1,1,46,65
SmyelsThe5th,1,64,52,12,40,6,1,1,46,65
gottacatchemal,1,64,52,12,40,4,1,1,44,65
MenialTasks,1,64,44,20,24,19,1,1,43,65
Somepenguinsss,1,64,52,12,40,3,1,1,43,65
takingbacksun,1,64,51,13,38,5,1,1,43,65
ObligitoryPuzzleRoom,1,64,49,15,34,8,1,1,42,65
irishblues81,2,63,51,12,39,2,2,2,41,65
wombatattack,1,64,51,13,38,3,1,1,41,65
fabreeze1989,1,64,49,15,34,7,0,1,41,65
aymcky,1,64,49,15,34,6,1,1,40,65
Bigfuckinjoe,1,64,51,13,38,2,1,1,40,65
Hypnotical,1,64,51,13,38,2,1,1,40,65
LesterIsMore,1,64,48,16,32,8,1,1,40,65
morkle13,1,65,51,14,37,3,1,0,40,65
ImSorryRumHam,1,64,49,15,34,6,0,1,40,65
jaosin,1,64,48,16,32,8,0,1,40,65
lithium86,1,64,48,16,32,7,1,1,39,65
thermoaway,1,64,49,15,34,5,1,1,39,65
Cfusee,2,63,49,14,35,3,2,2,38,65
eidas155,1,64,50,14,36,2,1,1,38,65
JourdanWithaU,1,64,50,14,36,2,1,1,38,65
ruffgem,1,64,50,14,36,2,1,1,38,65
altapowderkid,1,65,49,16,33,4,1,0,37,65
Rhyno47,1,64,48,16,32,5,1,1,37,65
sonofarex,2,63,42,21,21,15,2,2,36,65
vandalcookies,1,64,49,15,34,2,1,1,36,65
slowcal,1,64,46,18,28,8,0,1,36,65
downs_eyes,1,65,49,16,33,2,1,0,35,65
stevsa,3,62,45,17,28,6,2,3,34,65
MWoodland,1,64,49,15,34,0,1,1,34,65
mynamespaghetti,1,64,45,19,26,8,1,1,34,65
smoelge,1,64,45,19,26,8,1,1,34,65
jimboblious,2,63,46,17,29,4,2,2,33,65
biitchhplease,1,64,47,17,30,3,1,1,33,65
Fozzyhead43,1,64,46,18,28,5,1,1,33,65
hiyosilver,1,65,44,21,23,10,1,0,33,65
kartytrak,1,64,47,17,30,3,1,1,33,65
pricerange,1,65,46,19,27,6,1,0,33,65
JobForACowboy,2,63,45,18,27,5,2,2,32,65
Sgt_Ice_Bucket,1,64,44,20,24,8,1,1,32,65
slapFIVE,1,64,48,16,32,0,1,1,32,65
sortakindalike,1,64,48,16,32,0,1,1,32,65
UselessCreation,1,64,47,17,30,2,1,1,32,65
A_la_max,1,64,48,16,32,0,0,1,32,65
ToxicSkeetSauce,3,62,46,16,30,2,0,3,32,65
brokendimension,2,63,45,18,27,4,2,2,31,65
Mr_Death1996,2,63,46,17,29,2,2,2,31,65
glandyover,1,64,44,20,24,7,1,1,31,65
MWozz,2,64,45,19,26,5,1,1,31,65
Sasquatchfl,2,63,43,20,23,8,1,2,31,65
loudassassin,2,63,45,18,27,3,2,2,30,65
xeriscaped,2,64,41,23,18,12,2,1,30,65
heatfists,1,65,42,23,19,11,1,0,30,65
ohforkme,1,64,41,23,18,12,1,1,30,65
wes00mertes,1,65,44,21,23,7,1,0,30,65
Opethian666,1,64,43,21,22,8,0,1,30,65
sa_node,1,65,47,18,29,0,1,0,29,65
Xelol,1,64,45,19,26,3,1,1,29,65
lwhitc00,2,63,45,18,27,2,0,2,29,65
Von_Skyhawk,2,63,44,19,25,4,0,2,29,65
Evanferrall,1,64,43,21,22,6,1,1,28,65
justjmack,1,64,46,18,28,0,1,1,28,65
pknut89,1,64,46,18,28,0,1,1,28,65
UpvotesForEveryoneee,1,64,46,18,28,0,1,1,28,65
DagoStorm,1,64,42,22,20,8,0,1,28,65
Ep1cD1M3,1,64,44,20,24,4,0,1,28,65
beepbeepimajeep_,1,64,43,21,22,5,1,1,27,65
calmbatman,1,64,36,28,8,19,1,1,27,65
SuicidalAlpaca,1,64,43,21,22,5,1,1,27,65
Xiltra,1,64,43,21,22,5,0,1,27,65
Dr_Faux,1,64,41,23,18,8,1,1,26,65
where_is_the_any_key,1,64,43,21,22,3,1,1,25,65
rusemean,2,64,43,21,22,2,2,1,24,65
jgarner413,1,64,44,20,24,0,1,1,24,65
McGuffin,1,65,40,25,15,9,1,0,24,65
probablynotfunny,1,64,42,22,20,4,1,1,24,65
XDValkyrieXD,1,64,41,23,18,6,1,1,24,65
Caladriel,1,64,43,21,22,2,0,1,24,65
Lotty1112,2,63,43,20,23,0,2,2,23,65
TeamProjeKt,2,64,41,23,18,5,2,1,23,65
evilCarl53,1,64,41,23,18,5,1,1,23,65
itfeelsfeynman,1,65,44,21,23,0,1,0,23,65
Nick_tempest,2,63,41,22,19,4,0,2,23,65
australiapride,1,64,40,24,16,6,1,1,22,65
griffinn,1,64,43,21,22,0,1,1,22,65
Lacigol,1,64,42,22,20,2,1,1,22,65
this_is_debatable,1,64,36,28,8,14,1,1,22,65
FancyShadow,1,64,42,22,20,2,0,1,22,65
PsiLoCyBiNTriP,2,63,40,23,17,4,2,2,21,65
Coooturtle,1,65,41,24,17,4,1,0,21,65
definitelynotarepost,1,64,41,23,18,3,1,1,21,65
FUCK_YEAH_DUDE,1,64,41,23,18,3,1,1,21,65
b0wles,1,64,41,23,18,2,1,1,20,65
mertkcu,1,64,42,22,20,0,1,1,20,65
soundclip989,1,64,37,27,10,10,1,1,20,65
CoBro,1,64,40,24,16,3,1,1,19,65
meed0k,2,63,37,26,11,7,2,2,18,65
Do_as_I_Say,1,65,37,28,9,9,1,0,18,65
MiggsBoson,1,64,40,24,16,2,1,1,18,65
Spideymv,1,64,36,28,8,10,1,1,18,65
solsticeburn,2,63,40,23,17,0,2,2,17,65
wolfei,1,64,40,24,16,0,1,1,16,65
iRainMak3r,4,61,30,31,-1,16,2,4,15,65
rahr12341,2,63,37,26,11,4,2,2,15,65
FantasticMrToad,2,63,39,24,15,0,1,2,15,65
itisjabob,2,63,37,26,11,4,1,2,15,65
MrBlockOfCheese,1,65,37,28,9,6,1,0,15,65
anthony0721,2,63,36,27,9,5,2,2,14,65
Snoopyalien24,1,64,39,25,14,0,1,1,14,65
stinky_fudge,1,64,36,28,8,5,1,1,13,65
vcatdoor,1,64,34,30,4,9,1,1,13,65
vikmaychib,1,64,37,27,10,3,1,1,13,65
Creepergonnacreep,4,62,34,28,6,6,3,3,12,65
etihw2,1,64,35,29,6,6,1,1,12,65
zanerbery,2,63,37,26,11,0,2,2,11,65
icevolcano,1,64,37,27,10,0,1,1,10,65
ZamShadow,1,64,36,28,8,2,1,1,10,65
ashtong,2,63,36,27,9,0,2,2,9,65
pocketelvis,2,63,34,29,5,4,2,2,9,65
PKMN-Trainer-Red,1,64,33,31,2,7,1,1,9,65
SageDx,1,64,36,28,8,0,0,1,8,65
bfjs123,1,64,35,29,6,0,1,1,6,65
Emceesquared,1,65,34,31,3,3,1,0,6,65
anonymizzle,1,64,33,31,2,3,1,1,5,65
GeniusUsername,3,62,31,31,0,4,3,3,4,65
eazhar,3,65,27,38,-11,15,1,0,4,65
Reconaction,2,63,31,32,-1,3,1,2,2,65
TheTegalad,4,61,30,31,-1,2,4,4,1,65
megaqwertification,2,63,32,31,1,0,2,2,1,65
PsychoticGamer,1,64,30,34,-4,4,1,1,0,65
girlsrule1,3,62,21,41,-20,4,1,3,-16,65
CptBoots,1,64,59,5,54,10,1,0,64,64
Driftking42,1,63,50,13,37,23,1,1,60,64
MadeOfEyelashes,2,62,53,9,44,14,2,2,58,64
mrmolecularbiology,1,63,52,11,41,17,0,1,58,64
mealbaffler,1,63,53,10,43,13,1,1,56,64
IleNosirrah,1,63,57,6,51,3,0,1,54,64
jodi15,1,63,51,12,39,13,1,1,52,64
jmaka,1,63,53,10,43,6,1,1,49,64
ispeakpikey,1,63,55,8,47,2,0,1,49,64
guillermosaavedra,1,63,54,9,45,3,1,1,48,64
nancybotwinning,1,64,56,8,48,0,1,0,48,64
GelMibson,1,63,55,8,47,0,1,1,47,64
datenwolf,2,63,48,15,33,11,1,1,44,64
KingJebus,1,63,53,10,43,0,1,1,43,64
patrickxavier,1,63,52,11,41,2,1,1,43,64
LazyComet,1,63,48,15,33,9,1,1,42,64
mzlgz,1,64,51,13,38,4,1,0,42,64
drewhag,2,62,49,13,36,6,0,2,42,64
darkangelxX447,2,64,51,13,38,3,2,0,41,64
lawwruhh,1,63,52,11,41,0,1,1,41,64
Shellymichelley,2,62,50,12,38,3,1,2,41,64
DrDanni,1,63,45,18,27,13,1,1,40,64
EvilCalamari,1,63,47,16,31,9,1,1,40,64
SolKool,1,63,50,13,37,3,1,1,40,64
Dilton,2,62,47,15,32,7,2,2,39,64
Chollar1,1,63,49,14,35,4,1,1,39,64
OGMaverick,1,63,51,12,39,0,1,1,39,64
pddro,1,63,48,15,33,6,1,1,39,64
PGBkiller,1,63,51,12,39,0,1,1,39,64
REPTARJESUS,1,63,51,12,39,0,1,1,39,64
skier,1,63,50,13,37,2,1,1,39,64
inheritor,1,64,46,18,28,11,0,0,39,64
capnslapaho,1,63,45,18,27,10,1,1,37,64
literallyfigurative,1,63,47,16,31,6,1,1,37,64
littlejilly,1,63,48,15,33,4,1,1,37,64
OperationRepost,1,63,46,17,29,8,1,1,37,64
shabbadu,1,63,45,18,27,10,1,1,37,64
shadynasty44,1,64,49,15,34,3,1,0,37,64
McNeecholas,1,63,48,15,33,4,0,1,37,64
AToasterSeagul,1,63,48,15,33,3,1,1,36,64
nothingfood,1,63,48,15,33,3,1,1,36,64
tehhwa,1,64,47,17,30,6,1,0,36,64
shamusoconner,2,63,44,19,25,10,2,1,35,64
AA72ON,1,64,47,17,30,5,1,0,35,64
Aadriak,1,63,46,17,29,6,1,1,35,64
alewar,1,63,45,18,27,8,1,1,35,64
JohnnyChronocide,1,63,46,17,29,6,1,1,35,64
milkbone20,1,64,44,20,24,11,1,0,35,64
Mr_Wendal,1,64,47,17,30,5,1,0,35,64
neon_bowser,1,63,45,18,27,8,1,1,35,64
Cordicuss,1,63,41,22,19,15,1,1,34,64
igotzquestions,1,63,46,17,29,5,1,1,34,64
mcnagnog,2,62,47,15,32,2,1,2,34,64
mitchiebitchie,1,63,47,16,31,3,1,1,34,64
rockstang,1,63,47,16,31,3,1,1,34,64
AcrazyVehicle,2,62,45,17,28,5,2,2,33,64
bballrnm,2,63,47,16,31,2,2,1,33,64
modomario,1,63,40,23,17,16,1,1,33,64
Skiptar,1,63,46,17,29,4,0,1,33,64
violatedbrandon,1,63,44,19,25,7,1,1,32,64
AndrewPresnal,3,61,44,17,27,4,2,3,31,64
FreaXoMatic,2,63,36,27,9,22,2,1,31,64
neebo_2323,2,63,46,17,29,2,2,1,31,64
Dtapman,1,63,45,18,27,4,1,1,31,64
Mclovin204,2,62,45,17,28,3,1,2,31,64
Miguelzilla,1,64,45,19,26,5,1,0,31,64
neilope,1,64,39,25,14,17,1,0,31,64
SecondhandSmile,1,63,47,16,31,0,0,1,31,64
Sadgasmic,2,62,36,26,10,20,2,2,30,64
leap2,1,63,43,20,23,7,1,1,30,64
adidasaids,1,63,42,21,21,9,0,1,30,64
DadleyBreaker,1,63,46,17,29,0,1,1,29,64
Kramol,1,63,44,19,25,3,1,1,28,64
Lucid_Nonsense,1,64,45,19,26,2,1,0,28,64
hadyro,1,63,44,19,25,2,1,1,27,64
justpoo,1,64,44,20,24,3,1,0,27,64
NoDescript,1,63,45,18,27,0,1,1,27,64
notforrest,1,63,43,20,23,4,1,1,27,64
SkoobySnax,1,63,45,18,27,0,1,1,27,64
TacoxOFxBell,1,63,45,18,27,0,1,1,27,64
ToastIsLove,1,63,42,21,21,6,1,1,27,64
The_Legend_,3,62,43,19,24,2,3,2,26,64
MitchSlick,1,63,42,21,21,5,1,1,26,64
BrowncoatBob,1,63,44,19,25,0,1,1,25,64
glados_v2,1,63,43,20,23,2,1,1,25,64
jack_jackingston,1,63,43,20,23,2,1,1,25,64
jillypepper,1,63,40,23,17,8,1,1,25,64
knottylazygrunt,1,63,42,21,21,4,1,1,25,64
Lumpzor,1,63,43,20,23,2,1,1,25,64
Vince-Trousers,1,63,40,23,17,8,1,1,25,64
waffleman1296,1,63,41,22,19,6,1,1,25,64
Zoomer13,1,63,44,19,25,0,1,1,25,64
theytook-r-jobs,3,62,42,20,22,2,2,2,24,64
noob1337,2,63,42,21,21,3,1,1,24,64
superfuckinawesome,1,63,42,21,21,3,1,1,24,64
SykenDrent,1,63,42,21,21,3,1,1,24,64
TheShop,1,63,40,23,17,7,1,1,24,64
actavista,1,63,39,24,15,8,1,1,23,64
ashestoart,1,63,42,21,21,2,1,1,23,64
AwkwardTimeLord,2,62,38,24,14,9,1,2,23,64
barichnikov,1,63,42,21,21,2,1,1,23,64
dem2alem,1,63,42,21,21,2,1,1,23,64
Fernangello,1,63,37,26,11,12,1,1,23,64
luigi7,1,63,41,22,19,4,1,1,23,64
Shit-For-Brains,1,63,43,20,23,0,1,1,23,64
kivikova,1,63,43,20,23,0,0,1,23,64
skipow,1,63,40,23,17,6,0,1,23,64
kvothesnow,1,64,40,24,16,6,1,0,22,64
oneir0naut0,1,63,41,22,19,3,1,1,22,64
PistolPete23,1,64,38,26,12,10,1,0,22,64
seckmanlb49,2,62,40,22,18,4,1,2,22,64
driziri,2,62,39,23,16,6,0,2,22,64
anomalicspork,1,63,41,22,19,2,1,1,21,64
DinoJr14,1,63,40,23,17,4,1,1,21,64
jackmanning,1,63,39,24,15,6,1,1,21,64
ozspook,1,63,39,24,15,6,1,1,21,64
kcoolz,1,63,41,22,19,2,0,1,21,64
D0pl,1,63,37,26,11,9,1,1,20,64
radagast_bd,1,63,38,25,13,7,1,1,20,64
djmagichat,1,63,40,23,17,2,1,1,19,64
jdonivan,1,63,38,25,13,6,1,1,19,64
paul63,1,63,32,31,1,18,1,1,19,64
Tera_Lizard,3,61,38,23,15,3,2,3,18,64
DMod,1,63,39,24,15,3,1,1,18,64
mc78644n,1,63,39,24,15,3,1,1,18,64
smytro,2,62,39,23,16,2,1,2,18,64
alibong0,1,63,37,26,11,6,1,1,17,64
DBAWDBAWDBAW,1,63,36,27,9,8,1,1,17,64
Deadmanx132489,1,63,40,23,17,0,1,1,17,64
StayPuft706,1,63,40,23,17,0,1,1,17,64
xenonblast,1,63,40,23,17,0,1,1,17,64
noahlin,1,63,37,26,11,6,0,1,17,64
AFG991,1,63,37,26,11,5,1,1,16,64
br1kksquad,1,63,36,27,9,7,1,1,16,64
Granted007,1,63,37,26,11,4,1,1,15,64
IsThisAJoke,1,63,37,26,11,4,1,1,15,64
mishfish314,1,63,38,25,13,2,1,1,15,64
solirene,1,63,35,28,7,8,1,1,15,64
moparornocar,2,62,34,28,6,8,2,2,14,64
MrSativa,2,63,37,26,11,3,2,1,14,64
Specf0ur,2,63,35,28,7,7,2,1,14,64
TheLonelyLemon,1,63,37,26,11,3,1,1,14,64
Dennis_Rodman,1,63,38,25,13,0,1,1,13,64
HeathenBarbie,1,63,36,27,9,4,1,1,13,64
Laced,1,63,35,28,7,6,1,1,13,64
panda_handler,1,63,36,27,9,3,1,1,12,64
RandlePatrick,1,63,35,28,7,5,1,1,12,64
aces613,4,61,35,26,9,2,2,3,11,64
jademonkey7988,1,63,37,26,11,0,1,1,11,64
generalpoochy,1,64,35,29,6,4,1,0,10,64
k23678,1,63,34,29,5,5,1,1,10,64
Dubrider,5,59,34,25,9,0,3,5,9,64
Grizztopher,2,62,31,31,0,9,2,2,9,64
halvah96,1,63,36,27,9,0,1,1,9,64
heber10ke,1,63,35,28,7,2,1,1,9,64
iambobloblaw,3,61,29,32,-3,12,0,3,9,64
Franzo208,1,63,34,29,5,3,0,1,8,64
leebj,1,63,34,29,5,3,0,1,8,64
dracoirs,1,63,30,33,-3,10,1,1,7,64
sicsixxghoulscout,1,63,32,31,1,5,1,1,6,64
Psiphaser,3,61,29,32,-3,8,3,3,5,64
Kracus,1,64,33,31,2,3,1,0,5,64
mrtvi,1,63,34,29,5,0,1,1,5,64
zkick08,2,62,31,31,0,4,2,2,4,64
TheeBear34,1,63,33,30,3,0,1,1,3,64
vengefulltoast,1,63,29,34,-5,8,1,1,3,64
MrFantasticGDB,1,63,30,33,-3,5,1,1,2,64
CrazyWebDev,3,61,26,35,-9,10,3,3,1,64
dimetri,1,63,32,31,1,0,1,1,1,64
turbo-dave,2,62,31,31,0,0,1,2,0,64
magic_fergie,1,63,28,35,-7,4,0,1,-3,64
Jmillerdude,3,61,27,34,-7,2,3,3,-5,64
jtz_88,1,64,28,36,-8,3,1,0,-5,64
Tyler_Was_Here,2,62,22,40,-18,2,1,2,-16,64
wolf_man_43_,1,62,56,6,50,12,1,1,62,63
BeeSilver9,1,62,49,13,36,24,1,1,60,63
brocahantas,2,61,52,9,43,16,2,2,59,63
Nobody_home,1,62,56,6,50,5,1,1,55,63
thexavier,1,63,56,7,49,6,1,0,55,63
nebetsu,1,62,56,6,50,4,1,1,54,63
goboatmen,1,63,56,7,49,3,1,0,52,63
Ocrasorm,1,62,53,9,44,7,1,1,51,63
travelersfolly,1,62,54,8,46,5,1,1,51,63
MikhailsModernLife,2,62,52,10,42,8,1,1,50,63
Ninja4hire,1,62,55,7,48,2,1,1,50,63
nonubiq,1,62,55,7,48,2,1,1,50,63
mysteryi,1,62,52,10,42,7,0,1,49,63
foodfighter,1,63,53,10,43,5,1,0,48,63
Nomands___Land,1,62,55,7,48,0,1,1,48,63
ravn67,1,62,51,11,40,8,1,1,48,63
fistfullaberries,1,62,51,11,40,8,0,1,48,63
I-fix-nothing,1,62,51,11,40,7,0,1,47,63
louisaellis,1,62,50,12,38,8,1,1,46,63
kking,1,63,50,13,37,8,1,0,45,63
BikeLove36,1,62,53,9,44,0,1,1,44,63
chak2005,1,62,53,9,44,0,1,1,44,63
kotatitten,1,62,50,12,38,6,0,1,44,63
jackfate11,1,62,51,11,40,3,0,1,43,63
girlinthebluebox,1,62,51,11,40,2,1,1,42,63
iskreamsocial,1,62,47,15,32,10,1,1,42,63
thrillmeup,1,62,50,12,38,4,1,1,42,63
antonehenry,1,63,52,11,41,0,1,0,41,63
iamtheonlyirishman,2,61,49,12,37,4,1,2,41,63
shotofbelvedere4,1,62,50,12,38,3,1,1,41,63
username_win,1,62,48,14,34,7,0,1,41,63
Clauderoughly,1,62,43,19,24,16,1,1,40,63
hextop3333,1,62,50,12,38,2,1,1,40,63
sudzy101,1,62,47,15,32,8,1,1,40,63
vergat,1,62,51,11,40,0,0,1,40,63
madturk77,1,62,47,15,32,7,1,1,39,63
Sci-fiAndHappiness,1,63,49,14,35,4,1,0,39,63
chickenbutt4000,1,62,47,15,32,6,1,1,38,63
JohnDoezen,1,62,49,13,36,2,1,1,38,63
Tallchief,1,62,46,16,30,8,1,1,38,63
trueflipmode,1,62,49,13,36,2,1,1,38,63
this_time_i_mean_it,2,63,47,16,31,6,2,0,37,63
Asmor,1,62,47,15,32,5,1,1,37,63
beantrouser,1,62,47,15,32,5,1,1,37,63
JIsaak,1,63,49,14,35,2,1,0,37,63
LookAtMeHector,2,61,44,17,27,9,2,2,36,63
dr_funkenberry,1,62,46,16,30,6,1,1,36,63
SCIFI780,1,62,46,16,30,6,1,1,36,63
tranceypants,1,62,49,13,36,0,1,1,36,63
captdoodles,1,62,46,16,30,6,0,1,36,63
dosangst,3,61,45,16,29,6,2,2,35,63
Big_Bank,1,62,47,15,32,3,1,1,35,63
smacksaw,1,62,46,16,30,5,1,1,35,63
Samanthrax,1,62,48,14,34,0,1,1,34,63
Sick_Cats,1,62,48,14,34,0,1,1,34,63
King_of_Beets,1,62,42,20,22,12,0,1,34,63
DiabolicalDill,2,61,26,35,-9,42,2,2,33,63
ashinyfeebas,1,62,46,16,30,3,1,1,33,63
greymatterharddrive,2,61,44,17,27,5,2,2,32,63
Catwednesday,1,62,47,15,32,0,1,1,32,63
eviltrollwizard,1,62,46,16,30,2,1,1,32,63
Kiera_licious,1,62,44,18,26,6,1,1,32,63
ndougla2,1,63,45,18,27,5,1,0,32,63
otheraccountisdead,1,62,47,15,32,0,1,1,32,63
UpperExcess,1,62,47,15,32,0,1,1,32,63
TheTylerB,1,62,46,16,30,2,0,1,32,63
AndroidAdonis,1,62,45,17,28,3,1,1,31,63
b_normal_y,1,62,45,17,28,3,1,1,31,63
Birdjizz,1,62,41,21,20,11,1,1,31,63
mangosmooth,1,62,45,17,28,3,1,1,31,63
missrebexca,1,62,44,18,26,5,1,1,31,63
Rocky_Whore,1,62,43,19,24,7,1,1,31,63
Badass_Cactus,1,62,45,17,28,2,1,1,30,63
SarahPalinsBallsack,1,62,44,18,26,4,1,1,30,63
trollzard,1,62,43,19,24,6,1,1,30,63
ejallison,1,62,44,18,26,3,1,1,29,63
GeneralOurumov,1,62,44,18,26,3,1,1,29,63
serpererer,1,62,44,18,26,3,1,1,29,63
ASnowDay,1,62,42,20,22,6,1,1,28,63
BCP27,1,63,41,22,19,9,1,0,28,63
tedkong,1,62,40,22,18,10,1,1,28,63
volk201,1,62,45,17,28,0,1,1,28,63
PapaPersian,1,62,39,23,16,12,0,1,28,63
vaccamao,2,62,40,22,18,9,1,1,27,63
geraldthegiant,1,62,42,20,22,4,1,1,26,63
roosterlong,1,62,40,22,18,8,1,1,26,63
igotnothing320,1,63,42,21,21,4,1,0,25,63
LOLSTRALIA,1,62,40,22,18,6,1,1,24,63
my_little_mutation,1,62,42,20,22,2,1,1,24,63
nobody25864,1,62,43,19,24,0,1,1,24,63
TreeSapMartini,1,62,41,21,20,4,1,1,24,63
alltheprettyhorses,2,61,41,20,21,2,2,2,23,63
cowboykillers,2,61,40,21,19,4,1,2,23,63
trollagorn,1,62,40,22,18,5,1,1,23,63
_Eat_the_Rich_,1,62,42,20,22,0,1,1,22,63
dnLmicky,1,62,39,23,16,6,1,1,22,63
GoodLuckStevesy,1,62,37,25,12,10,1,1,22,63
HotLights,1,62,42,20,22,0,1,1,22,63
themostmoist,1,62,41,21,20,2,1,1,22,63
XbattlefieldX,2,62,40,22,18,4,1,1,22,63
yeerandee,1,62,39,23,16,6,1,1,22,63
conrthomas,3,63,41,22,19,2,2,0,21,63
Tharpless,1,62,40,22,18,3,1,1,21,63
Octavius0774,2,61,40,21,19,2,0,2,21,63
SmallBoy30,1,62,40,22,18,3,0,1,21,63
choast,1,62,39,23,16,4,1,1,20,63
kinpopdj,1,62,38,24,14,6,1,1,20,63
Munner83,1,62,37,25,12,8,1,1,20,63
SKostohryz,2,61,39,22,17,3,1,2,20,63
Spider892,1,62,41,21,20,0,1,1,20,63
InfiniteLiveZ,1,63,38,25,13,6,1,0,19,63
DoctorFrew,3,60,39,21,18,0,3,3,18,63
Rodden,2,61,38,23,15,3,2,2,18,63
tonyz3t,1,62,39,23,16,2,1,1,18,63
LieutenantCuppycake,1,62,40,22,18,0,0,1,18,63
AveryGo3sRawr,2,61,38,23,15,2,2,2,17,63
CyrisXD,1,62,38,24,14,3,1,1,17,63
Irepostgifs,1,62,38,24,14,3,1,1,17,63
JesusDidTheBlueMeth,2,61,30,31,-1,18,1,2,17,63
Montreal-Syrian,1,63,37,26,11,6,1,0,17,63
Alsqr,1,62,36,26,10,6,1,1,16,63
buckett421,1,62,39,23,16,0,1,1,16,63
Kurindal,1,62,39,23,16,0,1,1,16,63
taylorsv42,1,62,36,26,10,6,1,1,16,63
yeah-yeah4,1,62,38,24,14,2,1,1,16,63
Doeo,1,62,36,26,10,5,1,1,15,63
Mattachoo,1,63,39,24,15,0,1,0,15,63
Srgsweet,1,62,36,26,10,5,1,1,15,63
mirchoff,1,62,36,26,10,4,1,1,14,63
trollpllanet,1,62,37,25,12,2,1,1,14,63
Only_Sais_This,1,63,36,27,9,4,1,0,13,63
Georgerm,1,62,35,27,8,5,0,1,13,63
SunriseLollipop,1,62,37,25,12,0,1,1,12,63
Helmetrez,2,61,36,25,11,0,2,2,11,63
MonicaMarieee,2,61,36,25,11,0,2,2,11,63
gnrslash1987,1,62,34,28,6,5,1,1,11,63
jlark13343,4,59,33,26,7,3,3,4,10,63
fusems,1,62,36,26,10,0,1,1,10,63
thefuckcameraman,1,62,36,26,10,0,1,1,10,63
Missloki,1,62,36,26,10,0,0,1,10,63
nismo28,1,62,34,28,6,4,0,1,10,63
very-friENTly,1,62,31,31,0,10,0,1,10,63
kosen13,2,61,34,27,7,2,2,2,9,63
xShoie,3,62,33,29,4,5,2,1,9,63
DarwinAndCo,1,62,28,34,-6,15,1,1,9,63
pup2551,1,62,32,30,2,6,1,1,8,63
rasak44,1,62,35,27,8,0,0,1,8,63
criticalmess,1,62,32,30,2,4,1,1,6,63
introvert12,1,62,29,33,-4,9,1,1,5,63
end_of_discussion,1,62,33,29,4,0,1,1,4,63
hellowill89,1,62,32,30,2,2,1,1,4,63
jocobh22,3,62,32,30,2,2,1,1,4,63
Kage7,1,62,32,30,2,2,1,1,4,63
mestivo,1,62,29,33,-4,7,0,1,3,63
shaggietv4,3,60,31,29,2,0,2,3,2,63
Phyrevixen,2,61,31,30,1,0,2,2,1,63
tractorguy,1,62,29,33,-4,4,1,1,0,63
Varriable,3,60,27,33,-6,5,1,3,-1,63
YouTubeCommentsOnly,1,62,29,33,-4,3,1,1,-1,63
trumper101,1,62,28,34,-6,4,1,1,-2,63
johnrkennedy,2,61,27,34,-7,4,2,2,-3,63
TodoFTW,1,62,28,34,-6,0,1,1,-6,63
takeabreathe,1,62,27,35,-8,0,1,1,-8,63
brandnewset,2,60,49,11,38,19,2,2,57,62
marceline407,1,62,50,12,38,17,1,0,55,62
LongJohnKong,1,61,55,6,49,4,1,1,53,62
rompwns,1,61,57,4,53,0,1,1,53,62
lordsonam,1,61,57,4,53,0,0,1,53,62
CurrentsConvulsive,1,61,54,7,47,5,1,1,52,62
IntergalacticMuffin,1,61,47,14,33,18,1,1,51,62
123mac,1,62,55,7,48,2,1,0,50,62
has_a_cat,1,61,54,7,47,3,1,1,50,62
seecs,1,61,52,9,43,7,1,1,50,62
megloooo,1,61,53,8,45,3,1,1,48,62
ChuckAccount22222,1,62,52,10,42,3,1,0,45,62
cornbread_tp,1,61,53,8,45,0,1,1,45,62
RarelyCoherent,1,61,49,12,37,8,1,1,45,62
ThereIsNoPepe-Silvia,2,60,47,13,34,11,0,2,45,62
JakeSteele,1,61,45,16,29,15,1,1,44,62
fuckbuttons,2,61,48,13,35,8,2,1,43,62
bigkongboss,1,61,52,9,43,0,1,1,43,62
carramrod191,2,60,47,13,34,8,2,2,42,62
getsmethroughcollege,1,61,48,13,35,7,1,1,42,62
LexMortis,1,62,41,21,20,22,1,0,42,62
melifer78,2,61,51,10,41,0,2,1,41,62
nom_nom_monster,2,61,50,11,39,2,2,1,41,62
territorialpoplar,1,61,50,11,39,2,1,1,41,62
ct_samurai,2,61,45,16,29,11,2,1,40,62
Nevinyral,2,60,46,14,32,8,1,2,40,62
ninthsamurai,1,61,48,13,35,5,1,1,40,62
drlarry,1,61,46,15,31,8,1,1,39,62
nwsart,1,61,47,14,33,6,1,1,39,62
ThePorticus,1,61,45,16,29,10,1,1,39,62
andersonsales,1,61,47,14,33,5,1,1,38,62
danielcrouch,1,62,49,13,36,2,1,0,38,62
SylarFox,2,60,46,14,32,5,2,2,37,62
Tadomeku,1,61,48,13,35,2,1,1,37,62
TRone33,1,61,47,14,33,4,1,1,37,62
SuperCrapalicious,1,61,49,12,37,0,0,1,37,62
IchooseYou,1,61,43,18,25,11,1,1,36,62
roxzylok,1,61,45,16,29,7,1,1,36,62
thebigmacho,2,60,42,18,24,12,1,2,36,62
londonbridge33,2,61,47,14,33,2,2,1,35,62
ChaosTheoryNZ,1,61,38,23,15,20,1,1,35,62
Daveyo520,2,61,47,14,33,2,1,1,35,62
HORRORSHOWDISCO,1,61,47,14,33,2,1,1,35,62
JanisIsBetter,1,61,48,13,35,0,1,1,35,62
oizown,1,62,43,19,24,11,1,0,35,62
Timisaghost,1,61,43,18,25,10,1,1,35,62
crispy3,1,61,48,13,35,0,0,1,35,62
5_assed_monkey,1,62,48,14,34,0,1,0,34,62
Esqu1re2b,1,61,46,15,31,3,1,1,34,62
JesusAteYourBaby,2,60,43,17,26,7,2,2,33,62
OzaTres,2,60,39,21,18,15,2,2,33,62
lmitchell8075,1,61,41,20,21,12,1,1,33,62
AKampfmueller,1,61,36,25,11,21,1,1,32,62
Electrocity,1,62,46,16,30,2,1,0,32,62
TheJanks,1,61,45,16,29,3,1,1,32,62
iampoop,1,61,45,16,29,2,1,1,31,62
jolly_rogered,1,61,46,15,31,0,1,1,31,62
m1k1f1ewkkkk,1,61,43,18,25,6,1,1,31,62
SirUtnut,1,61,37,24,13,18,1,1,31,62
TheLiegeEvilness,1,61,46,15,31,0,1,1,31,62
einperson,1,61,40,21,19,11,1,1,30,62
ItsBobDoleYo,1,61,44,17,27,3,1,1,30,62
apierson0,3,60,45,15,30,0,0,2,30,62
redromina,2,60,43,17,26,4,0,2,30,62
jeter751,1,61,41,20,21,8,1,1,29,62
jimi9087,1,62,44,18,26,3,1,0,29,62
Kela3000,1,61,42,19,23,6,1,1,29,62
massamassaa,1,61,43,18,25,4,1,1,29,62
moving0target,1,61,44,17,27,2,1,1,29,62
nuspeedscuba,1,61,44,17,27,2,1,1,29,62
russmcruss52,1,61,44,17,27,2,1,1,29,62
thekingroc,1,61,43,18,25,4,1,1,29,62
IsraelGonzalez,1,61,45,16,29,0,0,1,29,62
Zoeloebean,2,61,43,18,25,3,2,1,28,62
GolgiApparatus88,1,61,42,19,23,5,1,1,28,62
EXPL0D1NGP0NY,1,61,41,20,21,7,0,1,28,62
captapocalypse,2,60,41,19,22,5,2,2,27,62
Awixx,1,61,36,25,11,16,1,1,27,62
Capt_Havok,1,61,40,21,19,8,1,1,27,62
GordonPhilips,1,61,44,17,27,0,1,1,27,62
ps376,1,61,44,17,27,0,1,1,27,62
spaessken,1,61,42,19,23,4,1,1,27,62
tschwein92,2,60,41,19,22,4,2,2,26,62
WackoSlacko,2,60,38,22,16,10,2,2,26,62
caphits,1,61,42,19,23,3,1,1,26,62
darkstile,1,62,42,20,22,4,1,0,26,62
echopaff,1,61,41,20,21,5,1,1,26,62
yourik445,3,59,41,18,23,2,3,3,25,62
caroline_reynolds,2,60,40,20,20,5,1,2,25,62
Madschr,1,61,35,26,9,16,1,1,25,62
MattieMcNasty,1,61,43,18,25,0,1,1,25,62
XxIamTwelvexX,2,61,36,25,11,14,1,1,25,62
dc1-3,1,61,39,22,17,7,1,1,24,62
deeoh,1,61,40,21,19,5,1,1,24,62
sizobonana_Mngani,2,60,42,18,24,0,1,2,24,62
Slugge,1,61,35,26,9,15,1,1,24,62
amosbr,2,61,41,20,21,2,1,1,23,62
Funkafize,1,61,42,19,23,0,1,1,23,62
Kitten_Archbishop,1,61,41,20,21,2,1,1,23,62
leaffan_digger,1,61,42,19,23,0,1,1,23,62
lostinkmart,1,61,40,21,19,4,1,1,23,62
MyNameIsNotMatt,1,61,42,19,23,0,1,1,23,62
nolandynamite,1,61,42,19,23,0,1,1,23,62
novenator,1,61,35,26,9,14,1,1,23,62
onetwofourthree,1,61,38,23,15,8,1,1,23,62
radicalairhead,2,60,41,19,22,0,2,2,22,62
Feenoh,1,61,36,25,11,11,1,1,22,62
purpletroll,1,61,38,23,15,7,1,1,22,62
Sheepgotoheaven,1,61,40,21,19,3,1,1,22,62
drzoidbergg,2,60,36,24,12,10,0,2,22,62
Dimitrodon,2,60,39,21,18,3,2,2,21,62
adossa,1,61,40,21,19,2,1,1,21,62
jamestown112,1,61,41,20,21,0,1,1,21,62
speekEnglish,1,61,37,24,13,7,1,1,20,62
stereotypeless,3,59,39,20,19,0,3,3,19,62
forumkid,1,61,40,21,19,0,1,1,19,62
RapersGonnaRape,1,61,40,21,19,0,1,1,19,62
taaaylortaaay,1,61,40,21,19,0,1,1,19,62
Gilbear3,1,61,30,31,-1,20,0,1,19,62
Blatherbee,1,61,36,25,11,7,1,1,18,62
captainhamalam,1,61,36,25,11,7,1,1,18,62
dogsdieinhotcars,2,60,39,21,18,0,1,2,18,62
seahorseolympics,1,61,35,26,9,9,1,1,18,62
VoodooEconomist,1,61,36,25,11,7,1,1,18,62
TechFocus,1,61,38,23,15,3,0,1,18,62
ChipperJones87,2,60,37,23,14,3,2,2,17,62
BlackSheep47,2,61,39,22,17,0,1,1,17,62
DreadedGazebo,1,61,39,22,17,0,1,1,17,62
Mattyfaz,1,61,37,24,13,4,1,1,17,62
stationcommando,1,61,37,24,13,4,1,1,17,62
OmegaHunter9,2,60,37,23,14,3,0,2,17,62
renbo,1,61,35,26,9,7,1,1,16,62
JSandoval08,1,61,36,25,11,5,0,1,16,62
abcleanonme,1,61,36,25,11,4,1,1,15,62
demonzid,1,61,38,23,15,0,1,1,15,62
fertehlulz,1,61,37,24,13,2,1,1,15,62
Crtl-Alt-Delete,1,61,38,23,15,0,0,1,15,62
bigtubofwater,1,61,36,25,11,3,1,1,14,62
Ferronator,1,61,34,27,7,7,1,1,14,62
Mayortomatillo,1,62,36,26,10,4,1,0,14,62
moornik,2,60,34,26,8,6,1,2,14,62
SamMaghsoodloo,1,62,37,25,12,2,1,0,14,62
tdstash,4,58,32,26,6,7,4,4,13,62
uber_space_whale,3,59,35,24,11,2,2,3,13,62
BulwarkCoco,1,61,37,24,13,0,1,1,13,62
GOOCH_TICKLER,1,61,36,25,11,2,1,1,13,62
snapin,2,61,32,29,3,10,1,1,13,62
The_pedo123,1,61,37,24,13,0,1,1,13,62
pissuoff,2,60,36,24,12,0,2,2,12,62
FakePseudonym,1,61,36,25,11,0,1,1,11,62
ilikemywomenfemale,1,61,26,35,-9,20,1,1,11,62
SethSA,1,61,33,28,5,6,1,1,11,62
ytupcoming,1,61,34,27,7,4,1,1,11,62
internetsuperhero,1,61,34,27,7,3,1,1,10,62
space_curves,2,60,31,29,2,7,2,2,9,62
drqxx,1,62,33,29,4,5,1,0,9,62
Wideskream,1,61,32,29,3,6,1,1,9,62
roflcopterzomg2,1,61,34,27,7,2,0,1,9,62
t_11,2,60,32,28,4,3,2,2,7,62
C11Scriber,1,61,31,30,1,5,1,1,6,62
klori,1,62,32,30,2,4,1,0,6,62
nowhayjose,4,59,31,28,3,2,3,3,5,62
Yodute,2,60,27,33,-6,11,2,2,5,62
CujoSanto,2,60,27,33,-6,10,1,2,4,62
brightfalls,1,61,29,32,-3,6,1,1,3,62
Lazy_Genius,1,62,28,34,-6,6,1,0,0,62
luckyz13,1,61,28,33,-5,5,1,1,0,62
rmill3r,1,61,28,33,-5,5,1,1,0,62
warningfromspace,2,60,29,31,-2,2,0,2,0,62
JustGame,1,61,30,31,-1,0,1,1,-1,62
whtdafuqevr,1,61,28,33,-5,0,1,1,-5,62
umen72,2,60,27,33,-6,0,2,2,-6,62
RussianBeagle,1,60,54,6,48,14,0,1,62,61
mogifax,1,60,52,8,44,14,1,1,58,61
ilocait,1,60,56,4,52,3,1,1,55,61
eelsushi,1,60,56,4,52,0,1,1,52,61
Tuvix,1,60,55,5,50,2,1,1,52,61
AlleyCat59105,1,60,46,14,32,19,1,1,51,61
jfitty,1,61,55,6,49,2,1,0,51,61
SummerSkinn,1,60,54,6,48,3,1,1,51,61
Lolatheboxer,1,60,53,7,46,4,1,1,50,61
unconventionalspork,1,60,53,7,46,4,1,1,50,61
Red_Pandaa,1,60,39,21,18,31,1,1,49,61
-JS-,1,60,52,8,44,4,1,1,48,61
MrGrumpyins,1,60,52,8,44,4,1,1,48,61
Snuggadillo,1,60,54,6,48,0,1,1,48,61
elitepantz,1,60,53,7,46,2,0,1,48,61
nitzua,1,60,53,7,46,0,1,1,46,61
T_Thomas,1,60,52,8,44,2,1,1,46,61
disembodiedgeniehead,1,61,53,8,45,0,1,0,45,61
i1vanya,2,59,51,8,43,2,1,2,45,61
malickmobeen,2,59,47,12,35,10,1,2,45,61
MrKindbud,1,60,51,9,42,3,1,1,45,61
nickaroo,1,60,51,9,42,3,1,1,45,61
TheAwesomeRedditor,1,60,50,10,40,5,1,1,45,61
xKYLERxx,1,60,47,13,34,11,1,1,45,61
d4doodle,1,60,49,11,38,4,1,1,42,61
seriouslyjessie,1,60,51,9,42,0,1,1,42,61
winoneforthegipper,1,60,49,11,38,4,1,1,42,61
Rydel6,1,60,49,11,38,3,1,1,41,61
flashtone,1,60,50,10,40,0,1,1,40,61
OPKatten,1,60,38,22,16,24,1,1,40,61
TheShrubberyDemander,1,60,50,10,40,0,1,1,40,61
asterixpro,1,60,44,16,28,11,1,1,39,61
Kevinli89,1,61,48,13,35,4,1,0,39,61
Mhblea,2,59,49,10,39,0,1,2,39,61
Sexual_Walrus,1,60,48,12,36,3,1,1,39,61
ThatDamnGrei,1,61,44,17,27,12,1,0,39,61
GIRL_U_B_TRIPPIN,2,59,45,14,31,7,1,2,38,61
Jorgemeister,1,60,48,12,36,2,1,1,38,61
rcaldwel,1,60,46,14,32,6,1,1,38,61
rcborg,1,60,48,12,36,2,0,1,38,61
Rio747,1,60,43,17,26,11,1,1,37,61
undead_david,1,60,47,13,34,3,1,1,37,61
bbark96,1,60,48,12,36,0,1,1,36,61
haleyfax,1,60,48,12,36,0,1,1,36,61
herpichj,1,60,45,15,30,6,1,1,36,61
KarmaCide20,1,60,48,12,36,0,1,1,36,61
ninja-turtle-mate,1,60,42,18,24,12,1,1,36,61
THLycanthrope,2,59,40,19,21,15,1,2,36,61
william701,2,59,37,22,15,20,2,2,35,61
dya2106,1,61,45,16,29,6,1,0,35,61
fknoxw,1,60,46,14,32,3,1,1,35,61
Holy_shnikies,2,59,46,13,33,2,1,2,35,61
stupidonkey34,1,60,45,15,30,5,1,1,35,61
RyanJKremer,2,59,45,14,31,3,2,2,34,61
bingokongen,1,60,43,17,26,8,1,1,34,61
MitchKellogg,1,60,44,16,28,6,1,1,34,61
swashbucklersimon,1,60,45,15,30,4,1,1,34,61
Vyxxerooni,1,60,42,18,24,10,1,1,34,61
imafreakingtaco25,1,60,45,15,30,3,1,1,33,61
onceforgoton,1,60,43,17,26,6,1,1,32,61
skuppy,1,60,45,15,30,2,1,1,32,61
stonnewolf,1,61,44,17,27,5,1,0,32,61
Tom_the_Pirat3,1,60,46,14,32,0,1,1,32,61
goodeyesniper3221,1,60,45,15,30,2,0,1,32,61
Burgerkrieg,1,60,32,28,4,27,1,1,31,61
Diluted_Toothpaste,1,60,44,16,28,3,1,1,31,61
douguncensored,1,60,41,19,22,9,1,1,31,61
Vcom561,1,60,43,17,26,5,1,1,31,61
Drew774422,1,60,39,21,18,13,0,1,31,61
chrandymancan,1,60,45,15,30,0,1,1,30,61
CrescentStar,1,60,43,17,26,4,1,1,30,61
divstix,1,60,43,17,26,4,1,1,30,61
gyrosash,1,60,45,15,30,0,1,1,30,61
herrojew,2,59,43,16,27,3,1,2,30,61
pfly50,1,60,44,16,28,2,1,1,30,61
th3An0nyMoose,1,60,44,16,28,2,1,1,30,61
zooyork,1,60,45,15,30,0,1,1,30,61
gribrouen,1,60,43,17,26,3,1,1,29,61
Andinator,1,61,42,19,23,5,1,0,28,61
capnfluffybunny,1,60,44,16,28,0,1,1,28,61
JCorkill,1,60,43,17,26,2,1,1,28,61
PaddyO666,1,60,41,19,22,6,0,1,28,61
jlew24asu,3,58,40,18,22,5,2,3,27,61
Manwithtie,1,61,38,23,15,12,1,0,27,61
mrdiqbarney,1,60,42,18,24,3,1,1,27,61
paohi,1,60,37,23,14,13,1,1,27,61
EliasOliver,1,60,41,19,22,5,0,1,27,61
gurgler,3,59,39,20,19,8,0,2,27,61
drewmana,2,59,41,18,23,3,1,2,26,61
LTDerp,1,60,39,21,18,8,0,1,26,61
Mixava,1,60,41,19,22,3,1,1,25,61
ri0r,1,60,39,21,18,7,1,1,25,61
floridianfisher,3,59,39,20,19,5,3,2,24,61
andrey_shipilov,1,60,41,19,22,2,1,1,24,61
BroNamedJohn,1,60,39,21,18,6,1,1,24,61
pistolfromthepunjab,1,60,41,19,22,2,1,1,24,61
Turshfurst,1,60,41,19,22,2,1,1,24,61
bakerman92,1,60,39,21,18,5,1,1,23,61
FlippingKids,1,60,40,20,20,3,1,1,23,61
PixonNixonIxon,1,60,40,20,20,3,1,1,23,61
Zeulodin,1,60,39,21,18,5,1,1,23,61
CallMeKingPorkChop,1,60,40,20,20,2,1,1,22,61
irvo44,1,60,38,22,16,6,1,1,22,61
Levit0,1,61,37,24,13,9,1,0,22,61
Luckinhas,1,60,38,22,16,6,1,1,22,61
secondlifeonline,1,60,41,19,22,0,1,1,22,61
Schmeebs,2,59,40,19,21,0,2,2,21,61
Waffl3copter,2,60,39,21,18,3,2,1,21,61
auto01,1,61,39,22,17,4,1,0,21,61
fatbitchesanonymous,1,60,39,21,18,3,1,1,21,61
nate145,1,60,39,21,18,3,1,1,21,61
Msusparten130,2,59,38,21,17,3,2,2,20,61
Mae-Sakura,1,60,38,22,16,4,1,1,20,61
mbaugh88,1,60,40,20,20,0,1,1,20,61
slyscribe401,1,60,40,20,20,0,1,1,20,61
alexisandro,1,60,37,23,14,5,1,1,19,61
beerbo_baggins,1,61,38,23,15,4,1,0,19,61
brianfizzle,2,59,32,27,5,13,1,2,18,61
Don_Graeme,1,60,37,23,14,4,1,1,18,61
Dondrelle,1,60,32,28,4,14,1,1,18,61
MrAndroidFilms,1,60,39,21,18,0,1,1,18,61
TenTwelve1012,1,60,39,21,18,0,1,1,18,61
TheTrident,2,59,37,22,15,3,1,2,18,61
Thunder102,1,60,38,22,16,2,1,1,18,61
Ultravis66,1,60,33,27,6,12,0,1,18,61
Salsher7,2,59,37,22,15,2,2,2,17,61
curtybear,1,60,36,24,12,5,1,1,17,61
Drchains,1,60,37,23,14,3,1,1,17,61
BasedBuddha,1,60,37,23,14,2,1,1,16,61
thewrongstuff,1,60,38,22,16,0,1,1,16,61
whiteshadow14,1,60,37,23,14,2,1,1,16,61
Mr_Xenosaga,4,57,30,27,3,11,3,4,14,61
COBBloodDrunk,2,59,35,24,11,3,2,2,14,61
jedizombieshark,3,58,34,24,10,4,1,3,14,61
likeshotcoffee308,1,60,35,25,10,4,1,1,14,61
Sinkfist,2,59,32,27,5,9,1,2,14,61
wembleyisburning,1,60,35,25,10,4,1,1,14,61
XxGirxX,1,60,36,24,12,2,1,1,14,61
Spectators,1,60,35,25,10,3,1,1,13,61
thetallestnebraskan,1,60,35,25,10,3,1,1,13,61
aw_fotheringham,1,60,34,26,8,4,1,1,12,61
Sarandis12,2,59,33,26,7,4,2,2,11,61
Accelerator,1,61,35,26,9,2,1,0,11,61
derpton,1,60,31,29,2,9,1,1,11,61
gonzo-420,2,59,33,26,7,4,1,2,11,61
thadood2,2,59,32,27,5,6,1,2,11,61
TheRiseOfMaths,1,60,34,26,8,3,1,1,11,61
Tmann47,2,59,35,24,11,0,1,2,11,61
rahmspinat,1,60,33,27,6,4,1,1,10,61
Ottbiotech,2,59,32,27,5,4,2,2,9,61
crunch816,1,60,33,27,6,3,1,1,9,61
rw890,1,60,32,28,4,5,1,1,9,61
pizzababe69,1,60,34,26,8,0,1,1,8,61
s_messenger,2,59,30,29,1,5,2,2,6,61
dablikepinkmilk,1,60,32,28,4,2,1,1,6,61
energybeing,1,60,27,33,-6,12,1,1,6,61
Vellatox,1,60,29,31,-2,7,1,1,5,61
slackeyed,1,60,29,31,-2,3,1,1,1,61
JonathanWarner,2,59,30,29,1,0,0,2,1,61
okinawa09,1,60,26,34,-8,2,1,1,-6,61
Crazed_Hatter,3,58,18,40,-22,3,2,3,-19,61
Jarriel,1,60,54,6,48,11,1,0,59,60
Pilgrimsfinesthour,1,59,51,8,43,15,1,1,58,60
havechanged,1,60,45,15,30,26,1,0,56,60
atoxicmouse,1,59,44,15,29,26,1,1,55,60
ninitrees,2,58,55,3,52,2,2,2,54,60
DownloadVirus,1,60,54,6,48,3,1,0,51,60
JAlfredPrufrockk,1,59,53,6,47,4,0,1,51,60
TGE,1,60,51,9,42,6,1,0,48,60
MamasBoy,1,59,48,11,37,10,1,1,47,60
wallawalla22,1,60,52,8,44,3,1,0,47,60
Mrandaloo,1,59,50,9,41,5,1,1,46,60
angelok91,2,59,48,11,37,8,2,1,45,60
FreeOpinions,1,59,52,7,45,0,1,1,45,60
stumpidface,1,59,52,7,45,0,1,1,45,60
Ninjabob0521,1,59,48,11,37,7,1,1,44,60
Angolano,1,59,50,9,41,2,1,1,43,60
CRASNY,1,59,48,11,37,6,1,1,43,60
lricharz,1,59,51,8,43,0,1,1,43,60
ohhaiii,1,60,46,14,32,11,1,0,43,60
so_close_magoo,1,59,51,8,43,0,1,1,43,60
amrcnpsycho,1,59,49,10,39,3,1,1,42,60
Fsjal,1,59,45,14,31,11,1,1,42,60
la_sunflower,1,59,47,12,35,6,1,1,41,60
GryllslyBear,1,59,46,13,33,7,1,1,40,60
pendrgn99,1,59,47,12,35,5,1,1,40,60
ishavehomelesspeople,1,59,48,11,37,2,1,1,39,60
pepperman7,1,59,48,11,37,2,1,1,39,60
vaginitischlamydia,1,59,49,10,39,0,1,1,39,60
WhatHitlerSaid,2,59,44,15,29,10,1,1,39,60
cristti,1,59,47,12,35,4,0,1,39,60
leggomyeggroll,1,59,46,13,33,6,0,1,39,60
007T,1,59,46,13,33,4,0,1,37,60
Acdcrockandroll178,1,59,47,12,35,2,0,1,37,60
Keichi_Kun,1,59,46,13,33,4,0,1,37,60
luminosity11,1,59,48,11,37,0,0,1,37,60
GimmeKarma,1,60,41,19,22,14,1,0,36,60
zsshamalama,2,58,43,15,28,8,1,2,36,60
bentwhiskers,1,59,47,12,35,0,1,1,35,60
luki-x,1,60,43,17,26,9,1,0,35,60
TheTega,1,59,45,14,31,4,1,1,35,60
trigerhappi,1,59,44,15,29,5,1,1,34,60
Paedogogus,2,58,44,14,30,3,2,2,33,60
bebenona,1,59,46,13,33,0,1,1,33,60
handygrl90,1,59,42,17,25,8,1,1,33,60
c00kie7,1,60,46,14,32,0,1,0,32,60
Harold_Grundelson,1,59,43,16,27,5,1,1,32,60
trendless,1,59,40,19,21,11,1,1,32,60
BethiIdes89,1,59,44,15,29,2,1,1,31,60
derpymao,1,59,44,15,29,2,1,1,31,60
Lionov,1,60,42,18,24,7,1,0,31,60
Milfburger,1,59,44,15,29,2,1,1,31,60
roflz,1,59,44,15,29,2,1,1,31,60
spatiality,1,59,43,16,27,4,1,1,31,60
Nico00,2,58,44,14,30,0,2,2,30,60
dingular,1,60,43,17,26,4,1,0,30,60
kingjerxes89,1,60,40,20,20,10,1,0,30,60
Mentioning3457,1,59,43,16,27,3,1,1,30,60
instant_human,2,58,41,17,24,5,2,2,29,60
accept4that,1,60,43,17,26,3,1,0,29,60
ddrmaxgt37,1,59,38,21,17,12,1,1,29,60
kramedawg,1,59,44,15,29,0,1,1,29,60
LycanthropeLink,1,59,39,20,19,10,1,1,29,60
notoriousjpg,1,59,40,19,21,8,1,1,29,60
RobertoPaulson,1,59,41,18,23,6,1,1,29,60
sm0kemydope,1,59,44,15,29,0,1,1,29,60
The_Wood_3000,1,59,38,21,17,12,1,1,29,60
atrde,1,59,41,18,23,6,0,1,29,60
d_ardold,3,57,37,20,17,11,2,3,28,60
johnny420black,1,59,41,18,23,5,1,1,28,60
Jokes_From_9GAG,1,59,42,17,25,3,1,1,28,60
PackersAnd49ers,1,59,39,20,19,9,1,1,28,60
Xiaphus,1,60,37,23,14,14,1,0,28,60
apoha93,1,59,39,20,19,8,1,1,27,60
bluesmurf,1,59,43,16,27,0,1,1,27,60
EKcore,1,59,41,18,23,4,1,1,27,60
Enomis1995,1,59,42,17,25,2,1,1,27,60
Goonbaby,1,59,43,16,27,0,1,1,27,60
probabilityzero,1,59,40,19,21,6,1,1,27,60
TTSDA,1,59,41,18,23,4,1,1,27,60
downvote_allmy_posts,1,59,43,16,27,0,0,1,27,60
yeawhateva14,2,58,40,18,22,4,2,2,26,60
Cryson,1,60,40,20,20,6,1,0,26,60
kitteepaws,1,60,42,18,24,2,1,0,26,60
chcketychina,2,58,40,18,22,3,2,2,25,60
charlesfpbeach,1,59,40,19,21,4,1,1,25,60
mrpredalien,1,59,39,20,19,6,1,1,25,60
Xapafe,1,59,40,19,21,4,1,1,25,60
geoffyou,1,59,41,18,23,2,0,1,25,60
waidhofer3,2,58,37,21,16,9,0,2,25,60
Jay21310,3,57,36,21,15,9,2,3,24,60
Chamb1986,1,59,37,22,15,9,1,1,24,60
Darkbro,1,59,40,19,21,3,1,1,24,60
Rayhann92,1,59,39,20,19,5,1,1,24,60
soundeng,1,60,37,23,14,10,1,0,24,60
we_say_fuckthat,1,59,40,19,21,3,1,1,24,60
Millennion,1,59,40,19,21,2,1,1,23,60
Ossac,1,59,39,20,19,4,1,1,23,60
polkadotfuzz,1,59,40,19,21,2,1,1,23,60
watanabe-san,1,59,41,18,23,0,1,1,23,60
curbstickle,1,59,39,20,19,4,0,1,23,60
amandathehat,1,60,40,20,20,2,1,0,22,60
booyah2,1,59,38,21,17,5,1,1,22,60
typhoonfish,1,59,35,24,11,11,1,1,22,60
gdotes,1,59,37,22,15,7,0,1,22,60
MarshmallowCoast,1,59,37,22,15,6,1,1,21,60
spoon_master,1,59,40,19,21,0,1,1,21,60
Tainster,1,59,33,26,7,14,1,1,21,60
twilightcatlady,1,59,35,24,11,10,1,1,21,60
Wballstien,1,59,39,20,19,2,1,1,21,60
AmberHeart,2,58,35,23,12,8,2,2,20,60
aferger1,1,59,36,23,13,7,1,1,20,60
DOCKhobo,4,56,33,23,10,10,1,4,20,60
sternhelden,1,59,37,22,15,5,1,1,20,60
jwcook,2,59,33,26,7,12,2,1,19,60
Accurg,1,59,38,21,17,2,1,1,19,60
justjust510,1,59,39,20,19,0,1,1,19,60
Kazu215,1,59,39,20,19,0,1,1,19,60
miklaen,1,60,36,24,12,7,1,0,19,60
Oregane,1,59,37,22,15,4,1,1,19,60
rmb073,1,59,38,21,17,2,1,1,19,60
SnacklePop,1,59,36,23,13,6,1,1,19,60
tojema,1,60,38,22,16,3,1,0,19,60
3migo,1,59,36,23,13,5,1,1,18,60
9sp7ky3,1,59,37,22,15,3,1,1,18,60
TheNameIsBro,1,59,35,24,11,7,1,1,18,60
UnOffendedBlackGuy,2,58,38,20,18,0,1,2,18,60
Whiteboi359,3,57,37,20,17,0,2,3,17,60
2ndKunin,1,59,37,22,15,2,1,1,17,60
cookedbread,1,59,38,21,17,0,1,1,17,60
kylecoky,1,59,38,21,17,0,1,1,17,60
mrmodder7,1,59,37,22,15,2,1,1,17,60
Point_Particle,1,59,38,21,17,0,1,1,17,60
Spudgunhimself,1,59,38,21,17,0,1,1,17,60
stuffuploading,2,58,36,22,14,3,1,2,17,60
evilpretzel,2,59,36,23,13,3,2,1,16,60
Xtremeskierbfs,3,58,37,21,16,0,2,2,16,60
MrCoolPantz,2,58,29,29,0,16,1,2,16,60
NegativeK,1,60,38,22,16,0,1,0,16,60
PerfectWhiteRussian,2,58,36,22,14,2,0,2,16,60
mbdave,3,57,35,22,13,2,3,3,15,60
benjiboi214,1,59,37,22,15,0,1,1,15,60
Sects_And_Violence,1,60,34,26,8,7,1,0,15,60
spammy521,1,59,36,23,13,2,1,1,15,60
danielw1245,2,58,36,22,14,0,1,2,14,60
SirBloodthirsty,1,59,33,26,7,7,1,1,14,60
vaderxman,3,57,33,24,9,5,1,3,14,60
crudelegend,1,59,33,26,7,6,1,1,13,60
disisnotausername,1,59,34,25,9,4,1,1,13,60
Limbo-10,1,59,34,25,9,4,1,1,13,60
lurker818,1,59,36,23,13,0,1,1,13,60
multip,1,59,34,25,9,4,1,1,13,60
Sopolite,1,59,35,24,11,2,1,1,13,60
TheNeonBlues,1,59,34,25,9,4,1,1,13,60
chaoticjacket,4,57,32,25,7,5,2,3,12,60
gilroy99,2,58,35,23,12,0,1,2,12,60
JustMoose,1,60,34,26,8,4,1,0,12,60
no-periods,1,59,28,31,-3,15,1,1,12,60
caveboi_p12,1,59,35,24,11,0,1,1,11,60
ihodes,1,59,35,24,11,0,1,1,11,60
jrcollin138,1,59,32,27,5,6,1,1,11,60
Ricky49,1,59,35,24,11,0,1,1,11,60
Peatles,2,58,34,24,10,0,2,2,10,60
StickyHand,1,59,31,28,3,7,0,1,10,60
Gherazz,1,59,32,27,5,4,0,1,9,60
compstomper,2,58,30,28,2,6,2,2,8,60
littleblunts,2,58,33,25,8,0,2,2,8,60
MVPfor90days,1,59,32,27,5,0,1,1,5,60
bigmac49,2,58,31,27,4,0,1,2,4,60
ShaidarHaran2,2,58,29,29,0,3,2,2,3,60
theFletch,2,58,26,32,-6,8,1,2,2,60
numbskullz,3,57,29,28,1,0,2,3,1,60
ButSheLooked18,1,60,30,30,0,0,1,0,0,60
strogbad,3,57,25,32,-7,6,2,3,-1,60
TAReed,1,59,42,17,25,35,1,0,60,59
likeabous,1,58,48,10,38,20,1,1,58,59
CptLuke,1,58,56,2,54,3,1,1,57,59
teabagginz,1,59,50,9,41,12,1,0,53,59
TheManWithGoldPants,1,58,52,6,46,7,0,1,53,59
BacktotheUniverse,1,59,51,8,43,9,1,0,52,59
aneldritcherror,1,58,44,14,30,19,1,1,49,59
threenoms,1,58,52,6,46,3,1,1,49,59
SirPeterODactyl,1,59,44,15,29,18,1,0,47,59
bobdoleatbobdole,1,58,51,7,44,2,1,1,46,59
xSpaz,1,58,50,8,42,3,1,1,45,59
Sweetdudegals,1,58,50,8,42,3,0,1,45,59
mgmtlol,1,58,49,9,40,4,1,1,44,59
wildechild,1,59,49,10,39,5,1,0,44,59
aik94,2,57,48,9,39,4,2,2,43,59
johnbarnshack,1,59,41,18,23,20,1,0,43,59
spuss,1,58,45,13,32,11,1,1,43,59
datanodes,1,58,50,8,42,0,1,1,42,59
SandvichIsDone,1,58,50,8,42,0,1,1,42,59
gssunil,1,58,48,10,38,4,0,1,42,59
johnny45c,3,56,47,9,38,2,2,3,40,59
kcadilla2013,2,57,47,10,37,3,2,2,40,59
11twisted,1,58,40,18,22,17,1,1,39,59
ThatSodomite,1,59,49,10,39,0,1,0,39,59
Xander89,1,58,46,12,34,5,1,1,39,59
abouthillier,1,58,46,12,34,4,1,1,38,59
codeic,1,58,47,11,36,2,1,1,38,59
Sad_Pig,1,58,48,10,38,0,1,1,38,59
thats_a_risky_click,1,58,47,11,36,2,1,1,38,59
DeathSteak,1,58,46,12,34,4,0,1,38,59
movshy,1,58,45,13,32,5,1,1,37,59
CosmicBard,2,57,45,12,33,3,2,2,36,59
Logan59,1,58,45,13,32,4,1,1,36,59
panzival,1,58,47,11,36,0,1,1,36,59
TehTechnoGuy,1,58,47,11,36,0,1,1,36,59
DofPJMACKY,1,59,44,15,29,6,1,0,35,59
vocisbd,1,58,45,13,32,3,1,1,35,59
Steeeze,1,58,44,14,30,4,1,1,34,59
WearsCollaredShirts,2,58,40,18,22,12,1,1,34,59
I_watch_fans_spin,1,58,44,14,30,3,1,1,33,59
tenuousness,1,58,44,14,30,3,1,1,33,59
Trexsayroar,1,58,44,14,30,3,1,1,33,59
yurnahole,1,58,42,16,26,7,1,1,33,59
doopercooper,1,58,41,17,24,8,1,1,32,59
ladoncella89,1,58,37,21,16,16,1,1,32,59
NudgeLover,1,58,45,13,32,0,1,1,32,59
rester11193,1,58,43,15,28,4,1,1,32,59
scottlawson,1,58,38,20,18,14,1,1,32,59
stevessleeves,1,58,43,15,28,4,1,1,32,59
yoyoshii,1,58,45,13,32,0,0,1,32,59
ptrgriff,1,58,42,16,26,5,1,1,31,59
SnsdSone1999,1,58,43,15,28,3,1,1,31,59
blusaranoob,2,58,42,16,26,4,2,1,30,59
hippogriff12,2,58,41,17,24,6,2,1,30,59
BARACKA_FLACKA,1,58,44,14,30,0,1,1,30,59
benderunit9000,1,58,40,18,22,8,1,1,30,59
circuitry,1,58,38,20,18,12,1,1,30,59
gdchrlt77,1,58,39,19,20,10,1,1,30,59
Jbsmitty44,1,58,42,16,26,4,1,1,30,59
LetzBall,1,58,44,14,30,0,1,1,30,59
MicrowaveNuts,1,59,43,16,27,3,1,0,30,59
redditory_kyle,1,58,43,15,28,2,1,1,30,59
RepostAllTheThings,1,58,40,18,22,7,1,1,29,59
glenington,2,57,40,17,23,5,2,2,28,59
blastbeatz,1,58,43,15,28,0,1,1,28,59
MuscleMilkBrah,1,58,43,15,28,0,1,1,28,59
snang,2,58,40,18,22,6,1,1,28,59
PRO_9GAGGER,2,57,39,18,21,6,2,2,27,59
bruno_vt,1,59,41,18,23,4,1,0,27,59
ChimerathonPsych,1,59,43,16,27,0,1,0,27,59
drunkenlegolas,1,58,40,18,22,5,1,1,27,59
MonikaHolly,1,58,40,18,22,5,1,1,27,59
YouStayClassy15,1,58,41,17,24,3,1,1,27,59
weeeaaa,1,58,35,23,12,15,0,1,27,59
gennapie,2,57,34,23,11,15,2,2,26,59
DangerRanger01,1,58,42,16,26,0,1,1,26,59
kaylai,1,58,41,17,24,2,1,1,26,59
OnicoOlof,1,58,41,17,24,2,1,1,26,59
TyleReddit,1,59,41,18,23,3,1,0,26,59
WhiteAndMild,1,59,41,18,23,3,1,0,26,59
yellowtag,1,58,41,17,24,2,1,1,26,59
Dkid,2,57,41,16,25,0,2,2,25,59
nosila141,2,57,40,17,23,2,2,2,25,59
endrbn,1,59,40,19,21,4,1,0,25,59
imadigger,1,58,38,20,18,7,1,1,25,59
iwedjw,1,59,41,18,23,2,1,0,25,59
JHunzy,1,58,39,19,20,5,1,1,25,59
onefingerattack,1,59,40,19,21,3,1,0,24,59
PandaCookie013,1,58,41,17,24,0,1,1,24,59
woaahyeahh,1,58,35,23,12,12,1,1,24,59
allaboutwe,1,58,41,17,24,0,0,1,24,59
DStorvald,1,58,41,17,24,0,0,1,24,59
angryhippo13,1,58,38,20,18,5,1,1,23,59
ConorD,1,59,39,20,19,4,1,0,23,59
Hulksterx,2,57,40,17,23,0,1,2,23,59
Jamie453,1,58,37,21,16,7,1,1,23,59
morotspinne,1,58,38,20,18,5,1,1,23,59
NHsucks,1,58,39,19,20,3,1,1,23,59
the_best_noob,1,58,35,23,12,11,1,1,23,59
cbeerbower12,1,58,38,20,18,5,0,1,23,59
ermahgerditsAMY,1,58,39,19,20,2,1,1,22,59
jseely7,4,55,37,18,19,3,1,4,22,59
zmeace,1,58,40,18,22,0,1,1,22,59
Rambosherbet,2,57,39,18,21,0,2,2,21,59
zombiemeena,1,59,38,21,17,4,1,0,21,59
CardinalJo,1,58,33,25,8,12,1,1,20,59
jackmcmalley,1,58,38,20,18,2,1,1,20,59
jnorthup0620,1,58,35,23,12,8,1,1,20,59
Ladyrage33,1,58,36,22,14,6,1,1,20,59
sanukinotanuki,1,58,37,21,16,3,1,1,19,59
somerandommember,1,59,35,24,11,8,1,0,19,59
yummywafflefries,1,58,36,22,14,5,1,1,19,59
acteon29,1,58,37,21,16,2,1,1,18,59
ddddealwithit,1,58,35,23,12,6,1,1,18,59
fieldsc,1,58,37,21,16,2,1,1,18,59
Leigho7,1,58,36,22,14,4,1,1,18,59
NotThatDroid,2,57,37,20,17,0,2,2,17,59
Benutzername,1,59,35,24,11,6,1,0,17,59
jonigj,1,58,36,22,14,3,1,1,17,59
gomental,3,56,35,21,14,2,2,3,16,59
MaxSoftcore,1,58,35,23,12,4,1,1,16,59
rollini,1,58,36,22,14,2,1,1,16,59
specialk929,1,58,37,21,16,0,1,1,16,59
effin_g33k,1,58,33,25,8,7,1,1,15,59
shyamex,1,58,35,23,12,2,1,1,14,59
aakbc123,1,58,34,24,10,3,1,1,13,59
Fran6,1,58,34,24,10,3,1,1,13,59
casinojay,1,58,35,23,12,0,1,1,12,59
Fishybits,1,58,35,23,12,0,1,1,12,59
floydwiley,1,58,33,25,8,4,1,1,12,59
I_had_no_choice,1,58,35,23,12,0,1,1,12,59
Mattcusprime,1,58,35,23,12,0,1,1,12,59
schneidro,1,58,34,24,10,2,1,1,12,59
snwboardguy,1,58,33,25,8,4,1,1,12,59
Galste,1,58,32,26,6,6,0,1,12,59
jemetsfan,1,58,35,23,12,0,0,1,12,59
horner16,1,58,33,25,8,3,1,1,11,59
jn18,3,56,32,24,8,3,1,3,11,59
spinnerclotho,1,58,33,25,8,3,1,1,11,59
Theodice,1,58,32,26,6,5,1,1,11,59
nosehat,2,57,31,26,5,5,2,2,10,59
Antishak,1,58,33,25,8,2,1,1,10,59
iTrololoo,1,58,34,24,10,0,1,1,10,59
natalikolev,1,58,34,24,10,0,1,1,10,59
DJFracture,1,58,31,27,4,5,1,1,9,59
lunapt,2,57,28,29,-1,9,2,2,8,59
Simi566,1,58,31,27,4,4,1,1,8,59
WANNABE_WALRUS,2,57,32,25,7,0,2,2,7,59
flbeachcracka,1,58,31,27,4,3,1,1,7,59
hedwigliveson14,1,59,33,26,7,0,1,0,7,59
TheMallCop,4,55,28,27,1,2,2,4,3,59
Crimsonbob,1,58,27,31,-4,7,1,1,3,59
RenegadeYoshi,1,59,27,32,-5,8,1,0,3,59
wondertwins,1,58,28,30,-2,3,0,1,1,59
ChristopherJDorsch,1,58,27,31,-4,0,1,1,-4,59
know_no123,3,56,26,30,-4,0,1,3,-4,59
gonzo123100,2,57,24,33,-9,3,1,2,-6,59
knetel37,1,58,18,40,-22,5,1,1,-17,59
Mega1mpact,1,58,50,8,42,24,1,0,66,58
loonidood,1,57,40,17,23,37,1,1,60,58
kl3tt,1,57,53,4,49,8,1,1,57,58
longbeachian,1,58,54,4,50,2,1,0,52,58
PDT2059,1,57,53,4,49,2,0,1,51,58
MamaLord,1,57,51,6,45,5,0,1,50,58
5UN5HIN3,1,57,50,7,43,3,1,1,46,58
camawon,1,57,49,8,41,4,1,1,45,58
doingthisforlulz,1,57,48,9,39,5,0,1,44,58
Sonerous,1,57,46,11,35,8,1,1,43,58
spanishmuffin,1,57,50,7,43,0,0,1,43,58
aflyingkite,2,56,49,7,42,0,2,2,42,58
electrical_outlet,2,56,40,16,24,18,2,2,42,58
Brushstroke,1,57,40,17,23,19,1,1,42,58
jaggy_roundy,1,57,47,10,37,5,1,1,42,58
cmc0626,2,56,47,9,38,3,2,2,41,58
whatzizname,1,57,47,10,37,4,1,1,41,58
infernoruby,2,56,46,10,36,4,2,2,40,58
cyboninja,1,57,47,10,37,3,1,1,40,58
sclod10,1,57,41,16,25,15,1,1,40,58
Kioller,1,57,44,13,31,8,1,1,39,58
Megabert,1,58,47,11,36,3,1,0,39,58
pmjosh,1,57,46,11,35,4,1,1,39,58
sfurules,1,57,44,13,31,8,1,1,39,58
falgony,1,57,45,12,33,5,1,1,38,58
ihopethatdogeatsurgf,1,58,45,13,32,6,1,0,38,58
georgeperkins328,1,57,41,16,25,13,0,1,38,58
abdalfarn,2,56,39,17,22,15,1,2,37,58
bigtfatty,1,57,47,10,37,0,1,1,37,58
WHATBACON,1,57,47,10,37,0,1,1,37,58
german_gun_dog,1,57,37,20,17,19,1,1,36,58
JeffroTheClown,1,57,44,13,31,5,1,1,36,58
MattWilde,2,56,43,13,30,5,2,2,35,58
PigeonBoy,2,56,42,14,28,7,2,2,35,58
AwonderfulWaffle,1,57,46,11,35,0,1,1,35,58
IMdub,1,58,44,14,30,5,1,0,35,58
major_bummer,1,57,44,13,31,4,1,1,35,58
rlr386,1,57,37,20,17,18,1,1,35,58
Thassodar,1,57,46,11,35,0,1,1,35,58
HomelessBro69,2,56,42,14,28,6,2,2,34,58
just_another_ant,1,57,44,13,31,3,1,1,34,58
foddershock,2,57,41,16,25,8,2,1,33,58
DPfilms,1,57,39,18,21,12,1,1,33,58
goodnight101,1,57,43,14,29,4,1,1,33,58
next_day_repost,1,57,43,14,29,4,1,1,33,58
bestdavidever,2,56,43,13,30,2,2,2,32,58
DarkwinX,1,57,43,14,29,3,1,1,32,58
kstiney18,1,57,43,14,29,3,1,1,32,58
RevertedLogic,1,57,41,16,25,7,0,1,32,58
Typically_Wong,2,58,34,24,10,22,0,0,32,58
adventure_owl,1,57,43,14,29,2,1,1,31,58
DestinyHacker,1,57,43,14,29,2,1,1,31,58
ignaciof,1,57,44,13,31,0,1,1,31,58
krissikool,1,57,44,13,31,0,1,1,31,58
ninja36036,1,57,42,15,27,4,1,1,31,58
tbud,1,57,38,19,19,12,1,1,31,58
codyjoy,2,56,41,15,26,4,2,2,30,58
tweekyn,1,57,42,15,27,3,1,1,30,58
fishfrito,1,57,43,14,29,0,1,1,29,58
lapearce,1,57,41,16,25,4,1,1,29,58
mortiify,1,57,41,16,25,4,1,1,29,58
onelegithombre,1,57,42,15,27,2,1,1,29,58
PediatricLemon,1,57,43,14,29,0,1,1,29,58
radient,1,57,42,15,27,2,1,1,29,58
Remmy14,1,57,38,19,19,10,1,1,29,58
xNinjahz,1,57,42,15,27,2,1,1,29,58
zordon_rages,1,57,40,17,23,6,1,1,29,58
ismusa,1,57,39,18,21,8,0,1,29,58
osubuckeye599,1,57,42,15,27,2,0,1,29,58
thesweatervest,2,56,40,16,24,4,2,2,28,58
alpha300,1,57,40,17,23,5,1,1,28,58
Grukar,1,58,40,18,22,6,1,0,28,58
killer_unicorn_ninja,1,57,40,17,23,5,1,1,28,58
Shogunner,2,56,38,18,20,7,2,2,27,58
Bancer705,2,56,39,17,22,5,1,2,27,58
HeyItsJay,1,58,39,19,20,7,1,0,27,58
Kerazah,1,57,41,16,25,2,1,1,27,58
sP4RKIE,1,57,40,17,23,4,1,1,27,58
cokeforgin,2,56,38,18,20,6,2,2,26,58
laller,2,57,36,21,15,11,2,1,26,58
ctrlaltrockdel,1,58,37,21,16,10,1,0,26,58
GoldAlpinas,1,57,40,17,23,3,1,1,26,58
Doseph1,5,53,38,15,23,2,5,5,25,58
braceforimpact,1,58,38,20,18,7,1,0,25,58
djbolton,1,57,40,17,23,2,1,1,25,58
5buckbox,1,57,39,18,21,3,1,1,24,58
MuseManiac,2,56,36,20,16,8,1,2,24,58
python08,1,57,36,21,15,9,1,1,24,58
runforrestrun13,3,55,36,19,17,7,1,3,24,58
contract511,2,56,39,17,22,2,0,2,24,58
OhShitMarcos,2,56,37,19,18,5,2,2,23,58
blakkheart67,1,57,39,18,21,2,1,1,23,58
blazinbarney,1,57,40,17,23,0,1,1,23,58
TheSceptic,1,57,36,21,15,8,1,1,23,58
Mahoneyman,2,56,39,17,22,0,2,2,22,58
WalkerGeek,3,55,37,18,19,3,2,3,22,58
Baroliche,1,57,35,22,13,9,1,1,22,58
F_Shack,1,57,37,20,17,5,1,1,22,58
Baskin,1,57,39,18,21,0,1,1,21,58
bballdeo,1,57,39,18,21,0,1,1,21,58
chainsawbarber,1,58,37,21,16,5,1,0,21,58
entho,1,57,39,18,21,0,1,1,21,58
Gersttt,1,57,36,21,15,6,1,1,21,58
karateka_fan,1,57,35,22,13,8,1,1,21,58
me_sucer_la_bite,1,57,36,21,15,6,1,1,21,58
RaithMoracus,1,57,36,21,15,6,1,1,21,58
BaconHardAsTits,2,56,30,26,4,16,2,2,20,58
Limjucas328,2,56,37,19,18,2,2,2,20,58
TheLanimal,2,57,37,20,17,3,2,1,20,58
kilo73,1,57,37,20,17,3,1,1,20,58
awe8bit,1,57,38,19,19,0,1,1,19,58
dtuck010,1,57,34,23,11,8,1,1,19,58
NahSoR,1,57,37,20,17,2,1,1,19,58
SayNoToMitchDigger,1,57,36,21,15,4,1,1,19,58
stevenmcman,1,57,37,20,17,2,1,1,19,58
tobraham,1,57,32,25,7,12,1,1,19,58
0_0cake,2,56,34,22,12,6,2,2,18,58
elementalwatson,1,57,35,22,13,5,1,1,18,58
Futhermucker,1,57,34,23,11,7,1,1,18,58
Hatglicer,1,57,36,21,15,3,1,1,18,58
SocialLeper,2,56,34,22,12,6,1,2,18,58
YourBigBlackSista,1,57,32,25,7,11,1,1,18,58
MarkoFPS,1,57,34,23,11,6,1,1,17,58
minty1,1,57,34,23,11,6,1,1,17,58
turkishgamer,1,57,37,20,17,0,1,1,17,58
youarealldumbasses,1,57,37,20,17,0,1,1,17,58
ALD84,1,57,35,22,13,3,1,1,16,58
flower-child,2,56,35,21,14,2,1,2,16,58
Robilton,1,57,35,22,13,3,1,1,16,58
thetiger756,1,57,35,22,13,3,1,1,16,58
chiefdk,2,57,36,21,15,0,2,1,15,58
casendilla,1,57,36,21,15,0,1,1,15,58
ch1ves-oxide,1,57,32,25,7,8,1,1,15,58
FragTheWhale,2,56,34,22,12,3,1,2,15,58
Gerbski,1,57,35,22,13,2,1,1,15,58
lfur,1,57,36,21,15,0,1,1,15,58
Vetalurg,2,56,34,22,12,2,1,2,14,58
SmAlz4,1,57,34,23,11,3,0,1,14,58
Scarletclick,2,56,30,26,4,9,2,2,13,58
baileyanais,2,56,33,23,10,3,1,2,13,58
BeautifullyModified,1,57,32,25,7,6,1,1,13,58
HAK0B0,1,57,33,24,9,4,1,1,13,58
herp_thederp,1,57,35,22,13,0,1,1,13,58
mgrifone,4,55,34,21,13,0,1,3,13,58
petersk8008,1,57,34,23,11,2,1,1,13,58
Sisaac,1,57,34,23,11,2,1,1,13,58
frazierpug,2,56,34,22,12,0,2,2,12,58
thestarsgodim,2,56,33,23,10,2,2,2,12,58
danyukhin,1,58,34,24,10,2,1,0,12,58
im_not_a_girl,1,57,33,24,9,3,1,1,12,58
QualieBop,1,57,33,24,9,3,1,1,12,58
arem453,1,57,34,23,11,0,1,1,11,58
Battle_Walrus,1,57,34,23,11,0,1,1,11,58
jayyx,1,57,33,24,9,2,1,1,11,58
katastrof,2,58,32,26,6,5,1,0,11,58
Switchsquatch,1,57,34,23,11,0,1,1,11,58
halfchubb,2,56,29,27,2,7,2,2,9,58
TJarnold92,1,57,27,30,-3,12,1,1,9,58
eeks12,2,56,29,27,2,6,2,2,8,58
stoopdawg,1,57,26,31,-5,13,1,1,8,58
aaronxr,1,57,32,25,7,0,1,1,7,58
jvangoor,3,55,29,26,3,3,3,3,6,58
CoolVito,2,56,31,25,6,0,1,2,6,58
Jonlife,1,58,32,26,6,0,1,0,6,58
gilosborne,2,57,31,26,5,0,2,1,5,58
Wanny19,1,57,29,28,1,4,1,1,5,58
Boontag_69,1,57,28,29,-1,5,1,1,4,58
nbahener804,1,57,27,30,-3,3,1,1,0,58
00sam00,1,57,26,31,-5,4,1,1,-1,58
TheBrohemian,2,56,25,31,-6,5,1,2,-1,58
barbarian4LIFE,1,57,25,32,-7,5,1,1,-2,58
ZetsubouZolo,3,55,24,31,-7,2,3,3,-5,58
xprockox,2,56,23,33,-10,2,2,2,-8,58
IDENTITYx9,1,57,21,36,-15,0,1,1,-15,58
Tycho234,1,57,52,5,47,7,1,0,54,57
zeratool,1,56,49,7,42,12,1,1,54,57
Zerofree,1,56,47,9,38,16,0,1,54,57
n2k109,1,56,47,9,38,13,1,1,51,57
BardivanGeeves,1,57,45,12,33,17,1,0,50,57
GATEStheWEINERHEAD,1,57,51,6,45,3,1,0,48,57
Mason0915,1,56,42,14,28,20,1,1,48,57
Mythiir,1,56,50,6,44,4,1,1,48,57
Caesar419,1,57,51,6,45,0,1,0,45,57
E_lucas,1,56,49,7,42,3,1,1,45,57
Heliyum,1,56,49,7,42,3,1,1,45,57
jukefrenzy,1,57,48,9,39,6,1,0,45,57
P-Rickles,3,54,44,10,34,8,3,3,42,57
skipbardown,1,56,49,7,42,0,1,1,42,57
nimby44,2,55,48,7,41,0,2,2,41,57
llemonchello,1,56,47,9,38,3,1,1,41,57
tubzbuster,1,56,47,9,38,3,1,1,41,57
Haygrid,1,56,44,12,32,8,1,1,40,57
praveshrana68,1,56,48,8,40,0,1,1,40,57
CautiousCarlos,1,57,47,10,37,2,1,0,39,57
jesuslovesmeee,2,55,46,9,37,2,1,2,39,57
kbob2990,1,56,46,10,36,3,1,1,39,57
Cop_a_feel,1,56,39,17,22,16,1,1,38,57
CzShine,1,56,39,17,22,16,1,1,38,57
Laurenerual,1,56,46,10,36,2,1,1,38,57
Pouderpuff,1,56,47,9,38,0,1,1,38,57
pziddy,1,56,45,11,34,4,1,1,38,57
Whiteace9,1,56,45,11,34,4,1,1,38,57
Belisarius23,1,56,44,12,32,5,0,1,37,57
StreetLink,2,55,38,17,21,16,0,2,37,57
AteTheTuna,1,56,45,11,34,2,1,1,36,57
bk74,1,56,45,11,34,2,1,1,36,57
ol_knucks,1,56,46,10,36,0,1,1,36,57
sgtpepper_spray,1,56,44,12,32,4,1,1,36,57
James-VZ,1,57,42,15,27,7,1,0,34,57
SCHROEDINGERS_UTERUS,1,56,45,11,34,0,1,1,34,57
robelopo,1,56,42,14,28,5,1,1,33,57
sethuramk,1,56,42,14,28,5,1,1,33,57
SierraTwo,1,56,41,15,26,7,0,1,33,57
loganlulz,1,56,43,13,30,2,1,1,32,57
real-dreamer,1,56,43,13,30,2,0,1,32,57
JuliaDD,3,56,39,17,22,9,2,1,31,57
Amoebalord,2,55,43,12,31,0,1,2,31,57
Garlic_Tree,1,56,43,13,30,0,1,1,30,57
hexaqonal,1,56,43,13,30,0,1,1,30,57
ZeldaFreek,1,56,42,14,28,2,1,1,30,57
AriBBCP,1,57,41,16,25,3,1,0,28,57
b4ckd00r5p1d3r,1,56,38,18,20,8,1,1,28,57
Birchlore,1,56,42,14,28,0,1,1,28,57
kcatc,2,56,39,17,22,6,1,1,28,57
Taggart93,1,56,42,14,28,0,1,1,28,57
Scrumpet1,1,56,42,14,28,0,0,1,28,57
Vikveit,1,56,41,15,26,2,0,1,28,57
freedomsquared,2,55,37,18,19,8,2,2,27,57
Tpgh,2,55,40,15,25,2,2,2,27,57
pr0crastinate,1,56,36,20,16,11,1,1,27,57
Quetzythejedi,1,56,39,17,22,5,1,1,27,57
skulk,1,56,40,16,24,3,1,1,27,57
TheyCallMeTheFlower,3,54,38,16,22,5,1,3,27,57
0AABCEHMU1H2C3K5N,1,56,28,28,0,27,0,1,27,57
OutsideBehindYou,2,55,39,16,23,3,2,2,26,57
DanceMellDance,1,56,41,15,26,0,1,1,26,57
dantheman244,1,56,41,15,26,0,1,1,26,57
h0bb3z,1,56,38,18,20,6,1,1,26,57
lojic,1,56,40,16,24,2,1,1,26,57
ProfessorTots,1,56,38,18,20,6,1,1,26,57
rubixnoob,1,56,40,16,24,2,1,1,26,57
yuri9999,1,56,39,17,22,4,1,1,26,57
Phoxey,1,56,41,15,26,0,0,1,26,57
bigdogbo,1,56,39,17,22,3,1,1,25,57
oscargodson,1,57,39,18,21,4,1,0,25,57
TheRatRiverTrapper,1,56,39,17,22,3,1,1,25,57
wmeans,1,56,39,17,22,3,1,1,25,57
erikaatheistsen182,2,55,35,20,15,9,2,2,24,57
BoughtreeFidee,1,56,40,16,24,0,1,1,24,57
GreenEggsAndSlam,1,56,40,16,24,0,1,1,24,57
Harris_Ferris,1,56,40,16,24,0,1,1,24,57
Lanquil,1,56,38,18,20,4,1,1,24,57
mcpoopybutt,1,56,39,17,22,2,1,1,24,57
TICKTOCKIMACLOCK,1,56,40,16,24,0,1,1,24,57
Olah92,2,55,38,17,21,2,2,2,23,57
NotOpressed,1,57,40,17,23,0,1,0,23,57
Reynaerdinjo,1,56,32,24,8,15,1,1,23,57
touriste,1,56,36,20,16,7,1,1,23,57
MojaveRapelord,1,56,36,20,16,7,0,1,23,57
wikthis,1,56,37,19,18,5,0,1,23,57
Chcyo7,2,56,39,17,22,0,2,1,22,57
azcomputerguru,1,56,39,17,22,0,1,1,22,57
damarust,1,56,34,22,12,10,1,1,22,57
french1canadian2,1,57,36,21,15,7,1,0,22,57
otherwiseintelligent,1,56,38,18,20,2,1,1,22,57
tyrelly,1,56,35,21,14,8,1,1,22,57
mpicc,3,54,36,18,18,3,2,3,21,57
Yaherd_Meigh,2,56,37,19,18,3,2,1,21,57
jaytee92,1,57,38,19,19,2,1,0,21,57
star_shit,1,56,36,20,16,5,1,1,21,57
Delocaz,2,55,36,19,17,3,2,2,20,57
beccaface,1,57,36,21,15,5,1,0,20,57
comestains,1,56,37,19,18,2,1,1,20,57
DasBasti,1,56,33,23,10,10,1,1,20,57
flesh_crayon,1,56,38,18,20,0,1,1,20,57
iamjenny,1,57,37,20,17,3,1,0,20,57
Marssucks,2,55,36,19,17,3,1,2,20,57
MustDeath,1,56,32,24,8,12,1,1,20,57
RayneMayne,1,56,37,19,18,2,1,1,20,57
Sciex,1,56,38,18,20,0,1,1,20,57
shortbread22,1,56,38,18,20,0,1,1,20,57
DClance,2,55,37,18,19,0,2,2,19,57
Physiogonomik,1,56,33,23,10,9,1,1,19,57
ROBOTJJERK,1,57,34,23,11,8,1,0,19,57
RepostRenegade,1,56,36,20,16,3,0,1,19,57
Whatdaduck,1,56,35,21,14,5,0,1,19,57
mcjiggerlog,1,56,37,19,18,0,1,1,18,57
OskarBlucas,1,56,35,21,14,4,1,1,18,57
OutofmyGourd,1,56,35,21,14,4,1,1,18,57
RaptorsAndUnicorns,1,56,36,20,16,2,1,1,18,57
xxkimmy8xx,1,56,37,19,18,0,1,1,18,57
ZebraNetwork,1,56,35,21,14,4,1,1,18,57
Jkjoe889,1,56,36,20,16,0,1,1,16,57
snutch2thenutch,1,57,34,23,11,5,1,0,16,57
SorkenTheMeh,1,56,36,20,16,0,1,1,16,57
fowler2006,1,56,35,21,14,2,0,1,16,57
jaciern4,2,55,34,21,13,2,2,2,15,57
Limeskyinfo,2,55,34,21,13,2,2,2,15,57
MrBurman,1,56,34,22,12,3,1,1,15,57
TheAdAgency,1,56,33,23,10,5,1,1,15,57
TheREALVinDiesel,2,55,34,21,13,2,1,2,15,57
Tripudelops,1,56,33,23,10,5,1,1,15,57
walrusii,1,56,34,22,12,3,1,1,15,57
sneaky113,1,56,33,23,10,5,0,1,15,57
thebiggiewall,1,56,33,23,10,5,0,1,15,57
DJDCann,2,55,33,22,11,3,2,2,14,57
bjerha,1,56,32,24,8,6,1,1,14,57
Cake_The_Human,1,56,34,22,12,2,1,1,14,57
gary-the-fish,1,56,31,25,6,8,1,1,14,57
minnieman,2,55,32,23,9,5,1,2,14,57
Paradox,1,56,33,23,10,4,1,1,14,57
truckfist,1,56,34,22,12,2,1,1,14,57
apoole97,1,56,33,23,10,3,1,1,13,57
kevojy,1,56,32,24,8,5,1,1,13,57
ProfessorVanNostrand,1,56,33,23,10,3,1,1,13,57
RyderBS,1,57,34,23,11,2,1,0,13,57
sifodeas,1,56,33,23,10,3,1,1,13,57
bjbartosik,2,55,32,23,9,3,2,2,12,57
Hobbesickles,1,56,33,23,10,2,1,1,12,57
Kait_Grace,1,56,33,23,10,2,1,1,12,57
your_moms_a_repost,1,56,33,23,10,2,1,1,12,57
novanerd,4,53,28,25,3,8,3,4,11,57
FubarFlippy,2,55,33,22,11,0,2,2,11,57
NiccoHel,1,57,34,23,11,0,1,0,11,57
LegendaryC,1,56,32,24,8,2,1,1,10,57
onehealthymoose,1,56,33,23,10,0,0,1,10,57
TheLivingAwesome,3,54,28,26,2,7,1,3,9,57
WhoisKaizerSoze,1,57,32,25,7,2,1,0,9,57
Nadekill,2,55,28,27,1,7,2,2,8,57
airbusa340,1,56,32,24,8,0,1,1,8,57
AndTheTutones,1,56,32,24,8,0,1,1,8,57
curdt79,1,56,31,25,6,2,1,1,8,57
dochipo,1,56,31,25,6,2,1,1,8,57
roccco,1,56,32,24,8,0,1,1,8,57
rustanova,2,55,30,25,5,2,2,2,7,57
this_is_my_9to5,2,55,31,24,7,0,2,2,7,57
xXEvanatorXx,2,55,30,25,5,2,2,2,7,57
Audisity,2,55,31,24,7,0,1,2,7,57
littlepancakes,2,55,31,24,7,0,0,2,7,57
bobthebuilder62,2,55,27,28,-1,7,2,2,6,57
RWN406,2,55,30,25,5,0,2,2,5,57
soulofrubber,2,55,28,27,1,4,2,2,5,57
meNOTgusta,2,55,27,28,-1,6,0,2,5,57
RustledJimmies7,3,54,28,26,2,2,2,3,4,57
timmaa9,1,56,29,27,2,2,0,1,4,57
ajmal1811,1,57,30,27,3,0,1,0,3,57
CountWhiskeyJam,4,53,25,28,-3,4,3,4,1,57
Droidsoldier,1,56,23,33,-10,11,1,1,1,57
Nousernamerage,2,55,27,28,-1,2,1,2,1,57
vmast3r,3,55,25,30,-5,4,2,2,-1,57
jordypants,2,55,24,31,-7,2,2,2,-5,57
frozenpudding,1,56,23,33,-10,4,1,1,-6,57
IdRatherBeRiding,1,56,25,31,-6,0,1,1,-6,57
ipeedinyourcereal,1,56,22,34,-12,4,1,1,-8,57
FeIixBaumgartner,1,56,23,33,-10,0,0,1,-10,57
kylelee,1,56,44,12,32,32,1,0,64,56
The_Limping_Coyote,1,55,49,6,43,10,0,1,53,56
dustitoff,1,55,48,7,41,10,1,1,51,56
MarktheStapler,1,56,53,3,50,0,1,0,50,56
mazurtommy,1,55,48,7,41,7,1,1,48,56
xanton,1,55,50,5,45,2,1,1,47,56
kieranwilson32,1,55,48,7,41,5,1,1,46,56
ArtemisEntreri3,1,55,47,8,39,6,1,1,45,56
Rob1150,1,55,43,12,31,13,1,1,44,56
matto200,2,54,46,8,38,6,0,2,44,56
MittRomneyNickelback,1,55,48,7,41,2,0,1,43,56
lam94,1,56,49,7,42,0,1,0,42,56
SeaTeatheOceanBrew,1,55,41,14,27,15,1,1,42,56
skafaceXIII,2,56,48,8,40,2,1,0,42,56
bl1ndside,1,55,46,9,37,4,1,1,41,56
Bell480,2,54,47,7,40,0,2,2,40,56
bigsammm,1,55,46,9,37,3,1,1,40,56
DynamicPlatypus,1,55,43,12,31,9,1,1,40,56
Jackster21,1,55,45,10,35,5,1,1,40,56
UnreachablePaul,1,55,46,9,37,3,1,1,40,56
swiftghost,1,55,45,10,35,5,0,1,40,56
elvisliveson,1,55,46,9,37,2,1,1,39,56
tbuds,1,55,44,11,33,6,1,1,39,56
tofutti83,1,55,47,8,39,0,1,1,39,56
totspur1982,1,55,45,10,35,4,0,1,39,56
Bartron,1,55,44,11,33,5,1,1,38,56
ejara80,1,55,45,10,35,3,1,1,38,56
GeorgeWKush420,1,55,45,10,35,3,1,1,38,56
invalidusermyass,2,54,41,13,28,10,1,2,38,56
is_conor,1,55,41,14,27,11,1,1,38,56
Scaurus,1,55,45,10,35,3,1,1,38,56
kenzsmith123,2,55,46,9,37,0,2,1,37,56
CONCAVE_NIPPLES,1,55,44,11,33,4,1,1,37,56
EZwinna,1,55,45,10,35,2,1,1,37,56
Mysticbus,1,55,45,10,35,2,1,1,37,56
derfdog,3,53,43,10,33,4,0,3,37,56
Bijackar,1,55,44,11,33,3,1,1,36,56
huztlar,1,56,46,10,36,0,1,0,36,56
Jaxter1123,1,55,44,11,33,3,1,1,36,56
Moteksys,1,56,45,11,34,2,1,0,36,56
pawliejaan,1,56,43,13,30,6,1,0,36,56
Pilpecurb,1,55,42,13,29,7,1,1,36,56
KL3DZ1K,1,55,44,11,33,2,1,1,35,56
ishmalefolife122,1,56,44,12,32,2,1,0,34,56
JessDombro,1,55,43,12,31,3,1,1,34,56
HetfieldJ,2,54,41,13,28,5,2,2,33,56
AKsith,1,55,44,11,33,0,1,1,33,56
bigpoopa,1,55,41,14,27,6,1,1,33,56
ClassyJo,1,55,44,11,33,0,1,1,33,56
seafeld42,1,55,44,11,33,0,1,1,33,56
DrDooDooPuss,2,54,42,12,30,2,2,2,32,56
Dinocologist,1,55,42,13,29,3,1,1,32,56
c_megalodon,1,56,35,21,14,17,1,0,31,56
CJJ368,1,55,43,12,31,0,1,1,31,56
getyourfactstraight,1,55,41,14,27,4,1,1,31,56
iTzAdz,1,55,43,12,31,0,1,1,31,56
KoochieKinte,1,55,41,14,27,4,1,1,31,56
LOWBACCA,1,55,40,15,25,6,1,1,31,56
Rasberriez,1,56,40,16,24,7,1,0,31,56
shari23,1,55,41,14,27,4,1,1,31,56
thequietobserver,1,56,42,14,28,3,1,0,31,56
BigTuna820,1,55,43,12,31,0,0,1,31,56
CaptianSwaggerless,1,55,43,12,31,0,0,1,31,56
dedyx,1,55,41,14,27,4,0,1,31,56
goddamnbatman617,2,54,37,17,20,10,2,2,30,56
BigAndyOx,1,55,38,17,21,9,1,1,30,56
fluggencheimen,1,55,41,14,27,3,1,1,30,56
MaskedDummy,2,54,42,12,30,0,1,2,30,56
MrSweetAndAwful,1,55,39,16,23,7,1,1,30,56
pokemonluver12,3,53,39,14,25,4,3,3,29,56
mufitza767,1,55,42,13,29,0,1,1,29,56
Theoritis,1,55,41,14,27,2,1,1,29,56
xamboozi,1,55,38,17,21,8,1,1,29,56
Enphyniti,1,55,40,15,25,4,0,1,29,56
sjlopez87,3,53,38,15,23,5,3,3,28,56
eddywin,1,55,37,18,19,9,1,1,28,56
gotboar,1,55,35,20,15,13,1,1,28,56
scapeplan,1,55,40,15,25,3,1,1,28,56
IamHITMAN,2,54,37,17,20,7,2,2,27,56
angryfinger,1,55,41,14,27,0,1,1,27,56
Jack_the_Cheat,1,55,40,15,25,2,1,1,27,56
LardLad00,1,55,38,17,21,6,1,1,27,56
Mallnourished,1,55,39,16,23,4,1,1,27,56
sam-o,1,56,35,21,14,13,1,0,27,56
Wreckney,1,55,40,15,25,2,1,1,27,56
youarenotjim,1,55,40,15,25,2,1,1,27,56
packpride,4,54,38,16,22,4,3,2,26,56
acacia7,1,56,38,18,20,6,1,0,26,56
BnothingP,1,56,39,17,22,4,1,0,26,56
BuffNStuff,1,55,35,20,15,11,1,1,26,56
Servious,2,54,39,15,24,2,1,2,26,56
Spectre623,1,56,41,15,26,0,1,0,26,56
ussfoehammer,1,56,41,15,26,0,1,0,26,56
iloveapples11,2,55,38,17,21,4,2,1,25,56
_ikon,1,55,40,15,25,0,1,1,25,56
IronOhki,1,55,39,16,23,2,1,1,25,56
scam_radio,1,55,38,17,21,4,1,1,25,56
zbenet,1,55,40,15,25,0,1,1,25,56
mrsmith099,1,56,40,16,24,0,1,0,24,56
nympho_dora_tonks,1,55,27,28,-1,25,1,1,24,56
flex_donkey,1,55,39,16,23,0,1,1,23,56
gaallen,1,55,39,16,23,0,1,1,23,56
iginge,1,56,37,19,18,5,1,0,23,56
notmyjob777,1,55,38,17,21,2,1,1,23,56
tfiggs,1,55,38,17,21,2,1,1,23,56
tudormuscalu,1,55,38,17,21,2,0,1,23,56
IceCreamMan96,1,55,36,19,17,5,1,1,22,56
nottalentedduh,1,55,37,18,19,3,1,1,22,56
NZShantyman,1,55,36,19,17,5,1,1,22,56
mc_rib,2,54,34,20,14,8,0,2,22,56
Iksaiah,3,53,35,18,17,4,2,3,21,56
bergenco,1,55,38,17,21,0,1,1,21,56
LuTheLunatic,1,55,38,17,21,0,1,1,21,56
Putin_inyoFace,1,55,36,19,17,4,1,1,21,56
pyongyang_party_meat,1,55,37,18,19,2,1,1,21,56
randomusername9000,1,55,38,17,21,0,1,1,21,56
scienceben,1,55,38,17,21,0,1,1,21,56
sewneo,1,55,35,20,15,6,1,1,21,56
zero44,1,55,36,19,17,4,1,1,21,56
Invisible_Walrus,1,55,38,17,21,0,0,1,21,56
dennycraner,3,53,31,22,9,11,3,3,20,56
scaink,3,54,34,20,14,6,2,2,20,56
Death_By_Supa_Poop,1,55,35,20,15,5,1,1,20,56
erikthesloth,2,54,35,19,16,4,1,2,20,56
Fadic4,2,54,34,20,14,5,2,2,19,56
Benj5L,1,55,37,18,19,0,1,1,19,56
Daveoding,1,55,37,18,19,0,1,1,19,56
IceCube711,1,55,34,21,13,6,1,1,19,56
MrBookis,1,55,35,20,15,4,1,1,19,56
NDN_Liberal,1,56,34,22,12,7,1,0,19,56
occupyredrobin,1,55,37,18,19,0,1,1,19,56
ProjectDusk,1,55,31,24,7,12,1,1,19,56
rawrrmonster,1,55,37,18,19,0,1,1,19,56
UrMomsA_ThrowAwayAct,1,55,36,19,17,2,1,1,19,56
keytonic,1,55,35,20,15,4,0,1,19,56
TheBosmer,1,55,34,21,13,5,1,1,18,56
ThisDoesntMakeCents,3,53,34,19,15,2,3,3,17,56
LeEnergizerBunny,3,53,35,18,17,0,2,3,17,56
camelBackNotation,1,55,34,21,13,4,1,1,17,56
Cynique,1,55,31,24,7,10,1,1,17,56
Soonerboy2014,1,55,35,20,15,2,1,1,17,56
CDBelvedere,3,53,33,20,13,3,1,3,16,56
GuythOnABuffalo,1,55,33,22,11,5,1,1,16,56
jcgodfather,2,54,30,24,6,9,2,2,15,56
biglawts,1,55,35,20,15,0,1,1,15,56
Brolly,1,55,35,20,15,0,1,1,15,56
EatingGrass,1,55,34,21,13,2,1,1,15,56
jettsgotswag,1,55,34,21,13,2,1,1,15,56
lon3wolf18,1,55,34,21,13,2,1,1,15,56
moosepac,1,55,34,21,13,2,1,1,15,56
pr0ffs,1,55,35,20,15,0,1,1,15,56
sephiroth725,1,55,33,22,11,3,1,1,14,56
Snolidsteak,2,54,34,20,14,0,1,2,14,56
ManOfWonders,1,55,33,22,11,3,0,1,14,56
edwardloveall,1,55,32,23,9,4,1,1,13,56
HoneyWine,1,55,32,23,9,4,1,1,13,56
Lunchbox2117,1,55,34,21,13,0,1,1,13,56
phillipj06,1,55,32,23,9,4,1,1,13,56
TheTurkey5689,1,55,34,21,13,0,1,1,13,56
whatthedicksolympics,1,55,30,25,5,8,1,1,13,56
gabew101,2,54,31,23,8,4,2,2,12,56
IFearFash,2,54,33,21,12,0,2,2,12,56
LynnWicked,2,54,28,26,2,10,2,2,12,56
Leazulzorro,2,54,32,22,10,2,1,2,12,56
Ricbot,1,55,32,23,9,3,1,1,12,56
Gemc666,2,54,29,25,4,7,2,2,11,56
merci4levenin,2,54,30,24,6,5,2,2,11,56
nikkogatti,3,54,30,24,6,5,2,2,11,56
Ascott-wongle,1,55,33,22,11,0,1,1,11,56
Danster21,1,55,32,23,9,2,1,1,11,56
pdeemer,2,54,32,22,10,0,1,2,10,56
warty891,1,55,29,26,3,7,1,1,10,56
Phineas_and_fap,2,54,31,23,8,2,0,2,10,56
foilapron,2,55,31,24,7,2,2,1,9,56
batmanwithagun,1,55,32,23,9,0,1,1,9,56
dayofacer,2,54,30,24,6,3,1,2,9,56
hacktiveLife,1,55,32,23,9,0,1,1,9,56
libertao,1,55,31,24,7,2,1,1,9,56
rcunov,1,55,32,23,9,0,1,1,9,56
Zimoki,2,55,31,24,7,2,1,1,9,56
Edonlin2004,2,55,32,23,9,0,0,1,9,56
high5sexwhoa,1,55,28,27,1,7,1,1,8,56
Missunify,1,55,30,25,5,3,1,1,8,56
DorothyBooth,1,55,24,31,-7,13,1,1,6,56
whatsthepoint1,2,54,30,24,6,0,1,2,6,56
jackieboy88,1,55,25,30,-5,10,1,1,5,56
mbains,1,55,30,25,5,0,1,1,5,56
bananamunchies,2,54,29,25,4,0,2,2,4,56
el_muerte28,2,54,22,32,-10,10,0,2,0,56
vanillaacid,2,54,26,28,-2,0,2,2,-2,56
nategamer01,2,54,23,31,-8,6,1,2,-2,56
kaybizzle,1,55,25,30,-5,2,1,1,-3,56
Matrix0523,1,55,25,30,-5,2,1,1,-3,56
igofman,2,54,24,30,-6,2,2,2,-4,56
mcblanket,4,52,24,28,-4,0,2,4,-4,56
mattmwin,1,55,25,30,-5,0,1,1,-5,56
KScheps,2,54,54,0,54,15,1,1,69,55
neverRong,1,54,51,3,48,5,1,1,53,55
oh_okay_,1,55,47,8,39,13,1,0,52,55
ConceitedSC,1,54,44,10,34,15,1,1,49,55
Unsocialsnail,1,54,44,10,34,13,1,1,47,55
us3rnamealreadytaken,1,54,47,7,40,7,1,1,47,55
missderainy,2,54,49,5,44,2,2,1,46,55
Snowden42,1,54,34,20,14,32,1,1,46,55
Jolteon59,1,54,49,5,44,2,0,1,46,55
AntonioVS,1,54,48,6,42,3,1,1,45,55
Karlemil,1,54,49,5,44,0,1,1,44,55
tadisc,1,54,48,6,42,2,1,1,44,55
Sinnic,2,53,47,6,41,2,0,2,43,55
Marbla,1,55,47,8,39,3,1,0,42,55
falkerman,1,54,46,8,38,3,1,1,41,55
spinladen,1,54,45,9,36,5,0,1,41,55
arcanooito,3,54,39,15,24,16,2,1,40,55
LostRadio,1,54,47,7,40,0,1,1,40,55
porlhilton,1,54,46,8,38,2,1,1,40,55
RiptideRapture,1,54,46,8,38,2,1,1,40,55
seamussmithKTA,1,54,47,7,40,0,1,1,40,55
superninja123,1,54,47,7,40,0,1,1,40,55
crimsonstride,1,54,39,15,24,15,1,1,39,55
Jacko141,1,54,42,12,30,9,1,1,39,55
friendtyou,1,54,35,19,16,22,1,1,38,55
UnsubtleProdigy,1,54,46,8,38,0,1,1,38,55
nick97,3,52,39,13,26,11,3,3,37,55
pabstish,1,54,42,12,30,7,1,1,37,55
uponthewatershed,1,54,33,21,12,25,1,1,37,55
ivyt_123,2,53,42,11,31,5,2,2,36,55
lalalaughter,1,54,44,10,34,2,1,1,36,55
majeric,1,54,45,9,36,0,1,1,36,55
nishnosh,1,54,43,11,32,4,1,1,36,55
SomeTallAsianDude,1,54,43,11,32,4,1,1,36,55
aChileanDude,1,54,45,9,36,0,0,1,36,55
ICGraham,2,53,44,9,35,0,2,2,35,55
trish80s_4_life,3,52,36,16,20,15,2,3,35,55
weedpt,2,53,40,13,27,8,2,2,35,55
drinkalone,1,55,42,13,29,6,1,0,35,55
muppet213,1,54,43,11,32,3,1,1,35,55
greenflavoredorange,2,54,43,11,32,2,2,1,34,55
godless_guru,1,54,40,14,26,8,1,1,34,55
PaidToLurk,1,54,43,11,32,2,1,1,34,55
philcannotdance,1,54,44,10,34,0,1,1,34,55
TomMahom,1,55,40,15,25,9,1,0,34,55
VictoriaNicole,1,55,43,12,31,3,1,0,34,55
zackola,1,54,41,13,28,6,1,1,34,55
Zerginj,1,54,44,10,34,0,1,1,34,55
POTATO_IN_MY_ROMNEY,1,54,42,12,30,4,0,1,34,55
Evatium,2,53,40,13,27,6,2,2,33,55
TheTreeTopChronicles,2,53,41,12,29,4,2,2,33,55
Caniid,1,55,43,12,31,2,1,0,33,55
doublebeatloaf,1,55,42,13,29,4,1,0,33,55
peter149,1,54,41,13,28,5,1,1,33,55
TheGreatBrandino,1,54,42,12,30,3,1,1,33,55
orang3juuc3,2,53,37,16,21,11,2,2,32,55
StigC,1,54,42,12,30,2,1,1,32,55
dolladolla_bill_yall,2,53,40,13,27,4,2,2,31,55
becface,1,54,41,13,28,3,1,1,31,55
mvhoute,1,55,43,12,31,0,1,0,31,55
Brony2you,1,55,41,14,27,3,1,0,30,55
butterfly_kisses,1,54,37,17,20,10,1,1,30,55
DJRIPPED,1,54,42,12,30,0,1,1,30,55
IrishLol,1,54,39,15,24,6,1,1,30,55
LegendaryJay,1,54,41,13,28,2,1,1,30,55
squirmingfrog,1,54,38,16,22,8,1,1,30,55
ilovewandy,1,54,40,14,26,4,0,1,30,55
GrandArbiter,1,55,39,16,23,6,1,0,29,55
Storm301,2,53,38,15,23,5,2,2,28,55
bmoney107,1,54,41,13,28,0,1,1,28,55
bolch,1,55,39,16,23,5,1,0,28,55
lulzorgtfo,1,54,40,14,26,2,1,1,28,55
mikeydcarter,1,54,41,13,28,0,1,1,28,55
missbrosephine,1,54,41,13,28,0,1,1,28,55
Mv71,1,54,40,14,26,2,1,1,28,55
sami055,2,54,32,22,10,18,1,1,28,55
Pachipie,2,53,40,13,27,0,2,2,27,55
WookieSauce,2,53,35,18,17,10,2,2,27,55
andreanjos,1,55,39,16,23,4,1,0,27,55
Heretocomment,1,55,35,20,15,12,1,0,27,55
mzubi,1,55,41,14,27,0,1,0,27,55
niklaskronwalled,1,54,38,16,22,5,1,1,27,55
Innsu,1,55,39,16,23,3,1,0,26,55
jamiestewart48,1,54,37,17,20,6,1,1,26,55
Javalanche1,1,54,39,15,24,2,1,1,26,55
jimjam48,1,54,40,14,26,0,1,1,26,55
Kmill92,1,54,40,14,26,0,1,1,26,55
ryanvango,1,54,39,15,24,2,1,1,26,55
scammerzacc,1,54,38,16,22,4,1,1,26,55
solaris999,1,54,40,14,26,0,1,1,26,55
Not_R2D2,2,53,36,17,19,6,2,2,25,55
derkach441,1,54,38,16,22,3,1,1,25,55
hpclone25,1,54,36,18,18,7,1,1,25,55
jojoet,1,54,38,16,22,3,1,1,25,55
leegethas,1,54,38,16,22,3,1,1,25,55
rememberthisnow,1,54,38,16,22,3,1,1,25,55
shoesonshoes,1,54,38,16,22,3,1,1,25,55
zbonerman,2,53,37,16,21,4,1,2,25,55
chilidog17,2,53,37,16,21,3,2,2,24,55
d0ggyd0g,1,54,36,18,18,6,1,1,24,55
Gentleman_Bird,1,54,38,16,22,2,1,1,24,55
not-hardly,1,54,38,16,22,2,1,1,24,55
SameDayReposts,1,54,39,15,24,0,1,1,24,55
K1773N2,1,54,39,15,24,0,0,1,24,55
Brandaman,2,53,38,15,23,0,2,2,23,55
ITSTUCKYO,2,53,31,22,9,14,2,2,23,55
Maxxters,1,54,33,21,12,11,1,1,23,55
swagmastakrol,1,54,36,18,18,5,1,1,23,55
jerryfastdigger,1,54,38,16,22,0,1,1,22,55
watchr54,1,54,37,17,20,2,1,1,22,55
Always_Leaves_You_Ha,1,54,29,25,4,17,1,1,21,55
SlyTone,1,55,38,17,21,0,1,0,21,55
ThisIsPrata,1,54,35,19,16,5,1,1,21,55
transient13,1,54,34,20,14,7,1,1,21,55
xBAU5,1,55,38,17,21,0,1,0,21,55
muristheword,1,54,35,19,16,5,0,1,21,55
deadmilkman,1,54,37,17,20,0,1,1,20,55
guy151,1,54,37,17,20,0,1,1,20,55
HotKarlHungus,1,54,31,23,8,12,1,1,20,55
Innova,1,54,35,19,16,4,1,1,20,55
KingKazuma,1,54,36,18,18,2,1,1,20,55
MaxTangles,1,54,33,21,12,8,1,1,20,55
redwings4life33,1,54,33,21,12,8,1,1,20,55
This_is_my_show,1,54,35,19,16,4,1,1,20,55
whytep,2,53,35,18,17,3,1,2,20,55
coolNerd84,2,53,34,19,15,4,2,2,19,55
Holden2plus2,2,53,33,20,13,6,2,2,19,55
Allred87,1,54,33,21,12,7,1,1,19,55
and_and30,1,54,35,19,16,3,1,1,19,55
quincebolis,1,54,34,20,14,5,1,1,19,55
rutgertjuhh,1,54,35,19,16,3,1,1,19,55
WayneVennin,1,55,37,18,19,0,1,0,19,55
Janscho,1,54,33,21,12,7,0,1,19,55
brett84c,1,54,34,20,14,4,1,1,18,55
coldevil123,1,54,34,20,14,4,1,1,18,55
hitokirikensei,2,53,32,21,11,7,1,2,18,55
maiowewoiwee,1,54,35,19,16,2,1,1,18,55
pooptrack,1,54,36,18,18,0,1,1,18,55
TheMindShaftServer,1,54,32,22,10,8,1,1,18,55
wheresyourmessiahnow,1,54,32,22,10,8,1,1,18,55
yankees8198,1,54,34,20,14,4,1,1,18,55
ZeMoose,1,54,36,18,18,0,1,1,18,55
bojank33,1,54,32,22,10,7,1,1,17,55
holyfudge0831,2,53,34,19,15,2,1,2,17,55
SapphireChild,2,53,35,18,17,0,0,2,17,55
TR011M45T3R,1,54,34,20,14,3,0,1,17,55
-_Drasher_-,1,54,35,19,16,0,1,1,16,55
Sociallycynical,1,54,33,21,12,4,1,1,16,55
Tylafrankkk,1,54,34,20,14,2,1,1,16,55
RageBooth,1,54,32,22,10,6,0,1,16,55
atthegreenbed,1,54,32,22,10,5,1,1,15,55
rng43,1,54,30,24,6,9,1,1,15,55
Wintermutemancer,2,53,32,21,11,4,1,2,15,55
zer0-,1,54,32,22,10,5,1,1,15,55
cenos11,2,53,32,21,11,3,2,2,14,55
EmoKarot,1,54,34,20,14,0,1,1,14,55
giveitago,1,54,32,22,10,4,1,1,14,55
hungrytrex,2,54,34,20,14,0,1,1,14,55
Rapidjesse,2,53,32,21,11,2,2,2,13,55
Golden_orb,1,54,31,23,8,5,1,1,13,55
UpTheButtCharzard,1,54,32,22,10,3,1,1,13,55
DrewPWiener,1,54,33,21,12,0,1,1,12,55
Fraun_Pollen,2,54,33,21,12,0,1,1,12,55
kami0ncina,1,54,31,23,8,4,1,1,12,55
nrbtall,1,54,33,21,12,0,1,1,12,55
roadkill6,1,54,32,22,10,2,1,1,12,55
CupaCreeper,3,53,30,23,7,4,2,2,11,55
cmf2071,1,54,31,23,8,3,1,1,11,55
RocketLauncher,1,54,31,23,8,3,1,1,11,55
saevus1,3,52,27,25,2,9,1,3,11,55
tkkp,1,54,31,23,8,3,1,1,11,55
Paddykg,1,54,30,24,6,5,0,1,11,55
RedRedditer,2,54,29,25,4,6,2,1,10,55
CosmicShore,1,54,32,22,10,0,1,1,10,55
Cudsta101,1,54,25,29,-4,14,1,1,10,55
butterkernelSW,1,54,30,24,6,3,1,1,9,55
Tohasim,1,54,30,24,6,3,1,1,9,55
ckmpls,1,54,29,25,4,4,1,1,8,55
SplendidDevil,1,54,31,23,8,0,1,1,8,55
Excurzionz,1,54,29,25,4,4,0,1,8,55
puffyarreolas,2,53,29,24,5,2,2,2,7,55
arbili,1,54,29,25,4,3,0,1,7,55
foundation_G,2,53,25,28,-3,9,2,2,6,55
5peacenugget,1,54,27,27,0,6,1,1,6,55
hrdrockdrummer,1,54,30,24,6,0,1,1,6,55
JanCarlo,1,54,29,25,4,2,1,1,6,55
mikele_ro,1,54,30,24,6,0,1,1,6,55
themiddleastern,1,54,29,25,4,2,1,1,6,55
Feed__Me__Downvotes,2,54,27,27,0,6,0,1,6,55
SEAN771177,2,53,26,27,-1,4,1,2,3,55
hover_boy,2,53,26,27,-1,3,2,2,2,55
eovogt,1,54,27,27,0,2,1,1,2,55
lechercraft,1,54,27,27,0,2,0,1,2,55
help_my_unbelief,2,53,26,27,-1,2,2,2,1,55
james422x,2,53,25,28,-3,4,1,2,1,55
orange_julius_ceasar,1,54,26,28,-2,3,1,1,1,55
ttownqt,2,53,25,28,-3,4,1,2,1,55
Noromac,1,54,25,29,-4,4,1,1,0,55
UnSt0PabLeToWeL,3,52,26,26,0,0,1,3,0,55
samb2244,1,54,26,28,-2,2,0,1,0,55
Jaf207,1,54,25,29,-4,3,1,1,-1,55
Killerlooks,1,54,25,29,-4,2,1,1,-2,55
deshe,2,53,22,31,-9,6,1,2,-3,55
McTickles,1,54,24,30,-6,3,1,1,-3,55
trescoole,1,54,24,30,-6,0,1,1,-6,55
ChappatiMan,2,53,12,41,-29,13,2,2,-16,55
stln00b,1,53,50,3,47,9,0,1,56,54
cancle,3,51,38,13,25,27,2,3,52,54
dmcsier,1,53,46,7,39,11,1,1,50,54
TheRealJusticeJew,1,53,48,5,43,2,0,1,45,54
ardent91320,1,53,45,8,37,7,1,1,44,54
PopeOnIce,1,53,41,12,29,14,1,1,43,54
whaletoast,1,53,48,5,43,0,0,1,43,54
emsrichard,1,53,40,13,27,15,1,1,42,54
Likes_Information,1,54,44,10,34,8,1,0,42,54
Sharkles,1,53,46,7,39,3,1,1,42,54
akakaboto,1,53,41,12,29,12,1,1,41,54
Arachnatron,1,53,45,8,37,4,1,1,41,54
Thefattyd,1,53,45,8,37,4,1,1,41,54
newellz,1,53,44,9,35,5,1,1,40,54
RenHo3k,1,53,43,10,33,7,1,1,40,54
sparklefarts,1,53,37,16,21,19,1,1,40,54
wemlin14,1,53,45,8,37,3,0,1,40,54
kegar,1,53,40,13,27,12,1,1,39,54
ladiesiplayguitar,1,53,46,7,39,0,1,1,39,54
RageOfGandalf,1,53,40,13,27,12,1,1,39,54
squirrelpocher,1,53,46,7,39,0,1,1,39,54
Kroxzy,1,53,44,9,35,3,1,1,38,54
Al22lA,1,53,45,8,37,0,1,1,37,54
D1RTYBACON,1,53,44,9,35,2,1,1,37,54
fearfactor,1,53,36,17,19,17,1,1,36,54
Imperitum,1,53,43,10,33,3,1,1,36,54
Shandosaurus,1,53,41,12,29,7,1,1,36,54
audieo,1,53,42,11,31,4,1,1,35,54
scrambles57,1,53,41,12,29,6,1,1,35,54
wtf_is_a_reddit,1,53,44,9,35,0,1,1,35,54
ngratz13,1,53,32,21,11,22,0,1,33,54
Barchen,1,53,40,13,27,5,1,1,32,54
Contagious_Diarrhea,1,53,41,12,29,3,1,1,32,54
dougthoreson,1,53,41,12,29,3,1,1,32,54
smartperson1,1,53,39,14,25,7,1,1,32,54
bonzaibuddha,1,53,42,11,31,0,1,1,31,54
kellsc02,1,53,41,12,29,2,1,1,31,54
sawananedi,1,53,41,12,29,2,1,1,31,54
scramlington,1,53,42,11,31,0,1,1,31,54
TheAverageFatGuy,3,51,40,11,29,2,1,3,31,54
Uncomplicated,2,52,41,11,30,0,2,2,30,54
Distructive,1,54,42,12,30,0,1,0,30,54
J-DawgDBZ,1,54,40,14,26,4,1,0,30,54
m0rph3r,1,54,42,12,30,0,1,0,30,54
saxuhmuhphone,1,53,38,15,23,7,1,1,30,54
VintageMouse,1,53,40,13,27,3,1,1,30,54
The_Real_Baldero,1,53,40,13,27,3,0,1,30,54
ianamo,3,51,39,12,27,2,3,3,29,54
broccolibush42,2,52,36,16,20,9,2,2,29,54
GentlemanGreen17,1,54,38,16,22,7,1,0,29,54
lawrenke,1,53,39,14,25,4,1,1,29,54
Skarmotastic,1,53,32,21,11,18,1,1,29,54
Wally_B,1,53,41,12,29,0,1,1,29,54
kangalou01,2,52,40,12,28,0,2,2,28,54
hashtagAmerica,1,53,39,14,25,3,1,1,28,54
sleeper141,2,52,38,14,24,3,2,2,27,54
4athletic,1,53,40,13,27,0,1,1,27,54
Anarchophobia,1,53,39,14,25,2,1,1,27,54
zigzag32,1,53,39,14,25,2,1,1,27,54
Jimblober,1,53,39,14,25,2,0,1,27,54
alrebmik,1,53,38,15,23,3,1,1,26,54
Automatomic,1,53,38,15,23,3,1,1,26,54
cherrybounce,1,53,36,17,19,7,1,1,26,54
DurDurDoerz,1,53,38,15,23,3,1,1,26,54
Fersen,1,53,32,21,11,15,1,1,26,54
MaynardJames,1,53,38,15,23,3,1,1,26,54
namanama101,2,52,34,18,16,10,1,2,26,54
bigmack660,1,53,37,16,21,4,1,1,25,54
CornyCotton,1,53,39,14,25,0,1,1,25,54
VendettaMDubstep,2,53,38,15,23,2,1,1,25,54
ClydeFrawg,1,53,37,16,21,3,1,1,24,54
crussiam,1,53,37,16,21,3,1,1,24,54
elcraigito,1,53,38,15,23,0,1,1,23,54
ketchup-_-king,1,53,38,15,23,0,1,1,23,54
kratia,1,53,35,18,17,6,1,1,23,54
perfectsurrender,1,53,34,19,15,8,1,1,23,54
ronniehiggins,1,53,35,18,17,6,1,1,23,54
thestu25,1,53,38,15,23,0,1,1,23,54
WeirdestBonerYodaHas,1,53,35,18,17,6,1,1,23,54
hottlikeurmom,1,53,38,15,23,0,0,1,23,54
skidmark620,2,53,36,17,19,3,2,1,22,54
cgull,1,53,36,17,19,3,1,1,22,54
entcyclopedia,1,54,34,20,14,8,1,0,22,54
joeyjoejoe99,1,53,36,17,19,3,1,1,22,54
rayx,1,53,32,21,11,11,1,1,22,54
SprangTyme,1,53,36,17,19,3,1,1,22,54
Hultoy,2,52,35,17,18,4,0,2,22,54
anotherswords,1,53,35,18,17,4,1,1,21,54
cadra1324,1,53,34,19,15,6,1,1,21,54
Fuzzybutt738,1,53,37,16,21,0,1,1,21,54
GetYourEarsWet,1,53,36,17,19,2,1,1,21,54
kpstormie,1,53,37,16,21,0,1,1,21,54
smurf107,1,53,33,20,13,8,1,1,21,54
the-dyon,2,53,37,16,21,0,0,1,21,54
RememberYoureAStar,1,53,31,22,9,11,1,1,20,54
Thizzlebot,1,53,35,18,17,3,1,1,20,54
tylerdurden112,1,53,35,18,17,3,1,1,20,54
xana452,1,53,34,19,15,5,1,1,20,54
badatpunography,1,53,35,18,17,3,0,1,20,54
fishmonger71,1,53,33,20,13,7,0,1,20,54
IronGranny,1,53,33,20,13,6,1,1,19,54
Pontefex,1,53,36,17,19,0,1,1,19,54
SleepingBeauty417,1,53,35,18,17,2,1,1,19,54
TheBev13,1,53,31,22,9,10,1,1,19,54
zaxtrap,1,53,35,18,17,2,1,1,19,54
kenkenkenkenken,2,52,32,20,12,6,2,2,18,54
dan42183,2,52,33,19,14,4,1,2,18,54
KibblesnBitts,1,53,31,22,9,9,1,1,18,54
kloti,1,53,31,22,9,9,1,1,18,54
ovivios,1,54,35,19,16,2,1,0,18,54
AltToCommentOnTrees,1,53,34,19,15,3,0,1,18,54
bryman302,1,53,34,19,15,3,0,1,18,54
chumblesputs,1,53,30,23,7,10,1,1,17,54
ctrlaltd1337,1,53,31,22,9,8,1,1,17,54
JBakies,1,53,35,18,17,0,1,1,17,54
Jomjolu,1,53,32,21,11,6,1,1,17,54
LongDanglingDongKok,1,53,35,18,17,0,1,1,17,54
looniest_pry,1,53,31,22,9,8,1,1,17,54
maentti,1,53,34,19,15,2,1,1,17,54
OneSalientOversight,1,53,35,18,17,0,1,1,17,54
quicklookleft,1,53,31,22,9,8,1,1,17,54
TOCrabshacks,1,53,35,18,17,0,1,1,17,54
larkns,1,53,33,20,13,3,1,1,16,54
Ciscokid5446,3,51,33,18,15,0,3,3,15,54
10amAutomatic,1,53,31,22,9,6,1,1,15,54
eliseo209,1,53,28,25,3,12,1,1,15,54
LittleEnt,1,53,33,20,13,2,1,1,15,54
Ollehkiin,1,53,33,20,13,2,1,1,15,54
UnholyDemigod,1,53,31,22,9,6,1,1,15,54
Broke4Life,1,53,32,21,11,3,1,1,14,54
mfr80,3,52,30,22,8,5,3,2,13,54
Duke_of_Chutny,2,52,31,21,10,3,2,2,13,54
BlazinSpeed,1,53,32,21,11,2,1,1,13,54
emzaa6,1,53,33,20,13,0,1,1,13,54
evilbunny793,3,51,32,19,13,0,1,3,13,54
Fun1k,1,53,33,20,13,0,1,1,13,54
GoFuckUrself,1,53,33,20,13,0,1,1,13,54
jaclax182b,1,53,31,22,9,4,1,1,13,54
hosway,1,53,30,23,7,6,0,1,13,54
Yashoki,2,52,32,20,12,0,2,2,12,54
Axis_of_Uranus,1,53,31,22,9,3,1,1,12,54
knc8328,1,54,33,21,12,0,1,0,12,54
NewYorkFan115,1,53,31,22,9,3,1,1,12,54
pengo,1,53,27,26,1,11,1,1,12,54
Thewolf421,1,53,30,23,7,5,0,1,12,54
xSURR3NDERx,3,53,30,23,7,4,2,1,11,54
aaronreason,1,53,32,21,11,0,1,1,11,54
diminishedfifth,1,53,31,22,9,2,1,1,11,54
ricodomdude,1,53,31,22,9,2,1,1,11,54
Smiles1077,1,53,32,21,11,0,1,1,11,54
bellonium,1,53,31,22,9,2,0,1,11,54
code_guerilla,2,52,30,22,8,2,2,2,10,54
lillexort,3,51,27,24,3,7,1,3,10,54
mad_bromine,1,53,31,22,9,0,1,1,9,54
oxcox,1,53,29,24,5,4,1,1,9,54
PEGZALOT,1,53,30,23,7,2,1,1,9,54
CarlDaniel,1,53,28,25,3,5,1,1,8,54
river09,1,53,29,24,5,3,1,1,8,54
ania1,2,52,28,24,4,3,1,2,7,54
lambroast13010,1,53,30,23,7,0,1,1,7,54
Taggobob,1,53,30,23,7,0,1,1,7,54
esslax24,4,50,28,22,6,0,2,4,6,54
Manulicious,1,53,27,26,1,4,0,1,5,54
Phloozy,2,52,27,25,2,0,1,2,2,54
Taarabt7,1,54,28,26,2,0,1,0,2,54
SmallDegree,2,52,24,28,-4,5,1,2,1,54
cozican90,1,53,24,29,-5,5,1,1,0,54
EzyMufF,1,53,25,28,-3,2,1,1,-1,54
p47121ck,2,52,24,28,-4,0,2,2,-4,54
darkpendantz,1,53,23,30,-7,0,1,1,-7,54
loraxthing,2,52,21,31,-10,0,2,2,-10,54
vanualevu,1,53,46,7,39,23,1,0,62,53
penguinz0,1,52,50,2,48,3,1,1,51,53
pyria,1,53,50,3,47,3,1,0,50,53
BarcodeMaster,1,52,48,4,44,4,1,1,48,53
CROOKnotSHOOK,1,53,43,10,33,13,1,0,46,53
spartan9595,1,52,39,13,26,20,1,1,46,53
KrazyKanadian,1,52,48,4,44,0,1,1,44,53
gluta,2,51,46,5,41,2,1,2,43,53
suenami,1,52,46,6,40,3,1,1,43,53
jmedwards,1,52,46,6,40,2,1,1,42,53
Amplitude,1,52,45,7,38,2,1,1,40,53
falloutsid1234,1,52,42,10,32,8,1,1,40,53
icup24,1,52,45,7,38,2,1,1,40,53
jonahe,1,52,43,9,34,6,1,1,40,53
Aaron__G,1,52,43,9,34,5,1,1,39,53
cr0w41,1,52,44,8,36,3,1,1,39,53
im2reel,2,52,45,7,38,0,2,1,38,53
dauniballer,1,52,44,8,36,2,1,1,38,53
KindredBear,1,53,41,12,29,9,1,0,38,53
RothKyle,1,52,41,11,30,8,1,1,38,53
thelurksideofthemoon,1,52,44,8,36,2,1,1,38,53
FullOfShite,1,52,33,19,14,24,0,1,38,53
tamifromcali,1,52,44,8,36,2,0,1,38,53
heyamberlynne,2,51,41,10,31,6,1,2,37,53
callsign_helo,1,52,43,9,34,2,1,1,36,53
fmlfml1,1,52,41,11,30,6,1,1,36,53
southern_snowbird,1,52,43,9,34,2,1,1,36,53
RULESONEANDTWO,3,51,37,14,23,12,3,2,35,53
chazriel,1,52,41,11,30,5,1,1,35,53
lukedotv,1,52,37,15,22,13,1,1,35,53
Maternitus,2,51,40,11,29,6,1,2,35,53
PGERMS,2,51,40,11,29,6,0,2,35,53
AliceCullen234,1,52,42,10,32,2,1,1,34,53
ALLCAPSON,1,52,41,11,30,4,1,1,34,53
beep_beep_beep_beep,1,52,43,9,34,0,1,1,34,53
dorgarm,1,53,42,11,31,3,1,0,34,53
Fancy_Monocle_Man,1,52,43,9,34,0,1,1,34,53
Henryyilupe,1,52,42,10,32,2,1,1,34,53
Hobbes-ish,1,52,43,9,34,0,1,1,34,53
itsRumor,1,52,42,10,32,2,1,1,34,53
SYBR_Green,1,52,40,12,28,6,1,1,34,53
BeQuake,1,52,43,9,34,0,0,1,34,53
foolhasty,1,52,37,15,22,12,0,1,34,53
intro195,1,53,42,11,31,2,1,0,33,53
riokou,1,52,39,13,26,7,1,1,33,53
Spartan32393,2,51,39,12,27,6,1,2,33,53
danthemanmcm,1,52,40,12,28,4,1,1,32,53
hulia,1,52,41,11,30,2,1,1,32,53
KelseyTheGreat,1,52,42,10,32,0,1,1,32,53
robitussin_hero,1,53,38,15,23,9,1,0,32,53
VC_3pO,1,53,41,12,29,3,1,0,32,53
JamJelly,2,51,39,12,27,5,0,2,32,53
platelets,2,51,38,13,25,6,2,2,31,53
baldmanspeaking,1,52,37,15,22,9,1,1,31,53
BigTitsWetPussyfap,2,51,31,20,11,20,1,2,31,53
chambuzz,1,53,36,17,19,12,1,0,31,53
iguitaround,1,52,35,17,18,13,1,1,31,53
LlamaExpert,1,53,42,11,31,0,1,0,31,53
sloanketerlen,1,52,39,13,26,5,1,1,31,53
KJM321,2,51,32,19,13,18,0,2,31,53
sanchezinc,1,52,40,12,28,3,0,1,31,53
flowingbrooke,3,50,40,10,30,0,3,3,30,53
3rdLevelRogue,2,52,40,12,28,2,1,1,30,53
crashin,2,51,36,15,21,9,1,2,30,53
james527,1,52,34,18,16,14,1,1,30,53
littletoaster,1,52,40,12,28,2,1,1,30,53
Zenmoaka,1,52,41,11,30,0,1,1,30,53
deutrij,1,52,40,12,28,2,0,1,30,53
Riguy,1,52,39,13,26,4,0,1,30,53
Seeker185,1,52,38,14,24,6,0,1,30,53
elduderino77,2,51,38,13,25,4,1,2,29,53
HFiasco,1,52,37,15,22,7,1,1,29,53
iherpbutdontderp,1,52,38,14,24,5,1,1,29,53
sneeze_and_fart,1,52,38,14,24,5,1,1,29,53
imagine22jc,2,51,34,17,17,11,2,2,28,53
Bowties23,1,52,36,16,20,8,1,1,28,53
concrete-angel,1,52,40,12,28,0,1,1,28,53
harry_dean_stanton,2,52,39,13,26,2,1,1,28,53
MrsCaptPlanet,1,52,38,14,24,4,1,1,28,53
Pantloader,2,51,37,14,23,5,1,2,28,53
Major_Science,1,53,38,15,23,4,1,0,27,53
SyluxTheDino,1,52,36,16,20,7,1,1,27,53
adamthecow,1,52,38,14,24,2,1,1,26,53
g3rb1l,1,52,38,14,24,2,1,1,26,53
galaxim4,1,52,38,14,24,2,1,1,26,53
niksalex,1,52,39,13,26,0,1,1,26,53
XXXLILRED420XXX,1,52,38,14,24,2,1,1,26,53
yesleklehcar,1,52,39,13,26,0,1,1,26,53
Legallywhite,1,52,33,19,14,12,0,1,26,53
starrychloe,3,50,35,15,20,5,3,3,25,53
CaptainSlippery,1,52,35,17,18,7,1,1,25,53
K_Paso,1,53,36,17,19,6,1,0,25,53
KeenDreams,1,53,38,15,23,2,1,0,25,53
m0pi1,1,52,29,23,6,19,1,1,25,53
Solvoid,2,51,38,13,25,0,1,2,25,53
tommybread,1,53,39,14,25,0,1,0,25,53
nazidias,2,51,36,15,21,3,2,2,24,53
pragmatika,2,51,36,15,21,3,2,2,24,53
conversatile,1,52,36,16,20,4,1,1,24,53
liz0k0k,3,50,36,14,22,2,1,3,24,53
lukesnickers,1,52,38,14,24,0,1,1,24,53
manibagri11,1,52,38,14,24,0,1,1,24,53
Popkarma,1,52,37,15,22,2,1,1,24,53
Smotchkkiss,1,52,38,14,24,0,1,1,24,53
wat_wat,1,52,35,17,18,6,1,1,24,53
shiggityjoe,1,52,37,15,22,2,0,1,24,53
gameshark56,2,51,34,17,17,6,2,2,23,53
omzies,2,51,35,16,19,4,2,2,23,53
daniterida,1,52,35,17,18,5,1,1,23,53
ishallsmitethee,1,53,38,15,23,0,1,0,23,53
moagybear,1,53,36,17,19,4,1,0,23,53
Sergeant_M,1,52,31,21,10,13,1,1,23,53
Nekrogoblikon,2,52,37,15,22,0,2,1,22,53
Freeline_Skater,1,52,33,19,14,8,1,1,22,53
insanitytears,1,53,34,19,15,7,1,0,22,53
lantarian,1,52,37,15,22,0,1,1,22,53
slimdog,1,52,36,16,20,2,1,1,22,53
SocCar90,1,52,37,15,22,0,1,1,22,53
vroomanj,1,52,34,18,16,6,1,1,22,53
pedroledonkey,2,52,35,17,18,3,2,1,21,53
sirrypie,2,51,34,17,17,4,2,2,21,53
Rakajj,1,53,34,19,15,6,1,0,21,53
greenleaf187,1,52,31,21,10,10,1,1,20,53
ididafunny,1,52,35,17,18,2,1,1,20,53
jawshoeah,1,52,33,19,14,6,1,1,20,53
joeshmoe47,1,52,35,17,18,2,1,1,20,53
kiowa63,1,52,34,18,16,4,1,1,20,53
Lawlermobile,1,52,35,17,18,2,1,1,20,53
likwidtek,2,52,35,17,18,2,1,1,20,53
paranormal_shouting,3,50,31,19,12,8,1,3,20,53
proak,1,53,35,18,17,3,1,0,20,53
shitdickfuckass,1,52,36,16,20,0,1,1,20,53
sit_I_piz,1,52,36,16,20,0,1,1,20,53
ZombieNorris,2,51,32,19,13,7,1,2,20,53
sigbox,2,51,35,16,19,0,2,2,19,53
Teh_BB,1,52,33,19,14,5,1,1,19,53
texrome,1,52,34,18,16,3,1,1,19,53
topdesignmag,1,53,34,19,15,4,1,0,19,53
Travis-Touchdown,1,52,33,19,14,5,1,1,19,53
dee_swoozie,4,50,30,20,10,8,3,3,18,53
clownarthur,3,50,34,16,18,0,2,3,18,53
abbybillard,1,52,35,17,18,0,1,1,18,53
DragonDew,1,52,34,18,16,2,1,1,18,53
DukeDontNukem,1,52,32,20,12,6,1,1,18,53
iniquity30,1,52,32,20,12,6,1,1,18,53
mynameistrain,1,52,35,17,18,0,1,1,18,53
OriginalGranny,1,52,35,17,18,0,1,1,18,53
dotakiller,2,51,32,19,13,4,2,2,17,53
McGuire72,1,52,30,22,8,9,1,1,17,53
VerDoc,1,52,32,20,12,5,1,1,17,53
Tikiman77,2,51,31,20,11,5,2,2,16,53
f00d_in_my_tummy,1,52,34,18,16,0,1,1,16,53
format538,1,52,34,18,16,0,1,1,16,53
futbolballer4life,2,52,33,19,14,2,1,1,16,53
upstreamjunk,1,52,32,20,12,4,1,1,16,53
Darrkman,1,52,34,18,16,0,0,1,16,53
Kuama,1,52,32,20,12,3,1,1,15,53
walkingthecow,1,52,32,20,12,3,1,1,15,53
pierceparadox,3,50,31,19,12,3,0,3,15,53
2league23,1,52,33,19,14,0,1,1,14,53
bagley2010,1,52,32,20,12,2,1,1,14,53
IcedPyro,1,52,33,19,14,0,1,1,14,53
ivegotabooner,1,52,30,22,8,6,1,1,14,53
LisleIsGay,1,52,32,20,12,2,1,1,14,53
no_numbers_here,1,52,32,20,12,2,1,1,14,53
PanFlute,1,53,32,21,11,3,1,0,14,53
reditedno,1,52,31,21,10,4,1,1,14,53
UpBLuigi,1,52,32,20,12,2,1,1,14,53
hamblin,4,49,25,24,1,12,2,4,13,53
STiberius,2,51,32,19,13,0,2,2,13,53
intimacygel,1,52,30,22,8,5,1,1,13,53
TheseVideogames,3,50,26,24,2,10,2,3,12,53
elliot430,1,52,32,20,12,0,1,1,12,53
twelveeight,1,52,32,20,12,0,1,1,12,53
DIRj67,2,51,31,20,11,0,1,2,11,53
iAMaHUSKY,1,53,31,22,9,2,1,0,11,53
sefirot_jl,1,52,28,24,4,7,1,1,11,53
Lord_Bumberchute,1,52,30,22,8,2,1,1,10,53
mbcs09,1,52,30,22,8,2,1,1,10,53
mexicanninja23,1,52,30,22,8,2,1,1,10,53
nitnats,1,52,31,21,10,0,1,1,10,53
tikki_rox,1,52,31,21,10,0,1,1,10,53
NargThePeanut,2,51,26,25,1,8,2,2,9,53
Hamiiphab,1,53,31,22,9,0,1,0,9,53
luckyclam,1,52,25,27,-2,11,1,1,9,53
Pookas,2,51,29,22,7,2,1,2,9,53
lulzcopter19,1,52,30,22,8,0,1,1,8,53
shak1145,1,53,30,23,7,0,1,0,7,53
TaviousRex,1,52,24,28,-4,11,1,1,7,53
ChaChaRiot,1,52,29,23,6,0,1,1,6,53
kilroyfortehwin,1,52,28,24,4,2,1,1,6,53
ccitraro,2,51,28,23,5,0,2,2,5,53
obviously_biased,1,52,24,28,-4,9,1,1,5,53
somethin62,1,52,23,29,-6,11,1,1,5,53
ShadowWw431,1,52,24,28,-4,8,1,1,4,53
PandaCow,2,51,27,24,3,0,2,2,3,53
duey_rando,2,51,25,26,-1,2,2,2,1,53
thefaceless,1,52,23,29,-6,7,1,1,1,53
realfuzzhead,1,52,24,28,-4,4,1,1,0,53
HAHAHAsecstown,2,51,24,27,-3,2,1,2,-1,53
Simerty,2,51,25,26,-1,0,1,2,-1,53
slahaw,1,52,24,28,-4,3,1,1,-1,53
zchilds27,1,52,24,28,-4,3,1,1,-1,53
comz95,1,52,23,29,-6,4,1,1,-2,53
I_HAVE_LOBSTER_CLAWS,1,52,23,29,-6,2,1,1,-4,53
new_abcdefghijkl,1,52,24,28,-4,0,1,1,-4,53
englishsummer,1,52,22,30,-8,3,1,1,-5,53
bickford182,2,51,22,29,-7,0,1,2,-7,53
johnnyca15,1,52,22,30,-8,0,1,1,-8,53
Sam64,4,49,16,33,-17,0,4,4,-17,53
AristotleJr,5,49,14,35,-21,2,3,4,-19,53
PhoenixWhite,1,51,48,3,45,2,1,1,47,52
sweetlifeofawiseman,1,51,48,3,45,2,1,1,47,52
remitarabian,1,51,46,5,41,5,1,1,46,52
mistah_q,1,51,45,6,39,4,0,1,43,52
AbhorentGrammar,1,51,45,6,39,3,1,1,42,52
Day_Man21,1,51,44,7,37,5,1,1,42,52
mixma,1,52,47,5,42,0,1,0,42,52
MrJosiahT,1,52,44,8,36,4,1,0,40,52
71NZ,1,52,40,12,28,11,1,0,39,52
amzirkle,1,51,45,6,39,0,0,1,39,52
inthatshirt,1,51,41,10,31,7,1,1,38,52
SpinalOblivion,1,52,43,9,34,4,1,0,38,52
Thizzlbafool,1,52,44,8,36,2,1,0,38,52
abcgoat,1,52,38,14,24,13,1,0,37,52
twitch1982,1,51,38,13,25,12,1,1,37,52
BrassBeast,1,51,41,10,31,5,1,1,36,52
DylanWalmsley,1,52,43,9,34,2,1,0,36,52
DaneGleesac,1,52,38,14,24,11,1,0,35,52
deutschbag17,1,51,43,8,35,0,1,1,35,52
trooptpt80,1,51,38,13,25,10,1,1,35,52
loldongslol,2,50,39,11,28,6,2,2,34,52
epheterson,1,51,39,12,27,7,1,1,34,52
Jackh67,1,52,43,9,34,0,1,0,34,52
musicmaker88,1,52,42,10,32,2,1,0,34,52
giggles88,1,51,41,10,31,3,0,1,34,52
KieranC,1,51,36,15,21,13,0,1,34,52
CatsCatsEverywhere,2,51,35,16,19,14,2,1,33,52
3pclub,1,51,40,11,29,4,1,1,33,52
Entr0p1c,1,51,42,9,33,0,1,1,33,52
jaymz308,1,51,42,9,33,0,1,1,33,52
LoopyKA,1,52,41,11,30,3,1,0,33,52
Mocosa,1,51,37,14,23,10,1,1,33,52
xtrasneakygastro,1,51,41,10,31,2,1,1,33,52
NoahsArcade84,1,51,39,12,27,6,0,1,33,52
unitedearth,1,51,41,10,31,2,0,1,33,52
D_Homes,1,52,39,13,26,6,1,0,32,52
ninaschill,1,51,40,11,29,3,1,1,32,52
steamboatdavey,1,51,41,10,31,0,1,1,31,52
RandomGimli_,1,52,41,11,30,0,1,0,30,52
ThatGingerBitch,1,52,36,16,20,10,1,0,30,52
Took41441,1,51,39,12,27,3,1,1,30,52
Nialldarke,2,52,37,15,22,7,2,0,29,52
purplepicklepicker,2,50,38,12,26,3,2,2,29,52
Bohogony,1,51,40,11,29,0,1,1,29,52
ccm596,1,51,38,13,25,4,1,1,29,52
jsaps1,3,49,38,11,27,2,1,3,29,52
Noload18,1,51,40,11,29,0,1,1,29,52
oRyan_the_Hunter,2,50,37,13,24,5,0,2,29,52
xerxesthecat,1,51,40,11,29,0,0,1,29,52
christi405,1,51,38,13,25,3,1,1,28,52
inediblepanda,1,51,37,14,23,5,1,1,28,52
rudeb0y,1,51,38,13,25,3,1,1,28,52
tekknolagi,1,51,36,15,21,7,1,1,28,52
fpeltvlfxjwkqrjt,1,51,38,13,25,3,0,1,28,52
Crybe,1,51,37,14,23,4,1,1,27,52
drastik,1,51,38,13,25,2,1,1,27,52
itspotter,1,51,37,14,23,4,1,1,27,52
Spatalos,1,51,39,12,27,0,1,1,27,52
TheThinkingJacob,2,50,34,16,18,8,2,2,26,52
chickennuggetz15,1,51,37,14,23,3,1,1,26,52
rubber_necker,1,51,37,14,23,3,1,1,26,52
Rudinism,1,52,38,14,24,2,1,0,26,52
Splengy,2,51,37,14,23,2,2,1,25,52
atalossofnames,1,51,38,13,25,0,1,1,25,52
kat_bot,1,51,34,17,17,8,1,1,25,52
M_R_Big,1,51,35,16,19,6,1,1,25,52
Pmarkoalt,1,51,38,13,25,0,1,1,25,52
TILFool,1,52,37,15,22,3,1,0,25,52
Unicorn_Rider,1,51,37,14,23,2,1,1,25,52
velociraptor106,1,51,38,13,25,0,1,1,25,52
SoZaelSC2,1,51,38,13,25,0,0,1,25,52
TeaPartyHistorian,2,50,33,17,16,8,2,2,24,52
djevikkshar,1,51,36,15,21,3,1,1,24,52
Andrudamus,1,51,35,16,19,4,1,1,23,52
bigdubs,1,51,35,16,19,4,1,1,23,52
cliffordcharles,1,51,37,14,23,0,1,1,23,52
GentianTruth,1,51,29,22,7,16,1,1,23,52
Intrigued_hippo,1,51,35,16,19,4,1,1,23,52
liamsmoker,1,51,35,16,19,4,1,1,23,52
Look_Im_On_Reddit,1,52,36,16,20,3,1,0,23,52
SpiritFox77,1,51,37,14,23,0,1,1,23,52
walshw11,1,51,36,15,21,2,1,1,23,52
wonderfulb6606,1,51,34,17,17,6,1,1,23,52
acidroach420,1,52,36,16,20,2,1,0,22,52
barneystephens,1,51,34,17,17,5,1,1,22,52
bonhot,1,51,30,21,9,13,1,1,22,52
Suneoc,1,51,35,16,19,3,1,1,22,52
altosax890,1,51,34,17,17,4,1,1,21,52
ELjoshi,1,51,35,16,19,2,1,1,21,52
Euphoriia,1,51,35,16,19,2,1,1,21,52
FreudianSlipPenis,1,51,34,17,17,4,1,1,21,52
funnygirl9,1,51,35,16,19,2,1,1,21,52
GentlemanBAMF,2,51,35,16,19,2,1,1,21,52
okmaggot,1,51,33,18,15,6,1,1,21,52
pijj,1,51,34,17,17,4,1,1,21,52
pmhubb2,1,51,35,16,19,2,1,1,21,52
voteddownward,2,51,34,17,17,4,1,1,21,52
isiah1979,1,51,29,22,7,14,0,1,21,52
i_always_finish,1,51,34,17,17,3,1,1,20,52
MemeFan1999,1,51,34,17,17,3,1,1,20,52
mulligrubs,1,52,32,20,12,8,1,0,20,52
killerwhaleMD,2,51,34,17,17,2,2,1,19,52
notsomodernlife,2,51,33,18,15,4,2,1,19,52
deceit,1,51,33,18,15,4,1,1,19,52
Fineand_D_Andy,1,51,34,17,17,2,1,1,19,52
juanitothebandito,2,51,35,16,19,0,1,1,19,52
OhSchist,1,51,32,19,13,6,1,1,19,52
ShinraExec,1,51,35,16,19,0,1,1,19,52
Deus_es,1,51,33,18,15,3,1,1,18,52
From_The_Year_3000,1,52,29,23,6,12,1,0,18,52
I_RAPE_WITH_CATS,1,51,33,18,15,3,1,1,18,52
SebastianCannonball,2,50,34,16,18,0,1,2,18,52
rosscoast,1,51,33,18,15,3,0,1,18,52
Ruveios,2,51,33,18,15,2,2,1,17,52
Doggiestylze,1,51,34,17,17,0,1,1,17,52
Jizzlypuff,1,51,33,18,15,2,1,1,17,52
Ranosteelman,1,51,33,18,15,2,1,1,17,52
leon_everest,1,51,34,17,17,0,0,1,17,52
l3l4de,2,50,31,19,12,4,2,2,16,52
tritter211,3,49,31,18,13,3,2,3,16,52
Spongebobs_Grundle,1,51,32,19,13,3,1,1,16,52
TandemSegue,1,52,34,18,16,0,1,0,16,52
bimyo,1,51,30,21,9,7,0,1,16,52
hoboinabox,2,50,32,18,14,2,0,2,16,52
hatman1995,2,50,30,20,10,5,2,2,15,52
AhhBisto,1,51,33,18,15,0,1,1,15,52
Gravaton123,2,51,31,20,11,4,1,1,15,52
Huntinho,1,51,32,19,13,2,1,1,15,52
keyj63,1,51,31,20,11,4,1,1,15,52
NikoliCockburn,1,51,30,21,9,6,1,1,15,52
PxlPfct,1,51,32,19,13,2,1,1,15,52
slackerx2288,1,51,33,18,15,0,1,1,15,52
KSI_Abs7ract,2,50,29,21,8,6,2,2,14,52
mackintosh18,2,50,31,19,12,2,2,2,14,52
campeterz,1,51,31,20,11,3,1,1,14,52
dondeee79,1,51,28,23,5,9,1,1,14,52
J1T7,1,51,29,22,7,6,1,1,13,52
UniverseAtLarge,1,51,32,19,13,0,1,1,13,52
DrSirKool-Aid,1,51,30,21,9,4,0,1,13,52
calculatordisco,1,51,30,21,9,3,1,1,12,52
WowemuGM,2,51,30,21,9,3,1,1,12,52
xXCONXx,3,49,29,20,9,2,3,3,11,52
lifesnotperfect,3,49,28,21,7,4,2,3,11,52
PiggyWidit,2,50,29,21,8,3,2,2,11,52
malim,1,51,30,21,9,2,1,1,11,52
OptimusOnline,1,51,29,22,7,4,1,1,11,52
putrid_poo_nugget,1,51,31,20,11,0,1,1,11,52
The_Stoned_Panda,1,52,29,23,6,5,1,0,11,52
Adrianthethird,1,51,30,21,9,0,1,1,9,52
BagOdonutz,1,51,30,21,9,0,1,1,9,52
Landyachtz97,2,50,28,22,6,3,1,2,9,52
LieutenantTickles,1,51,30,21,9,0,1,1,9,52
Patrick_Fitzryan,1,51,30,21,9,0,1,1,9,52
stalkingfiretruck,1,51,30,21,9,0,1,1,9,52
Tadatas,1,51,27,24,3,6,1,1,9,52
yaegs,1,51,29,22,7,2,1,1,9,52
tjacob105,2,50,29,21,8,0,2,2,8,52
karpenterskids,2,50,26,24,2,6,1,2,8,52
vollkoemmenes,1,51,28,23,5,3,1,1,8,52
Carterselzer,1,51,28,23,5,2,1,1,7,52
Epyon_,1,51,29,22,7,0,1,1,7,52
paintedsaint,1,51,27,24,3,4,1,1,7,52
Genose,1,51,23,28,-5,11,1,1,6,52
Cahjik,3,50,26,24,2,3,3,2,5,52
CliftonTime,1,51,27,24,3,2,1,1,5,52
GypsyLadiez,1,51,28,23,5,0,1,1,5,52
TenuredHickory,1,51,28,23,5,0,1,1,5,52
th3ch0s3n0n3,1,51,24,27,-3,5,1,1,2,52
Pterodactyl_sir,1,51,22,29,-7,9,0,1,2,52
aking_,1,51,23,28,-5,6,1,1,1,52
robbieh,1,51,26,25,1,0,0,1,1,52
Technolog,2,50,20,30,-10,10,2,2,0,52
Bob_Pandora,2,50,24,26,-2,2,1,2,0,52
luisfromla,1,51,24,27,-3,3,1,1,0,52
mccartneyoverlenin,1,51,24,27,-3,2,1,1,-1,52
jsilva124,1,51,24,27,-3,2,0,1,-1,52
culver91,1,51,24,27,-3,0,1,1,-3,52
aFlyingGuru,1,51,23,28,-5,0,1,1,-5,52
Sheen_dust,1,51,22,29,-7,0,1,1,-7,52
jizzed_in_my_pants,1,51,22,29,-7,0,0,1,-7,52
NintendoDestroyer89,2,50,19,31,-12,2,1,2,-10,52
cdb034,3,49,19,30,-11,0,3,3,-11,52
Ketrel,1,51,17,34,-17,6,0,1,-11,52
wocanim,1,51,20,31,-11,0,0,1,-11,52
jexxers,1,50,37,13,24,43,1,1,67,51
MoeJK,2,50,42,8,34,10,2,1,44,51
PikaTchoo,1,50,47,3,44,0,1,1,44,51
TheRussell,1,50,41,9,32,12,1,1,44,51
Lamingtons,1,50,44,6,38,4,1,1,42,51
4569294,1,50,44,6,38,3,1,1,41,51
keepaustinwired,1,50,42,8,34,7,0,1,41,51
opensesame12,1,51,38,13,25,15,1,0,40,51
9GAG_IS_FOR_TOOLS,1,50,45,5,40,0,0,1,40,51
TriNirvana,3,49,43,6,37,2,3,2,39,51
Soyner,1,50,35,15,20,19,1,1,39,51
dalco,1,50,42,8,34,4,1,1,38,51
godboy16,1,50,44,6,38,0,1,1,38,51
MelancholySpork12,1,50,44,6,38,0,1,1,38,51
Boije__,2,49,39,10,29,8,2,2,37,51
gigglestick,1,50,34,16,18,19,1,1,37,51
wellwhiskey,1,50,42,8,34,3,1,1,37,51
ilovequaker,2,49,39,10,29,7,2,2,36,51
bmoore87,1,50,40,10,30,6,1,1,36,51
Finland123221,1,50,35,15,20,16,1,1,36,51
Logan112drummer,1,50,41,9,32,4,1,1,36,51
maddenmadman,1,50,42,8,34,2,1,1,36,51
vicschuldiner,1,50,37,13,24,11,1,1,35,51
getthefacts,1,51,41,10,31,3,1,0,34,51
lsmullen,1,51,41,10,31,3,1,0,34,51
lyssanicole,1,50,40,10,30,4,1,1,34,51
rh1n0,1,50,39,11,28,6,1,1,34,51
rmw132,1,51,39,12,27,6,1,0,33,51
strum1987,2,50,35,15,20,13,1,1,33,51
v3rtigoh,1,50,41,9,32,0,1,1,32,51
DeFeet,1,50,38,12,26,5,1,1,31,51
coolredditaccountbro,1,50,39,11,28,2,1,1,30,51
Evil-zombie-jesus,1,50,38,12,26,4,1,1,30,51
kellyflan2,1,50,39,11,28,2,1,1,30,51
retired_bowseat,1,50,40,10,30,0,1,1,30,51
Rjnutter,1,50,39,11,28,2,1,1,30,51
sizzlingtandori,1,50,39,11,28,2,1,1,30,51
whydont,1,50,39,11,28,2,1,1,30,51
budwise,1,50,39,11,28,2,0,1,30,51
twitinkie,3,48,37,11,26,3,3,3,29,51
CaptainChonst,1,50,36,14,22,7,1,1,29,51
CaptKing,1,51,40,11,29,0,1,0,29,51
iAmEmployed,1,50,38,12,26,3,1,1,29,51
nextplzzzz,1,51,40,11,29,0,1,0,29,51
Grimlyn,1,50,39,11,28,0,1,1,28,51
i_just_blue-myself,1,50,38,12,26,2,1,1,28,51
postitnote,1,50,39,11,28,0,1,1,28,51
RVC123,1,50,39,11,28,0,1,1,28,51
TheSSF,1,50,37,13,24,4,1,1,28,51
UrbanCobra,1,50,39,11,28,0,0,1,28,51
chilly_chill,1,50,35,15,20,7,1,1,27,51
leefferickson11,1,50,37,13,24,3,1,1,27,51
parasitedan,1,50,36,14,22,5,1,1,27,51
spacecadet06,1,50,37,13,24,3,1,1,27,51
AttilaTheHung,1,50,36,14,22,5,0,1,27,51
0dd,1,51,37,14,23,3,1,0,26,51
aquamantis,1,50,38,12,26,0,1,1,26,51
chagspop,1,50,35,15,20,6,1,1,26,51
Directors_Cut,1,50,38,12,26,0,1,1,26,51
drQuirky,1,50,38,12,26,0,1,1,26,51
FluffyUltralisk,2,50,36,14,22,4,1,1,26,51
mickgrace,1,50,37,13,24,2,1,1,26,51
SongBird130,1,50,32,18,14,12,1,1,26,51
thatscrazyish,1,50,37,13,24,2,1,1,26,51
theo96,1,50,37,13,24,2,1,1,26,51
Bambilla,2,49,34,15,19,6,2,2,25,51
IsaacJDean,2,49,36,13,23,2,2,2,25,51
Yaoeo,2,49,36,13,23,2,2,2,25,51
antrino,1,50,33,17,16,9,1,1,25,51
dingalingking,1,50,36,14,22,3,1,1,25,51
pastelobscura,1,50,36,14,22,3,1,1,25,51
ts_810,1,51,38,13,25,0,1,0,25,51
meat_wagon_man1,3,48,28,20,8,16,2,3,24,51
WuWarrior,3,48,34,14,20,4,2,3,24,51
Alaskan_Assassin,1,50,32,18,14,10,1,1,24,51
eameags,1,50,35,15,20,4,1,1,24,51
Fugeyfuge,1,50,32,18,14,10,1,1,24,51
n42,1,50,37,13,24,0,1,1,24,51
OrangeNova,1,50,37,13,24,0,1,1,24,51
pmelv88,1,50,32,18,14,10,1,1,24,51
Trafalgar_Guy,1,50,37,13,24,0,1,1,24,51
TyrannosaurusEch,1,50,37,13,24,0,1,1,24,51
buddhakriss,1,50,37,13,24,0,0,1,24,51
granthinds,1,50,32,18,14,10,0,1,24,51
Alura0,1,50,32,18,14,9,1,1,23,51
BryceVee,1,50,33,17,16,7,1,1,23,51
fronzbot,1,50,35,15,20,3,1,1,23,51
RapeMobile,1,50,35,15,20,3,1,1,23,51
succulentjoint,2,49,35,14,21,2,1,2,23,51
swtdreams428,1,50,33,17,16,7,1,1,23,51
SyntheticSymmetry,1,50,34,16,18,5,1,1,23,51
sandely65,2,49,36,13,23,0,0,2,23,51
2hot2sexy4u,1,50,36,14,22,0,1,1,22,51
astroalex,1,50,34,16,18,4,1,1,22,51
captainbozo,1,50,34,16,18,4,1,1,22,51
CarlandEllie4ever,1,50,36,14,22,0,1,1,22,51
coltonrawrr,1,50,33,17,16,6,1,1,22,51
HumanPersonMan,1,50,36,14,22,0,1,1,22,51
jarf1337,1,50,33,17,16,6,1,1,22,51
lonelywife,1,50,34,16,18,4,1,1,22,51
shitscrazy,1,50,31,19,12,10,1,1,22,51
Taylor_Gangc,1,50,36,14,22,0,1,1,22,51
WynterSnow,1,50,34,16,18,4,1,1,22,51
Lord_Zourcrouch,1,50,33,17,16,6,0,1,22,51
_RickAstley,3,48,32,16,16,5,3,3,21,51
CapturedJordan,2,49,30,19,11,10,2,2,21,51
counterhero,2,50,32,18,14,7,2,1,21,51
EnderInExile,2,49,35,14,21,0,2,2,21,51
comrad92,1,50,34,16,18,3,1,1,21,51
ofboom,1,51,34,17,17,4,1,0,21,51
rawj,1,51,31,20,11,10,1,0,21,51
2773625,3,48,30,18,12,8,3,3,20,51
bentona,1,50,34,16,18,2,1,1,20,51
BiggityBates,1,50,34,16,18,2,1,1,20,51
crapsickles,1,50,35,15,20,0,1,1,20,51
KillingIsBadong,1,50,35,15,20,0,1,1,20,51
michael527,1,50,33,17,16,4,1,1,20,51
roslyng,1,50,35,15,20,0,1,1,20,51
streetsofcake2,1,50,34,16,18,2,1,1,20,51
yxkb,1,51,32,19,13,7,1,0,20,51
MonteRunTheCity,2,49,34,15,19,0,2,2,19,51
illnevermakefrontpag,1,50,33,17,16,3,1,1,19,51
kiltrout,1,50,32,18,14,5,1,1,19,51
marcham93,1,50,31,19,12,7,1,1,19,51
sailorpete,1,50,27,23,4,15,1,1,19,51
sasane,1,50,33,17,16,3,1,1,19,51
Shoomoo,1,50,28,22,6,13,1,1,19,51
1uprockerr,1,50,34,16,18,0,1,1,18,51
BLUECLEAR,1,50,31,19,12,6,1,1,18,51
FieryPinataFace,1,50,33,17,16,2,1,1,18,51
ILoveNOTHING,1,50,32,18,14,4,1,1,18,51
kjolley3,1,50,33,17,16,2,1,1,18,51
monkey_king10,1,50,33,17,16,2,1,1,18,51
RightOnWhaleShark,1,50,31,19,12,6,1,1,18,51
ODBTexas,3,48,28,20,8,9,2,3,17,51
ddogg7864,2,49,33,16,17,0,1,2,17,51
merdiff,1,50,32,18,14,3,1,1,17,51
throw_away_112,1,51,30,21,9,8,1,0,17,51
yuehoo,1,50,32,18,14,3,1,1,17,51
Jaredmartinla,2,49,30,19,11,5,2,2,16,51
ChubbyBunny210,1,50,33,17,16,0,1,1,16,51
gassyboi,1,50,30,20,10,6,1,1,16,51
imfinallyhere,1,50,33,17,16,0,1,1,16,51
josephmo,1,50,33,17,16,0,1,1,16,51
past3rofmupp3ts,1,50,33,17,16,0,1,1,16,51
TGODoftype1diabetes,1,50,32,18,14,2,1,1,16,51
toinou0656,1,50,31,19,12,4,1,1,16,51
doubles07,1,50,32,18,14,2,0,1,16,51
zelazny,1,50,30,20,10,6,0,1,16,51
atheist_verd,2,49,32,17,15,0,2,2,15,51
Dr_Twatson,1,51,31,20,11,4,1,0,15,51
keyboardlover,2,49,30,19,11,4,1,2,15,51
manosrellim,1,50,29,21,8,7,1,1,15,51
MerlotRemington,1,50,31,19,12,3,1,1,15,51
RustyTurd,1,50,31,19,12,3,1,1,15,51
sjb_7,1,50,30,20,10,5,1,1,15,51
totally_not_generic,1,50,25,25,0,15,1,1,15,51
awesomedave680,1,51,31,20,11,3,1,0,14,51
aznricemaker,1,50,31,19,12,2,1,1,14,51
emiwiththeface,1,50,30,20,10,4,1,1,14,51
GrindinAbortion,1,50,32,18,14,0,1,1,14,51
kaehyu,1,50,30,20,10,4,1,1,14,51
LoneWolfComando,1,50,32,18,14,0,1,1,14,51
mclellac,1,50,28,22,6,8,1,1,14,51
nigromante,1,50,30,20,10,4,1,1,14,51
psytrancedsquid,1,50,32,18,14,0,1,1,14,51
rjc999x,1,50,30,20,10,4,1,1,14,51
dog-piss-28,2,49,29,20,9,4,2,2,13,51
MrSupernatural,2,49,31,18,13,0,2,2,13,51
xmonster,2,49,30,19,11,2,2,2,13,51
dopexswaggerr,1,50,30,20,10,3,1,1,13,51
gunder_bc,1,51,30,21,9,4,1,0,13,51
vitent,1,50,29,21,8,5,1,1,13,51
DocktorCocktor,3,48,27,21,6,6,1,3,12,51
GDavisIsInnocentOk,1,50,29,21,8,4,1,1,12,51
Wargall,1,50,29,21,8,4,1,1,12,51
sharingsincebigbang,2,49,30,19,11,0,2,2,11,51
minngirl,1,50,29,21,8,3,1,1,11,51
maximusgladiator,2,49,28,21,7,3,2,2,10,51
MIDNIGHTZOMBIE,2,49,28,21,7,3,2,2,10,51
13374L,1,50,30,20,10,0,1,1,10,51
AngryGroceries,1,50,30,20,10,0,1,1,10,51
BigE7264,1,50,30,20,10,0,1,1,10,51
CallOfDoody,1,50,30,20,10,0,1,1,10,51
crachelmazing,1,50,30,20,10,0,1,1,10,51
Joseph_Ducreux42,1,50,30,20,10,0,1,1,10,51
jtCuevas,2,49,21,28,-7,17,1,2,10,51
rileysipad,1,50,30,20,10,0,1,1,10,51
RomeoInc,1,50,30,20,10,0,1,1,10,51
Demence,2,49,27,22,5,4,2,2,9,51
ilofty,2,49,28,21,7,2,2,2,9,51
BelievingRedditor,1,50,24,26,-2,11,1,1,9,51
P00KIEPIE,1,51,30,21,9,0,1,0,9,51
doob22,1,50,27,23,4,4,1,1,8,51
perturbedtugboat,1,50,29,21,8,0,1,1,8,51
swagsurfin19,1,50,27,23,4,4,1,1,8,51
izm26,1,50,27,23,4,4,0,1,8,51
AjwChicago23,4,48,26,22,4,3,3,3,7,51
king_hippo77,2,49,28,21,7,0,2,2,7,51
Versaton,2,49,26,23,3,4,1,2,7,51
518nig,1,50,28,22,6,0,1,1,6,51
iwantmoarf00d,1,50,27,23,4,2,1,1,6,51
Siskipedia,1,50,27,23,4,2,1,1,6,51
eprada,2,49,26,23,3,0,2,2,3,51
Net-Junkey,4,47,23,24,-1,4,2,4,3,51
Potato_Nom,2,49,23,26,-3,6,2,2,3,51
deenasaur23,1,51,23,28,-5,8,1,0,3,51
urquan,1,50,26,24,2,0,1,1,2,51
gjgowey,2,49,23,26,-3,4,2,2,1,51
Cablah,3,51,26,25,1,0,1,0,1,51
Exterminator123,1,50,23,27,-4,5,1,1,1,51
Sanoie,1,50,24,26,-2,3,1,1,1,51
johnyarden,1,50,24,26,-2,2,1,1,0,51
Lori0712,1,50,22,28,-6,6,0,1,0,51
ozzstrich,1,50,22,28,-6,5,1,1,-1,51
ksmistry,1,50,24,26,-2,0,1,1,-2,51
DreamSkull,1,50,22,28,-6,3,1,1,-3,51
laughordontlaugh,1,50,22,28,-6,3,1,1,-3,51
dikaia,1,50,22,28,-6,2,1,1,-4,51
DrVan_Nostrand,1,50,22,28,-6,0,1,1,-6,51
dabisnit,3,48,18,30,-12,5,2,3,-7,51
Zpierce5,2,49,17,32,-15,7,2,2,-8,51
DarthRiven,1,50,21,29,-8,0,0,1,-8,51
CUNTASAURUS_REX,3,49,10,39,-29,8,2,2,-21,51
dangerousD85,1,49,49,0,49,2,1,1,51,50
gagauz,1,49,43,6,37,11,1,1,48,50
ericaiskewl,1,50,46,4,42,5,1,0,47,50
mfih1989,1,49,43,6,37,10,1,1,47,50
Verlier,1,49,44,5,39,8,1,1,47,50
yaramayhawho,1,49,46,3,43,4,1,1,47,50
rock217,2,48,44,4,40,4,2,2,44,50
D3V3IOUS,1,50,37,13,24,20,1,0,44,50
Squeaky_11,1,50,47,3,44,0,1,0,44,50
TK1023,1,49,44,5,39,5,1,1,44,50
GrapeJell0,1,49,46,3,43,0,1,1,43,50
SadGirl_1993,1,49,44,5,39,2,1,1,41,50
LTHORBUR,1,50,41,9,32,8,1,0,40,50
ShadowMalice,1,49,37,12,25,15,1,1,40,50
HotSauceJohnson,2,49,41,8,33,7,0,1,40,50
mikanakin,2,49,44,5,39,0,2,1,39,50
_LanaKane_,1,50,36,14,22,17,1,0,39,50
severeon,1,50,42,8,34,4,1,0,38,50
trev595,1,49,42,7,35,3,1,1,38,50
baboomshka,1,49,40,9,31,6,1,1,37,50
bubble_bee_tuna,1,49,43,6,37,0,1,1,37,50
FishWash,1,49,40,9,31,6,1,1,37,50
KeeeganD,1,49,43,6,37,0,1,1,37,50
C00lst3r,1,49,39,10,29,8,0,1,37,50
jsaws,1,49,38,11,27,10,0,1,37,50
uncooperativecheese,1,49,39,10,29,8,0,1,37,50
schmendrickiswithyou,1,49,40,9,31,5,1,1,36,50
Zooperman,1,50,43,7,36,0,1,0,36,50
DumaDuma,1,49,41,8,33,2,1,1,35,50
travlbum,1,49,30,19,11,24,1,1,35,50
BraveRutherford,2,50,41,9,32,2,2,0,34,50
bigspr1ng,1,49,39,10,29,5,1,1,34,50
bobtechnut,1,49,40,9,31,3,1,1,34,50
DownvotedAndReported,1,50,35,15,20,14,1,0,34,50
strencht,1,49,40,9,31,3,1,1,34,50
anganas,1,49,41,8,33,0,1,1,33,50
dabears554,1,49,41,8,33,0,1,1,33,50
I_RAPE_PENGUINS,2,48,36,12,24,9,0,2,33,50
danthenyell,1,49,38,11,27,5,1,1,32,50
Ich_hasse_dich,1,50,39,11,28,4,1,0,32,50
noobstix,1,49,39,10,29,3,1,1,32,50
Rawrawrimabear,1,49,35,14,21,11,1,1,32,50
thc1138,1,49,35,14,21,11,0,1,32,50
clickfordetails,1,49,36,13,23,8,1,1,31,50
purplepug22,1,49,40,9,31,0,1,1,31,50
SwaggerLike___,1,49,40,9,31,0,1,1,31,50
taco_tuesdays,1,49,39,10,29,2,1,1,31,50
tedxfactor,1,49,38,11,27,4,1,1,31,50
Arekku,1,49,31,18,13,18,0,1,31,50
SonOfSamJackson,1,50,40,10,30,0,1,0,30,50
procraster,1,49,37,12,25,5,0,1,30,50
nurdboy42,2,48,35,13,22,7,2,2,29,50
donkeybuns,1,49,39,10,29,0,1,1,29,50
Ewokson,1,49,38,11,27,2,1,1,29,50
Grimm___job,1,49,39,10,29,0,1,1,29,50
iProxxy,1,49,38,11,27,2,1,1,29,50
prkhudson,1,49,39,10,29,0,1,1,29,50
rothwick,1,49,39,10,29,0,1,1,29,50
twb2k8,1,49,37,12,25,4,1,1,29,50
OFFICIAL_GIRAFFE,2,48,38,10,28,0,2,2,28,50
ImmuneKay9,1,50,36,14,22,6,1,0,28,50
jbone33,1,49,33,16,17,11,1,1,28,50
PoorGirlEatingClassy,1,49,36,13,23,5,1,1,28,50
angelbossrussell,2,48,33,15,18,9,1,2,27,50
bradimal,1,49,37,12,25,2,1,1,27,50
dbagri,1,49,37,12,25,2,1,1,27,50
Grumblefly,1,49,35,14,21,6,1,1,27,50
hey_girl_hey,1,50,37,13,24,3,1,0,27,50
huma5555,1,49,36,13,23,4,1,1,27,50
mdfox85,1,49,35,14,21,6,1,1,27,50
JohanP88,1,49,38,11,27,0,0,1,27,50
tukocabra,1,49,35,14,21,6,0,1,27,50
limeelsa,2,48,36,12,24,2,1,2,26,50
lobbmaster,1,49,33,16,17,9,1,1,26,50
S_Sands101,1,49,36,13,23,3,1,1,26,50
SicDra,1,49,34,15,19,7,1,1,26,50
AirPlums,1,49,33,16,17,8,1,1,25,50
dgbro6204,1,49,37,12,25,0,1,1,25,50
gunningbedford,1,49,35,14,21,4,1,1,25,50
ionoi,1,49,37,12,25,0,1,1,25,50
jaschen,1,49,35,14,21,4,1,1,25,50
LCARecords,1,49,35,14,21,4,1,1,25,50
MrPrimeribs,1,49,37,12,25,0,1,1,25,50
Nastehs,1,49,37,12,25,0,1,1,25,50
noob_at_cad,1,49,32,17,15,10,1,1,25,50
OscarSlenderman,1,49,37,12,25,0,1,1,25,50
RafiY,2,48,33,15,18,7,1,2,25,50
what_the_math,1,49,36,13,23,2,1,1,25,50
cloudedsky,1,49,36,13,23,2,0,1,25,50
gschoppe,2,48,34,14,20,4,2,2,24,50
Ninjaboop,2,48,31,17,14,10,2,2,24,50
Army_of_Orcs,1,50,36,14,22,2,1,0,24,50
jbosse,1,49,35,14,21,3,1,1,24,50
maruka2011,2,48,33,15,18,6,0,2,24,50
PhotogenicDERP,3,47,32,15,17,6,3,3,23,50
acooper93,1,49,34,15,19,4,1,1,23,50
kota78,1,49,36,13,23,0,1,1,23,50
manonthemoon14,1,49,35,14,21,2,1,1,23,50
marksnyd,1,49,36,13,23,0,1,1,23,50
Pasargad,1,49,34,15,19,4,1,1,23,50
poopak,2,48,34,14,20,3,1,2,23,50
rimusan,1,50,35,15,20,3,1,0,23,50
SecurityCop,2,48,33,15,18,5,1,2,23,50
sgtbagel,1,50,34,16,18,5,1,0,23,50
skankedout,1,49,36,13,23,0,1,1,23,50
velocipotamus,1,49,34,15,19,4,1,1,23,50
bosnianfuck,2,48,33,15,18,4,1,2,22,50
mariusv,2,49,30,19,11,11,1,1,22,50
readdit123,1,49,32,17,15,7,1,1,22,50
SurlyP,1,50,35,15,20,2,1,0,22,50
wahwahwaaaaah,1,49,34,15,19,3,1,1,22,50
AdamAtWork,1,49,33,16,17,4,1,1,21,50
DickhardCain,1,49,35,14,21,0,1,1,21,50
hansineffect,1,49,34,15,19,2,1,1,21,50
mattkronk,1,49,35,14,21,0,1,1,21,50
sad_urinal,1,49,34,15,19,2,0,1,21,50
ctusk423,2,48,33,15,18,2,2,2,20,50
Bertron2020,1,49,32,17,15,5,1,1,20,50
RespectTheZuLu,1,49,33,16,17,3,1,1,20,50
TheCumshotKiller,1,49,33,16,17,3,1,1,20,50
TiggerPlease,2,49,31,18,13,7,1,1,20,50
tokeallday,1,49,33,16,17,3,1,1,20,50
Zeldaxlove68,1,49,30,19,11,9,1,1,20,50
hop3less,2,48,32,16,16,3,2,2,19,50
Will-Do,2,48,30,18,12,7,2,2,19,50
dubseph,1,49,34,15,19,0,1,1,19,50
eltapatio,1,49,34,15,19,0,1,1,19,50
Hellbizzle,1,49,33,16,17,2,1,1,19,50
lm1412,1,49,34,15,19,0,1,1,19,50
plantlife,1,49,34,15,19,0,1,1,19,50
WimzicalStranger,1,49,32,17,15,4,1,1,19,50
theghostinside9,2,48,30,18,12,7,0,2,19,50
SecondToNone,3,48,33,15,18,0,3,2,18,50
ThatGhost,2,48,32,16,16,2,2,2,18,50
Aboxofbran,1,49,31,18,13,5,1,1,18,50
AnOwnageDuck,1,49,30,19,11,7,1,1,18,50
bitshoptyler,2,49,32,17,15,3,1,1,18,50
instantapplesauce,1,49,31,18,13,5,1,1,18,50
p0ff3,1,49,32,17,15,3,1,1,18,50
Grymer,1,49,33,16,17,0,1,1,17,50
Irisheyes321,1,49,32,17,15,2,1,1,17,50
Stroger,1,49,31,18,13,4,1,1,17,50
VegaThePunisher,2,48,31,17,14,3,1,2,17,50
DavidthePCguy,1,49,32,17,15,2,0,1,17,50
FishStickTits,1,49,30,19,11,5,1,1,16,50
OceanMachines,1,49,31,18,13,3,1,1,16,50
Pocketzest,1,49,30,19,11,5,1,1,16,50
Samsador,1,50,33,17,16,0,1,0,16,50
Zorin,1,50,33,17,16,0,1,0,16,50
JayRages,2,48,30,18,12,3,2,2,15,50
supersquid1990,2,48,30,18,12,3,2,2,15,50
andrewvanw,1,49,32,17,15,0,1,1,15,50
dfactoblaster,1,50,31,19,12,3,1,0,15,50
dmpamg,1,49,31,18,13,2,1,1,15,50
j03l5k1,1,49,30,19,11,4,1,1,15,50
tummybox,1,49,30,19,11,4,0,1,15,50
MakLovyn,3,47,27,20,7,7,2,3,14,50
Ozzymandiaz,2,48,31,17,14,0,2,2,14,50
AshtrayPettingZoo,1,49,29,20,9,5,1,1,14,50
Dejil,1,49,30,19,11,3,1,1,14,50
doyoulikebread,1,49,29,20,9,5,1,1,14,50
Logic1010,1,49,30,19,11,3,1,1,14,50
lurkernomore99,1,50,32,18,14,0,1,0,14,50
mrpickle321,1,49,30,19,11,3,1,1,14,50
ramosong,1,49,30,19,11,3,1,1,14,50
SlugsOnToast,1,49,30,19,11,3,1,1,14,50
StephentheBassbox,1,49,30,19,11,3,1,1,14,50
AnnaJeter2011,1,49,28,21,7,6,1,1,13,50
dylancombs,1,50,29,21,8,5,1,0,13,50
headasplodes,1,49,29,20,9,4,1,1,13,50
jamey2244,1,49,27,22,5,8,1,1,13,50
TurdsMaGee,1,49,30,19,11,2,1,1,13,50
islanderguy6,2,48,30,18,12,0,2,2,12,50
swimmingmunky,2,48,29,19,10,2,2,2,12,50
thenarwhalbacons227,2,48,28,20,8,4,2,2,12,50
Austinito,1,49,29,20,9,3,1,1,12,50
sam_big_balls,1,50,31,19,12,0,1,0,12,50
YxesWfsn,2,48,27,21,6,5,2,2,11,50
commentor4,1,49,28,21,7,4,1,1,11,50
MichaelFay,1,49,30,19,11,0,1,1,11,50
mrfo69,1,49,30,19,11,0,1,1,11,50
Slack3rDav3,1,49,28,21,7,4,1,1,11,50
boobielover9000,3,47,27,20,7,3,3,3,10,50
Abscurat,2,49,26,23,3,7,2,1,10,50
COWonROIDZ,2,48,28,20,8,2,2,2,10,50
yourbabysdaddy18,2,48,29,19,10,0,2,2,10,50
theoxford_comma,1,49,26,23,3,7,1,1,10,50
berrics94,2,49,28,21,7,2,2,1,9,50
beatlesrock,1,49,26,23,3,6,1,1,9,50
arcanition,2,48,25,23,2,6,2,2,8,50
gez306,1,50,26,24,2,6,1,0,8,50
ItsCaretaker,1,49,27,22,5,3,1,1,8,50
SenorCabby,1,49,26,23,3,4,1,1,7,50
captainxenu,1,49,26,23,3,3,1,1,6,50
Scarppy,2,48,27,21,6,0,1,2,6,50
umadbro23220,1,49,25,24,1,5,0,1,6,50
soulblade64,2,49,24,25,-1,5,1,1,4,50
dabean9965,3,47,25,22,3,0,3,3,3,50
1_finger_fap,1,49,22,27,-5,8,1,1,3,50
cartert1122,1,49,25,24,1,2,1,1,3,50
Thelinkaboveisgood,1,49,26,23,3,0,1,1,3,50
andrewdiemer,2,48,23,25,-2,4,2,2,2,50
rgeguypic,2,48,23,25,-2,4,2,2,2,50
carlwash,2,48,23,25,-2,4,0,2,2,50
JoeBoyGenius,3,47,24,23,1,0,2,3,1,50
JBison,1,49,22,27,-5,6,1,1,1,50
testreker,2,48,20,28,-8,8,2,2,0,50
15blinks,1,49,23,26,-3,3,1,1,0,50
Derpina_27,2,49,20,29,-9,7,1,1,-2,50
yourfrigginguide,1,49,22,27,-5,3,0,1,-2,50
InsightfulLemon,1,49,21,28,-7,4,1,1,-3,50
Satan_in_a_Sundayhat,1,49,23,26,-3,0,1,1,-3,50
angieyrox,3,48,22,26,-4,0,2,2,-4,50
jenselense,1,49,22,27,-5,0,1,1,-5,50
GWARgasm,2,48,21,27,-6,0,2,2,-6,50
Dudeskys24,2,48,18,30,-12,5,1,2,-7,50
bugalooflu,1,50,21,29,-8,0,1,0,-8,50
CormacCamus,1,48,44,4,40,13,1,1,53,49
zombie_lawyer,2,48,45,3,42,6,1,1,48,49
8daysdazed,1,48,44,4,40,7,1,1,47,49
Danburg,1,48,46,2,44,2,1,1,46,49
mtnl4dy,1,48,40,8,32,12,1,1,44,49
RonMexico99,1,49,44,5,39,5,1,0,44,49
Aesmis,1,48,44,4,40,3,1,1,43,49
PedoPandaBear,1,49,41,8,33,10,1,0,43,49
Starfox_Coffee,1,48,44,4,40,3,0,1,43,49
ganjawave,1,48,45,3,42,0,0,1,42,49
taybagg88,1,48,41,7,34,7,1,1,41,49
FountainsOfChez,1,48,44,4,40,0,1,1,40,49
megusta96,1,48,41,7,34,5,0,1,39,49
HappyTheBunny,1,48,43,5,38,0,1,1,38,49
JimMcKeeth,1,48,43,5,38,0,1,1,38,49
usccrazyfan,1,49,41,8,33,5,1,0,38,49
Dodge5278,1,48,40,8,32,4,1,1,36,49
ShyneBox,1,49,33,16,17,19,1,0,36,49
beerfan87,1,48,41,7,34,2,0,1,36,49
Infantrysgirl18,1,49,42,7,35,0,1,0,35,49
Jprosco,1,48,38,10,28,7,1,1,35,49
trollenomics,1,49,42,7,35,0,1,0,35,49
Broozes,1,48,40,8,32,2,1,1,34,49
greensunpisces,1,48,38,10,28,6,1,1,34,49
osj777,1,48,40,8,32,2,1,1,34,49
rileyray,1,48,40,8,32,2,1,1,34,49
Ryukofdeath,1,48,39,9,30,4,1,1,34,49
wrigsam,1,48,40,8,32,2,1,1,34,49
xiomen,1,48,38,10,28,6,1,1,34,49
clambam11,1,48,41,7,34,0,0,1,34,49
xpzr,1,48,41,7,34,0,0,1,34,49
chaoticdefault54,2,47,40,7,33,0,2,2,33,49
dchuck,1,48,38,10,28,5,1,1,33,49
dugfunne,1,48,38,10,28,5,1,1,33,49
make_my_dave,1,49,36,13,23,10,1,0,33,49
Quiggibub,1,48,37,11,26,7,1,1,33,49
SamRambles,1,48,38,10,28,5,1,1,33,49
whofartedwasntme,1,48,34,14,20,13,1,1,33,49
abgafi_laffy,1,48,40,8,32,0,1,1,32,49
determinedmiscreant,1,48,40,8,32,0,1,1,32,49
Eutow,1,48,40,8,32,0,1,1,32,49
Gultion12,1,48,39,9,30,2,1,1,32,49
reriddle,1,48,38,10,28,4,1,1,32,49
BayMTL,1,49,40,9,31,0,1,0,31,49
OhHaiCody,1,49,40,9,31,0,1,0,31,49
Porker22,1,49,39,10,29,2,1,0,31,49
spartan246,1,48,34,14,20,11,1,1,31,49
youdontevenner,1,49,39,10,29,2,1,0,31,49
bashurst,1,48,37,11,26,4,1,1,30,49
Gruntkiller766,1,48,38,10,28,2,1,1,30,49
MentalToast,1,48,38,10,28,2,1,1,30,49
eScheeee,1,48,37,11,26,3,1,1,29,49
slowcom,1,49,39,10,29,0,1,0,29,49
verygoodyear,1,48,37,11,26,3,1,1,29,49
19BBY,1,48,37,11,26,2,1,1,28,49
anon-na,1,49,34,15,19,9,1,0,28,49
ChriSherman,1,48,37,11,26,2,1,1,28,49
ditone,1,48,37,11,26,2,1,1,28,49
frommycube,1,48,34,14,20,8,1,1,28,49
My_Broken_Wings,1,48,34,14,20,8,1,1,28,49
notsocrippled,1,48,33,15,18,10,1,1,28,49
PhoenixGoldXY,1,48,36,12,24,4,1,1,28,49
Shacod,1,48,37,11,26,2,1,1,28,49
StuBenedict,1,48,38,10,28,0,1,1,28,49
unforgiven91,1,48,38,10,28,0,1,1,28,49
Archman503,1,48,36,12,24,3,1,1,27,49
CohaGER,1,48,36,12,24,3,1,1,27,49
gtipwnz,1,48,36,12,24,3,1,1,27,49
HaydenTheFox,2,47,37,10,27,0,1,2,27,49
Logische,1,48,35,13,22,5,1,1,27,49
Momentumjam,1,49,35,14,21,6,1,0,27,49
pewpdog,1,48,35,13,22,5,1,1,27,49
sgtkeysersoze,1,49,37,12,25,2,1,0,27,49
DahnyGober,1,48,30,18,12,15,0,1,27,49
hdrew13,3,46,30,16,14,13,0,3,27,49
shakalaka,1,48,34,14,20,7,0,1,27,49
Suburban_Nigga,2,47,35,12,23,3,2,2,26,49
d4rkj0s,1,48,35,13,22,4,1,1,26,49
onduty,1,48,36,12,24,2,1,1,26,49
Shwettyballz,1,48,37,11,26,0,1,1,26,49
SourceError,1,48,37,11,26,0,0,1,26,49
DHG-M3X1CAN,1,48,31,17,14,11,1,1,25,49
raacchh,1,48,35,13,22,3,1,1,25,49
zacura23,1,49,35,14,21,4,1,0,25,49
Colemanisbomb,1,49,34,15,19,5,1,0,24,49
funnychicken,1,49,35,14,21,3,1,0,24,49
gadooga,1,48,36,12,24,0,1,1,24,49
HarrisonB,1,48,36,12,24,0,1,1,24,49
Omnishift,1,48,36,12,24,0,1,1,24,49
punchingtrees,1,49,30,19,11,13,1,0,24,49
zcom8,1,48,35,13,22,2,1,1,24,49
ThePanderp,1,48,32,16,16,8,0,1,24,49
Daveo1961,2,48,34,14,20,3,2,1,23,49
brennenburg,1,48,32,16,16,7,1,1,23,49
Johnyx734,1,49,36,13,23,0,1,0,23,49
morelale,1,49,33,16,17,6,1,0,23,49
Pr0metheusMusic,1,49,34,15,19,4,1,0,23,49
Smoyf,1,48,34,14,20,3,1,1,23,49
wolfe86,1,48,32,16,16,7,1,1,23,49
derping,1,48,33,15,18,5,0,1,23,49
colinodell,1,48,34,14,20,2,1,1,22,49
cottonheadedninnymug,1,48,35,13,22,0,1,1,22,49
deonorth,1,48,34,14,20,2,1,1,22,49
Purge_and_Surge,1,48,35,13,22,0,1,1,22,49
safia1172,1,48,34,14,20,2,1,1,22,49
YT4LYFE,1,48,34,14,20,2,1,1,22,49
Hayden1911,1,48,33,15,18,4,0,1,22,49
Aiko17,2,47,34,13,21,0,2,2,21,49
NBRA,1,49,34,15,19,2,1,0,21,49
OllieDingley,2,47,33,14,19,2,1,2,21,49
SynthNerd,1,48,29,19,10,11,1,1,21,49
thatneutralguy,1,49,31,18,13,8,1,0,21,49
zcurator,1,49,35,14,21,0,1,0,21,49
jwillgrant,2,47,32,15,17,3,2,2,20,49
wesman212,2,48,33,15,18,2,2,1,20,49
Azhdarkho,1,48,30,18,12,8,1,1,20,49
cherryfizz,1,48,34,14,20,0,1,1,20,49
distancer,1,48,29,19,10,10,1,1,20,49
grapefruit57,1,48,34,14,20,0,1,1,20,49
KunkWRX,1,48,33,15,18,2,1,1,20,49
Papie,1,48,31,17,14,6,1,1,20,49
redgeorgia,1,48,34,14,20,0,1,1,20,49
TheAwfulTruth,1,48,31,17,14,6,1,1,20,49
uptaylorhill,1,48,31,17,14,6,1,1,20,49
RedIceBreaker,3,46,32,14,18,2,0,3,20,49
hornytoad69,2,47,28,19,9,10,2,2,19,49
brannd,1,48,32,16,16,3,1,1,19,49
InDubiousBattle,2,47,30,17,13,6,1,2,19,49
Tyrphanax,1,49,33,16,17,2,1,0,19,49
what_ever_man,1,48,32,16,16,3,1,1,19,49
yenomz,1,48,32,16,16,3,1,1,19,49
2_much_Flow,1,48,33,15,18,0,1,1,18,49
claxium,1,48,32,16,16,2,1,1,18,49
Evil_AllBran,1,48,31,17,14,4,1,1,18,49
IHavFoodStamps,1,48,32,16,16,2,1,1,18,49
Mr_Sam_Squanch,1,48,30,18,12,6,1,1,18,49
ohaikthxbai,1,48,33,15,18,0,1,1,18,49
oz_redditor,1,48,32,16,16,2,1,1,18,49
simongott,2,47,30,17,13,5,1,2,18,49
tehjocker,1,48,31,17,14,4,1,1,18,49
PunkMusicForever,1,48,33,15,18,0,0,1,18,49
BrokenMasterpiece,1,48,29,19,10,7,1,1,17,49
c1h1l7o1e2,1,48,30,18,12,5,1,1,17,49
ChiefDrinkBeer,1,49,31,18,13,4,1,0,17,49
chin_a_ling,1,48,30,18,12,5,1,1,17,49
Muter,1,48,28,20,8,9,1,1,17,49
remotehuman,1,48,29,19,10,7,1,1,17,49
TheHanyo,1,48,31,17,14,3,1,1,17,49
Icantevenhavemyname,2,47,26,21,5,11,2,2,16,49
dbz253,1,48,32,16,16,0,1,1,16,49
Dirtymax918,1,49,29,20,9,7,1,0,16,49
Gritzor,1,48,30,18,12,4,1,1,16,49
Icthlei,1,48,32,16,16,0,1,1,16,49
jah-makin-me-happy,1,48,31,17,14,2,1,1,16,49
MBSquared,1,48,32,16,16,0,1,1,16,49
MrRaisinToast,1,48,31,17,14,2,1,1,16,49
reddron,2,47,30,17,13,3,1,2,16,49
TacoX,1,48,25,23,2,14,1,1,16,49
artskoolowl,2,47,31,16,15,0,2,2,15,49
danielmusicman,2,47,29,18,11,4,1,2,15,49
eroseros,2,47,31,16,15,0,1,2,15,49
geekboysf,1,48,29,19,10,5,1,1,15,49
plethr,1,48,29,19,10,5,1,1,15,49
Statt1c,1,49,30,19,11,4,1,0,15,49
TookSick,1,48,30,18,12,3,1,1,15,49
Shady_Bloke,1,48,27,21,6,9,0,1,15,49
adamkoe,3,46,28,18,10,4,3,3,14,49
W0jtek,2,47,26,21,5,9,2,2,14,49
Danomanic,1,48,30,18,12,2,1,1,14,49
InGordWeTrust,1,48,30,18,12,2,1,1,14,49
JonEverhart,1,48,31,17,14,0,1,1,14,49
Keiserwillhelm,1,48,31,17,14,0,1,1,14,49
natural_red,1,48,26,22,4,10,1,1,14,49
abasov,2,47,28,19,9,4,2,2,13,49
porkchop-sandwiches,2,47,29,18,11,2,2,2,13,49
inkdoll,1,49,31,18,13,0,1,0,13,49
paula_sutton,1,48,26,22,4,9,1,1,13,49
ZeroOriginalContent,1,48,29,19,10,3,1,1,13,49
idkwat,1,48,29,19,10,2,1,1,12,49
otaku,1,48,28,20,8,4,1,1,12,49
Patron10,1,48,28,20,8,4,1,1,12,49
Rokco,1,48,29,19,10,2,1,1,12,49
thebrownkid,1,48,29,19,10,2,1,1,12,49
yellowfellow97,1,48,28,20,8,4,1,1,12,49
NAK3DWOOKI3,1,48,29,19,10,2,0,1,12,49
bob152,3,47,29,18,11,0,2,2,11,49
doobiekiller,1,48,28,20,8,3,1,1,11,49
itisyounotme,1,48,28,20,8,3,1,1,11,49
MaskedMagi,1,48,28,20,8,3,1,1,11,49
mattymaniac,1,48,21,27,-6,17,1,1,11,49
mnzor,1,48,28,20,8,3,1,1,11,49
Tehechalkman,1,48,28,20,8,3,1,1,11,49
Watching_U,1,48,27,21,6,5,0,1,11,49
Chickenstew,1,48,28,20,8,2,1,1,10,49
frank0206778,1,48,28,20,8,2,1,1,10,49
GirPanda91,1,48,28,20,8,2,1,1,10,49
maclark,1,48,28,20,8,2,1,1,10,49
mithex,2,48,29,19,10,0,1,1,10,49
skfscotlad,1,48,29,19,10,0,1,1,10,49
tumblebee_incline,1,48,29,19,10,0,1,1,10,49
warlockami,1,48,29,19,10,0,1,1,10,49
Qball0921,1,48,28,20,8,2,0,1,10,49
PerryTheFapapus,3,46,25,21,4,5,1,3,9,49
chaosbunny,1,48,27,21,6,2,1,1,8,49
I_Fondle_The_Pope,1,48,27,21,6,2,1,1,8,49
sorrybutwrong,1,48,28,20,8,0,1,1,8,49
Tense_Supervillain,1,48,28,20,8,0,1,1,8,49
wickmell,1,48,28,20,8,0,1,1,8,49
xiopen3r,1,48,28,20,8,0,1,1,8,49
Dracith,1,48,25,23,2,5,1,1,7,49
HPGUZM,1,48,26,22,4,3,1,1,7,49
mbbomb,1,48,25,23,2,5,0,1,7,49
Shikaku2,1,48,21,27,-6,13,0,1,7,49
thatfunnyusename,1,48,27,21,6,0,1,1,6,49
wexcide,1,48,25,23,2,4,1,1,6,49
ChurroBurro,1,48,25,23,2,2,1,1,4,49
elGayHermano,2,47,24,23,1,2,2,2,3,49
Epicface124,1,48,24,24,0,2,1,1,2,49
Redsoxfan60,2,47,19,28,-9,8,2,2,-1,49
TrollinAnLollin,1,48,20,28,-8,7,1,1,-1,49
NegativeKarmaNelly,1,48,21,27,-6,5,0,1,-1,49
hvbball44,3,46,21,25,-4,2,2,3,-2,49
Imabitchasec,1,48,19,29,-10,8,1,1,-2,49
miraitrunks,3,46,22,24,-2,0,1,3,-2,49
dempskeet,2,47,21,26,-5,0,2,2,-5,49
bumblebeer,1,48,20,28,-8,2,1,1,-6,49
Muffinmanthree,1,48,21,27,-6,0,0,1,-6,49
innocentcriminal52,2,47,18,29,-11,0,2,2,-11,49
ImZapRowsdower,1,47,40,7,33,10,1,1,43,48
jamesmac42,1,47,42,5,37,6,0,1,43,48
ballstothewallsmolls,1,47,38,9,29,12,0,1,41,48
thegratefulshred,1,47,40,7,33,8,0,1,41,48
NatZen95,1,47,42,5,37,3,1,1,40,48
curlybacon,1,47,43,4,39,0,1,1,39,48
liudamu73,1,47,41,6,35,3,1,1,38,48
mirandayvonne,1,47,42,5,37,0,1,1,37,48
gween7878,1,47,35,12,23,13,1,1,36,48
obsidian468,1,48,33,15,18,18,1,0,36,48
hawtdiggitydawg,1,47,40,7,33,3,0,1,36,48
Aclamandanoyster,1,48,36,12,24,11,1,0,35,48
teetoris,1,47,38,9,29,6,1,1,35,48
Jon46,1,47,39,8,31,3,1,1,34,48
kaekae89,1,47,39,8,31,3,1,1,34,48
paranoidkarmapolice,1,48,40,8,32,2,1,0,34,48
BakulaSelleck92,1,47,40,7,33,0,1,1,33,48
mustardman2,1,48,37,11,26,7,1,0,33,48
rayoo,1,47,39,8,31,2,0,1,33,48
eternityrolls,1,47,38,9,29,3,1,1,32,48
syoebius,1,47,37,10,27,5,1,1,32,48
drobecks,2,47,38,9,29,3,0,1,32,48
TILuranass,1,47,38,9,29,3,0,1,32,48
elcucuuuy,1,48,37,11,26,5,1,0,31,48
fazzig,1,47,39,8,31,0,1,1,31,48
vince_thewhat,1,47,39,8,31,0,1,1,31,48
Christianmaldo626,2,46,34,12,22,8,1,2,30,48
Emmaw08,1,47,36,11,25,5,1,1,30,48
jeffhayford,1,47,35,12,23,7,1,1,30,48
MrNillows,1,47,35,12,23,7,1,1,30,48
ramsbeast4,2,46,38,8,30,0,1,2,30,48
SeviMan,1,47,37,10,27,3,1,1,30,48
sniperleader,1,47,34,13,21,9,0,1,30,48
dyland62,1,47,38,9,29,0,1,1,29,48
GDarkwolf,1,47,30,17,13,16,1,1,29,48
McTavisch,1,47,38,9,29,0,1,1,29,48
modeltq,1,47,38,9,29,0,1,1,29,48
tbone450,1,47,35,12,23,6,1,1,29,48
Bakudai,1,47,35,12,23,5,1,1,28,48
cklw,1,47,33,14,19,9,1,1,28,48
kevinhijazi,1,47,35,12,23,5,1,1,28,48
OkayLad,1,47,35,12,23,5,1,1,28,48
Penno23,1,47,35,12,23,5,1,1,28,48
Stephanieb29,1,47,36,11,25,3,1,1,28,48
Duben425,2,46,33,13,20,7,2,2,27,48
Afarr,1,47,36,11,25,2,1,1,27,48
anwar1922,1,47,32,15,17,10,1,1,27,48
Jawesomist,1,47,35,12,23,4,1,1,27,48
pontusky,1,47,37,10,27,0,1,1,27,48
sidneymay1206,1,47,37,10,27,0,1,1,27,48
lilbro93,1,47,36,11,25,2,0,1,27,48
skulblakka,2,47,34,13,21,6,0,1,27,48
Chriseku,3,46,33,13,20,6,2,2,26,48
Booster_Gold,1,48,30,18,12,14,1,0,26,48
Cooder_McBuzzed,2,46,29,17,12,14,1,2,26,48
DannyImperial,1,47,35,12,23,3,1,1,26,48
Disagreed,1,48,32,16,16,10,1,0,26,48
Hawtt,1,48,34,14,20,6,1,0,26,48
x0mystic,1,47,28,19,9,17,1,1,26,48
BlackBrown123,1,47,34,13,21,5,0,1,26,48
Throwaway_4_opinions,1,47,33,14,19,7,0,1,26,48
charlieDaEnt,3,45,31,14,17,8,2,3,25,48
Chernab0g,1,47,33,14,19,6,1,1,25,48
iAmiAdam,1,47,34,13,21,4,1,1,25,48
stoledamjanoski,1,47,36,11,25,0,1,1,25,48
TheMadStork,1,47,33,14,19,6,1,1,25,48
willworkfourkarma,1,47,35,12,23,2,1,1,25,48
eladnator,1,47,35,12,23,2,0,1,25,48
TinMan3785,1,47,36,11,25,0,0,1,25,48
xerim,1,47,34,13,21,4,0,1,25,48
bobcat,2,46,34,12,22,2,2,2,24,48
MileHighElement,2,47,34,13,21,3,2,1,24,48
snowras,1,47,29,18,11,13,1,1,24,48
amazoncon,1,47,35,12,23,0,1,1,23,48
applesintrees,1,47,35,12,23,0,1,1,23,48
Darkrise,1,47,35,12,23,0,1,1,23,48
Jwojcek,1,47,35,12,23,0,1,1,23,48
Kelevra79,1,47,34,13,21,2,1,1,23,48
mintmarshall,1,47,35,12,23,0,1,1,23,48
MoeTheFro,1,47,35,12,23,0,1,1,23,48
ReadThisIfYoureGay,1,47,32,15,17,6,1,1,23,48
richieffff,1,47,28,19,9,14,1,1,23,48
SwagerSmurf,1,47,32,15,17,6,1,1,23,48
Amoouur,1,47,32,15,17,6,0,1,23,48
gissisim,2,46,32,14,18,4,2,2,22,48
Warlizard,2,47,32,15,17,5,2,1,22,48
alybluetoes12,1,48,33,15,18,4,1,0,22,48
Ambitionlessness,1,47,33,14,19,3,1,1,22,48
AncientRune,1,48,34,14,20,2,1,0,22,48
candyselller33,1,47,31,16,15,7,1,1,22,48
Del00,1,47,28,19,9,13,1,1,22,48
emily91593,1,48,33,15,18,4,1,0,22,48
westsyed,1,47,28,19,9,13,1,1,22,48
yblock,1,47,33,14,19,3,1,1,22,48
amarcero,1,47,32,15,17,4,1,1,21,48
BKBKBK210,1,47,33,14,19,2,1,1,21,48
BlindmanFizz,1,47,34,13,21,0,1,1,21,48
exampleusername,1,47,34,13,21,0,1,1,21,48
ezekielw,1,47,33,14,19,2,1,1,21,48
kjac12,1,47,33,14,19,2,1,1,21,48
Mattj007,1,47,32,15,17,4,1,1,21,48
mrMcMick,1,47,32,15,17,4,1,1,21,48
PakPak96,1,47,30,17,13,8,1,1,21,48
supdog13,1,48,33,15,18,3,1,0,21,48
TroubleInTurtleTown,1,47,33,14,19,2,1,1,21,48
FreshPrinceGenerator,2,47,34,13,21,0,0,1,21,48
WHiTErTheNBlack,1,47,34,13,21,0,0,1,21,48
groverofl,2,46,33,13,20,0,2,2,20,48
DoomedMrmurder,1,47,31,16,15,5,1,1,20,48
ElectricLamp,2,46,32,14,18,2,1,2,20,48
humphrey288,1,47,29,18,11,9,1,1,20,48
mitt_romney_AMA,1,47,29,18,11,9,1,1,20,48
rm-rfroot,1,47,32,15,17,3,1,1,20,48
spankdewg,1,47,31,16,15,5,1,1,20,48
allstarbo,1,47,33,14,19,0,1,1,19,48
devonjackson,1,47,25,22,3,16,1,1,19,48
had0ukenn,1,47,29,18,11,8,1,1,19,48
henry10937,1,47,33,14,19,0,1,1,19,48
jukeefe,1,47,30,17,13,6,1,1,19,48
l2eddit,1,47,31,16,15,4,1,1,19,48
maskake,1,47,31,16,15,4,1,1,19,48
r3y1a1n,1,47,33,14,19,0,1,1,19,48
TheDCHeck,1,47,28,19,9,10,1,1,19,48
thetoethumb,1,47,33,14,19,0,1,1,19,48
Ztwede,1,47,31,16,15,4,1,1,19,48
makeyeu,1,47,32,15,17,2,0,1,19,48
sarty_snopes,1,47,33,14,19,0,0,1,19,48
btburbank,2,46,30,16,14,4,2,2,18,48
quailman97,2,46,32,14,18,0,2,2,18,48
anaow,1,48,33,15,18,0,1,0,18,48
ashijadon,2,46,32,14,18,0,1,2,18,48
emesslin,1,47,31,16,15,3,1,1,18,48
Keex13,2,47,29,18,11,7,1,1,18,48
kriegistlarm,1,47,29,18,11,7,1,1,18,48
lewdub,1,47,31,16,15,3,1,1,18,48
PandaMasterx4,1,48,33,15,18,0,1,0,18,48
SarcasticSquirtle,1,47,30,17,13,5,1,1,18,48
wtfunking,1,47,26,21,5,13,1,1,18,48
crimsonwithfury,1,47,30,17,13,5,0,1,18,48
bennyDNGR,1,47,30,17,13,4,1,1,17,48
Dyrty,1,47,30,17,13,4,1,1,17,48
imissupluto,1,47,32,15,17,0,1,1,17,48
Johnclearyus,1,47,32,15,17,0,1,1,17,48
Jugglebug,1,47,31,16,15,2,1,1,17,48
madi_lana,1,47,32,15,17,0,1,1,17,48
NikaHairBird,1,47,32,15,17,0,1,1,17,48
PumpyChowdown,1,47,28,19,9,8,1,1,17,48
dgb75,1,47,31,16,15,2,0,1,17,48
StreetMailbox,2,46,29,17,12,4,2,2,16,48
WolfFang15,2,46,31,15,16,0,2,2,16,48
carmely12,1,47,29,18,11,5,1,1,16,48
domepiper,1,47,29,18,11,5,1,1,16,48
madshroom,1,47,30,17,13,3,1,1,16,48
neileusmaximus,2,46,30,16,14,2,1,2,16,48
ohnoitsrambo,1,47,30,17,13,3,1,1,16,48
sjgbfs,1,47,29,18,11,5,1,1,16,48
Thewalkingbrick,1,47,29,18,11,5,1,1,16,48
failure_fiasco,1,47,28,19,9,7,0,1,16,48
BR0WN13,1,47,31,16,15,0,1,1,15,48
Froghump,1,47,29,18,11,4,1,1,15,48
poorsteamuser,1,47,31,16,15,0,1,1,15,48
skeleton_kiss,1,47,30,17,13,2,1,1,15,48
thenewguy32,1,47,30,17,13,2,1,1,15,48
TheSunGod_LeTo,1,47,31,16,15,0,1,1,15,48
Tylersthename,1,47,30,17,13,2,1,1,15,48
violetko,2,46,29,17,12,3,1,2,15,48
drunk_polish_girl,1,47,26,21,5,10,0,1,15,48
thinkbox,2,46,26,20,6,8,2,2,14,48
jeffroeq,1,48,30,18,12,2,1,0,14,48
modernjew,1,47,28,19,9,5,1,1,14,48
nethermost,2,46,30,16,14,0,1,2,14,48
rafacakes,1,47,29,18,11,3,1,1,14,48
StevePerry4L,1,47,25,22,3,11,1,1,14,48
WoundedLeprechaun,1,47,27,20,7,7,1,1,14,48
Mic98,3,45,29,16,13,0,2,3,13,48
cmann360zamboni,1,47,30,17,13,0,1,1,13,48
jelly_beans,1,47,30,17,13,0,1,1,13,48
marieliza17,1,47,30,17,13,0,1,1,13,48
nzk0,1,47,29,18,11,2,1,1,13,48
retro_madness,1,47,29,18,11,2,1,1,13,48
summitrock,1,47,29,18,11,2,1,1,13,48
Troll-Catcher,1,47,30,17,13,0,1,1,13,48
mathgod,1,47,30,17,13,0,0,1,13,48
ChillxPenguin,1,47,28,19,9,3,1,1,12,48
DragonBlood,2,46,29,17,12,0,1,2,12,48
jab719,1,48,30,18,12,0,1,0,12,48
Nerdikki,1,47,27,20,7,5,1,1,12,48
stpark6985,2,46,27,19,8,4,1,2,12,48
Supposed,2,46,29,17,12,0,1,2,12,48
xs0bzx,1,48,28,20,8,4,1,0,12,48
fatso1000333,3,46,25,21,4,7,2,2,11,48
italobro,3,45,26,19,7,4,2,3,11,48
Bananaknee,2,47,29,18,11,0,1,1,11,48
BigbOYALA,1,47,29,18,11,0,1,1,11,48
ClownPrinceofCrime,1,47,29,18,11,0,1,1,11,48
Professorchronic,1,47,29,18,11,0,1,1,11,48
super101,1,47,29,18,11,0,1,1,11,48
TheDolphinMan,1,47,26,21,5,6,1,1,11,48
Sphinctuss,1,47,26,21,5,6,0,1,11,48
arbegla2x8x5x,1,47,27,20,7,3,1,1,10,48
GoodtimeSlim,1,47,26,21,5,5,1,1,10,48
ilikeraresteak,1,48,29,19,10,0,1,0,10,48
lamecomment,2,46,28,18,10,0,1,2,10,48
superdude4agze,1,47,25,22,3,7,1,1,10,48
dblankf,1,47,28,19,9,0,1,1,9,48
drewmack03,1,47,28,19,9,0,1,1,9,48
jglee1236,1,47,28,19,9,0,1,1,9,48
King_Pumpernickel,2,47,27,20,7,2,1,1,9,48
supandi,1,47,28,19,9,0,1,1,9,48
WTBroadway,1,47,28,19,9,0,1,1,9,48
bigfoot000,2,46,25,21,4,5,0,2,9,48
Moose21,1,47,28,19,9,0,0,1,9,48
7revor,2,46,26,20,6,2,2,2,8,48
Etonet,2,46,26,20,6,2,2,2,8,48
jasonjmuniz,1,48,27,21,6,2,1,0,8,48
TheGoryElk,1,47,26,21,5,3,0,1,8,48
deadnate,1,47,26,21,5,2,1,1,7,48
Sir_Apfelstrudl,1,47,27,20,7,0,1,1,7,48
FeroxDeoVacuusVinco,2,47,26,21,5,2,0,1,7,48
toomuchlovin,2,46,22,24,-2,8,2,2,6,48
brownmagician,2,46,26,20,6,0,1,2,6,48
ipeonu,2,46,26,20,6,0,1,2,6,48
squeeeeenis,3,45,24,21,3,2,3,3,5,48
akwanMN,2,46,22,24,-2,7,1,2,5,48
allturdmind,1,47,26,21,5,0,1,1,5,48
iggy11598,1,47,25,22,3,2,1,1,5,48
oposssom,1,47,26,21,5,0,1,1,5,48
gumquat,1,47,26,21,5,0,0,1,5,48
tartureixR,2,46,24,22,2,3,0,2,5,48
SexistButNotWrong,3,45,23,22,1,3,1,3,4,48
hippiechick1222,2,46,23,23,0,3,2,2,3,48
Clever__Girl,1,47,25,22,3,0,0,1,3,48
MorganFreemansPenis,2,46,23,23,0,2,2,2,2,48
JangoFett101,2,46,23,23,0,2,1,2,2,48
Rainbowpony9000,1,47,21,26,-5,7,1,1,2,48
Bassmonster27,2,46,22,24,-2,2,2,2,0,48
tacoman144893,2,46,21,25,-4,4,2,2,0,48
jctwooo,1,47,23,24,-1,0,1,1,-1,48
NowTheyllNeverKnow,1,47,21,26,-5,4,1,1,-1,48
rangerzone,1,47,21,26,-5,4,1,1,-1,48
drslg,2,46,22,24,-2,0,2,2,-2,48
ben21,1,47,21,26,-5,3,1,1,-2,48
AndyF1212,1,47,21,26,-5,2,1,1,-3,48
Man_with_the_Fedora,1,47,20,27,-7,4,1,1,-3,48
olivepudding,1,47,20,27,-7,4,1,1,-3,48
pilarsen,1,47,22,25,-3,0,1,1,-3,48
TankorSmash,2,46,20,26,-6,3,1,2,-3,48
trolloftheocean,2,46,20,26,-6,2,2,2,-4,48
Hydrolicious,1,47,21,26,-5,0,1,1,-5,48
Masonmelillo,1,47,21,26,-5,0,1,1,-5,48
Zivon8,1,47,20,27,-7,2,0,1,-5,48
i-rawr123,1,47,20,27,-7,0,1,1,-7,48
NopeNickTesla,3,46,17,29,-12,5,1,2,-7,48
videodevil2500,1,47,20,27,-7,0,1,1,-7,48
doodooeyes,1,47,14,33,-19,9,1,1,-10,48
boraxpoindexter,1,47,37,10,27,30,1,0,57,47
Broken_Teeth,1,46,41,5,36,14,1,1,50,47
ObeseAsianBabies,1,47,39,8,31,19,1,0,50,47
chowder88,1,46,43,3,40,6,1,1,46,47
TerryWogan,1,47,45,2,43,3,1,0,46,47
ZittyMcgee,3,45,37,8,29,16,2,2,45,47
whitekid-,1,46,41,5,36,5,1,1,41,47
ImperialFist,1,47,41,6,35,5,1,0,40,47
uro627,1,46,42,4,38,2,1,1,40,47
rastacola,1,46,41,5,36,3,0,1,39,47
Kasen_Ibara,1,46,38,8,30,8,1,1,38,47
quincydude33,1,46,40,6,34,4,1,1,38,47
rtransoccer,1,46,39,7,32,6,0,1,38,47
mynist,1,46,36,10,26,11,1,1,37,47
CookieCutter501,1,46,34,12,22,14,1,1,36,47
fligabob,1,47,36,11,25,11,1,0,36,47
kranzb2,1,46,38,8,30,6,1,1,36,47
ladygonopodia,1,47,40,7,33,3,1,0,36,47
Frack-Star,1,46,40,6,34,2,0,1,36,47
Arris1,2,47,40,7,33,2,2,0,35,47
JrdnRees,2,45,40,5,35,0,2,2,35,47
hatersgunahate2002,1,47,38,9,29,6,1,0,35,47
OOOHHHYEAHHHH,1,46,38,8,30,5,1,1,35,47
myfeetareweird,1,46,37,9,28,7,0,1,35,47
homergonerson,1,47,38,9,29,5,1,0,34,47
Kinkaypandaz,2,45,36,9,27,7,1,2,34,47
TheJumpingBean,1,46,40,6,34,0,1,1,34,47
Peanutbutter32,2,45,36,9,27,6,2,2,33,47
BigPoppa807,1,47,40,7,33,0,1,0,33,47
NotHoudini,1,47,39,8,31,2,1,0,33,47
yoimeponabeach,1,46,36,10,26,7,1,1,33,47
Y_U_NO_Zoidberg,2,46,38,8,30,2,2,1,32,47
echoracer,1,46,33,13,20,12,1,1,32,47
kampasta,1,46,37,9,28,4,1,1,32,47
adithecat,1,46,35,11,24,7,1,1,31,47
Anus2Anus,1,46,34,12,22,9,1,1,31,47
nfreni,1,47,32,15,17,14,1,0,31,47
projectrevo505,1,46,37,9,28,3,1,1,31,47
graysoncooper,1,46,37,9,28,3,0,1,31,47
vtwo,1,46,35,11,24,6,1,1,30,47
FinalCaveat,1,46,37,9,28,2,0,1,30,47
Catch22af,1,46,35,11,24,5,1,1,29,47
daroon,2,46,35,11,24,5,1,1,29,47
Number_6,1,46,36,10,26,3,1,1,29,47
slaughterhouse_809,1,46,36,10,26,3,1,1,29,47
Guest101010,1,46,37,9,28,0,1,1,28,47
Tswag16,1,46,34,12,22,6,1,1,28,47
fuck_upvotes,1,46,37,9,28,0,0,1,28,47
injaninja,1,46,34,12,22,5,1,1,27,47
LegendaryPeanut,1,47,37,10,27,0,1,0,27,47
nikegolferxl14,1,46,35,11,24,3,1,1,27,47
youcancallmetom,1,47,35,12,23,4,1,0,27,47
paramilitarykeet,2,46,35,11,24,2,2,1,26,47
AquamanRules,2,45,32,13,19,7,1,2,26,47
Bluetwoen,1,47,27,20,7,19,1,0,26,47
Bmitchy1234,1,46,33,13,20,6,1,1,26,47
DejahThoris,1,46,34,12,22,4,1,1,26,47
FBI_SurveillanceVan,1,46,36,10,26,0,1,1,26,47
IRunIntoThings,1,47,35,12,23,3,1,0,26,47
thebratpack,1,46,34,12,22,4,1,1,26,47
SPh0enix,1,46,33,13,20,6,0,1,26,47
David_Jay,2,45,34,11,23,2,2,2,25,47
ThinkofitthisWay,2,45,35,10,25,0,2,2,25,47
tomydakat,2,46,31,15,16,9,2,1,25,47
chatulu,1,47,34,13,21,4,1,0,25,47
musskulls,1,47,36,11,25,0,1,0,25,47
nme91,1,47,35,12,23,2,1,0,25,47
pupeno,1,47,33,14,19,6,1,0,25,47
qkko,1,46,33,13,20,5,1,1,25,47
scottiemac_,1,46,33,13,20,5,1,1,25,47
AbuAsiyah,1,46,33,13,20,4,1,1,24,47
dustyboots1,1,46,35,11,24,0,1,1,24,47
FINISH_HYMN,1,46,34,12,22,2,1,1,24,47
gollor,1,46,34,12,22,2,1,1,24,47
grammernatsi,1,47,32,15,17,7,1,0,24,47
ifUreadTHISiWin999,1,46,32,14,18,6,1,1,24,47
joe0418,2,46,34,12,22,2,1,1,24,47
lukyleprechaun37,1,46,34,12,22,2,1,1,24,47
Prolemthas,1,46,35,11,24,0,1,1,24,47
RadiantSun,1,46,28,18,10,14,1,1,24,47
StickmanAdmin,1,46,33,13,20,4,1,1,24,47
gabbydarlinggg,1,46,33,13,20,4,0,1,24,47
Ishken,1,46,34,12,22,2,0,1,24,47
bluejams,2,45,31,14,17,6,2,2,23,47
Professor_Mike,4,43,32,11,21,2,2,4,23,47
Waffle842,2,45,33,12,21,2,2,2,23,47
DrewAllen42,1,46,33,13,20,3,1,1,23,47
glemnar,1,47,32,15,17,6,1,0,23,47
idownvoteassholes,1,46,31,15,16,7,1,1,23,47
Poffertje,1,47,33,14,19,4,1,0,23,47
frozen-creek,1,46,34,12,22,0,1,1,22,47
GvtNoThx,1,46,34,12,22,0,1,1,22,47
ILikeHookers,1,46,32,14,18,4,1,1,22,47
MAGfloat,1,46,30,16,14,8,1,1,22,47
PizzasarusRex,2,45,32,13,19,3,1,2,22,47
PuffinPastry,1,46,34,12,22,0,1,1,22,47
Sensei_Melia,1,46,34,12,22,0,1,1,22,47
shocktatic,1,46,33,13,20,2,1,1,22,47
tokenmaster,1,46,29,17,12,10,1,1,22,47
Dayman_Nightman,2,45,33,12,21,0,1,2,21,47
missvalerina,1,47,33,14,19,2,1,0,21,47
sme00,1,46,30,16,14,7,1,1,21,47
WeIrDoWiLLS,2,45,32,13,19,2,1,2,21,47
windowbreaker9,1,47,34,13,21,0,1,0,21,47
KanyeIsJesus,2,45,28,17,11,9,2,2,20,47
3est,1,46,33,13,20,0,1,1,20,47
cstyves,1,46,31,15,16,4,1,1,20,47
DavidMC4546,1,46,29,17,12,8,1,1,20,47
hamlet9000,1,46,33,13,20,0,1,1,20,47
JJM49,1,46,33,13,20,0,1,1,20,47
Luckent,1,46,29,17,12,8,1,1,20,47
onetruemod,1,46,32,14,18,2,1,1,20,47
Papash,1,46,31,15,16,4,1,1,20,47
wisscheese,1,46,33,13,20,0,1,1,20,47
xblRyku,1,46,32,14,18,2,1,1,20,47
shuriken36,1,46,29,17,12,8,0,1,20,47
Slimshadymc123,2,45,31,14,17,2,2,2,19,47
blizzardman81,1,46,31,15,16,3,1,1,19,47
clangboomsteam,1,47,27,20,7,12,1,0,19,47
drock8,1,46,28,18,10,9,1,1,19,47
Fart_Sniffer,1,46,26,20,6,13,1,1,19,47
theblackthunder,1,47,33,14,19,0,1,0,19,47
loz3vi,2,45,32,13,19,0,0,2,19,47
TV-FtS,1,46,26,20,6,13,0,1,19,47
bstampl1,2,46,30,16,14,4,2,1,18,47
_pulsar,1,46,31,15,16,2,1,1,18,47
absolute_panic,1,46,32,14,18,0,1,1,18,47
AccordFlex,1,46,32,14,18,0,1,1,18,47
adrake2,1,46,32,14,18,0,1,1,18,47
happyhappymonster,1,46,30,16,14,4,1,1,18,47
herman2000,1,46,32,14,18,0,1,1,18,47
HipsterDog98,1,46,31,15,16,2,1,1,18,47
HundredAcreWoods,1,46,28,18,10,8,1,1,18,47
KingofDerby,1,46,31,15,16,2,1,1,18,47
PissBlasta,1,46,31,15,16,2,1,1,18,47
plusoneeffpee,1,46,31,15,16,2,1,1,18,47
rbaldddd,1,46,31,15,16,2,1,1,18,47
rlgod,1,46,25,21,4,14,1,1,18,47
japuteh5,1,46,31,15,16,2,0,1,18,47
barbaroonski,2,45,28,17,11,6,2,2,17,47
Neil_Tyson_is_god,1,46,28,18,10,7,1,1,17,47
starcatie,1,46,28,18,10,7,1,1,17,47
boosterd,1,46,29,17,12,5,0,1,17,47
Procrasturbator11235,2,45,29,16,13,3,2,2,16,47
Tre_Day,3,46,30,16,14,2,2,1,16,47
bananajelly,1,46,28,18,10,6,1,1,16,47
Desura141,1,46,29,17,12,4,1,1,16,47
ForensickTheReal,1,46,31,15,16,0,1,1,16,47
jessarojas,1,46,29,17,12,4,1,1,16,47
Jonlyda,1,46,26,20,6,10,1,1,16,47
KWITHI,1,46,31,15,16,0,1,1,16,47
MaxOre94,1,46,29,17,12,4,1,1,16,47
megustadatassagain,1,46,31,15,16,0,1,1,16,47
Neferes,1,46,30,16,14,2,1,1,16,47
piratedel,1,46,28,18,10,6,1,1,16,47
qwerty9989,1,46,31,15,16,0,1,1,16,47
southpaw14,1,46,27,19,8,8,1,1,16,47
TheJackyl,1,46,31,15,16,0,1,1,16,47
rupinjapan,2,45,30,15,15,0,2,2,15,47
AAAGaming,1,47,30,17,13,2,1,0,15,47
AddisonH,1,47,30,17,13,2,1,0,15,47
hercules69,1,46,27,19,8,7,1,1,15,47
kush_king420,1,46,29,17,12,3,1,1,15,47
lhamels1,1,46,29,17,12,3,1,1,15,47
Meghhhh,1,46,27,19,8,7,1,1,15,47
Nerdynary,2,45,30,15,15,0,1,2,15,47
acopolypsearisen,1,46,30,16,14,0,1,1,14,47
eden98,1,46,30,16,14,0,1,1,14,47
irepostuupvote,1,46,26,20,6,8,1,1,14,47
keethantom,1,46,30,16,14,0,1,1,14,47
KennyEvil,1,46,27,19,8,6,1,1,14,47
KJAYS,1,46,30,16,14,0,1,1,14,47
Lartha,1,46,30,16,14,0,1,1,14,47
occamsrazorburn,1,46,29,17,12,2,1,1,14,47
pronebark,1,46,29,17,12,2,1,1,14,47
shug7272,1,46,30,16,14,0,1,1,14,47
Stealthy_Hat,1,46,30,16,14,0,1,1,14,47
beevbo,2,45,28,17,11,2,2,2,13,47
asthmadragon,1,47,30,17,13,0,1,0,13,47
MaximusQuackhandle,1,47,27,20,7,6,1,0,13,47
RUMP3LSTILTZKIN,1,46,26,20,6,7,1,1,13,47
Smashleyed,2,45,26,19,7,6,1,2,13,47
stopdave,1,46,28,18,10,3,1,1,13,47
texasproud,1,46,26,20,6,7,1,1,13,47
triel187,1,46,28,18,10,3,1,1,13,47
dr00min,1,46,26,20,6,6,1,1,12,47
Dudwithacake,1,46,27,19,8,4,1,1,12,47
fleshstapler,1,46,27,19,8,4,1,1,12,47
frankyocean,2,45,27,18,9,3,1,2,12,47
Kiriak,1,46,28,18,10,2,1,1,12,47
KR4T0S,1,46,29,17,12,0,1,1,12,47
nsantoro126,1,46,29,17,12,0,1,1,12,47
Once_Upon_A_Tim,1,46,27,19,8,4,1,1,12,47
s9b1j4,2,46,25,21,4,8,1,1,12,47
koolkayn,1,46,29,17,12,0,0,1,12,47
LatinWizard,2,45,27,18,9,2,2,2,11,47
liapocalypse,2,45,27,18,9,2,2,2,11,47
thisisfake123,2,45,28,17,11,0,2,2,11,47
Crabtree,1,46,26,20,6,5,1,1,11,47
LordOfGuitars,2,45,28,17,11,0,1,2,11,47
OneDegree,1,46,26,20,6,5,1,1,11,47
s3admq,1,46,26,20,6,5,1,1,11,47
RogueKitteh,3,44,26,18,8,2,3,3,10,47
cap1206,2,46,28,18,10,0,2,1,10,47
dahsimzman,1,46,26,20,6,4,1,1,10,47
Finger-Nail,1,46,26,20,6,4,1,1,10,47
iwasmeantlive,1,46,27,19,8,2,1,1,10,47
kyuubeshadow,1,46,28,18,10,0,1,1,10,47
tonny23,1,46,28,18,10,0,1,1,10,47
nottakenname,1,46,28,18,10,0,0,1,10,47
BannedOnReddit,2,45,26,19,7,2,2,2,9,47
Vhaus,2,45,23,22,1,8,2,2,9,47
cbonanzo,1,46,24,22,2,7,1,1,9,47
Coconut_Bay,2,45,26,19,7,2,1,2,9,47
ImADoctor69,2,46,27,19,8,0,2,1,8,47
mr_sexy_voice,1,46,27,19,8,0,1,1,8,47
socrates_alive,1,46,26,20,6,2,1,1,8,47
tharrison23,1,46,27,19,8,0,1,1,8,47
Moonwalking_Pigeon,1,46,25,21,4,4,0,1,8,47
gne1217,2,45,26,19,7,0,1,2,7,47
KiloNation,3,44,18,26,-8,15,1,3,7,47
Zeek07,1,46,25,21,4,3,0,1,7,47
AtonedPoltergeist,1,46,26,20,6,0,1,1,6,47
castrezana,1,46,24,22,2,4,1,1,6,47
DocChubs,1,46,26,20,6,0,1,1,6,47
narcoleptic_insomnia,2,46,26,20,6,0,1,1,6,47
OrcarinaOfTrees,2,46,26,20,6,0,1,1,6,47
billyjoelsangst,1,47,25,22,3,3,0,0,6,47
Grammar_Nigger,2,45,23,22,1,4,2,2,5,47
Ratbag64,1,46,22,24,-2,7,1,1,5,47
Vlyn,2,45,23,22,1,3,2,2,4,47
basedom,1,46,20,26,-6,10,1,1,4,47
Coolkittiez,1,46,25,21,4,0,1,1,4,47
embark70,1,46,25,21,4,0,1,1,4,47
Fight0ffYourDemons,1,46,23,23,0,4,1,1,4,47
heyaqualung,1,46,24,22,2,2,1,1,4,47
yeebok,1,46,24,22,2,2,1,1,4,47
zamboniman46,3,45,20,25,-5,9,1,2,4,47
Mattman1227,1,46,25,21,4,0,0,1,4,47
TheCastingCouch,3,45,24,21,3,0,3,2,3,47
stevencleverdon,2,45,22,23,-1,4,1,2,3,47
zeefomiv,1,46,23,23,0,3,1,1,3,47
americancorkscrew,4,44,22,22,0,2,2,3,2,47
nomsecretly,1,46,24,22,2,0,1,1,2,47
Panda412,1,46,21,25,-4,6,1,1,2,47
sweetjanine,2,46,22,24,-2,4,0,1,2,47
J7G,2,45,23,22,1,0,2,2,1,47
grouchomarxist1933,1,46,21,25,-4,5,1,1,1,47
CaptinCaveman,1,46,20,26,-6,6,1,1,0,47
nosmo_king,3,44,21,23,-2,2,1,3,0,47
rolandzero,1,46,23,23,0,0,1,1,0,47
SkruffyPretzals,3,44,21,23,-2,2,1,3,0,47
debsasplat,2,46,21,25,-4,4,0,1,0,47
I_Repost_Its_Ok,2,45,19,26,-7,6,2,2,-1,47
lizardwizardboy97,3,44,18,26,-8,7,2,3,-1,47
funnyrobot,1,46,21,25,-4,3,1,1,-1,47
patchy911,2,45,20,25,-5,3,2,2,-2,47
andrewaikenn,1,46,22,24,-2,0,1,1,-2,47
GOMB_ViDAL,1,46,20,26,-6,4,1,1,-2,47
LickinTrick,1,46,20,26,-6,4,1,1,-2,47
hammarschlagen,2,45,19,26,-7,4,0,2,-3,47
GrimTuesday,1,46,20,26,-6,2,1,1,-4,47
killtherich101,1,46,19,27,-8,4,1,1,-4,47
Octomagnus,3,44,18,26,-8,2,3,3,-6,47
KaemonRose,1,46,20,26,-6,0,1,1,-6,47
timdaman250,1,46,20,26,-6,0,1,1,-6,47
PrimeIntellect,3,44,16,28,-12,4,3,3,-8,47
Canapea,1,46,14,32,-18,7,0,1,-11,47
yayjolie,1,46,14,32,-18,4,1,1,-14,47
scuzzbutt,1,46,10,36,-26,8,1,1,-18,47
Kittenbean,1,45,34,11,23,39,1,1,62,46
varzy,1,46,45,1,44,6,1,0,50,46
jdrobertso,1,45,41,4,37,12,1,1,49,46
gravitron,1,45,43,2,41,4,1,1,45,46
puckeruplove,1,45,40,5,35,9,1,1,44,46
MozartTheCat,1,46,36,10,26,17,1,0,43,46
WaltonTheGreat,1,45,41,4,37,5,1,1,42,46
chersolly,1,45,36,9,27,14,1,1,41,46
Chiz511,1,45,40,5,35,6,1,1,41,46
Maiq_the_Liar,1,45,38,7,31,10,1,1,41,46
DanT907,1,46,41,5,36,4,1,0,40,46
touchofgreygd,2,45,35,10,25,14,2,1,39,46
eampire,1,45,40,5,35,3,1,1,38,46
GinnNotGin,1,45,40,5,35,2,1,1,37,46
torode,1,46,39,7,32,4,1,0,36,46
Fuzzy_Pickles,1,45,40,5,35,0,1,1,35,46
Mantequillas,1,45,38,7,31,4,1,1,35,46
Dynalium,1,46,38,8,30,4,1,0,34,46
jehe,1,45,38,7,31,3,1,1,34,46
josepharari,1,45,31,14,17,17,1,1,34,46
laxguy16,3,43,35,8,27,6,2,3,33,46
anetak,1,45,38,7,31,2,1,1,33,46
jon454777,1,45,34,11,23,10,1,1,33,46
Hugh_Honey69,1,46,39,7,32,0,1,0,32,46
vivasativa,1,45,35,10,25,7,1,1,32,46
SirAwesomelot,1,45,38,7,31,0,1,1,31,46
SquareCircle,1,45,38,7,31,0,1,1,31,46
Jacksajester,1,46,36,10,26,4,1,0,30,46
Juplay,1,46,38,8,30,0,1,0,30,46
Reliable-Source,1,45,35,10,25,5,1,1,30,46
Codyyblake1,1,45,36,9,27,2,1,1,29,46
hellomynameis9,1,45,37,8,29,0,1,1,29,46
Nota_Novelty,1,45,36,9,27,2,1,1,29,46
Pellicius,1,45,37,8,29,0,1,1,29,46
victorialouise7,1,45,37,8,29,0,1,1,29,46
eggplnt,1,45,36,9,27,2,0,1,29,46
Happycamper101,1,45,37,8,29,0,0,1,29,46
StonerBanaNa,1,45,36,9,27,2,0,1,29,46
Ciggy,1,45,35,10,25,3,1,1,28,46
Coffeewithcheesus,1,46,37,9,28,0,1,0,28,46
Darkplastic,1,45,33,12,21,7,1,1,28,46
DeathPillow,1,45,35,10,25,3,1,1,28,46
kennansoft,1,45,33,12,21,7,1,1,28,46
newskul,1,45,35,10,25,3,1,1,28,46
silverblaze92,1,45,35,10,25,3,1,1,28,46
bananinhao,1,45,33,12,21,7,0,1,28,46
s0452514,1,45,35,10,25,3,0,1,28,46
HenryShaotha,2,45,34,11,23,4,2,1,27,46
ABCdelicious,1,45,33,12,21,6,1,1,27,46
GoodguyCreg,1,45,34,11,23,4,1,1,27,46
gr3gsayz2,1,45,34,11,23,4,1,1,27,46
razariel,1,45,36,9,27,0,1,1,27,46
Weemz,1,45,35,10,25,2,1,1,27,46
MiloOfIreland,1,45,36,9,27,0,0,1,27,46
CzarOfCzars,1,45,33,12,21,5,1,1,26,46
dannymb87,1,45,34,11,23,3,1,1,26,46
jimmy2thumbs,1,45,33,12,21,5,1,1,26,46
matesan,1,46,35,11,24,2,1,0,26,46
Wheredidmylifego,1,45,34,11,23,3,1,1,26,46
jjmur,1,45,31,14,17,9,0,1,26,46
solairebee,2,44,33,11,22,3,2,2,25,46
anonlungent,1,46,31,15,16,9,1,0,25,46
boxfooter,1,45,34,11,23,2,1,1,25,46
caross,1,45,34,11,23,2,1,1,25,46
heresybob,1,45,30,15,15,10,1,1,25,46
IncidentOn57thStreet,1,45,34,11,23,2,1,1,25,46
shzadh,1,45,33,12,21,4,1,1,25,46
DepositSlip,2,44,34,10,24,0,1,2,24,46
IPlayPyro,1,45,33,12,21,3,1,1,24,46
manyproblems,1,46,34,12,22,2,1,0,24,46
Ya_Ya_UrAWoman,1,46,34,12,22,2,1,0,24,46
BBoberson,1,45,32,13,19,5,0,1,24,46
krzyeyzkilla,2,44,33,11,22,2,0,2,24,46
DouglassKev,1,45,34,11,23,0,1,1,23,46
esjaybe,1,45,33,12,21,2,1,1,23,46
Everydaywedo,1,45,33,12,21,2,1,1,23,46
FunkyBrento,1,45,33,12,21,2,1,1,23,46
gtrommer,1,45,32,13,19,4,1,1,23,46
ItsJessus,1,45,33,12,21,2,1,1,23,46
ljw30,1,45,34,11,23,0,1,1,23,46
rapol,1,46,32,14,18,5,1,0,23,46
TheyALLFloatGeorgie,1,45,32,13,19,4,1,1,23,46
daletomlinson,1,45,34,11,23,0,0,1,23,46
DoesNotRoll,1,45,34,11,23,0,0,1,23,46
Edgijex,2,45,31,14,17,6,0,1,23,46
Nexes,1,45,34,11,23,0,0,1,23,46
Shalashashka,1,45,31,14,17,6,0,1,23,46
akwa_booda,1,46,32,14,18,4,1,0,22,46
anomalya,1,46,31,15,16,6,1,0,22,46
Kayla_Howard_,1,45,32,13,19,3,1,1,22,46
Lumpkin3,1,45,32,13,19,3,1,1,22,46
mabvs,1,46,31,15,16,6,1,0,22,46
meurice,1,45,32,13,19,3,1,1,22,46
Mynameisnotdoug,1,45,32,13,19,3,1,1,22,46
StaticSlaps,1,45,31,14,17,5,1,1,22,46
supersaiyanlink100,2,44,31,13,18,4,1,2,22,46
tassysurfer,1,45,30,15,15,7,1,1,22,46
tinker_belle,1,45,32,13,19,3,1,1,22,46
MObaid27,1,45,31,14,17,5,0,1,22,46
antonionunes,1,45,31,14,17,4,1,1,21,46
brianm314,1,45,33,12,21,0,1,1,21,46
DDawn19,1,45,31,14,17,4,1,1,21,46
ghilliesaurusrex,1,45,33,12,21,0,1,1,21,46
mattytea,1,45,33,12,21,0,1,1,21,46
NJhomebrew,1,46,28,18,10,11,1,0,21,46
onthepresidiobanks,1,45,33,12,21,0,1,1,21,46
Touchy_touchy_no_no,1,45,33,12,21,0,1,1,21,46
xblindguardianx,2,44,31,13,18,2,2,2,20,46
AndyManly,1,46,29,17,12,8,1,0,20,46
CompulsivelySuperFly,1,45,29,16,13,7,1,1,20,46
futurama08,1,45,31,14,17,3,1,1,20,46
jordangnar,1,45,31,14,17,3,1,1,20,46
pissed652,1,46,33,13,20,0,1,0,20,46
SilkRoadMerchant,1,45,31,14,17,3,1,1,20,46
Sky_Dome,1,46,32,14,18,2,1,0,20,46
StrawhatPirate,1,45,31,14,17,3,1,1,20,46
Stressure,1,45,31,14,17,3,1,1,20,46
Zen_of_Chaos,2,44,31,13,18,2,1,2,20,46
a7xxx,2,44,26,18,8,11,2,2,19,46
nrogers64,2,44,29,15,14,5,2,2,19,46
racutt,2,44,28,16,12,7,2,2,19,46
budaman,1,45,28,17,11,8,1,1,19,46
Dschaf,2,44,26,18,8,11,1,2,19,46
PrivatePirate,1,45,30,15,15,4,1,1,19,46
Surfaceofthesun,1,45,30,15,15,4,1,1,19,46
astarnes,1,45,32,13,19,0,0,1,19,46
bigballinandy,1,46,32,14,18,0,1,0,18,46
Jester1097,1,45,29,16,13,5,1,1,18,46
Kaynineteen,1,46,30,16,14,4,1,0,18,46
leo2396,1,45,29,16,13,5,1,1,18,46
MayStryker,1,46,32,14,18,0,1,0,18,46
miles411,1,45,30,15,15,3,1,1,18,46
Mylesd13,1,45,30,15,15,3,1,1,18,46
spitfire8,2,44,27,17,10,8,1,2,18,46
treycopeland,1,45,29,16,13,5,1,1,18,46
every1else_has1,1,45,29,16,13,5,0,1,18,46
AlbinoSnowLemon,2,44,29,15,14,3,2,2,17,46
BonerDude,3,43,27,16,11,6,2,3,17,46
llamaluver303,2,44,28,16,12,5,2,2,17,46
arcaida,1,45,28,17,11,6,1,1,17,46
Asshole_Patrol,1,45,31,14,17,0,1,1,17,46
drifter1717,1,45,30,15,15,2,1,1,17,46
jpircy8022,1,45,29,16,13,4,1,1,17,46
noobcannon101,1,46,28,18,10,7,1,0,17,46
Slehpher,1,45,30,15,15,2,1,1,17,46
sultanakbar,1,45,31,14,17,0,1,1,17,46
people22,1,45,31,14,17,0,0,1,17,46
steltron,1,45,30,15,15,2,0,1,17,46
Ayann,1,45,28,17,11,5,1,1,16,46
doodleydopop,2,44,30,14,16,0,1,2,16,46
Twitchifies,2,44,30,14,16,0,1,2,16,46
aggibridges,1,45,27,18,9,6,1,1,15,46
Angelfowl,1,45,28,17,11,4,1,1,15,46
chipper124,1,45,30,15,15,0,1,1,15,46
danny_noonan4,1,45,28,17,11,4,1,1,15,46
Docter_Barber,1,45,30,15,15,0,1,1,15,46
HappySoviet,2,44,28,16,12,3,1,2,15,46
ihavetwoarmsyay,1,45,30,15,15,0,1,1,15,46
jayjay0ne,1,45,29,16,13,2,1,1,15,46
Kickinthenads,1,45,30,15,15,0,1,1,15,46
massiveterra,1,45,30,15,15,0,1,1,15,46
MrBeardy,1,45,27,18,9,6,1,1,15,46
msydes,1,45,29,16,13,2,1,1,15,46
P1TA,2,44,27,17,10,5,1,2,15,46
thestig8,1,45,30,15,15,0,1,1,15,46
tim_the_ted,1,45,29,16,13,2,1,1,15,46
tomb25,1,45,30,15,15,0,1,1,15,46
urqhouse,1,45,29,16,13,2,0,1,15,46
Brad13186,2,44,27,17,10,4,2,2,14,46
GuyWithNoEyes,1,45,28,17,11,3,1,1,14,46
IceK1ng,1,46,30,16,14,0,1,0,14,46
RubabSaleem,1,46,30,16,14,0,1,0,14,46
ftrs13,1,45,28,17,11,3,0,1,14,46
justoneofthoseguys,1,45,28,17,11,2,1,1,13,46
KilllYourself,2,44,27,17,10,3,1,2,13,46
liquidcat,1,45,28,17,11,2,1,1,13,46
theblob9,1,45,28,17,11,2,1,1,13,46
thepiemaster2008,1,45,29,16,13,0,1,1,13,46
Bears__Beets__BSG,1,45,27,18,9,4,0,1,13,46
iatenine,2,44,25,19,6,6,2,2,12,46
neecho235,2,44,28,16,12,0,2,2,12,46
freshstart01,1,45,27,18,9,3,1,1,12,46
gooddings,1,45,26,19,7,5,1,1,12,46
joben651,1,45,27,18,9,3,1,1,12,46
laudinum,1,45,27,18,9,3,1,1,12,46
parthsavi,2,44,26,18,8,4,1,2,12,46
straya_kunt,2,44,28,16,12,0,1,2,12,46
NeoNazi,2,44,26,18,8,4,0,2,12,46
cappy10,1,45,28,17,11,0,1,1,11,46
Forkyou,2,44,24,20,4,7,1,2,11,46
jm114249,1,45,28,17,11,0,1,1,11,46
Skoegge,1,45,28,17,11,0,1,1,11,46
AverageRapist,1,45,28,17,11,0,0,1,11,46
heybrotherrr,1,45,28,17,11,0,0,1,11,46
xxeeolovexx,1,45,28,17,11,0,0,1,11,46
Warhead2k8,3,44,24,20,4,6,2,2,10,46
CCurt121,1,45,26,19,7,3,1,1,10,46
MaximHarper,1,45,26,19,7,3,1,1,10,46
mirulezs,1,46,27,19,8,2,1,0,10,46
tshort487,2,44,27,17,10,0,1,2,10,46
dangerwig,3,43,26,17,9,0,1,3,9,46
demoness,1,45,24,21,3,6,1,1,9,46
herhighness,1,45,27,18,9,0,1,1,9,46
teachmetohate,1,45,24,21,3,6,1,1,9,46
Barrinade64,1,45,27,18,9,0,0,1,9,46
X_MARKS_THE_NOPE,1,45,27,18,9,0,0,1,9,46
extrasweettea,2,44,26,18,8,0,2,2,8,46
Miroudias,3,43,22,21,1,7,2,3,8,46
bswellswork,1,45,25,20,5,3,1,1,8,46
egrojsaleur,2,44,26,18,8,0,1,2,8,46
iiaustin,1,45,25,20,5,3,1,1,8,46
jameshawkins,1,45,25,20,5,3,1,1,8,46
NoobishLegend,1,45,25,20,5,3,1,1,8,46
Pippenainteasy,1,45,24,21,3,5,1,1,8,46
Cirmanman,1,45,24,21,3,5,0,1,8,46
aphoward12,2,44,23,21,2,5,1,2,7,46
DrBronstein,1,45,26,19,7,0,1,1,7,46
LadyLaughter,1,45,26,19,7,0,1,1,7,46
TheSkyNet,1,45,26,19,7,0,1,1,7,46
BankerWhoLeavesAt420,1,45,24,21,3,4,0,1,7,46
dashy239,3,44,25,19,6,0,3,2,6,46
EODLRD,2,44,24,20,4,2,2,2,6,46
CashMoneyChina,2,44,23,21,2,4,1,2,6,46
cclif5360,1,45,24,21,3,3,1,1,6,46
JustSaysNope,1,45,23,22,1,5,1,1,6,46
digitaldon,2,44,23,21,2,3,1,2,5,46
IvanGTheGreat,1,45,22,23,-1,6,1,1,5,46
kumminehyayha,2,44,20,24,-4,9,1,2,5,46
Beyonce5,1,45,25,20,5,0,0,1,5,46
Daddyzingo69,2,45,20,25,-5,9,1,1,4,46
desmondsdecker,2,44,21,23,-2,5,2,2,3,46
ArchAngel72,2,44,22,22,0,3,1,2,3,46
GoPunchAWalrus,1,45,24,21,3,0,1,1,3,46
grimtattoo,1,45,24,21,3,0,1,1,3,46
jt_osmellysalt,1,45,23,22,1,2,1,1,3,46
whitemonkey09,1,45,23,22,1,2,1,1,3,46
zampa,1,45,24,21,3,0,1,1,3,46
wolfsong_rell,2,45,18,27,-9,11,2,1,2,46
Dp152578,2,44,22,22,0,2,1,2,2,46
Daniel_SJ,1,45,21,24,-3,4,1,1,1,46
free_hot_drink,1,45,23,22,1,0,1,1,1,46
acidscan,2,44,21,23,-2,2,1,2,0,46
a9249,1,45,22,23,-1,0,1,1,-1,46
jimbroof,1,45,19,26,-7,6,1,1,-1,46
Flame629,2,44,21,23,-2,0,2,2,-2,46
jrzang89,2,44,21,23,-2,0,2,2,-2,46
xx_lost,3,43,19,24,-5,2,0,3,-3,46
superspin678,4,42,19,23,-4,0,3,4,-4,46
awesomegrizzlybear,1,45,18,27,-9,5,1,1,-4,46
sydney_says_haii,2,45,19,26,-7,2,2,1,-5,46
Adj_buzz,1,45,20,25,-5,0,1,1,-5,46
cavitycreep,1,45,20,25,-5,0,1,1,-5,46
nighthawkk5,2,44,18,26,-8,2,2,2,-6,46
Knuckleballerr,2,44,17,27,-10,3,2,2,-7,46
David0o,3,43,15,28,-13,5,3,3,-8,46
SilverKnight1337,2,45,17,28,-11,2,2,1,-9,46
3dgar131,2,44,17,27,-10,0,2,2,-10,46
chrisgibb10,2,44,16,28,-12,0,1,2,-12,46
caitsolo,1,45,12,33,-21,5,0,1,-16,46
MrProfDrDickweed,2,44,9,35,-26,5,1,2,-21,46
usedtowork,1,45,36,9,27,40,1,0,67,45
darkesnow,1,44,37,7,30,24,1,1,54,45
emberx,1,44,33,11,22,31,1,1,53,45
Kiloueka,1,44,32,12,20,26,1,1,46,45
TheMasterCommander,1,44,39,5,34,12,0,1,46,45
Jubananaa,1,44,40,4,36,7,1,1,43,45
inahst,1,45,39,6,33,8,1,0,41,45
Nesilwoof,1,44,40,4,36,4,1,1,40,45
ruhruhryan,1,45,38,7,31,9,1,0,40,45
floodlightpurveyor,1,44,32,12,20,19,1,1,39,45
AddNine,1,44,40,4,36,2,1,1,38,45
Mahaleck,1,44,41,3,38,0,1,1,38,45
shiko098,1,44,37,7,30,8,1,1,38,45
SpacedAlien,1,44,31,13,18,20,1,1,38,45
Sylvaticus,1,45,36,9,27,11,1,0,38,45
appletart,1,44,39,5,34,2,1,1,36,45
footytang,1,44,39,5,34,2,1,1,36,45
mackymck,1,44,39,5,34,2,1,1,36,45
Magikarp_you_tank,1,44,40,4,36,0,0,1,36,45
DSLJohn,1,45,37,8,29,6,1,0,35,45
nomnomnomrarr,1,44,38,6,32,3,1,1,35,45
Bloody_Whombat,1,44,36,8,28,6,1,1,34,45
GoddessMercy,1,44,27,17,10,24,1,1,34,45
JesusLebowski,1,44,38,6,32,2,1,1,34,45
PommFray,1,44,35,9,26,8,1,1,34,45
krampuss6,1,44,36,8,28,6,0,1,34,45
Taypwnz,1,44,35,9,26,7,1,1,33,45
TXTMSGirlfriend,1,44,37,7,30,3,1,1,33,45
Real-Life-Reddit,1,44,37,7,30,3,0,1,33,45
BloodBandit,1,44,38,6,32,0,1,1,32,45
DocSatan,1,44,37,7,30,2,1,1,32,45
Rleaf,1,44,37,7,30,2,1,1,32,45
transportman,1,44,37,7,30,2,1,1,32,45
Magicpurpleponyrider,3,42,30,12,18,13,3,3,31,45
Bastien220,1,44,36,8,28,3,0,1,31,45
putdown,1,44,35,9,26,5,0,1,31,45
Kyraden,2,43,31,12,19,11,2,2,30,45
falsebush,1,44,37,7,30,0,1,1,30,45
IrishDingo23,1,44,37,7,30,0,1,1,30,45
MonsieurFixit,1,44,34,10,24,6,1,1,30,45
Wikitt,1,44,36,8,28,2,1,1,30,45
acrooksxo,1,45,35,10,25,4,1,0,29,45
alpha2bromega,1,44,35,9,26,3,1,1,29,45
ctdrum1124,1,44,35,9,26,3,1,1,29,45
Jmawb,1,44,32,12,20,9,1,1,29,45
VeryAngryRaptor,1,44,34,10,24,5,0,1,29,45
ElleElleElle,1,44,31,13,18,10,1,1,28,45
flavorjunction,1,44,36,8,28,0,1,1,28,45
Hayman68,1,44,35,9,26,2,1,1,28,45
I_WILL_REPOST,1,44,36,8,28,0,1,1,28,45
theintrollvert,1,44,29,15,14,14,1,1,28,45
theowlfromzelda,1,44,32,12,20,8,1,1,28,45
linksunlinked,1,44,35,9,26,2,0,1,28,45
ArthurBryanJr,3,42,31,11,20,7,3,3,27,45
1gabbygirl,1,44,34,10,24,3,1,1,27,45
Anidem92,1,45,36,9,27,0,1,0,27,45
ItsOkImAwesome,1,44,32,12,20,7,1,1,27,45
Slothish3,1,44,33,11,22,5,1,1,27,45
Groovy_Peppers,2,44,34,10,24,2,2,1,26,45
consuela_no_es_here,1,44,35,9,26,0,1,1,26,45
kerzyyy,1,44,35,9,26,0,1,1,26,45
sn0wcrab,1,44,34,10,24,2,1,1,26,45
tarballdotgz,1,44,34,10,24,2,1,1,26,45
Wince,1,44,34,10,24,2,1,1,26,45
xorfa,1,44,31,13,18,8,1,1,26,45
GooglieMooglie,2,43,32,11,21,4,2,2,25,45
Aldaris456,1,44,32,12,20,5,1,1,25,45
ctrlaltl337,1,44,32,12,20,5,1,1,25,45
paulfp007,1,44,33,11,22,3,1,1,25,45
Yawehg,1,44,31,13,18,7,1,1,25,45
thingfucking2,1,44,33,11,22,3,0,1,25,45
Andrew1990M,1,44,31,13,18,6,1,1,24,45
BamBam34186,1,44,32,12,20,4,1,1,24,45
Mikulak25,1,44,32,12,20,4,1,1,24,45
OverlordQ,1,44,31,13,18,6,1,1,24,45
pokemeintheeye,1,44,33,11,22,2,1,1,24,45
sega-genesis94,1,44,33,11,22,2,1,1,24,45
Skeptik01,1,44,34,10,24,0,1,1,24,45
sourboysam,1,44,32,12,20,4,1,1,24,45
TuckTheRedditor,1,44,34,10,24,0,1,1,24,45
veiwtifuljoe,1,44,32,12,20,4,1,1,24,45
gapmunky,2,44,32,12,20,3,2,1,23,45
amaier17,1,44,30,14,16,7,1,1,23,45
awesomebossum,1,45,34,11,23,0,1,0,23,45
burntoast101,2,43,31,12,19,4,1,2,23,45
cafeteriafraiche,1,44,32,12,20,3,1,1,23,45
mdk8400,1,44,31,13,18,5,1,1,23,45
onlychildsoul,1,44,29,15,14,9,1,1,23,45
rrff737,1,44,32,12,20,3,1,1,23,45
vingt-deux,1,44,31,13,18,5,1,1,23,45
wartexmaul,1,44,30,14,16,7,0,1,23,45
cacao2,1,44,32,12,20,2,1,1,22,45
EggFarts,1,44,31,13,18,4,1,1,22,45
electroplankton,1,44,33,11,22,0,1,1,22,45
grazn8r,1,44,32,12,20,2,1,1,22,45
jasoniscursed,1,44,33,11,22,0,1,1,22,45
khar432,1,44,30,14,16,6,1,1,22,45
Kristi351,1,44,33,11,22,0,1,1,22,45
LiThiuMElectro,1,44,33,11,22,0,1,1,22,45
NewRoc914,1,44,33,11,22,0,1,1,22,45
reynoni,1,44,32,12,20,2,1,1,22,45
WhiteMambazzo,1,44,31,13,18,4,1,1,22,45
AncestralTuna,3,42,28,14,14,7,2,3,21,45
scuczu,2,43,32,11,21,0,2,2,21,45
candlejack303,1,44,31,13,18,3,1,1,21,45
cheifvader,1,44,31,13,18,3,1,1,21,45
loamoku,1,44,31,13,18,3,1,1,21,45
powarblasta5000,1,45,33,12,21,0,1,0,21,45
Sad_Wallaby,1,44,30,14,16,5,1,1,21,45
T_Rhodes420,1,44,29,15,14,7,1,1,21,45
ShadowDrizzt,2,43,29,14,15,5,2,2,20,45
brizzit,1,44,30,14,16,4,1,1,20,45
deathwish644,1,44,32,12,20,0,1,1,20,45
demokata,1,44,32,12,20,0,1,1,20,45
HerrBongwasser,1,44,31,13,18,2,1,1,20,45
Octavius96,1,44,32,12,20,0,1,1,20,45
SovietTr0llGuy,1,44,32,12,20,0,1,1,20,45
Tslipknotm6,1,44,32,12,20,0,1,1,20,45
bamf4life,1,44,31,13,18,2,0,1,20,45
pizza_pop,1,44,30,14,16,4,0,1,20,45
krunamey,1,44,29,15,14,5,1,1,19,45
TSLDrugDealer,1,44,28,16,12,7,1,1,19,45
Zenner,1,44,29,15,14,5,1,1,19,45
Aevum1,1,44,30,14,16,3,0,1,19,45
Ginger_Lantern,1,44,30,14,16,3,0,1,19,45
brand0bot,1,44,31,13,18,0,1,1,18,45
cbscribbles,1,44,30,14,16,2,1,1,18,45
cookiemonstahTROLL,1,44,30,14,16,2,1,1,18,45
frackmesideways,1,44,31,13,18,0,1,1,18,45
ITS540PM,1,44,30,14,16,2,1,1,18,45
News2date,1,44,31,13,18,0,1,1,18,45
rawr_cutedino,1,44,29,15,14,4,1,1,18,45
thisperson123,1,44,30,14,16,2,1,1,18,45
valliwhoresnop,1,44,31,13,18,0,1,1,18,45
zbignevshabooty,1,44,30,14,16,2,1,1,18,45
w3nh4o,1,44,31,13,18,0,0,1,18,45
bapeddy,1,44,29,15,14,3,1,1,17,45
cohere777,1,44,29,15,14,3,1,1,17,45
jamesel,1,44,28,16,12,5,1,1,17,45
WWW-aser-m,1,44,29,15,14,3,0,1,17,45
nayiro,2,44,30,14,16,0,2,1,16,45
RustyN0gget,2,43,25,18,7,9,2,2,16,45
To2169,2,43,27,16,11,5,2,2,16,45
_maggus,1,45,28,17,11,5,1,0,16,45
ardashk,1,44,29,15,14,2,1,1,16,45
blargmeansyes,1,44,27,17,10,6,1,1,16,45
FLUFYgrnBUNYman,1,44,29,15,14,2,1,1,16,45
freearrival,1,45,29,16,13,3,1,0,16,45
halerzy,1,44,29,15,14,2,1,1,16,45
Landosaurusrex97,1,45,28,17,11,5,1,0,16,45
Mitz510,1,44,30,14,16,0,1,1,16,45
partycentralsupplies,1,44,27,17,10,6,1,1,16,45
seabyrd,1,44,30,14,16,0,1,1,16,45
SolidSteve,1,44,28,16,12,4,1,1,16,45
Hector_Albongo,1,44,28,16,12,4,0,1,16,45
joey1405,1,44,30,14,16,0,0,1,16,45
rbhindepmo,2,44,28,16,12,3,2,1,15,45
dexa1100,1,44,27,17,10,5,1,1,15,45
handsock,1,44,28,16,12,3,1,1,15,45
Hypobasis,1,44,27,17,10,5,1,1,15,45
MadroxKran,1,44,27,17,10,5,1,1,15,45
nataliek86,1,44,26,18,8,7,1,1,15,45
snippybitch,1,44,28,16,12,3,1,1,15,45
stockyguy,2,45,25,20,5,10,1,0,15,45
treelzebub,1,45,28,17,11,4,1,0,15,45
poppahorse,3,42,26,16,10,4,3,3,14,45
Shimmi,2,43,24,19,5,9,2,2,14,45
ClubbinWithSeals,1,44,27,17,10,4,1,1,14,45
fishermanstan,1,44,27,17,10,4,1,1,14,45
JordanLobato,1,44,29,15,14,0,1,1,14,45
MrBubbaBaba,1,44,28,16,12,2,1,1,14,45
Slonkey,1,44,25,19,6,8,1,1,14,45
srubt242,1,44,29,15,14,0,1,1,14,45
TheRustySpoon89,1,44,27,17,10,4,1,1,14,45
theskett,1,44,27,17,10,4,1,1,14,45
whyhellotherefinesir,1,44,28,16,12,2,1,1,14,45
youarerude,1,44,29,15,14,0,1,1,14,45
EointheGUY,2,43,26,17,9,4,2,2,13,45
DeathGod616,1,44,26,18,8,5,1,1,13,45
Howisdiscool,1,44,27,17,10,3,1,1,13,45
mrmasonater,1,44,27,17,10,3,1,1,13,45
The1337Mudkip,1,44,27,17,10,3,1,1,13,45
Twice_Knightley,1,45,28,17,11,2,1,0,13,45
amanderp699,2,43,25,18,7,5,2,2,12,45
AlphaProfessor,1,44,27,17,10,2,1,1,12,45
dum41,1,45,27,18,9,3,1,0,12,45
Fapple2e,1,44,27,17,10,2,1,1,12,45
FuzzyGunNuts,1,44,26,18,8,4,1,1,12,45
JDiamondHL,1,44,28,16,12,0,1,1,12,45
macerracer,1,44,28,16,12,0,1,1,12,45
Ryanlynn2004,3,42,25,17,8,4,1,3,12,45
walker_hockey,1,44,26,18,8,4,1,1,12,45
AdmiralAckbark,1,44,24,20,4,7,1,1,11,45
laidbacknotlazy,2,43,27,16,11,0,1,2,11,45
naX8batman,1,45,27,18,9,2,1,0,11,45
siliconjoe,1,44,24,20,4,7,1,1,11,45
Thoraxe_TheImpaler,1,45,27,18,9,2,1,0,11,45
Bubbaxx,2,43,26,17,9,2,0,2,11,45
Zhangsanity,1,44,25,19,6,5,0,1,11,45
2guyswithglasses,1,44,27,17,10,0,1,1,10,45
9volt123,1,44,26,18,8,2,1,1,10,45
Arttherapist,1,44,26,18,8,2,1,1,10,45
black_osiris,1,44,26,18,8,2,1,1,10,45
BobTheBobber,1,44,27,17,10,0,1,1,10,45
cattle444,1,44,23,21,2,8,1,1,10,45
GatorFtb40,1,44,23,21,2,8,1,1,10,45
IMoperator,1,44,27,17,10,0,1,1,10,45
TurningIntoaDrumSet,1,44,25,19,6,4,1,1,10,45
WErideAtMarket,1,44,25,19,6,4,1,1,10,45
Breccles,1,44,27,17,10,0,0,1,10,45
mongzords,1,44,25,19,6,4,0,1,10,45
benjaminchaser,2,43,26,17,9,0,2,2,9,45
BLINDANDREFINED,2,43,26,17,9,0,2,2,9,45
eumenides,1,44,25,19,6,3,1,1,9,45
ProZaKk,1,45,27,18,9,0,1,0,9,45
slytherinprincess,1,44,26,18,8,0,1,1,8,45
W2M3C,1,44,26,18,8,0,1,1,8,45
zachmorris148,1,44,26,18,8,0,1,1,8,45
NatTurner,2,43,25,18,7,0,2,2,7,45
dickbuttfartshit,1,44,24,20,4,3,1,1,7,45
It8Bit,1,44,23,21,2,5,1,1,7,45
1Ldude,1,44,24,20,4,3,0,1,7,45
Stanrock,2,43,21,22,-1,7,1,2,6,45
InferableWizard,1,44,24,20,4,2,0,1,6,45
IsItRacistToAsk,1,44,25,19,6,0,0,1,6,45
WalmsLo,1,44,25,19,6,0,0,1,6,45
Nranolan33,2,43,24,19,5,0,1,2,5,45
SFCollection3,1,44,23,21,2,3,0,1,5,45
stinkyrottenpussy,1,45,22,23,-1,5,1,0,4,45
lbd210,2,44,23,21,2,2,0,1,4,45
Rehost_and_Repost,1,44,24,20,4,0,0,1,4,45
murph3122,2,43,22,21,1,2,2,2,3,45
NoSleepReader,1,44,20,24,-4,7,1,1,3,45
bigmetalbear,1,44,20,24,-4,6,1,1,2,45
bogybuddy,1,45,20,25,-5,7,1,0,2,45
mugzy86,2,43,20,23,-3,5,1,2,2,45
xGetSweatyx,1,44,20,24,-4,6,1,1,2,45
zerosandwiches,1,44,20,24,-4,6,1,1,2,45
kecko101,1,44,23,21,2,0,0,1,2,45
DepressionKills,1,44,20,24,-4,5,1,1,1,45
HatedMonster,1,44,20,24,-4,5,1,1,1,45
jonnyrotten7,1,45,21,24,-3,2,1,0,-1,45
honchell12,1,44,19,25,-6,5,0,1,-1,45
smutzer,3,42,19,23,-4,2,3,3,-2,45
xDirtysmoothx,1,44,21,23,-2,0,1,1,-2,45
yourstupid2,1,44,18,26,-8,6,1,1,-2,45
Dead5pidrIn99Seconds,1,44,19,25,-6,3,1,1,-3,45
rtyuiopasd,1,44,19,25,-6,3,1,1,-3,45
NuttinOnYou,1,44,20,24,-4,0,1,1,-4,45
oaces,1,44,19,25,-6,2,1,1,-4,45
TwistedTruth,2,44,20,24,-4,0,1,1,-4,45
dhadley21,1,44,20,24,-4,0,0,1,-4,45
ZeSexyPanda,1,44,20,24,-4,0,0,1,-4,45
lavaskate,2,43,19,24,-5,0,2,2,-5,45
MrMantastic,2,43,15,28,-13,7,2,2,-6,45
thestarfox,1,44,19,25,-6,0,1,1,-6,45
Eminemerica,2,43,15,28,-13,6,1,2,-7,45
tronald_duck,2,44,17,27,-10,3,0,1,-7,45
zoeypayne,1,44,18,26,-8,0,1,1,-8,45
fungwahbus,2,43,15,28,-13,4,1,2,-9,45
BobGnarley,1,43,38,5,33,20,1,1,53,44
dmj11,2,44,40,4,36,6,1,0,42,44
terribletoos,1,43,38,5,33,6,1,1,39,44
theBRANDFLAKE,1,43,36,7,29,7,1,1,36,44
raspberrylagoon,1,43,39,4,35,0,1,1,35,44
saipathuri,1,43,39,4,35,0,1,1,35,44
ColorMeCameron,1,43,37,6,31,3,1,1,34,44
dustiestrain,1,43,37,6,31,3,1,1,34,44
rookdaddy,1,43,37,6,31,3,1,1,34,44
kreeva,1,43,36,7,29,4,1,1,33,44
MindNinja,1,43,36,7,29,4,1,1,33,44
Owlfox,1,43,36,7,29,4,1,1,33,44
ThePlatypus135,1,43,37,6,31,2,1,1,33,44
velcrosandles,1,43,37,6,31,2,1,1,33,44
elwoodguer,1,43,37,6,31,2,0,1,33,44
nagai,1,43,38,5,33,0,0,1,33,44
TwoSaxy,1,43,36,7,29,4,0,1,33,44
SayVandalay,2,43,36,7,29,3,2,1,32,44
Froggy_hop,1,44,27,17,10,22,1,0,32,44
isntchrisl,1,44,37,7,30,2,1,0,32,44
alababi2,1,43,32,11,21,10,1,1,31,44
Dreng,1,43,35,8,27,4,0,1,31,44
StefanGod,1,43,35,8,27,4,0,1,31,44
Ipitythefoo0117,2,42,34,8,26,4,2,2,30,44
CucumberJuice,1,44,37,7,30,0,1,0,30,44
theregoesmyday,1,44,34,10,24,6,1,0,30,44
dancoulter,1,44,34,10,24,5,1,0,29,44
detrelas,1,43,36,7,29,0,1,1,29,44
dturner0413,1,43,35,8,27,2,1,1,29,44
tumbleweed1993sf,1,43,33,10,23,6,1,1,29,44
vviikkrraanntt,1,43,35,8,27,2,1,1,29,44
washago_on705,1,43,33,10,23,6,1,1,29,44
batusdominater,1,43,34,9,25,3,1,1,28,44
just_plain_cool,1,43,31,12,19,9,1,1,28,44
wahday,1,43,28,15,13,15,1,1,28,44
meganahs,2,43,35,8,27,0,2,1,27,44
cihris,1,43,35,8,27,0,1,1,27,44
kpriori,1,43,33,10,23,4,1,1,27,44
mearyyy,1,43,33,10,23,4,1,1,27,44
rbevans,1,44,32,12,20,7,1,0,27,44
SonVolt,1,43,32,11,21,6,1,1,27,44
TheeWutangClan,1,43,32,11,21,6,1,1,27,44
FreeDirt,1,43,32,11,21,5,1,1,26,44
G_Sharpe,1,43,33,10,23,3,1,1,26,44
ghoulshow,1,43,30,13,17,9,1,1,26,44
lolhii,1,44,35,9,26,0,1,0,26,44
MuffinPatrol,1,43,31,12,19,7,1,1,26,44
xPlasmos,1,43,33,10,23,3,1,1,26,44
nksdabomb,1,43,30,13,17,9,0,1,26,44
zbrasseur1,1,44,35,9,26,0,0,0,26,44
peacesmellsgood,1,43,32,11,21,4,1,1,25,44
Tiptapper,1,43,32,11,21,4,1,1,25,44
BlueRaspberry,1,43,29,14,15,9,1,1,24,44
MyPrivateNation189,1,43,32,11,21,3,1,1,24,44
reverserain,1,43,28,15,13,11,1,1,24,44
Wh1t3R4bbi7,1,43,31,12,19,5,1,1,24,44
RediBear,1,43,32,11,21,3,0,1,24,44
bonexray,1,43,30,13,17,6,1,1,23,44
Grapeboy,1,43,33,10,23,0,1,1,23,44
josepheatsbrains,1,43,32,11,21,2,1,1,23,44
RhiannonRae,1,44,32,12,20,3,1,0,23,44
Dahappychap,1,43,33,10,23,0,0,1,23,44
jadeoa,1,43,33,10,23,0,0,1,23,44
blankride,2,42,32,10,22,0,2,2,22,44
herr_trigger,2,42,29,13,16,6,2,2,22,44
ColorNeon,1,44,32,12,20,2,1,0,22,44
Degnne,1,43,26,17,9,13,1,1,22,44
lotteries,2,42,31,11,20,2,1,2,22,44
Tacoma83,1,43,28,15,13,9,1,1,22,44
dhcrazy333,1,43,31,12,19,2,1,1,21,44
greyavenger,1,43,28,15,13,8,1,1,21,44
ninjannie,1,43,32,11,21,0,1,1,21,44
SoleSoldier,1,43,31,12,19,2,1,1,21,44
SoyaD,1,43,30,13,17,4,1,1,21,44
sparecactus,1,43,31,12,19,2,1,1,21,44
AClockworkLime,2,42,30,12,18,3,0,2,21,44
kaljaen,1,43,29,14,15,6,0,1,21,44
sisu666,1,43,30,13,17,4,0,1,21,44
ashhhhwee,2,42,31,11,20,0,2,2,20,44
DudeImAwesome,2,42,31,11,20,0,2,2,20,44
hunt1351,1,43,30,13,17,3,1,1,20,44
iheartspreadsheets,1,43,30,13,17,3,1,1,20,44
Onehundredseventeen,1,43,30,13,17,3,1,1,20,44
Outlawegg,2,42,31,11,20,0,1,2,20,44
RoverHD,1,44,32,12,20,0,1,0,20,44
ThomFunk,1,43,30,13,17,3,1,1,20,44
Bostonsboy306,1,43,30,13,17,3,0,1,20,44
ABemusedHorse,1,43,31,12,19,0,1,1,19,44
amlomo,1,43,31,12,19,0,1,1,19,44
BigTortoise,1,43,31,12,19,0,1,1,19,44
Normal_Man,1,43,31,12,19,0,1,1,19,44
SorrySaplingx3,1,43,31,12,19,0,1,1,19,44
theanimation,1,43,27,16,11,8,1,1,19,44
thmsbsh,1,43,30,13,17,2,1,1,19,44
zarbang,1,43,29,14,15,4,1,1,19,44
Zetastyapple,1,43,31,12,19,0,1,1,19,44
elition,2,42,23,19,4,15,0,2,19,44
lazywork,2,42,29,13,16,3,0,2,19,44
abbe-normal1,2,42,27,15,12,6,1,2,18,44
michaelsez,1,43,29,14,15,3,1,1,18,44
nicksumus,1,43,27,16,11,7,1,1,18,44
roscoe89,1,44,30,14,16,2,1,0,18,44
Thejohnnycheese,1,43,29,14,15,3,1,1,18,44
BlindHodsThrow,1,43,29,14,15,3,0,1,18,44
Colbaire,2,42,28,14,14,3,2,2,17,44
neifichicken,2,43,28,15,13,4,2,1,17,44
1nteger,1,43,28,15,13,4,1,1,17,44
Babu_Honey_Bandger,1,43,29,14,15,2,1,1,17,44
Basketballer0081,1,43,30,13,17,0,1,1,17,44
BubbaGoo,1,43,29,14,15,2,1,1,17,44
C3aa,1,44,28,16,12,5,1,0,17,44
DanVade,1,43,30,13,17,0,1,1,17,44
DarthVapor77,1,43,30,13,17,0,1,1,17,44
jemalli,1,43,30,13,17,0,1,1,17,44
megustcizer,1,43,30,13,17,0,1,1,17,44
monkey50596,1,43,27,16,11,6,1,1,17,44
ParryPerson,1,43,29,14,15,2,1,1,17,44
raddat,1,43,29,14,15,2,1,1,17,44
RawWalrus,1,44,29,15,14,3,1,0,17,44
ricochet_rabbit_,1,43,30,13,17,0,1,1,17,44
t-bick,1,43,26,17,9,8,1,1,17,44
Willygstein,1,43,30,13,17,0,1,1,17,44
damnfan,2,42,28,14,14,3,0,2,17,44
Estogie,2,42,26,16,10,6,2,2,16,44
davisbm2,1,43,28,15,13,3,1,1,16,44
fadeaway2323,1,43,27,16,11,5,1,1,16,44
small_lamp,1,43,27,16,11,5,1,1,16,44
smurge,1,43,19,24,-5,21,1,1,16,44
Thevito54,2,42,28,14,14,2,0,2,16,44
dhoyle19,2,43,29,14,15,0,2,1,15,44
Nyylaren,2,42,27,15,12,3,2,2,15,44
bcardarella,1,43,29,14,15,0,1,1,15,44
bigroblee,1,43,29,14,15,0,1,1,15,44
browntown92,1,43,29,14,15,0,1,1,15,44
Iamallofme5,1,43,26,17,9,6,1,1,15,44
iisdmitch,1,43,28,15,13,2,1,1,15,44
jallenphoto,1,43,28,15,13,2,1,1,15,44
LSUduckbadger,1,43,29,14,15,0,1,1,15,44
nadrojcote,1,43,26,17,9,6,1,1,15,44
robotbrian,2,43,29,14,15,0,1,1,15,44
shnuffy,1,43,27,16,11,4,1,1,15,44
TeravoltOrg,1,43,27,16,11,4,1,1,15,44
TotesMaScroats,1,43,26,17,9,6,1,1,15,44
Gentlesnipes,1,44,29,15,14,0,1,0,14,44
jjjmills,2,42,26,16,10,4,1,2,14,44
Kwantumflux,1,43,25,18,7,7,1,1,14,44
NOTNOTALLCAPS,1,43,26,17,9,5,1,1,14,44
rulefx07,1,44,29,15,14,0,1,0,14,44
TheMisterBP,1,43,26,17,9,5,1,1,14,44
ThubWumper,1,43,27,16,11,3,1,1,14,44
magicmarker90,1,43,25,18,7,7,0,1,14,44
Jii_,3,41,27,14,13,0,3,3,13,44
tartay745,2,43,28,15,13,0,2,1,13,44
ArK4Ne,1,43,27,16,11,2,1,1,13,44
do_a_barrelRoll,3,42,22,20,2,11,1,2,13,44
FormulaT,1,43,26,17,9,4,1,1,13,44
ImReddit,1,43,28,15,13,0,1,1,13,44
mikemountain,1,43,28,15,13,0,1,1,13,44
thetanky,1,43,27,16,11,2,1,1,13,44
TitaniumWarrior,1,43,27,16,11,2,1,1,13,44
vazonas,1,43,27,16,11,2,1,1,13,44
Zonicspeed,1,43,26,17,9,4,1,1,13,44
PinkPajamaPenguin,1,43,27,16,11,2,0,1,13,44
Andreram1,2,42,27,15,12,0,2,2,12,44
ImDisruptive,2,42,26,16,10,2,2,2,12,44
leonthelion,2,43,26,17,9,3,2,1,12,44
Thrown_Away_Life,2,42,22,20,2,10,2,2,12,44
Elarania,1,44,28,16,12,0,1,0,12,44
HenryDorsettCase,1,44,28,16,12,0,1,0,12,44
jorsiem,1,43,26,17,9,3,1,1,12,44
MarcoTozzi,1,44,25,19,6,6,1,0,12,44
thegigolo,1,43,26,17,9,3,1,1,12,44
WHILE_I_POOP,2,42,27,15,12,0,0,2,12,44
ILikeTurdlez,2,42,25,17,8,3,2,2,11,44
leg0lAc,1,43,26,17,9,2,1,1,11,44
peyrich,1,43,26,17,9,2,1,1,11,44
Raza1love,1,44,26,18,8,3,1,0,11,44
RyanJS93,1,43,27,16,11,0,1,1,11,44
skizlmanizl,1,43,27,16,11,0,1,1,11,44
brunudumal,2,42,22,20,2,8,2,2,10,44
FallFreshman,2,42,24,18,6,4,2,2,10,44
JaseAndrews,1,43,25,18,7,3,1,1,10,44
pajamabanana,1,43,24,19,5,5,1,1,10,44
Frosticus,2,42,24,18,6,4,0,2,10,44
bardhi92,1,43,21,22,-1,10,1,1,9,44
billyfazz,1,43,26,17,9,0,1,1,9,44
JackPoonac,1,43,26,17,9,0,1,1,9,44
TerribleCommentBot,1,43,26,17,9,0,1,1,9,44
watwai,1,43,25,18,7,2,1,1,9,44
reddit_fiend,1,43,25,18,7,2,0,1,9,44
strobexp,1,43,19,24,-5,14,0,1,9,44
Terostero,1,43,23,20,3,6,0,1,9,44
showstopping,3,41,22,19,3,5,2,3,8,44
azunad,1,43,23,20,3,5,1,1,8,44
Spokes1215,2,42,21,21,0,8,0,2,8,44
orlandoh,1,43,25,18,7,0,1,1,7,44
ponchedeburro,1,43,24,19,5,2,1,1,7,44
arrowstotheknee,1,43,22,21,1,6,0,1,7,44
Qwertyrocks7,1,44,25,19,6,0,1,0,6,44
v_gin_,1,43,23,20,3,3,1,1,6,44
ZiggyUK,1,43,23,20,3,3,1,1,6,44
jlguy,3,41,23,18,5,0,2,3,5,44
thecakeizalie,2,42,21,21,0,5,2,2,5,44
BoxyButler,2,43,24,19,5,0,1,1,5,44
kapten_krok,1,43,23,20,3,2,1,1,5,44
shecabuge,1,43,23,20,3,2,1,1,5,44
SignatureSeries,1,43,24,19,5,0,1,1,5,44
DevinTheUnicorn,1,43,20,23,-3,8,0,1,5,44
jamboxisready,2,42,22,20,2,2,2,2,4,44
jimmytap,3,41,18,23,-5,9,1,3,4,44
timlam,1,44,24,20,4,0,1,0,4,44
Dreadmonkey,1,43,22,21,1,2,1,1,3,44
noarmspuppy,1,43,22,21,1,2,1,1,3,44
EnigmaticeEnigma,1,43,23,20,3,0,0,1,3,44
ahree,3,42,22,20,2,0,2,2,2,44
darcygabe,2,42,17,25,-8,10,2,2,2,44
Shabbiness,2,42,21,21,0,2,2,2,2,44
lriley777,2,42,19,23,-4,5,2,2,1,44
IAmNotMrRager,1,43,22,21,1,0,1,1,1,44
luke1davis,2,42,19,23,-4,5,0,2,1,44
sandpaperfapper,2,43,19,24,-5,6,0,1,1,44
jacksonb123,2,42,21,21,0,0,1,2,0,44
donnissoph,1,43,21,22,-1,0,1,1,-1,44
Elendira,1,43,21,22,-1,0,1,1,-1,44
lozdogz,1,43,19,24,-5,4,1,1,-1,44
terenn,1,43,20,23,-3,2,1,1,-1,44
TheTurnbull,2,42,16,26,-10,8,2,2,-2,44
TrollDad101,2,42,20,22,-2,0,2,2,-2,44
LightPoopin,1,43,19,24,-5,3,1,1,-2,44
looney_lottie,1,43,19,24,-5,3,1,1,-2,44
usmc0351,1,43,19,24,-5,3,0,1,-2,44
99X,1,43,20,23,-3,0,1,1,-3,44
Yashirmare,1,43,15,28,-13,9,1,1,-4,44
I_make_the_lulz,1,43,19,24,-5,0,1,1,-5,44
Spade038,1,43,19,24,-5,0,1,1,-5,44
mencler,2,42,16,26,-10,3,2,2,-7,44
Alucardry,1,43,18,25,-7,0,1,1,-7,44
rplusg,2,43,17,26,-9,2,1,1,-7,44
savcookster,4,40,8,32,-24,9,2,4,-15,44
Homophobic_Racist,1,43,8,35,-27,10,1,1,-17,44
top_doc,1,42,39,3,36,13,1,1,49,43
KinkyTraficCone,1,42,39,3,36,8,1,1,44,43
johnnylogic,1,42,34,8,26,15,1,1,41,43
wankersntwats,1,42,40,2,38,2,1,1,40,43
fatherrabbi,1,42,38,4,34,4,1,1,38,43
jon2kx,1,42,39,3,36,2,1,1,38,43
nerfherder25,1,42,37,5,32,6,1,1,38,43
ILLpee-IFyouAIM,1,43,31,12,19,17,1,0,36,43
RaVNzCRoFT,1,42,37,5,32,4,1,1,36,43
fuzzypits,1,42,37,5,32,3,1,1,35,43
MoonBanana,1,42,33,9,24,11,1,1,35,43
pdquickk,1,43,38,5,33,2,1,0,35,43
guns-up,2,42,33,9,24,11,0,1,35,43
Fliff42,2,41,30,11,19,15,2,2,34,43
mesalight257,1,42,37,5,32,2,1,1,34,43
PezGun,1,43,36,7,29,5,1,0,34,43
Skeptikalmatter,1,42,35,7,28,6,1,1,34,43
tinycroissant,1,42,35,7,28,6,1,1,34,43
TrentRizzo,1,42,38,4,34,0,1,1,34,43
ItsEvan23,1,42,36,6,30,4,0,1,34,43
Mirple,2,41,27,14,13,20,2,2,33,43
chlhardy,1,42,31,11,20,13,1,1,33,43
hollishillis,2,42,34,8,26,6,2,1,32,43
peynir,1,42,33,9,24,8,1,1,32,43
swagless,1,42,37,5,32,0,1,1,32,43
tomnormandia,1,42,36,6,30,2,1,1,32,43
ergo27,1,43,37,6,31,0,1,0,31,43
hemotrophic_wee,2,41,33,8,25,5,2,2,30,43
AHG94,1,42,36,6,30,0,1,1,30,43
blackeyblake,1,42,34,8,26,4,1,1,30,43
lepurpleplum,1,42,33,9,24,6,1,1,30,43
saosinfangirl,1,42,35,7,28,2,1,1,30,43
sumant_neo,1,42,35,7,28,2,1,1,30,43
wjp97,1,42,33,9,24,6,1,1,30,43
_DEAL_WITH_IT_,1,43,36,7,29,0,1,0,29,43
I_Like_Dolphins,1,42,34,8,26,3,1,1,29,43
LibraryBouncer,1,43,35,8,27,2,1,0,29,43
Space_Horse,1,43,36,7,29,0,1,0,29,43
2317,1,42,29,13,16,12,1,1,28,43
blountforcetrauma,1,42,32,10,22,6,1,1,28,43
Lerxtt,1,42,35,7,28,0,1,1,28,43
mackenzieuel,1,42,31,11,20,8,1,1,28,43
SupVFace,2,41,33,8,25,3,1,2,28,43
tylanator5,1,42,35,7,28,0,1,1,28,43
I_beg_the_differ,1,42,32,10,22,5,1,1,27,43
juliastrange,1,42,32,10,22,5,1,1,27,43
KlausTeachermann,1,42,30,12,18,9,1,1,27,43
satan_titz,1,42,33,9,24,3,1,1,27,43
think_less,1,43,35,8,27,0,1,0,27,43
warchamp7,1,42,29,13,16,11,1,1,27,43
Calvin8521,2,41,32,9,23,3,2,2,26,43
gamefaqs_god,2,41,29,12,17,9,2,2,26,43
das427troll,1,42,33,9,24,2,1,1,26,43
ddesla2,1,42,28,14,14,12,1,1,26,43
Guy777,2,41,29,12,17,9,1,2,26,43
IamLAG11,1,42,33,9,24,2,1,1,26,43
imontopofit,2,41,31,10,21,5,1,2,26,43
kiefighter,1,42,33,9,24,2,1,1,26,43
mmiller2023,1,42,30,12,18,8,1,1,26,43
twoforno,1,42,32,10,22,4,1,1,26,43
TylersVoice,1,43,32,11,21,5,1,0,26,43
yurimxpxman,1,42,34,8,26,0,1,1,26,43
blunsandbeers,1,43,34,9,25,0,1,0,25,43
GrizzleyGruff,1,42,29,13,16,9,1,1,25,43
Ifoundmymittens,1,42,32,10,22,3,1,1,25,43
justwannasavelinks,1,42,32,10,22,3,1,1,25,43
minimizegovt,2,42,31,11,20,5,1,1,25,43
RaffyGiraffy,1,42,32,10,22,3,1,1,25,43
yA_i_KNOW,1,42,29,13,16,9,1,1,25,43
chickenlicker,1,43,34,9,25,0,0,0,25,43
Petermichel,2,41,31,10,21,4,0,2,25,43
DragonNinja,1,42,32,10,22,2,1,1,24,43
jcbrunelle13,1,42,32,10,22,2,1,1,24,43
SecularSailor80,1,42,33,9,24,0,1,1,24,43
timeforaguinness,2,42,31,11,20,4,1,1,24,43
deebasharifi,1,42,29,13,16,7,1,1,23,43
estrtshffl,1,43,32,11,21,2,1,0,23,43
LeatherLucy,1,42,31,11,20,3,1,1,23,43
mcartz33,2,42,28,14,14,9,1,1,23,43
MELT_FACE,1,42,31,11,20,3,1,1,23,43
plzdeargodplz,1,43,33,10,23,0,1,0,23,43
Zorah,2,41,28,13,15,7,2,2,22,43
Cooper4743,1,42,32,10,22,0,1,1,22,43
dbousias,1,42,30,12,18,4,1,1,22,43
ellgee,1,42,32,10,22,0,1,1,22,43
hatdude,1,42,29,13,16,6,1,1,22,43
iMeriX,1,42,29,13,16,6,1,1,22,43
imsoevil939,1,42,31,11,20,2,1,1,22,43
jacobpatty,1,42,30,12,18,4,1,1,22,43
ListenUp16,1,42,32,10,22,0,1,1,22,43
nilchaos_white,1,42,31,11,20,2,1,1,22,43
PplBeTrippin,1,42,32,10,22,0,1,1,22,43
radicalloveSYD,1,42,27,15,12,10,1,1,22,43
Shogouki,1,42,28,14,14,8,1,1,22,43
ThatGuyWhoAte,1,43,31,12,19,3,1,0,22,43
NickFraHoejen,1,42,31,11,20,2,0,1,22,43
rizz00,1,42,30,12,18,3,1,1,21,43
the_red_scimitar,1,42,30,12,18,3,1,1,21,43
the_stone_roses_1337,1,42,29,13,16,5,1,1,21,43
XxStonkeyxX,1,43,29,14,15,6,1,0,21,43
lingonchip,2,42,30,12,18,2,2,1,20,43
AndyDaBouse,1,42,29,13,16,4,1,1,20,43
EarlCardigan,1,42,28,14,14,6,1,1,20,43
EpicLegacy,1,42,30,12,18,2,1,1,20,43
headofsecurity,1,42,29,13,16,4,1,1,20,43
kluda06,1,42,31,11,20,0,1,1,20,43
PolyphonicProstitute,1,42,30,12,18,2,1,1,20,43
rangutangen,1,42,30,12,18,2,1,1,20,43
breezylaser09,1,42,31,11,20,0,0,1,20,43
georgestephanopoulos,1,42,31,11,20,0,0,1,20,43
lac_du_ciel,1,42,30,12,18,2,0,1,20,43
birdthehorse,1,42,29,13,16,3,1,1,19,43
skepticspaceman,1,42,29,13,16,3,1,1,19,43
bloodbag,1,42,28,14,14,4,1,1,18,43
CoxsRidge,1,42,30,12,18,0,1,1,18,43
docblack,1,42,30,12,18,0,1,1,18,43
itorres1490,1,42,30,12,18,0,1,1,18,43
kano1257,1,42,30,12,18,0,1,1,18,43
OrigamiTrail,1,42,28,14,14,4,1,1,18,43
Sheparo,1,42,29,13,16,2,1,1,18,43
wpadera,1,42,26,16,10,8,1,1,18,43
wilson666,2,41,26,15,11,6,2,2,17,43
zandstrax,1,42,27,15,12,5,1,1,17,43
SugarSherman,2,42,29,13,16,0,2,1,16,43
ag96jones,1,42,26,16,10,6,1,1,16,43
Aggressive_Pancake,1,42,27,15,12,4,1,1,16,43
arronsky,1,43,27,16,11,5,1,0,16,43
DreamEvil,1,42,29,13,16,0,1,1,16,43
dubeskin,1,42,28,14,14,2,1,1,16,43
JustinLyntz,1,42,27,15,12,4,1,1,16,43
larsja,1,42,27,15,12,4,1,1,16,43
neuromatic,1,42,29,13,16,0,1,1,16,43
Teaster,1,42,25,17,8,8,1,1,16,43
thatch,1,42,29,13,16,0,1,1,16,43
TheResort,1,42,29,13,16,0,1,1,16,43
crseat,2,42,29,13,16,0,0,1,16,43
gstad,1,42,29,13,16,0,0,1,16,43
SomeFakeInternetName,1,42,29,13,16,0,0,1,16,43
ironiridis,1,43,27,16,11,4,1,0,15,43
jimmypopali,1,42,27,15,12,3,1,1,15,43
mbohorquez,1,42,27,15,12,3,1,1,15,43
PendingSente,1,42,27,15,12,3,1,1,15,43
erik78,2,41,26,15,11,3,2,2,14,43
BreezySteez,1,42,25,17,8,6,1,1,14,43
Eyehavenoidea,1,42,27,15,12,2,1,1,14,43
Frank_Bigelow,1,42,26,16,10,4,1,1,14,43
Pyrociter122,1,42,28,14,14,0,1,1,14,43
rule17,1,42,26,16,10,4,1,1,14,43
SkySilver,1,42,28,14,14,0,1,1,14,43
TheBurningLichKing,1,42,27,15,12,2,1,1,14,43
boogeyman2014,1,42,28,14,14,0,0,1,14,43
gpwit46,1,42,26,16,10,4,0,1,14,43
Smoothee,2,42,28,14,14,0,0,1,14,43
ajfreak123,1,42,26,16,10,3,1,1,13,43
Frazorg,1,42,26,16,10,3,1,1,13,43
hamsterbackpack,1,43,28,15,13,0,1,0,13,43
jellyman223,1,42,25,17,8,5,1,1,13,43
JustTVsFredSavage,1,43,27,16,11,2,1,0,13,43
kebmoslice,1,42,26,16,10,3,1,1,13,43
soylent_comments,1,43,26,17,9,4,1,0,13,43
ThatOneDoood,1,42,26,16,10,3,0,1,13,43
Bitch_I_Am_Fabulous,1,42,26,16,10,2,1,1,12,43
kawl,1,42,26,16,10,2,1,1,12,43
krisgaezy,1,42,26,16,10,2,1,1,12,43
philliez,1,42,25,17,8,4,1,1,12,43
Platypuskeeper,1,42,26,16,10,2,1,1,12,43
subroofer,1,42,26,16,10,2,1,1,12,43
sportjb618,2,41,24,17,7,4,2,2,11,43
vuxa,2,41,24,17,7,4,2,2,11,43
AibohPhobiA,1,43,27,16,11,0,1,0,11,43
punkhobo,1,42,25,17,8,3,1,1,11,43
tonaros,1,42,25,17,8,3,1,1,11,43
valereea93,1,42,25,17,8,3,1,1,11,43
missreesa11,1,42,25,17,8,3,0,1,11,43
bionictyler,2,41,24,17,7,3,2,2,10,43
Lothwor,1,42,26,16,10,0,1,1,10,43
Pillowfeet,1,42,25,17,8,2,1,1,10,43
politicalfrisbeeguy,1,42,26,16,10,0,1,1,10,43
aytchdave,1,42,24,18,6,4,0,1,10,43
bigboymatt13,2,41,24,17,7,2,2,2,9,43
alexanderls,1,42,24,18,6,3,1,1,9,43
blackduck158,1,43,24,19,5,4,1,0,9,43
ginja_ninja,1,42,22,20,2,7,1,1,9,43
typhonius,2,41,21,20,1,7,2,2,8,43
blackoutbuck,1,42,23,19,4,4,1,1,8,43
EconomicalGamer,1,42,23,19,4,4,1,1,8,43
Gludius,1,42,22,20,2,6,1,1,8,43
Herp_in_my_Derp,1,42,25,17,8,0,1,1,8,43
souldust,1,42,25,17,8,0,1,1,8,43
YourPedoNeybr,1,42,24,18,6,2,1,1,8,43
dogsovercats,2,41,24,17,7,0,2,2,7,43
vanillacustard,2,41,23,18,5,2,2,2,7,43
imissdigg,1,42,22,20,2,5,1,1,7,43
ogmilk,1,42,23,19,4,3,1,1,7,43
rishkin,1,42,23,19,4,3,1,1,7,43
seoboss1,1,42,23,19,4,3,1,1,7,43
poochie186,2,41,18,23,-5,11,2,2,6,43
ericthemetalhead18,1,42,23,19,4,2,1,1,6,43
hitler-san,1,42,23,19,4,2,1,1,6,43
nachocheese66,1,42,23,19,4,2,1,1,6,43
PuffMasterJ,3,42,20,22,-2,8,1,1,6,43
TheNog,1,42,24,18,6,0,1,1,6,43
wizardneedsfood,1,42,24,18,6,0,1,1,6,43
Mikhail13,1,42,22,20,2,4,0,1,6,43
fullerthemastodon,2,41,23,18,5,0,2,2,5,43
marnyroad,2,41,22,19,3,2,2,2,5,43
4gag,1,42,22,20,2,3,1,1,5,43
arminalee,2,42,22,20,2,2,2,1,4,43
jessTHESANDWICHFAIRY,2,41,20,21,-1,5,2,2,4,43
BaderKhalil,1,42,23,19,4,0,1,1,4,43
thesandlion56,1,42,21,21,0,4,1,1,4,43
VodkaPizza,2,41,20,21,-1,5,1,2,4,43
f00pi,2,41,18,23,-5,9,0,2,4,43
bsaahir,2,41,21,20,1,2,2,2,3,43
cart98,2,41,20,21,-1,3,2,2,2,43
DroxxTheFox,1,42,18,24,-6,8,1,1,2,43
Kazragore,1,42,19,23,-4,6,1,1,2,43
basinpup,1,42,22,20,2,0,0,1,2,43
yolorelli,2,41,21,20,1,0,2,2,1,43
D00mFighteR,2,41,21,20,1,0,1,2,1,43
Gagery,1,42,19,23,-4,5,0,1,1,43
ro0ot,3,40,20,20,0,0,2,3,0,43
usernameilliterate,2,41,19,22,-3,3,2,2,0,43
Fueled_by_Coffee,3,40,19,21,-2,2,1,3,0,43
Nilbawg,1,42,20,22,-2,2,1,1,0,43
StygianFlare,2,41,17,24,-7,7,1,2,0,43
NeverOC,2,41,20,21,-1,0,2,2,-1,43
kitty_girl8,2,41,20,21,-1,0,1,2,-1,43
Natarata,2,41,20,21,-1,0,1,2,-1,43
Purecheetodust,3,42,17,25,-8,7,1,1,-1,43
VictorValverdeRe,1,42,20,22,-2,0,1,1,-2,43
bolstei,1,42,18,24,-6,3,1,1,-3,43
hunter55554,1,42,17,25,-8,4,1,1,-4,43
SuperSlyRy,1,42,18,24,-6,2,1,1,-4,43
tilang,1,42,19,23,-4,0,0,1,-4,43
l4dlouis,2,41,15,26,-11,5,2,2,-6,43
broseidon28,2,42,16,26,-10,0,2,1,-10,43
illusername,3,40,13,27,-14,0,2,3,-14,43
AnotherClosetAtheist,1,41,32,9,23,27,0,1,50,42
PumpkinWhiskey,1,41,26,15,11,38,1,1,49,42
alison_bee,1,41,28,13,15,24,1,1,39,42
Paudidog,1,41,39,2,37,2,1,1,39,42
sandozguineapig,1,41,35,6,29,10,1,1,39,42
kirbyviper93,1,41,33,8,25,13,1,1,38,42
HeyturnontheAC,1,41,33,8,25,12,1,1,37,42
mebranflakes,1,41,38,3,35,2,1,1,37,42
OneTrickLoser,1,41,36,5,31,6,0,1,37,42
EveryGoodNameIsTaken,1,41,38,3,35,0,0,1,35,42
mousephant,1,41,38,3,35,0,0,1,35,42
NathanielJesse,1,42,37,5,32,2,1,0,34,42
busi98,1,41,37,4,33,0,1,1,33,42
SpeedingGiraffe,1,41,35,6,29,4,1,1,33,42
whiskey100,1,42,36,6,30,3,1,0,33,42
SirChucktheSquirrel,1,42,34,8,26,6,1,0,32,42
verusisrael,1,41,34,7,27,5,1,1,32,42
brycemc,1,41,34,7,27,5,0,1,32,42
iamadambomb,2,40,26,14,12,19,2,2,31,42
cjsto13,1,41,33,8,25,6,1,1,31,42
ConGnar,1,41,28,13,15,16,1,1,31,42
iamcallegari,1,41,36,5,31,0,1,1,31,42
lechero,1,41,27,14,13,18,1,1,31,42
P5i10cYBiN,1,42,31,11,20,11,1,0,31,42
negraeffn,1,41,34,7,27,4,0,1,31,42
DaveMagee83,2,40,34,6,28,2,2,2,30,42
BioRain,1,41,32,9,23,7,1,1,30,42
kepleronlyknows,1,42,36,6,30,0,1,0,30,42
ropers,1,41,34,7,27,3,1,1,30,42
dflintastic,1,41,32,9,23,7,0,1,30,42
No_shoes_no_shirt,1,41,33,8,25,5,0,1,30,42
robotrock1382,3,39,32,7,25,4,2,3,29,42
boondogger,1,41,35,6,29,0,1,1,29,42
denv0r,1,42,33,9,24,5,1,0,29,42
FroNGrow,1,41,32,9,23,6,1,1,29,42
mjroger2,1,41,35,6,29,0,1,1,29,42
nat5ndotcom,1,41,35,6,29,0,1,1,29,42
RedLinkJ,1,41,35,6,29,0,1,1,29,42
tarebearah,2,41,35,6,29,0,1,1,29,42
WoodyStrummer,1,41,32,9,23,6,1,1,29,42
CurlehSteve,1,41,32,9,23,5,1,1,28,42
gizmoguy1,1,41,32,9,23,5,1,1,28,42
rjwax13,1,41,27,14,13,15,1,1,28,42
SoundsLikeCoffee,1,41,33,8,25,3,1,1,28,42
subject69,1,41,31,10,21,7,1,1,28,42
TinTinasaurus,1,41,33,8,25,3,1,1,28,42
acetv,1,42,29,13,16,11,1,0,27,42
fetchthemup,1,41,34,7,27,0,1,1,27,42
hereforthecatpics,1,41,28,13,15,12,1,1,27,42
meatmaiden,1,42,32,10,22,5,1,0,27,42
Oblivionnerd75,1,41,34,7,27,0,1,1,27,42
QCD,1,41,31,10,21,6,1,1,27,42
Russz,1,41,32,9,23,4,1,1,27,42
squidthekid17,2,40,30,10,20,7,1,2,27,42
UnderwaterPianos,1,41,33,8,25,2,1,1,27,42
ALLGAM3R,2,40,33,7,26,0,1,2,26,42
Johnzors,1,41,32,9,23,3,1,1,26,42
SI52,1,42,31,11,20,6,1,0,26,42
stroke_your_beard,1,42,34,8,26,0,1,0,26,42
Frosty_TSM,2,40,30,10,20,5,2,2,25,42
CravenMoorebocks,1,41,30,11,19,6,1,1,25,42
kibblepigeon,1,41,32,9,23,2,1,1,25,42
nk7,1,41,33,8,25,0,1,1,25,42
pancakes4life,1,41,33,8,25,0,1,1,25,42
Poopmaster7,1,41,33,8,25,0,1,1,25,42
redmanatee,1,41,31,10,21,4,1,1,25,42
timthree,1,41,32,9,23,2,1,1,25,42
ohcfolse,1,41,33,8,25,0,0,1,25,42
eXpZA,2,40,31,9,22,2,2,2,24,42
jddlwlr,2,40,31,9,22,2,2,2,24,42
king_krimson,1,41,31,10,21,3,1,1,24,42
Kolido,1,41,30,11,19,5,1,1,24,42
Monkey168,1,41,27,14,13,11,1,1,24,42
MrTechSushi,1,41,31,10,21,3,1,1,24,42
SevenSeasOfRhye,1,41,31,10,21,3,1,1,24,42
stanislausjarlsberge,1,41,31,10,21,3,1,1,24,42
xxtdwpxx92,2,40,30,10,20,4,1,2,24,42
Cawrl,2,41,30,11,19,4,2,1,23,42
Vaginal_Scrapings,2,40,29,11,18,5,2,2,23,42
arienette11,1,41,32,9,23,0,1,1,23,42
MikePalecek,1,41,30,11,19,4,1,1,23,42
Roonerth,1,41,32,9,23,0,1,1,23,42
sml6174,1,41,32,9,23,0,1,1,23,42
SounderCoo,1,41,32,9,23,0,1,1,23,42
TheBrownSalamander,1,41,31,10,21,2,1,1,23,42
uhhhphilip,1,41,27,14,13,10,1,1,23,42
alexdoors,1,41,30,11,19,3,1,1,22,42
Aridity,1,41,24,17,7,15,1,1,22,42
magicmanfk,1,41,30,11,19,3,1,1,22,42
Marbooga,2,40,29,11,18,4,1,2,22,42
Yankeesman1205,1,41,30,11,19,3,1,1,22,42
bren22,2,40,22,18,4,17,2,2,21,42
DeerOnTheRocks,2,40,27,13,14,7,2,2,21,42
Tobikun13,2,41,31,10,21,0,2,1,21,42
_Ico_,1,41,30,11,19,2,1,1,21,42
aicd,1,41,26,15,11,10,1,1,21,42
andrewpwnsyou,1,41,31,10,21,0,1,1,21,42
catbro89,1,41,31,10,21,0,1,1,21,42
Owlzar,1,41,31,10,21,0,1,1,21,42
Secatura,1,41,25,16,9,12,1,1,21,42
tallestmidget220,1,41,28,13,15,6,1,1,21,42
Zutasu,1,41,30,11,19,2,1,1,21,42
redditrocks1972,1,41,31,10,21,0,0,1,21,42
mc_1260,3,39,28,11,17,3,2,3,20,42
bud312,2,40,29,11,18,2,1,2,20,42
imahotdog,1,41,29,12,17,3,1,1,20,42
ImperfectDisciple,1,41,27,14,13,7,1,1,20,42
jra721,1,42,30,12,18,2,1,0,20,42
onion20,1,41,29,12,17,3,1,1,20,42
Picasso5,1,41,25,16,9,11,1,1,20,42
sixsixtie,1,41,29,12,17,3,1,1,20,42
vitticho,1,41,27,14,13,7,1,1,20,42
Winnend,1,41,28,13,15,5,1,1,20,42
7070707,1,41,30,11,19,0,1,1,19,42
acarrion810,1,41,29,12,17,2,1,1,19,42
alecks23,1,41,28,13,15,4,1,1,19,42
asharp45,1,41,29,12,17,2,1,1,19,42
fishmonkeyhubby,1,41,30,11,19,0,1,1,19,42
hoostie,1,41,27,14,13,6,1,1,19,42
HwaetWeGaerdena,1,41,29,12,17,2,1,1,19,42
IndianCuckoo,1,41,30,11,19,0,1,1,19,42
lafilm2004,2,40,14,26,-12,31,1,2,19,42
NicholassBalls,1,41,30,11,19,0,1,1,19,42
rain-dropp,1,41,29,12,17,2,1,1,19,42
robj31,1,41,28,13,15,4,1,1,19,42
samsamxx,1,41,30,11,19,0,1,1,19,42
stuupidcharlie98,1,41,30,11,19,0,1,1,19,42
travisb123,1,41,30,11,19,0,1,1,19,42
_whut_,1,41,28,13,15,3,1,1,18,42
andy_newman127,1,42,28,14,14,4,1,0,18,42
Cheeseburgerjesus,1,41,27,14,13,5,1,1,18,42
cosine83,1,41,27,14,13,5,1,1,18,42
gammet,1,41,27,14,13,5,1,1,18,42
Rickfrrr,1,42,27,15,12,6,1,0,18,42
shiddybiz,1,41,27,14,13,5,1,1,18,42
thatguyferg,1,41,27,14,13,5,1,1,18,42
williamofnormandy,1,41,28,13,15,3,0,1,18,42
DaMourge,2,40,26,14,12,5,2,2,17,42
Bonshaquitalafondria,1,41,29,12,17,0,1,1,17,42
JAG171,1,41,29,12,17,0,1,1,17,42
naughtism,1,41,27,14,13,4,1,1,17,42
NickDouglas,1,41,27,14,13,4,1,1,17,42
OfficerHoyt,1,41,27,14,13,4,1,1,17,42
ogkitty,1,41,27,14,13,4,1,1,17,42
plaetdude454,1,41,29,12,17,0,1,1,17,42
rapethetargets,1,41,28,13,15,2,1,1,17,42
RobertWhitehead,1,41,26,15,11,6,1,1,17,42
swedish0spartans,1,41,23,18,5,12,1,1,17,42
tolstoshev,1,41,29,12,17,0,1,1,17,42
tsavs,1,41,29,12,17,0,1,1,17,42
IAMA_Ferrert,1,41,27,14,13,4,0,1,17,42
Jamin5000,1,41,29,12,17,0,0,1,17,42
LookinFerNemo,2,40,27,13,14,3,0,2,17,42
Morganator,2,40,28,12,16,0,2,2,16,42
crystallinescar,1,41,27,14,13,3,1,1,16,42
diddyboi,1,41,26,15,11,5,1,1,16,42
fumyl,3,39,24,15,9,7,1,3,16,42
Hartley96,1,41,25,16,9,7,1,1,16,42
JDCarpenter91,1,41,25,16,9,7,1,1,16,42
n3mesis,1,42,28,14,14,2,1,0,16,42
OjomMcChicken,1,41,27,14,13,3,1,1,16,42
pinkyoshi,1,41,23,18,5,11,1,1,16,42
sai_sai33,1,41,26,15,11,5,1,1,16,42
TheDonutHero,1,41,27,14,13,3,1,1,16,42
jjjakkeeee,2,41,27,14,13,2,2,1,15,42
SlothHS,2,40,24,16,8,7,2,2,15,42
tigerhood_,2,40,22,18,4,11,2,2,15,42
Andrexthor,1,41,27,14,13,2,1,1,15,42
aniroc,1,41,28,13,15,0,1,1,15,42
damofia,1,41,26,15,11,4,1,1,15,42
dirwell,2,40,25,15,10,5,1,2,15,42
hydec,1,41,27,14,13,2,1,1,15,42
MediocreJim,1,41,25,16,9,6,1,1,15,42
MossadDid911,1,42,25,17,8,7,1,0,15,42
railu,1,41,26,15,11,4,1,1,15,42
redsn0,1,41,28,13,15,0,1,1,15,42
Sirenn,1,41,27,14,13,2,1,1,15,42
stezeke,1,41,27,14,13,2,1,1,15,42
thehitter10792,1,41,27,14,13,2,1,1,15,42
Estydeez,3,39,25,14,11,3,3,3,14,42
Friendlyvoices,2,40,27,13,14,0,2,2,14,42
JayK1026,2,40,26,14,12,2,1,2,14,42
R3V0_lUTION,1,41,24,17,7,7,1,1,14,42
Sfranks,1,41,25,16,9,5,1,1,14,42
vulga,1,41,26,15,11,3,1,1,14,42
abricton,1,41,27,14,13,0,1,1,13,42
alliejane28,1,41,27,14,13,0,1,1,13,42
alliejuana,1,41,26,15,11,2,1,1,13,42
brookDAbitch,2,40,25,15,10,3,1,2,13,42
calculor,1,41,27,14,13,0,1,1,13,42
LMA12,1,41,27,14,13,0,1,1,13,42
MistaPea,1,41,23,18,5,8,1,1,13,42
nupogodi,1,41,24,17,7,6,1,1,13,42
snypr,1,41,26,15,11,2,1,1,13,42
wsuraiders33,1,41,27,14,13,0,1,1,13,42
_York_,1,41,26,15,11,2,0,1,13,42
penzt40,2,41,24,17,7,6,0,1,13,42
vheissu417,2,40,25,15,10,2,2,2,12,42
jdeanx,1,42,25,17,8,4,1,0,12,42
ladybetty,1,42,25,17,8,4,1,0,12,42
thegreyquincy,1,41,22,19,3,9,1,1,12,42
JoelMontgomery,2,41,26,15,11,0,2,1,11,42
katerpilar,2,40,22,18,4,7,2,2,11,42
AusKow1,1,41,25,16,9,2,1,1,11,42
CrimsonBuc90,1,41,26,15,11,0,1,1,11,42
humpty88,1,41,26,15,11,0,1,1,11,42
InfiniteBeard,1,41,25,16,9,2,1,1,11,42
Jparaly,1,41,24,17,7,4,1,1,11,42
katakos,1,41,25,16,9,2,1,1,11,42
Misharum_Kittum,1,41,26,15,11,0,1,1,11,42
monaryta,1,41,26,15,11,0,1,1,11,42
pagalguy,1,41,25,16,9,2,1,1,11,42
Shevemaster,1,41,24,17,7,4,1,1,11,42
TDH80,2,41,24,17,7,4,1,1,11,42
thepoultron,1,41,26,15,11,0,1,1,11,42
tohk,1,41,26,15,11,0,1,1,11,42
Sev721,1,41,25,16,9,2,0,1,11,42
Spezticle_Spence,1,41,25,16,9,2,0,1,11,42
fullmtl,2,40,24,16,8,2,2,2,10,42
ihasakiwi,2,40,25,15,10,0,2,2,10,42
NopeNotConor,2,40,24,16,8,2,2,2,10,42
ptgkbgte,2,40,24,16,8,2,2,2,10,42
awolff1990,1,42,26,16,10,0,1,0,10,42
coltd89,2,40,24,16,8,2,1,2,10,42
shoutsid,1,41,24,17,7,3,1,1,10,42
thebigslide,1,42,25,17,8,2,1,0,10,42
randomperson32,2,40,23,17,6,3,2,2,9,42
alwaytired,1,41,25,16,9,0,1,1,9,42
booksteak,1,41,25,16,9,0,1,1,9,42
dave12gtown,1,41,25,16,9,0,1,1,9,42
J_dubs,1,41,25,16,9,0,1,1,9,42
Shaboodle69,1,41,25,16,9,0,1,1,9,42
zoomzoomnerd,1,41,25,16,9,0,1,1,9,42
RemyK313,1,41,24,17,7,2,0,1,9,42
AlbinoMonster,2,40,23,17,6,2,2,2,8,42
Rothbauer74,2,40,22,18,4,4,2,2,8,42
AlexVeezy,1,41,22,19,3,5,0,1,8,42
pablopaniagua,3,39,22,17,5,2,2,3,7,42
AlmightySmiterer,2,40,19,21,-2,9,1,2,7,42
Dionar23,1,41,21,20,1,6,1,1,7,42
Woovils,1,41,24,17,7,0,1,1,7,42
SecretBurrito,1,41,22,19,3,3,1,1,6,42
spooCQ,1,41,22,19,3,3,1,1,6,42
TheBoutwell,2,40,22,18,4,2,0,2,6,42
bendi36,3,39,19,20,-1,6,2,3,5,42
sherlock1901,2,40,20,20,0,5,2,2,5,42
Hypergasm,1,41,23,18,5,0,1,1,5,42
willysillynilly,1,41,22,19,3,2,1,1,5,42
bjd509,2,40,21,19,2,2,2,2,4,42
Trehorna123,2,40,22,18,4,0,2,2,4,42
BogusLeek,2,40,22,18,4,0,1,2,4,42
Ollie0013,2,40,22,18,4,0,1,2,4,42
umphreak789,2,40,20,20,0,4,1,2,4,42
VikingDanTheMan,1,41,21,20,1,2,1,1,3,42
xbloodworkx,1,41,22,19,3,0,1,1,3,42
EinsteinRidesShotgun,3,39,14,25,-11,13,3,3,2,42
iDollar,2,40,18,22,-4,6,2,2,2,42
RRuS,2,40,18,22,-4,6,2,2,2,42
Mr_Lozo,2,40,21,19,2,0,1,2,2,42
BearOnUnicycle,2,40,20,20,0,2,0,2,2,42
crysta1tips,1,41,18,23,-5,6,1,1,1,42
dinkleberg92,2,40,19,21,-2,3,1,2,1,42
Thrasher1992,1,41,21,20,1,0,1,1,1,42
JamesTrollswell,2,40,14,26,-12,12,2,2,0,42
braydenfunderburk,1,41,18,23,-5,4,1,1,-1,42
divid3byzer0,1,41,20,21,-1,0,1,1,-1,42
ModiHammarstedt,1,41,20,21,-1,0,0,1,-1,42
Smaktat,3,39,17,22,-5,3,3,3,-2,42
Clarkmandi,2,40,19,21,-2,0,2,2,-2,42
jsquiff,2,40,19,21,-2,0,2,2,-2,42
Necropolictic,2,40,19,21,-2,0,1,2,-2,42
Smithy365,1,41,18,23,-5,3,1,1,-2,42
Ram64,1,41,18,23,-5,3,0,1,-2,42
fishwithnofins,3,39,17,22,-5,2,3,3,-3,42
coss691,1,41,18,23,-5,2,1,1,-3,42
GTFour,2,40,17,23,-6,3,1,2,-3,42
D3FEATER,1,41,17,24,-7,3,1,1,-4,42
g3org3s,1,41,17,24,-7,3,1,1,-4,42
usdial,2,41,18,23,-5,0,0,1,-5,42
danfritsky,1,41,12,29,-17,11,1,1,-6,42
deviantdamsel,1,41,16,25,-9,3,1,1,-6,42
Junte94,3,39,14,25,-11,4,2,3,-7,42
thgrimreaper7,2,40,15,25,-10,3,2,2,-7,42
bladetsukasa,1,41,17,24,-7,0,1,1,-7,42
latota97,3,39,16,23,-7,0,1,3,-7,42
SlenderDovakiin123,1,41,17,24,-7,0,1,1,-7,42
RedcoatGaming,2,40,15,25,-10,2,2,2,-8,42
Stephface7,2,40,14,26,-12,4,1,2,-8,42
D2sney,3,39,13,26,-13,0,2,3,-13,42
Livinginaclassroom,1,40,38,2,36,5,1,1,41,41
AlienIntelligence,1,40,34,6,28,12,1,1,40,41
cuddlebot,1,41,28,13,15,22,1,0,37,41
tsacks,1,40,33,7,26,11,1,1,37,41
Xaow,1,40,35,5,30,7,0,1,37,41
bestpersonever,1,40,38,2,36,0,1,1,36,41
I_FART_OLD_SPICE,1,40,37,3,34,2,1,1,36,41
Save_TheWorld,1,40,38,2,36,0,1,1,36,41
goodguygregIRL,1,41,35,6,29,6,1,0,35,41
imaflyingkiwi,1,41,38,3,35,0,1,0,35,41
SpeakitEasy,1,41,31,10,21,13,1,0,34,41
This_Isnt_A_Repost,1,40,33,7,26,8,1,1,34,41
andilew,1,40,30,10,20,12,1,1,32,41
IAMAduckimpersonator,1,40,36,4,32,0,1,1,32,41
iusedtogotodigg,1,41,33,8,25,7,1,0,32,41
QuaBua,1,41,33,8,25,7,1,0,32,41
super-sleuth,1,40,34,6,28,4,1,1,32,41
zaltana,1,40,35,5,30,2,1,1,32,41
AMuurrrRAKa,1,40,35,5,30,2,0,1,32,41
dacracot,1,41,31,10,21,10,1,0,31,41
ItsKorte,1,41,31,10,21,9,1,0,30,41
pineapple_wolf,1,40,34,6,28,2,1,1,30,41
SirTravis,1,40,32,8,24,6,1,1,30,41
The_tapper,1,40,33,7,26,4,1,1,30,41
IfYouCantTrustSanta,1,40,35,5,30,0,0,1,30,41
xbrokenxherox,1,40,35,5,30,0,0,1,30,41
Glioblaster,2,40,28,12,16,13,2,1,29,41
alatleephillips,1,41,35,6,29,0,1,0,29,41
brjohns994,1,40,32,8,24,5,1,1,29,41
guynumber11,1,40,32,8,24,5,1,1,29,41
il_redditore,1,41,32,9,23,6,1,0,29,41
iwearpurpleglasses,1,41,31,10,21,8,1,0,29,41
jasokant,1,40,33,7,26,3,1,1,29,41
meathammock,1,41,30,11,19,10,1,0,29,41
dhammington12,1,40,34,6,28,0,1,1,28,41
Dinahmoe,1,40,33,7,26,2,1,1,28,41
Halcyon408,1,40,33,7,26,2,1,1,28,41
motown82,1,41,25,16,9,19,1,0,28,41
Rorshache,1,40,32,8,24,4,1,1,28,41
Tauna,1,40,31,9,22,6,1,1,28,41
average_AZN,1,40,31,9,22,6,0,1,28,41
chri872y,1,40,31,9,22,5,1,1,27,41
ctrlzmankind,1,41,33,8,25,2,1,0,27,41
rageman2,1,40,31,9,22,5,1,1,27,41
THESALTEDPEANUT,1,40,32,8,24,3,1,1,27,41
Thomasofzo,1,40,29,11,18,9,0,1,27,41
ajbehumbled777,1,40,33,7,26,0,1,1,26,41
alwayschoosepeace,1,40,33,7,26,0,1,1,26,41
Costner_Facts,1,40,32,8,24,2,1,1,26,41
EAVBERBWF,1,40,32,8,24,2,1,1,26,41
Option84,1,40,30,10,20,6,1,1,26,41
RIV8,1,40,33,7,26,0,1,1,26,41
t3hcoolness,1,40,31,9,22,4,1,1,26,41
MacaroniMustache,1,40,31,9,22,3,1,1,25,41
Meaags,1,40,31,9,22,3,1,1,25,41
mrnatbus12,2,39,29,10,19,6,1,2,25,41
qaovxtazypdl,1,40,31,9,22,3,1,1,25,41
RIAEvangelist,1,41,31,10,21,4,1,0,25,41
smellit,1,40,31,9,22,3,1,1,25,41
avetman88,1,40,30,10,20,4,1,1,24,41
codecx81,1,40,30,10,20,4,1,1,24,41
Dutchface,1,40,31,9,22,2,1,1,24,41
Glasse,1,40,22,18,4,20,1,1,24,41
harlequinghost2,1,40,32,8,24,0,1,1,24,41
RAGEMOOSE,1,40,32,8,24,0,1,1,24,41
Slapdown,1,40,32,8,24,0,1,1,24,41
U-P-G-R-A-Y-E-D-D,1,40,27,13,14,10,1,1,24,41
y7vc,1,40,30,10,20,4,1,1,24,41
amcjavelin71,1,40,31,9,22,2,0,1,24,41
Iammyselfnow,1,40,32,8,24,0,0,1,24,41
bearjew443,1,40,30,10,20,3,1,1,23,41
DoingItRightAgain,1,40,28,12,16,7,1,1,23,41
JATINDHINGRA,1,41,30,11,19,4,1,0,23,41
konfetaz,1,41,31,10,21,2,1,0,23,41
LuckyD93,2,39,30,9,21,2,1,2,23,41
sbatkk,1,40,28,12,16,7,1,1,23,41
mercury888,1,40,29,11,18,5,0,1,23,41
richiereaper666,2,39,28,11,17,5,2,2,22,41
Coolairprovider,1,40,31,9,22,0,1,1,22,41
FishFishSuperFly,1,40,30,10,20,2,1,1,22,41
ForgotItsANovelty,1,40,31,9,22,0,1,1,22,41
HappyAsCanBee,1,40,31,9,22,0,1,1,22,41
IronMaiden4892,1,40,25,15,10,12,1,1,22,41
LashLaRue24,1,40,28,12,16,6,1,1,22,41
otnasnom,1,41,30,11,19,3,1,0,22,41
plungerpenis,1,40,28,12,16,6,1,1,22,41
PokemanFTW,1,40,31,9,22,0,1,1,22,41
Rinzler468,1,40,29,11,18,4,1,1,22,41
safilionchest,1,40,28,12,16,6,1,1,22,41
The_MattyC,1,41,27,14,13,9,1,0,22,41
DarynLaine,1,40,28,12,16,6,0,1,22,41
pyeinthesky,1,40,31,9,22,0,0,1,22,41
Skunk_Works,1,40,31,9,22,0,0,1,22,41
BusHeckler,1,41,26,15,11,10,1,0,21,41
electricfoxx,2,39,29,10,19,2,1,2,21,41
freddy3kid,1,41,30,11,19,2,1,0,21,41
laughingboy,1,40,27,13,14,7,1,1,21,41
Mad_broccoli,2,40,19,21,-2,23,1,1,21,41
Robobb,1,40,25,15,10,11,1,1,21,41
wolfOFthe_north,1,40,29,11,18,3,1,1,21,41
idevoursouls,1,40,29,11,18,3,0,1,21,41
ptboi42,2,39,27,12,15,5,2,2,20,41
Atralexa,1,40,28,12,16,4,1,1,20,41
DragonBorn27,1,40,29,11,18,2,1,1,20,41
dramaticirony,1,40,28,12,16,4,1,1,20,41
iamkuni,1,40,30,10,20,0,1,1,20,41
lolidkwhatimdoing,1,40,30,10,20,0,1,1,20,41
muahahall,1,40,30,10,20,0,1,1,20,41
scarface77,1,40,29,11,18,2,1,1,20,41
skipperjam,1,41,28,13,15,5,1,0,20,41
VLokkY,1,40,29,11,18,2,1,1,20,41
Worthers_,1,40,28,12,16,4,1,1,20,41
nuerion,1,40,30,10,20,0,0,1,20,41
Pepperybow042,1,40,27,13,14,6,0,1,20,41
clipclopdontstop,2,39,29,10,19,0,2,2,19,41
darkwing_fuck,1,41,29,12,17,2,1,0,19,41
epack,1,40,26,14,12,7,1,1,19,41
loganor,1,40,26,14,12,7,1,1,19,41
LukeHalpert,1,41,28,13,15,4,1,0,19,41
Saquedon,2,39,24,15,9,9,2,2,18,41
Buttersnap,1,40,29,11,18,0,1,1,18,41
HumanistGeek,1,40,28,12,16,2,1,1,18,41
jacks_lung,1,40,28,12,16,2,1,1,18,41
Kcasmutorcs,1,40,27,13,14,4,1,1,18,41
mumpiechannel,1,40,29,11,18,0,1,1,18,41
poopdoodington,1,40,27,13,14,4,1,1,18,41
robleroble,1,40,28,12,16,2,1,1,18,41
Whodatguy77,1,40,23,17,6,12,1,1,18,41
bockboys,1,40,29,11,18,0,0,1,18,41
flysnorkelingpotato,1,40,28,12,16,2,0,1,18,41
xopher314,1,40,22,18,4,14,0,1,18,41
CystyFibr0,2,39,27,12,15,2,2,2,17,41
bearsman0,1,40,24,16,8,9,1,1,17,41
dinosareyummy,1,41,29,12,17,0,1,0,17,41
joulesChachin,1,41,29,12,17,0,1,0,17,41
jj441144,1,40,27,13,14,3,0,1,17,41
adgk11,1,40,27,13,14,2,1,1,16,41
AgriGen,1,40,28,12,16,0,1,1,16,41
augustwes,1,40,26,14,12,4,1,1,16,41
azaadeh,1,40,28,12,16,0,1,1,16,41
F33A_Bonanza,1,40,23,17,6,10,1,1,16,41
fairly_insignificant,1,40,25,15,10,6,1,1,16,41
ffffuuuuffffme,1,40,28,12,16,0,1,1,16,41
FrontRowSteve,1,40,26,14,12,4,1,1,16,41
g33k1nd159153,1,40,27,13,14,2,1,1,16,41
percipient,1,40,25,15,10,6,1,1,16,41
Polmeh,1,40,27,13,14,2,1,1,16,41
yarudl,1,40,28,12,16,0,1,1,16,41
Chikinman1269,1,40,24,16,8,8,0,1,16,41
kurtbdudley,1,40,25,15,10,6,0,1,16,41
Krisington22,2,41,28,13,15,0,2,0,15,41
McKrakahonkey,2,39,27,12,15,0,2,2,15,41
nationalhonorroll,2,39,27,12,15,0,2,2,15,41
an4rt1,1,41,24,17,7,8,1,0,15,41
anticommon,1,40,24,16,8,7,1,1,15,41
Fuquawi,1,40,25,15,10,5,1,1,15,41
Jehovakhiin,1,40,26,14,12,3,1,1,15,41
JUSTIN_HERGINA,1,40,26,14,12,3,1,1,15,41
noidddd,1,40,24,16,8,7,1,1,15,41
Skave,1,40,26,14,12,3,1,1,15,41
yourmomwasablender,1,40,26,14,12,3,0,1,15,41
caprarctic,1,40,26,14,12,2,1,1,14,41
drstrangenorm,1,40,26,14,12,2,1,1,14,41
elepunt,2,39,25,14,11,3,1,2,14,41
epgamer123,1,40,27,13,14,0,1,1,14,41
Jqlax16,1,40,25,15,10,4,1,1,14,41
kartoqraf,1,40,26,14,12,2,1,1,14,41
lawjym,1,40,27,13,14,0,1,1,14,41
Megapwnd,1,40,25,15,10,4,1,1,14,41
mexicasian,1,40,26,14,12,2,1,1,14,41
RSParker,1,40,26,14,12,2,1,1,14,41
Skibbles85,1,40,26,14,12,2,1,1,14,41
TEXAS_KID,2,40,27,13,14,0,1,1,14,41
vaguelyasian,1,40,23,17,6,8,1,1,14,41
Deadmacckk,1,40,27,13,14,0,0,1,14,41
GeneralPayN,1,40,26,14,12,2,0,1,14,41
Moe_Szlak,1,40,26,14,12,2,0,1,14,41
mrJigglez,1,40,27,13,14,0,0,1,14,41
IAmWinter1988,2,39,22,17,5,8,2,2,13,41
jamesjoyceroseroyce,2,39,26,13,13,0,2,2,13,41
YellowFool,3,39,25,14,11,2,2,2,13,41
Aqualung69,1,40,25,15,10,3,1,1,13,41
bemdblu,1,40,25,15,10,3,1,1,13,41
crxgames,2,39,24,15,9,4,1,2,13,41
Dinersore,1,40,25,15,10,3,1,1,13,41
eshegmart,1,41,27,14,13,0,1,0,13,41
gonzojpk,1,41,25,16,9,4,1,0,13,41
gturown,1,40,25,15,10,3,1,1,13,41
lXaNaXl,2,39,22,17,5,8,1,2,13,41
YardFlamingo,2,39,25,14,11,2,1,2,13,41
dotdashdottatydot,1,40,24,16,8,5,0,1,13,41
ThatSpyCrab,2,39,25,14,11,2,0,2,13,41
pewpewcats,2,40,26,14,12,0,2,1,12,41
WelpImawkward,2,40,24,16,8,4,2,1,12,41
black_widow,1,40,24,16,8,4,1,1,12,41
Crew_Socks,1,40,26,14,12,0,1,1,12,41
Frak98,1,40,26,14,12,0,1,1,12,41
Hipster_Hippo,1,40,26,14,12,0,1,1,12,41
ipown11,1,40,26,14,12,0,1,1,12,41
K-putt,1,40,25,15,10,2,1,1,12,41
ladiamante,1,40,25,15,10,2,1,1,12,41
lisaawesomesauce,1,41,19,22,-3,15,1,0,12,41
MegaMatty,1,40,26,14,12,0,1,1,12,41
Mjfro1,1,40,24,16,8,4,1,1,12,41
CNowack17,2,39,24,15,9,2,2,2,11,41
Oh-Stop-It-you,2,39,25,14,11,0,2,2,11,41
T-bomb217,2,39,25,14,11,0,2,2,11,41
adversedeviant,3,38,23,15,8,3,1,3,11,41
greennikki,1,40,22,18,4,7,1,1,11,41
MancheFuhren,1,41,25,16,9,2,1,0,11,41
McDonutz,1,40,24,16,8,3,1,1,11,41
return_burn,1,40,24,16,8,3,1,1,11,41
Sighcohsiss,1,40,23,17,6,5,1,1,11,41
sketchycolour,1,40,24,16,8,3,1,1,11,41
Tourne-Disque,1,41,25,16,9,2,1,0,11,41
b1uphyre,1,40,24,16,8,3,0,1,11,41
EAGLESWhit,2,40,25,15,10,0,2,1,10,41
beforewefall,1,40,25,15,10,0,1,1,10,41
migumi,1,40,25,15,10,0,1,1,10,41
NickyNichols,1,40,24,16,8,2,1,1,10,41
pmbruce,1,40,22,18,4,6,1,1,10,41
sayris,1,40,25,15,10,0,1,1,10,41
steveothecaveman,1,40,24,16,8,2,1,1,10,41
Uberwaldon,1,40,25,15,10,0,1,1,10,41
bobman256,1,40,23,17,6,4,0,1,10,41
giant_squid,1,40,22,18,4,6,0,1,10,41
hegz0603,4,38,21,17,4,5,3,3,9,41
NNYPhillipJFry,3,38,19,19,0,9,2,3,9,41
thehensonator,2,39,24,15,9,0,2,2,9,41
trimhunter,2,39,24,15,9,0,2,2,9,41
jake_n_bake,3,38,23,15,8,0,2,3,8,41
Thearchetype14,3,38,22,16,6,2,2,3,8,41
DrFlobotnik,1,40,22,18,4,4,1,1,8,41
nihilistsx,1,40,24,16,8,0,1,1,8,41
Plupish,1,40,23,17,6,2,1,1,8,41
RUKnight31,1,40,24,16,8,0,1,1,8,41
skaterpunk18,1,40,23,17,6,2,1,1,8,41
Yex00,1,40,24,16,8,0,1,1,8,41
sukamacoc,3,38,21,17,4,3,3,3,7,41
Justsomeguy1983,2,39,16,23,-7,14,1,2,7,41
poeq,1,40,21,19,2,5,1,1,7,41
steinarsen44,1,40,22,18,4,3,1,1,7,41
Carsadian,1,40,22,18,4,3,0,1,7,41
DFSniper,1,40,21,19,2,5,0,1,7,41
fahottie,2,39,20,19,1,5,2,2,6,41
rulersakura,2,39,19,20,-1,7,2,2,6,41
leoberto,1,40,23,17,6,0,1,1,6,41
scrambler90,1,40,22,18,4,2,1,1,6,41
jessica256,1,40,23,17,6,0,0,1,6,41
MrBubbleSS,1,40,23,17,6,0,0,1,6,41
tdrive,1,40,23,17,6,0,0,1,6,41
TheFatStarvinMarvin,2,39,22,17,5,0,2,2,5,41
WyTheGuy,2,39,22,17,5,0,2,2,5,41
Chockrit,1,40,19,21,-2,7,1,1,5,41
HeyMitchell,2,39,22,17,5,0,1,2,5,41
speakstruth,1,41,23,18,5,0,1,0,5,41
wwoooaaahh,1,40,20,20,0,5,1,1,5,41
galactic_minivan,3,39,22,17,5,0,0,2,5,41
FullSexWithAWoman,1,40,22,18,4,0,1,1,4,41
lbodyslamrhinos,1,40,22,18,4,0,1,1,4,41
Throwway007,1,41,21,20,1,3,1,0,4,41
nomaple,2,39,20,19,1,2,2,2,3,41
nrock2256,2,39,19,20,-1,4,2,2,3,41
neckitdown,2,40,20,20,0,3,1,1,3,41
BrittneeSmilee,1,40,18,22,-4,6,1,1,2,41
khaos324,3,38,19,19,0,2,1,3,2,41
pretentiousRatt,1,40,21,19,2,0,0,1,2,41
bcfallout,2,39,16,23,-7,8,2,2,1,41
lordofcups,1,40,19,21,-2,3,1,1,1,41
gman524,3,38,17,21,-4,4,2,3,0,41
matt_777,1,40,19,21,-2,2,1,1,0,41
sooobeeesea,1,40,18,22,-4,4,1,1,0,41
Bayla_Kaldy,1,40,18,22,-4,4,0,1,0,41
DERPFUCKER,2,39,18,21,-3,2,2,2,-1,41
Danman025,1,40,18,22,-4,3,1,1,-1,41
r-howtonotgiveafuck,1,40,18,22,-4,3,1,1,-1,41
knicks7carmelo,2,39,15,24,-9,8,0,2,-1,41
devlineagles11,1,40,19,21,-2,0,1,1,-2,41
theFireNewt3030,1,40,18,22,-4,2,1,1,-2,41
infinitisemusic,1,40,18,22,-4,2,0,1,-2,41
badwolfx,3,38,16,22,-6,2,2,3,-4,41
dillcurly,1,40,17,23,-6,2,1,1,-4,41
Nzamorski,2,39,14,25,-11,2,1,2,-9,41
goober815,2,39,13,26,-13,2,1,2,-11,41
coxipuff,2,39,11,28,-17,2,2,2,-15,41
hmz86,1,40,8,32,-24,8,1,1,-16,41
zythyl,3,39,10,29,-19,2,1,2,-17,41
Fudanchi,1,40,9,31,-22,0,1,1,-22,41
Ollie92,1,39,34,5,29,11,1,1,40,40
jandowland,1,40,35,5,30,9,1,0,39,40
Bleekblurk,1,40,39,1,38,0,1,0,38,40
CoachSnigduh,1,39,36,3,33,4,0,1,37,40
cbrees,1,39,36,3,33,3,1,1,36,40
Wulfentie,1,40,36,4,32,3,1,0,35,40
DrackeAsnam,1,39,35,4,31,3,0,1,34,40
kattevoer,1,39,34,5,29,4,1,1,33,40
peeingmypants,1,39,35,4,31,2,1,1,33,40
bytebyte,1,39,33,6,27,5,1,1,32,40
nolljosh,1,39,34,5,29,3,1,1,32,40
rakevinwr,1,39,34,5,29,3,1,1,32,40
sarfie,1,40,34,6,28,4,1,0,32,40
TopHATTwaffle,1,39,33,6,27,5,1,1,32,40
RedditCIO,2,38,31,7,24,7,2,2,31,40
HerbieHandJob,1,39,32,7,25,6,1,1,31,40
ThePokemonMaster,1,39,32,7,25,6,1,1,31,40
wndrgls,1,39,33,6,27,4,1,1,31,40
CinnamonBunzAttack72,1,39,35,4,31,0,0,1,31,40
Da_Turtle,1,39,33,6,27,3,1,1,30,40
mellowseeker,1,39,33,6,27,3,1,1,30,40
therealswil,2,38,31,7,24,6,1,2,30,40
bicboii,1,39,33,6,27,2,1,1,29,40
BunnyBusiness123,1,39,33,6,27,2,1,1,29,40
ephphatha,1,40,31,9,22,7,1,0,29,40
tomparsh23,1,39,31,8,23,6,1,1,29,40
mjln,1,39,34,5,29,0,0,1,29,40
aaaaron,1,40,32,8,24,4,1,0,28,40
hell_to_hell,1,39,32,7,25,3,1,1,28,40
LithuanianT,2,38,29,9,20,8,1,2,28,40
ForAwhileAlone,1,40,32,8,24,3,1,0,27,40
HalfwayDecentGamer,1,39,33,6,27,0,1,1,27,40
meowcat92,1,39,28,11,17,10,1,1,27,40
MRTG,1,39,32,7,25,2,1,1,27,40
sacredesert435,1,39,33,6,27,0,1,1,27,40
shatterdsky,1,39,30,9,21,6,0,1,27,40
the_tourist,1,39,31,8,23,4,0,1,27,40
BigWheelOnFire,2,38,32,6,26,0,2,2,26,40
Autogrex,1,39,31,8,23,3,1,1,26,40
beloved1265,1,40,32,8,24,2,1,0,26,40
blaketar3,1,39,29,10,19,7,1,1,26,40
GB_Neji,1,40,33,7,26,0,1,0,26,40
jonnnyc,1,40,27,13,14,12,1,0,26,40
korki,1,39,30,9,21,5,1,1,26,40
THE_NO_LIFE_KING,1,40,33,7,26,0,1,0,26,40
doctorflash,2,38,30,8,22,4,0,2,26,40
ACrowLeft06,1,39,27,12,15,10,1,1,25,40
Bassman274,1,39,32,7,25,0,1,1,25,40
dstuccilli,1,39,25,14,11,14,1,1,25,40
Entropy_Greene,1,39,32,7,25,0,1,1,25,40
garywoo,1,40,31,9,22,3,1,0,25,40
jakkeyypoo21,1,39,31,8,23,2,1,1,25,40
LtKabukiman,1,39,32,7,25,0,1,1,25,40
NinjaDK,1,39,32,7,25,0,1,1,25,40
ossizilla,1,39,32,7,25,0,1,1,25,40
Stewart591,1,39,32,7,25,0,1,1,25,40
STRE4KER,1,39,32,7,25,0,1,1,25,40
Str8thugin21,2,38,30,8,22,3,0,2,25,40
dudeman19,1,39,26,13,13,11,1,1,24,40
phlegming,1,39,30,9,21,3,1,1,24,40
alwaysopenslinks,1,39,30,9,21,2,1,1,23,40
bunnyspirit,1,39,29,10,19,4,1,1,23,40
Ca11megee,1,39,31,8,23,0,1,1,23,40
DdvdD,1,39,26,13,13,10,1,1,23,40
goofandaspoof,1,39,29,10,19,4,1,1,23,40
jetbean,1,39,31,8,23,0,1,1,23,40
ohlawwwdy,1,39,25,14,11,12,1,1,23,40
SpeakMouthWords,1,39,31,8,23,0,1,1,23,40
Steffi2102,1,39,31,8,23,0,1,1,23,40
intrinsic_tacos,2,38,29,9,20,2,2,2,22,40
RichSherwood,2,38,30,8,22,0,2,2,22,40
Anon0mous,1,40,30,10,20,2,1,0,22,40
Dammitlemon,1,39,29,10,19,3,1,1,22,40
DarthElevator,1,39,29,10,19,3,1,1,22,40
EnigmaticRhino,1,39,28,11,17,5,1,1,22,40
Radius86,1,39,29,10,19,3,1,1,22,40
ragingmeasles,1,39,22,17,5,17,1,1,22,40
snowing_upward,1,39,28,11,17,5,1,1,22,40
ander2ta,1,39,29,10,19,3,0,1,22,40
sanity_slipping,1,39,28,11,17,5,0,1,22,40
TheFishWizard,3,37,29,8,21,0,3,3,21,40
edog316,2,38,28,10,18,3,2,2,21,40
baconteste,1,39,25,14,11,10,1,1,21,40
bigolredafro,1,39,27,12,15,6,1,1,21,40
briangilmore,1,39,29,10,19,2,1,1,21,40
Frippety,1,39,29,10,19,2,1,1,21,40
halfnelson117,1,39,30,9,21,0,1,1,21,40
hazzrds,1,39,26,13,13,8,1,1,21,40
kieris_a_cow,1,39,30,9,21,0,1,1,21,40
TheMarksist,1,39,30,9,21,0,1,1,21,40
troyl927,1,39,30,9,21,0,1,1,21,40
turjets,1,39,29,10,19,2,1,1,21,40
urmik1999,1,39,30,9,21,0,1,1,21,40
UsingLogicNotFaith,1,39,28,11,17,4,1,1,21,40
pkong13,1,39,30,9,21,0,0,1,21,40
stuffhappens19,2,38,27,11,16,4,2,2,20,40
Hatsumomo11,1,39,27,12,15,5,1,1,20,40
ladylars,1,39,28,11,17,3,1,1,20,40
Soulhunter4444,1,39,28,11,17,3,1,1,20,40
Genuinefake1,2,38,23,15,8,11,2,2,19,40
bulldurham,1,39,29,10,19,0,1,1,19,40
fapaslapa,1,39,29,10,19,0,1,1,19,40
flitterella,1,39,29,10,19,0,1,1,19,40
HELLO-18,1,40,28,12,16,3,1,0,19,40
LeRouxMaster,1,39,29,10,19,0,1,1,19,40
NoxiousKnight,1,39,27,12,15,4,1,1,19,40
pizzastock,1,40,27,13,14,5,1,0,19,40
RedditLuurker,1,39,29,10,19,0,1,1,19,40
SavannaBanana,1,39,28,11,17,2,1,1,19,40
TastyHorse,1,39,27,12,15,4,1,1,19,40
tetrisman95,1,39,29,10,19,0,1,1,19,40
TheBootFace,1,39,29,10,19,0,1,1,19,40
TheeFlipper,1,39,26,13,13,6,1,1,19,40
ulvetid,1,39,27,12,15,4,1,1,19,40
Ned-OP-Flanders,1,39,27,12,15,4,0,1,19,40
5minuterice,2,38,28,10,18,0,1,2,18,40
Chauncey_freak,1,39,26,13,13,5,1,1,18,40
coughinginthecoffin,1,39,27,12,15,3,1,1,18,40
johnman84,1,39,26,13,13,5,1,1,18,40
Omgtraceface,2,38,28,10,18,0,1,2,18,40
Reingding13,1,39,27,12,15,3,1,1,18,40
SowerPlave,1,39,25,14,11,7,1,1,18,40
weathrderp,1,39,24,15,9,9,1,1,18,40
withholdthelaughing,1,39,27,12,15,3,1,1,18,40
you_lucky_bastard,1,39,27,12,15,3,1,1,18,40
afcagroo,1,39,25,14,11,6,1,1,17,40
b50dan,1,39,26,13,13,4,1,1,17,40
DjPeaZizzle,1,39,26,13,13,4,1,1,17,40
griffunk,1,39,27,12,15,2,1,1,17,40
Gurgen,1,39,28,11,17,0,1,1,17,40
HaloWarLord711,1,39,28,11,17,0,1,1,17,40
JasaIsANinja,1,39,27,12,15,2,1,1,17,40
Kevlar_socks,1,40,26,14,12,5,1,0,17,40
miless,1,39,27,12,15,2,1,1,17,40
withavengeance,1,39,28,11,17,0,1,1,17,40
Cadetsumthin,1,39,27,12,15,2,0,1,17,40
becs_,1,40,28,12,16,0,1,0,16,40
broken_sound,1,39,25,14,11,5,1,1,16,40
donny0011,1,40,26,14,12,4,1,0,16,40
fishlook,1,39,26,13,13,3,1,1,16,40
gmanee,1,39,26,13,13,3,1,1,16,40
jaenkimchi,1,39,26,13,13,3,1,1,16,40
kmccormi,1,40,24,16,8,8,1,0,16,40
poorariel,1,40,25,15,10,6,1,0,16,40
Ryannn24,1,39,25,14,11,5,1,1,16,40
agonza33,2,38,24,14,10,5,2,2,15,40
bumdee,2,38,25,13,12,3,2,2,15,40
fapping_walrus,2,38,24,14,10,5,2,2,15,40
carboyjg24,1,39,26,13,13,2,1,1,15,40
crowface,1,39,26,13,13,2,1,1,15,40
deadjau5H,1,39,25,14,11,4,1,1,15,40
elder654,1,39,27,12,15,0,1,1,15,40
ferrisIS,1,39,25,14,11,4,1,1,15,40
jfont69,1,39,25,14,11,4,1,1,15,40
p1co,1,40,24,16,8,7,1,0,15,40
randomfoundation,1,39,26,13,13,2,1,1,15,40
RVierra327,1,39,26,13,13,2,1,1,15,40
sean9969,1,39,24,15,9,6,1,1,15,40
xlph,1,39,27,12,15,0,1,1,15,40
13s75,1,39,25,14,11,4,0,1,15,40
hillaryyy,1,39,27,12,15,0,0,1,15,40
redthatshit,1,39,27,12,15,0,0,1,15,40
jeepsterjk,2,38,24,14,10,4,2,2,14,40
benbentheben,1,39,25,14,11,3,1,1,14,40
caeshe,1,39,25,14,11,3,1,1,14,40
goldenboy2191,1,39,23,16,7,7,1,1,14,40
johnlen356,2,38,24,14,10,4,1,2,14,40
maverickxv,1,39,25,14,11,3,1,1,14,40
MrRavine,1,40,26,14,12,2,1,0,14,40
nodson,1,40,27,13,14,0,1,0,14,40
shanel345,1,39,21,18,3,11,1,1,14,40
ssirin88,1,40,26,14,12,2,1,0,14,40
yammerant,1,39,25,14,11,3,1,1,14,40
arkansas1226,2,39,26,13,13,0,2,1,13,40
sleepauger,3,37,24,13,11,2,2,3,13,40
c4rlos,1,39,26,13,13,0,1,1,13,40
IronWolfElite,1,39,24,15,9,4,1,1,13,40
jlesnick,1,39,26,13,13,0,1,1,13,40
loverforever,1,39,25,14,11,2,1,1,13,40
Mernayi,1,39,26,13,13,0,1,1,13,40
MiracleBlue,1,40,24,16,8,5,1,0,13,40
nemid,2,38,23,15,8,5,1,2,13,40
sahariana,1,39,26,13,13,0,1,1,13,40
Tliblem,1,40,25,15,10,3,1,0,13,40
EvilPenguin93,2,39,26,13,13,0,0,1,13,40
andycludge,1,39,22,17,5,7,1,1,12,40
DonStevo,1,39,24,15,9,3,1,1,12,40
DUHDUHDominator,1,39,24,15,9,3,1,1,12,40
greeneyedsouls,1,39,23,16,7,5,1,1,12,40
nosspark,1,39,24,15,9,3,1,1,12,40
raych_1513,2,38,24,14,10,2,1,2,12,40
Scoonz,1,39,24,15,9,3,1,1,12,40
stewmeat,1,40,24,16,8,4,1,0,12,40
blouseman,3,37,23,14,9,2,2,3,11,40
sedatemenow,2,38,23,15,8,3,2,2,11,40
BertEatsDirt,2,39,24,15,9,2,1,1,11,40
cumdumpling,1,39,24,15,9,2,1,1,11,40
deathbyvaccine,1,39,23,16,7,4,1,1,11,40
DemonJokr,1,39,25,14,11,0,1,1,11,40
Erobre,1,39,24,15,9,2,1,1,11,40
iGreekYouMF,2,38,22,16,6,5,1,2,11,40
ISuckAtMath20,1,39,25,14,11,0,1,1,11,40
JacobVonHogflume,1,39,25,14,11,0,1,1,11,40
MargoMetric,1,39,25,14,11,0,1,1,11,40
nicko378,1,39,24,15,9,2,1,1,11,40
NoGardE,1,39,24,15,9,2,1,1,11,40
Swampage,1,39,24,15,9,2,1,1,11,40
tgifridaytome,1,39,25,14,11,0,1,1,11,40
ThatOneTallKid,1,39,25,14,11,0,1,1,11,40
TurkFebruary,1,39,25,14,11,0,1,1,11,40
SexyPengu1n,2,40,22,18,4,6,2,0,10,40
Coxinator,1,39,23,16,7,3,1,1,10,40
Duckman0121,2,38,24,14,10,0,1,2,10,40
godoftoilet,1,39,22,17,5,5,1,1,10,40
mistahARK,1,39,23,16,7,3,1,1,10,40
TooLateForAGoodName,1,40,25,15,10,0,1,0,10,40
balovli,2,38,22,16,6,4,0,2,10,40
adamonoius,1,39,23,16,7,2,1,1,9,40
Cooli0407,3,37,22,15,7,2,1,3,9,40
DiegoMoBa,1,39,23,16,7,2,1,1,9,40
ItsNiecey,1,39,22,17,5,4,1,1,9,40
kanguskhan,1,39,20,19,1,8,1,1,9,40
UpontheEleventhFloor,1,39,23,16,7,2,1,1,9,40
VanillaBear8,2,38,22,16,6,3,1,2,9,40
lookiamapollo,1,39,23,16,7,2,0,1,9,40
The_Final_Kickening,1,39,24,15,9,0,0,1,9,40
idzivball,3,37,21,16,5,3,3,3,8,40
alli_pal,2,38,23,15,8,0,2,2,8,40
coxtalks,1,39,22,17,5,3,1,1,8,40
DARED3ViL,2,38,22,16,6,2,1,2,8,40
kaycakes,1,39,22,17,5,3,1,1,8,40
Yubda,2,38,22,16,6,2,1,2,8,40
dembones01,2,39,21,18,3,5,0,1,8,40
fadORbadDOTcom,3,37,20,17,3,5,0,3,8,40
leftyy93,2,39,23,16,7,0,2,1,7,40
Blahstein,1,39,21,18,3,4,1,1,7,40
Bootinator,1,39,23,16,7,0,1,1,7,40
Captian0bvious,1,39,22,17,5,2,1,1,7,40
cmsaikin,1,39,23,16,7,0,1,1,7,40
Greecian,1,39,22,17,5,2,1,1,7,40
I_REPOST_COOL_STUFF,1,39,22,17,5,2,1,1,7,40
lulz_dolphin,1,39,22,17,5,2,1,1,7,40
ohai_megan,1,39,22,17,5,2,1,1,7,40
TGreeny95,1,39,23,16,7,0,1,1,7,40
ThatOneGuyJubily,1,39,21,18,3,4,1,1,7,40
BassCreat0r,2,38,20,18,2,4,2,2,6,40
Nambilak,2,38,20,18,2,4,2,2,6,40
FourDoorsDown,1,40,23,17,6,0,1,0,6,40
Grandmashairyballs,2,38,20,18,2,4,1,2,6,40
my_hair_is_purp,1,39,17,22,-5,11,1,1,6,40
TomTheBear,1,39,21,18,3,3,1,1,6,40
eatmealivePLEASE,1,39,21,18,3,2,1,1,5,40
TheFifthFolicle,1,39,22,17,5,0,1,1,5,40
cameron66,1,39,22,17,5,0,0,1,5,40
4eva_pi,2,38,21,17,4,0,2,2,4,40
commodore-69,1,39,16,23,-7,11,1,1,4,40
evolvish,1,39,18,21,-3,7,1,1,4,40
Hadnothingclever,2,38,21,17,4,0,1,2,4,40
Bananaonmydesk,1,39,21,18,3,0,1,1,3,40
Blacknack,1,39,18,21,-3,6,1,1,3,40
Cumberbatched,1,39,18,21,-3,6,1,1,3,40
muffineater179,1,39,21,18,3,0,0,1,3,40
pkeefer,2,38,17,21,-4,6,2,2,2,40
TrouserDemon,1,39,17,22,-5,7,1,1,2,40
Kurvco,2,38,18,20,-2,3,1,2,1,40
mestisnewfound,1,39,17,22,-5,6,1,1,1,40
neon1shuffle,1,39,17,22,-5,6,1,1,1,40
RASTAPANDAFISH,1,39,20,19,1,0,1,1,1,40
waterskier2007,1,39,20,19,1,0,1,1,1,40
zawri,2,39,19,20,-1,2,1,1,1,40
jizzpellets,1,40,17,23,-6,6,1,0,0,40
nathanielx,2,38,16,22,-6,6,1,2,0,40
Zermerus,2,38,18,20,-2,2,1,2,0,40
Yeah_lm_That_Guy,2,38,15,23,-8,7,2,2,-1,40
purple_pandas93,2,38,16,22,-6,5,1,2,-1,40
russian2045,1,39,19,20,-1,0,0,1,-1,40
koolcat2,2,38,18,20,-2,0,2,2,-2,40
XxdrummerboyxX12,2,38,17,21,-4,2,2,2,-2,40
iamtechi27,2,38,18,20,-2,0,1,2,-2,40
Jarrell1221,2,38,17,21,-4,2,1,2,-2,40
TheSoundofStars,1,39,16,23,-7,5,1,1,-2,40
TheDudeness33,1,39,18,21,-3,0,1,1,-3,40
Nay_ginger4326,2,38,17,21,-4,0,2,2,-4,40
dcampa93,2,38,14,24,-10,5,2,2,-5,40
Toeknee2toes,1,39,17,22,-5,0,0,1,-5,40
ultrachronic,1,39,17,22,-5,0,0,1,-5,40
JJDinomite,2,38,15,23,-8,2,2,2,-6,40
Creeping_angel,1,40,17,23,-6,0,1,0,-6,40
princesspeach4,1,39,14,25,-11,5,1,1,-6,40
RyanDuffman,2,38,14,24,-10,3,2,2,-7,40
veritas21,2,38,13,25,-12,5,2,2,-7,40
hann_shot_first,1,39,16,23,-7,0,1,1,-7,40
le_mexicano,1,39,15,24,-9,2,1,1,-7,40
Jogann22,2,38,15,23,-8,0,2,2,-8,40
jpl7977,2,38,15,23,-8,0,2,2,-8,40
EPiC212,1,40,16,24,-8,0,1,0,-8,40
exoizzy,1,39,14,25,-11,2,1,1,-9,40
quebec_chris,1,39,12,27,-15,6,1,1,-9,40
AlexCaw,2,38,13,25,-12,2,2,2,-10,40
cholt150,2,38,13,25,-12,2,2,2,-10,40
TheDinkleberg,2,38,14,24,-10,0,1,2,-10,40
ecu11b,1,39,4,35,-31,12,1,1,-19,40
Iliketurtles789,2,38,6,32,-26,3,2,2,-23,40
samstr,1,39,31,8,23,34,1,0,57,39
Malgayne,1,38,37,1,36,9,1,1,45,39
swag-me-out,1,38,34,4,30,12,1,1,42,39
iSproutt,1,38,34,4,30,9,1,1,39,39
toolwarse,1,38,37,1,36,3,1,1,39,39
lotsohugs,1,39,38,1,37,0,1,0,37,39
morzhus,1,38,34,4,30,7,1,1,37,39
tvm78,1,38,32,6,26,11,1,1,37,39
JustHereForTheMemes,1,38,35,3,32,4,0,1,36,39
Bumblebeebakery,2,38,33,5,28,7,0,1,35,39
derajydac,1,38,34,4,30,5,0,1,35,39
Volksgrenadier,1,39,34,5,29,5,1,0,34,39
CerpinTaxt11,1,38,31,7,24,9,1,1,33,39
it_takes_one,2,37,35,2,33,0,0,2,33,39
Healtone,2,37,28,9,19,13,2,2,32,39
ihark,1,38,31,7,24,8,1,1,32,39
UpperClassPOV,1,38,34,4,30,2,1,1,32,39
CarbonGod,1,38,31,7,24,6,1,1,30,39
NTrun08,1,38,33,5,28,2,1,1,30,39
tali3sin,1,38,31,7,24,6,1,1,30,39
idontknownothing,1,38,30,8,22,7,1,1,29,39
squiglydoo,1,38,28,10,18,11,1,1,29,39
twharton,1,38,32,6,26,3,1,1,29,39
CongoCash,1,38,31,7,24,4,1,1,28,39
JCBS10,1,38,29,9,20,8,1,1,28,39
scouts747,1,38,31,7,24,4,1,1,28,39
Scribblr,1,38,33,5,28,0,1,1,28,39
sevendwarforgy,1,38,33,5,28,0,1,1,28,39
nawitus,1,38,29,9,20,8,0,1,28,39
UtterEast,2,37,30,7,23,4,2,2,27,39
louweeve,1,38,30,8,22,5,1,1,27,39
ruallinse,1,39,29,10,19,8,1,0,27,39
SgtCatacomb,1,38,30,8,22,5,1,1,27,39
sp00ked_yuh,1,38,31,7,24,3,1,1,27,39
Sparkvoltage,1,38,31,7,24,3,1,1,27,39
Bluemoon_333,1,38,32,6,26,0,1,1,26,39
enad58,1,38,28,10,18,8,1,1,26,39
jeskuh,1,38,31,7,24,2,1,1,26,39
pocketchange2247,1,38,30,8,22,4,1,1,26,39
SophiaMeansWisdom,1,38,32,6,26,0,1,1,26,39
SplatterSack,1,38,32,6,26,0,1,1,26,39
StencilOfAShark,1,39,30,9,21,5,1,0,26,39
Underwood93,1,38,32,6,26,0,1,1,26,39
herr_hans_wormhat,1,38,32,6,26,0,0,1,26,39
AlexanderS1,1,38,29,9,20,5,1,1,25,39
AlmondFlash,1,38,29,9,20,5,1,1,25,39
anchovies_unlimited,1,38,30,8,22,3,1,1,25,39
ebfos,1,38,30,8,22,3,1,1,25,39
hastalapasta666,2,37,26,11,15,10,1,2,25,39
ilikepoopoo,1,39,29,10,19,6,1,0,25,39
Madnessizfunness,1,38,27,11,16,9,1,1,25,39
RampagingDragon,1,38,28,10,18,7,1,1,25,39
sharkraper,1,39,30,9,21,4,1,0,25,39
felixvir,1,38,30,8,22,3,0,1,25,39
xboxjunkie86,1,38,23,15,8,17,0,1,25,39
Ausp3x,1,38,29,9,20,4,1,1,24,39
Greavesy,1,38,28,10,18,6,1,1,24,39
medicinalherbavore,1,38,31,7,24,0,1,1,24,39
mojo12345678910,1,38,31,7,24,0,1,1,24,39
NeOnD,1,38,31,7,24,0,1,1,24,39
SeeEmTrollin,1,38,30,8,22,2,1,1,24,39
bulborb,1,38,31,7,24,0,0,1,24,39
saadakhtar,1,38,29,9,20,3,1,1,23,39
Trunks777,1,38,29,9,20,3,1,1,23,39
Neandarthal,2,38,27,11,16,6,2,1,22,39
225lbs,1,38,29,9,20,2,1,1,22,39
DrowningGrackis,1,38,26,12,14,8,1,1,22,39
Glad_To_Upvote,1,38,30,8,22,0,1,1,22,39
Korzina,1,38,30,8,22,0,1,1,22,39
matt_1121,1,38,30,8,22,0,1,1,22,39
queenkatiejean,1,38,28,10,18,4,1,1,22,39
RubeeGloom,1,38,30,8,22,0,1,1,22,39
The_Reverend,1,38,30,8,22,0,1,1,22,39
xbreed,1,38,29,9,20,2,1,1,22,39
Stoltz3,2,37,26,11,15,6,2,2,21,39
SuddenlySpiders,2,37,27,10,17,4,2,2,21,39
coollikecody,1,39,28,11,17,4,1,0,21,39
JJTV23,1,38,27,11,16,5,1,1,21,39
nopropulsion,1,38,27,11,16,5,1,1,21,39
PotshotMcLuckster,1,39,30,9,21,0,1,0,21,39
BeautifulTerror,1,38,29,9,20,0,1,1,20,39
ChipChopChip,1,38,24,14,10,10,1,1,20,39
chocolatemonkeysfly,1,38,27,11,16,4,1,1,20,39
DefaultHappy,1,38,26,12,14,6,1,1,20,39
Fyresnyper,1,38,29,9,20,0,1,1,20,39
gameofpenguins,1,39,25,14,11,9,1,0,20,39
Haz3rd,1,38,29,9,20,0,1,1,20,39
kel-bel,1,38,29,9,20,0,1,1,20,39
Lcar210,1,38,28,10,18,2,1,1,20,39
magic_city_man,1,38,28,10,18,2,1,1,20,39
metacowe,1,38,28,10,18,2,1,1,20,39
nicstix,1,38,28,10,18,2,1,1,20,39
nio151,1,38,29,9,20,0,1,1,20,39
rawbamatic,1,38,29,9,20,0,1,1,20,39
restrictorr,1,38,29,9,20,0,1,1,20,39
Sigmund_Frood,1,39,22,17,5,15,1,0,20,39
tearsofsadness,1,38,28,10,18,2,1,1,20,39
tillicum,1,38,25,13,12,8,1,1,20,39
ZaidiePops,1,38,29,9,20,0,1,1,20,39
SchizophrenicDog,2,37,25,12,13,7,0,2,20,39
uliuliuli,1,38,24,14,10,10,0,1,20,39
Bohgues,2,37,26,11,15,4,2,2,19,39
Chunky_Ginger,1,38,25,13,12,7,1,1,19,39
Incan,1,39,29,10,19,0,1,0,19,39
methusalem,1,38,26,12,14,5,1,1,19,39
PredatorRedditer,1,39,27,12,15,4,1,0,19,39
scgoodolboy,1,38,23,15,8,11,1,1,19,39
shikisai,1,39,29,10,19,0,1,0,19,39
Wooden_Pinocchio,1,38,27,11,16,3,1,1,19,39
0x33,1,38,24,14,10,8,1,1,18,39
aeronpaulie,1,38,28,10,18,0,1,1,18,39
anytyme,1,38,27,11,16,2,1,1,18,39
Canadiator,1,38,27,11,16,2,1,1,18,39
i_win_hehe,1,38,28,10,18,0,1,1,18,39
ilikethepenor,1,38,25,13,12,6,1,1,18,39
JCookie18,1,38,25,13,12,6,1,1,18,39
Jimbei,1,38,25,13,12,6,1,1,18,39
jus341,1,38,26,12,14,4,1,1,18,39
Lowbacca1977,1,38,27,11,16,2,1,1,18,39
mrwright98,1,38,27,11,16,2,1,1,18,39
polarblair203,1,38,28,10,18,0,1,1,18,39
Renard21,1,39,26,13,13,5,1,0,18,39
RollingRick,1,38,25,13,12,6,1,1,18,39
the_Ninja_project,1,38,28,10,18,0,1,1,18,39
Totshy,1,39,26,13,13,5,1,0,18,39
dragec7,1,38,27,11,16,2,0,1,18,39
Agit4ted,1,38,25,13,12,5,1,1,17,39
chollenb,1,38,23,15,8,9,1,1,17,39
crimson_and_clover,1,39,27,12,15,2,1,0,17,39
deadlinejon,1,38,26,12,14,3,1,1,17,39
fmlpie,1,38,24,14,10,7,1,1,17,39
iansaikou,1,39,27,12,15,2,1,0,17,39
Notmarcus,1,39,24,15,9,8,1,0,17,39
saintinthecity,1,39,28,11,17,0,1,0,17,39
st3dav,1,38,24,14,10,7,1,1,17,39
StevenScreigh,1,38,26,12,14,3,1,1,17,39
foelopiantube,2,37,26,11,15,2,0,2,17,39
Ghostwolf765,2,37,26,11,15,2,0,2,17,39
Baseballj444,1,38,27,11,16,0,1,1,16,39
doot_doot,1,38,26,12,14,2,1,1,16,39
Erikku,1,38,26,12,14,2,1,1,16,39
FeedMeNoLies,1,38,26,12,14,2,1,1,16,39
FusRoDahMa,1,38,27,11,16,0,1,1,16,39
gilsemple,1,38,26,12,14,2,1,1,16,39
jacubster101,2,38,26,12,14,2,1,1,16,39
knivesforapro,1,38,27,11,16,0,1,1,16,39
rexregis,1,38,23,15,8,8,1,1,16,39
RusskayaRuletka,1,38,26,12,14,2,1,1,16,39
slipstream37,1,39,26,13,13,3,1,0,16,39
Team_Khalifa,1,39,26,13,13,3,1,0,16,39
thathaze,1,38,27,11,16,0,1,1,16,39
Tnigs3,1,38,27,11,16,0,1,1,16,39
Tory_Rox,1,38,26,12,14,2,1,1,16,39
tuuky,1,38,23,15,8,8,1,1,16,39
weeyummy1,1,38,27,11,16,0,1,1,16,39
bigpeteski,2,37,24,13,11,4,2,2,15,39
Camileah,1,39,25,14,11,4,1,0,15,39
changeout,1,38,25,13,12,3,1,1,15,39
haux,1,39,27,12,15,0,1,0,15,39
jashman1987,1,38,25,13,12,3,1,1,15,39
MrMeatwad96,1,39,26,13,13,2,1,0,15,39
muppetshopboys,1,39,27,12,15,0,1,0,15,39
NeonNintendo,1,39,24,15,9,6,1,0,15,39
Red_Magic_Marker,1,38,25,13,12,3,1,1,15,39
RubyBlye,1,38,24,14,10,5,1,1,15,39
titations,2,37,22,15,7,8,0,2,15,39
Oprah8MyChicken,2,38,25,13,12,2,2,1,14,39
007JamesBond007,1,38,24,14,10,4,1,1,14,39
confusedcrook,1,38,26,12,14,0,1,1,14,39
crystalcastles,1,38,25,13,12,2,1,1,14,39
emarkd,1,38,26,12,14,0,1,1,14,39
gearmetalsolid,1,38,22,16,6,8,1,1,14,39
Hey_Stupid,1,38,26,12,14,0,1,1,14,39
kindrickma,1,38,26,12,14,0,1,1,14,39
maar-adona,1,38,26,12,14,0,1,1,14,39
Marcanadian,1,38,25,13,12,2,1,1,14,39
METALz,1,38,25,13,12,2,1,1,14,39
redd_what,1,38,20,18,2,12,1,1,14,39
Scientific_guess,1,38,23,15,8,6,1,1,14,39
UGAtlien,1,38,25,13,12,2,1,1,14,39
2na2unatuna,3,37,23,14,9,5,0,2,14,39
munchymunch922,1,38,26,12,14,0,0,1,14,39
Ownageitch,1,38,21,17,4,10,0,1,14,39
XtremeRaptor,2,37,24,13,11,2,2,2,13,39
aengvir,1,39,26,13,13,0,1,0,13,39
dave_g17,1,38,24,14,10,3,1,1,13,39
Doshoan,1,38,24,14,10,3,1,1,13,39
ferocity02,1,38,24,14,10,3,1,1,13,39
fungusamanous,1,38,24,14,10,3,1,1,13,39
huntermoose,1,38,24,14,10,3,1,1,13,39
Nu5ZCa,1,38,24,14,10,3,1,1,13,39
oauth,1,39,26,13,13,0,1,0,13,39
PutMyDickOnYourHead,1,38,23,15,8,5,1,1,13,39
snoffoz,1,38,24,14,10,3,1,1,13,39
andyman1125,1,38,25,13,12,0,1,1,12,39
BlorfMonger,1,38,24,14,10,2,1,1,12,39
JackBurton81,1,38,25,13,12,0,1,1,12,39
mikitu,1,38,25,13,12,0,1,1,12,39
pktgumby,1,38,24,14,10,2,1,1,12,39
jaimegotcakes,1,38,25,13,12,0,0,1,12,39
juliobaraja,1,38,24,14,10,2,0,1,12,39
pyry,1,38,25,13,12,0,0,1,12,39
Phoenixx777,2,37,23,14,9,2,2,2,11,39
KizzyKid,1,38,22,16,6,5,1,1,11,39
sames6840,1,38,23,15,8,3,1,1,11,39
TehStuzz,1,38,19,19,0,11,1,1,11,39
RWK44,3,36,23,13,10,0,2,3,10,39
benaud,1,38,23,15,8,2,1,1,10,39
dhpii,2,38,24,14,10,0,1,1,10,39
dubro92,1,38,23,15,8,2,1,1,10,39
Gr33nCups,1,38,23,15,8,2,1,1,10,39
lachiemx,1,38,24,14,10,0,1,1,10,39
llamabro,1,39,23,16,7,3,1,0,10,39
melloyello2011,1,38,22,16,6,4,1,1,10,39
nysteve,1,38,24,14,10,0,1,1,10,39
PlayerPower,1,39,23,16,7,3,1,0,10,39
spazzzybaby,1,38,24,14,10,0,1,1,10,39
specialservices,1,38,23,15,8,2,1,1,10,39
Toober1289,1,38,24,14,10,0,1,1,10,39
thatblackguy69,2,37,22,15,7,3,0,2,10,39
goodtimes822,2,37,23,14,9,0,2,2,9,39
DeadMan_Walking,1,38,22,16,6,3,1,1,9,39
juicelee777,1,38,20,18,2,7,1,1,9,39
ragefreesince93,1,38,21,17,4,5,1,1,9,39
lauraslocum,2,37,23,14,9,0,0,2,9,39
resay5,3,36,22,14,8,0,2,3,8,39
6stars,1,38,16,22,-6,14,1,1,8,39
bigwaffleman,1,38,19,19,0,8,1,1,8,39
BostonNotLA,1,38,21,17,4,4,1,1,8,39
cfenton23,1,38,23,15,8,0,1,1,8,39
Chinman97,1,38,23,15,8,0,1,1,8,39
Hopcastyle,3,36,21,15,6,2,1,3,8,39
ImmaBaws,1,38,23,15,8,0,1,1,8,39
kittersweaties,1,38,23,15,8,0,1,1,8,39
MyBoner,1,38,23,15,8,0,1,1,8,39
pickles9,1,38,22,16,6,2,0,1,8,39
Slozim,1,38,22,16,6,2,0,1,8,39
jnovocin,2,37,21,16,5,2,2,2,7,39
elllwray,2,37,22,15,7,0,0,2,7,39
A_Dalmazzo,2,37,20,17,3,3,2,2,6,39
bizmarkymark,1,38,22,16,6,0,1,1,6,39
cindyisbetterthanyou,1,38,22,16,6,0,1,1,6,39
Epic_Coleslaw,1,38,22,16,6,0,1,1,6,39
krubski,2,38,22,16,6,0,1,1,6,39
slazimp,1,38,22,16,6,0,1,1,6,39
TheJester220,1,38,21,17,4,2,1,1,6,39
xTLWz,1,38,22,16,6,0,1,1,6,39
MrFlawlessYeh,1,38,22,16,6,0,0,1,6,39
anal_blazers,2,37,21,16,5,0,2,2,5,39
kyle69d,1,38,17,21,-4,9,1,1,5,39
arikitty,1,39,18,21,-3,7,1,0,4,39
Earthwreck24,1,38,21,17,4,0,1,1,4,39
mavsfan2513,1,38,21,17,4,0,1,1,4,39
snkp360,1,38,21,17,4,0,1,1,4,39
Sw3de,2,37,19,18,1,3,1,2,4,39
MrDoubleE,2,37,20,17,3,0,2,2,3,39
Illinformedpseudoint,1,38,17,21,-4,7,1,1,3,39
jbel65,3,37,20,17,3,0,1,2,3,39
KridaMcNinja,1,38,16,22,-6,9,1,1,3,39
LaxBroskie,1,38,16,22,-6,9,1,1,3,39
piss_into_the_wind,1,38,18,20,-2,5,1,1,3,39
Dragonic2020,2,37,18,19,-1,3,2,2,2,39
ThisIsMyPlane,3,36,19,17,2,0,2,3,2,39
Empire501,1,38,20,18,2,0,1,1,2,39
gandador,1,38,20,18,2,0,1,1,2,39
KidRegicide,1,39,19,20,-1,3,1,0,2,39
spkg,1,38,17,21,-4,6,1,1,2,39
bregan122,2,37,18,19,-1,2,2,2,1,39
Graysnow,2,37,19,18,1,0,2,2,1,39
blanketsaresoft,2,37,18,19,-1,2,1,2,1,39
MagnumMia,2,37,19,18,1,0,1,2,1,39
peanutbutteredtoast,2,37,18,19,-1,2,1,2,1,39
Caldy18,3,36,18,18,0,0,2,3,0,39
GolgothaAvante,1,38,18,20,-2,2,1,1,0,39
ZekeD,1,38,19,19,0,0,0,1,0,39
Maclogs,2,37,18,19,-1,0,2,2,-1,39
beeswaxx,1,38,16,22,-6,5,1,1,-1,39
mrdrzxro,1,38,17,21,-4,3,1,1,-1,39
DABBERWOCKY,3,38,18,20,-2,0,2,1,-2,39
four20_JDM,3,36,17,19,-2,0,2,3,-2,39
giantsquidofanger,1,39,16,23,-7,5,1,0,-2,39
RedditAlien17,1,38,17,21,-4,2,1,1,-2,39
royce085,1,38,18,20,-2,0,1,1,-2,39
swiffer23,1,38,17,21,-4,2,1,1,-2,39
Masser9,2,37,15,22,-7,4,2,2,-3,39
SikhGamer,2,37,17,20,-3,0,2,2,-3,39
Nix725,2,37,16,21,-5,2,1,2,-3,39
oathy,1,38,16,22,-6,3,1,1,-3,39
ivegotagoldenticket,1,38,17,21,-4,0,1,1,-4,39
macmullet,1,38,17,21,-4,0,1,1,-4,39
ShivaNagila,1,38,17,21,-4,0,1,1,-4,39
AllShamNoWow343,2,37,16,21,-5,0,2,2,-5,39
Buba_Blazz,2,37,16,21,-5,0,0,2,-5,39
peutetre,1,38,16,22,-6,0,1,1,-6,39
Ridonkulus_DUDE,1,38,16,22,-6,0,1,1,-6,39
Harusukee,1,38,13,25,-12,4,1,1,-8,39
whathaveyoudone22,2,37,12,25,-13,0,2,2,-13,39
sqlinjector,1,37,33,4,29,52,1,1,81,38
Youtube-Top-Comment,1,38,38,0,38,3,0,0,41,38
The_Suq,1,37,36,1,35,5,1,1,40,38
ibiglooser,1,38,35,3,32,5,1,0,37,38
awesomesauce1243,1,37,37,0,37,0,0,1,37,38
dropzero,2,36,32,4,28,6,2,2,34,38
themfledge,2,37,31,6,25,9,2,1,34,38
Larsmanrage,1,37,34,3,31,3,1,1,34,38
strapt313,1,37,32,5,27,7,1,1,34,38
creekview,1,37,33,4,29,5,0,1,34,38
Jazmin97,1,37,34,3,31,2,0,1,33,38
DaBongler,1,37,33,4,29,3,1,1,32,38
Darkrider96,1,38,35,3,32,0,1,0,32,38
freedom_of_thought,1,37,31,6,25,7,1,1,32,38
stixz101,1,37,33,4,29,3,1,1,32,38
0kayHell0,1,38,34,4,30,0,1,0,30,38
GynvaelRhena,2,37,32,5,27,3,1,1,30,38
nerdpuddin,1,37,30,7,23,7,1,1,30,38
_Bt,2,36,30,6,24,5,2,2,29,38
Azilmak,1,37,33,4,29,0,1,1,29,38
CrizzleG,1,37,33,4,29,0,1,1,29,38
JuanJondre,1,38,28,10,18,11,1,0,29,38
tylercr,1,37,33,4,29,0,1,1,29,38
Plumerian,2,37,26,11,15,13,2,1,28,38
carlyfries,1,37,27,10,17,11,1,1,28,38
LazloPanaflax,1,38,29,9,20,8,1,0,28,38
skittles602,1,38,33,5,28,0,1,0,28,38
tanget_bundle,1,37,31,6,25,3,1,1,28,38
yeaf,1,37,30,7,23,5,1,1,28,38
yeahboi23,1,37,30,7,23,5,1,1,28,38
agseven,1,37,30,7,23,4,1,1,27,38
coolbriez,1,37,28,9,19,8,1,1,27,38
nexxy_,1,37,32,5,27,0,1,1,27,38
une200,1,37,32,5,27,0,1,1,27,38
BiBoFieTo,1,37,30,7,23,3,1,1,26,38
ninjy77,1,37,30,7,23,3,1,1,26,38
In_a_Nut_Shell,1,38,31,7,24,2,0,0,26,38
DawnValentine182,1,37,31,6,25,0,1,1,25,38
guywhowantstodateyou,1,37,29,8,21,4,1,1,25,38
Infini-Bus,1,37,30,7,23,2,1,1,25,38
Juu_hachi,1,37,30,7,23,2,1,1,25,38
seejaysee,1,37,30,7,23,2,1,1,25,38
shadiali23,1,37,31,6,25,0,1,1,25,38
shoeless03,1,37,28,9,19,6,1,1,25,38
sunartsy,1,37,30,7,23,2,1,1,25,38
waffle569,1,37,29,8,21,4,1,1,25,38
Bobby1314,2,36,28,8,20,5,0,2,25,38
Semtex123,1,37,29,8,21,4,0,1,25,38
pat_man,2,36,26,10,16,8,2,2,24,38
bigmac1592,1,37,28,9,19,5,1,1,24,38
rufifi,1,37,28,9,19,5,1,1,24,38
Gunslinger145,1,37,28,9,19,5,0,1,24,38
brahh,1,37,27,10,17,6,1,1,23,38
DeathOfYolo,1,37,30,7,23,0,1,1,23,38
FireFly3D,1,37,28,9,19,4,1,1,23,38
kaamosrutto,1,37,27,10,17,6,1,1,23,38
Mercness,1,37,24,13,11,12,1,1,23,38
polarizedbear415,1,37,29,8,21,2,1,1,23,38
superfluous2,1,37,30,7,23,0,1,1,23,38
toome2,1,37,30,7,23,0,1,1,23,38
downbeataura,1,37,27,10,17,6,0,1,23,38
OblivionGamer92,1,37,23,14,9,14,0,1,23,38
rageblock,1,37,29,8,21,2,0,1,23,38
HALF_MINUTE_HERO,3,37,27,10,17,5,2,1,22,38
nooneshero51,2,36,23,13,10,12,2,2,22,38
AAjax,1,38,29,9,20,2,1,0,22,38
AdamDS,1,37,27,10,17,5,1,1,22,38
bryce1234,1,37,28,9,19,3,1,1,22,38
femaledog,1,38,26,12,14,8,1,0,22,38
Kevin-Roses-Left-Nut,1,37,28,9,19,3,1,1,22,38
Nixis32,1,37,25,12,13,9,1,1,22,38
PythonBoomerang,1,37,24,13,11,11,1,1,22,38
RON01D0,1,37,28,9,19,3,1,1,22,38
candy_boogers,1,37,29,8,21,0,1,1,21,38
dieselgeek,1,37,29,8,21,0,1,1,21,38
FishBonePendant,1,37,27,10,17,4,1,1,21,38
im-walkin-here,1,37,26,11,15,6,1,1,21,38
Jacob_dp,1,37,28,9,19,2,1,1,21,38
jsake,2,36,24,12,12,9,1,2,21,38
lactose_intoleroni,1,37,28,9,19,2,1,1,21,38
mendomaid,1,38,28,10,18,3,1,0,21,38
mooseguyman,1,37,28,9,19,2,1,1,21,38
oxsouls,1,37,28,9,19,2,1,1,21,38
r_hibbs,1,37,28,9,19,2,1,1,21,38
ThatOneGuyYaKnow,1,37,29,8,21,0,1,1,21,38
underthere,1,37,24,13,11,10,1,1,21,38
greenhomesteader,1,37,27,10,17,3,1,1,20,38
jdepeter,1,37,22,15,7,13,1,1,20,38
ksanch,1,37,26,11,15,5,1,1,20,38
mondoharrison,1,37,27,10,17,3,1,1,20,38
mostly_awesome,1,38,28,10,18,2,1,0,20,38
snoogans1125,1,37,26,11,15,5,1,1,20,38
TheJebusFreak,2,38,29,9,20,0,1,0,20,38
tO2bit,2,36,27,9,18,2,1,2,20,38
XavierMendel,1,38,28,10,18,2,1,0,20,38
Johnny66666,1,37,25,12,13,7,0,1,20,38
Baldish,1,37,27,10,17,2,1,1,19,38
Bruce1337,1,37,27,10,17,2,1,1,19,38
colombia305,2,36,25,11,14,5,1,2,19,38
corkboy,1,37,26,11,15,4,1,1,19,38
hiredgun85,1,37,28,9,19,0,1,1,19,38
InternetTourGuide,1,37,25,12,13,6,1,1,19,38
jedi111,1,37,24,13,11,8,1,1,19,38
jordan460,2,37,28,9,19,0,1,1,19,38
LAURAPALMER666,1,37,26,11,15,4,1,1,19,38
Legion_of_Bunnies,1,37,28,9,19,0,1,1,19,38
mitram19,1,37,27,10,17,2,1,1,19,38
MotherFuckahJones,1,37,27,10,17,2,1,1,19,38
musicismusical,1,37,28,9,19,0,1,1,19,38
pavlik_enemy,1,38,27,11,16,3,1,0,19,38
ReKKanize,1,37,28,9,19,0,1,1,19,38
Rockapalooza,1,37,27,10,17,2,1,1,19,38
thethirdbrown,1,37,28,9,19,0,1,1,19,38
yuasking,1,37,26,11,15,4,1,1,19,38
MinecraftAndPie,1,37,28,9,19,0,0,1,19,38
AZbakeOven,1,37,25,12,13,5,1,1,18,38
bilingual,2,36,26,10,16,2,1,2,18,38
ChrisIngvaldsen,2,36,26,10,16,2,1,2,18,38
evilpig,1,37,26,11,15,3,1,1,18,38
ICouldBeTheChosenOne,2,36,24,12,12,6,1,2,18,38
jbhitman,1,37,25,12,13,5,1,1,18,38
overweightanorexic,1,37,25,12,13,5,1,1,18,38
UniqueError,1,38,24,14,10,8,1,0,18,38
Z338Z,1,37,26,11,15,3,1,1,18,38
Hmon7,1,37,26,11,15,3,0,1,18,38
Ball_Snot,1,38,25,13,12,5,1,0,17,38
bocadito,1,37,27,10,17,0,1,1,17,38
BubbaGee,1,37,27,10,17,0,1,1,17,38
caarisssaa,1,37,26,11,15,2,1,1,17,38
enforcetheworld,1,37,27,10,17,0,1,1,17,38
HeroWithNoPower,1,37,25,12,13,4,1,1,17,38
ipitydatf00,1,38,23,15,8,9,1,0,17,38
isha0wxaVi3r,1,37,27,10,17,0,1,1,17,38
masturcheef_ROFLZ,1,37,27,10,17,0,1,1,17,38
RabidLime,1,37,27,10,17,0,1,1,17,38
Redplushie,1,37,27,10,17,0,1,1,17,38
That_Chrissy_Girl,1,37,25,12,13,4,1,1,17,38
thetafferboy,1,37,26,11,15,2,1,1,17,38
thissiht,1,37,27,10,17,0,1,1,17,38
TrollKy,1,38,26,12,14,3,1,0,17,38
PaulEdgy,1,37,25,12,13,4,0,1,17,38
dahlhouse13,2,36,24,12,12,4,2,2,16,38
aliofbaba,1,37,22,15,7,9,1,1,16,38
BEEfStU_140,2,36,24,12,12,4,1,2,16,38
bschwind,1,37,25,12,13,3,1,1,16,38
kufkl,1,37,24,13,11,5,1,1,16,38
legweed,1,37,24,13,11,5,1,1,16,38
LewisPeter,2,36,24,12,12,4,1,2,16,38
tazb,1,38,24,14,10,6,1,0,16,38
xilonian,1,37,25,12,13,3,1,1,16,38
Zenorex,1,38,24,14,10,6,1,0,16,38
alan2500,1,37,22,15,7,9,0,1,16,38
DSKs_Perp_Walk,1,37,24,13,11,5,0,1,16,38
sirms,2,36,24,12,12,3,2,2,15,38
Ab9711,1,37,26,11,15,0,1,1,15,38
BigNateNasty,1,37,25,12,13,2,1,1,15,38
Blink_182,1,37,25,12,13,2,1,1,15,38
CaptAlias,1,37,21,16,5,10,1,1,15,38
datasianchick,1,37,26,11,15,0,1,1,15,38
dayvie182,1,37,22,15,7,8,1,1,15,38
guydudeman,1,37,25,12,13,2,1,1,15,38
HeatheryLeathery,1,37,26,11,15,0,1,1,15,38
HolyHandGrenad3,1,37,24,13,11,4,1,1,15,38
kmckenzie1992,1,37,25,12,13,2,1,1,15,38
martian_bob,1,37,26,11,15,0,1,1,15,38
pastrycat,1,37,24,13,11,4,1,1,15,38
SoapNine,1,37,23,14,9,6,1,1,15,38
Wumbo6789Pie,1,38,24,14,10,5,1,0,15,38
xxancxx,1,37,26,11,15,0,1,1,15,38
PenAndInked,1,37,26,11,15,0,0,1,15,38
walsh303,1,37,23,14,9,6,0,1,15,38
Hokie_Wartooth,3,36,25,11,14,0,2,2,14,38
americanicetea,1,38,24,14,10,4,1,0,14,38
armando515,1,37,24,13,11,3,1,1,14,38
freeogy,1,37,24,13,11,3,1,1,14,38
gotrees,1,37,23,14,9,5,1,1,14,38
imaddict-ed,1,37,24,13,11,3,1,1,14,38
KomuiSan,1,37,24,13,11,3,1,1,14,38
mizoballa,1,37,23,14,9,5,1,1,14,38
PastyWhiteBoy,1,38,26,12,14,0,1,0,14,38
PawsScags,1,37,24,13,11,3,1,1,14,38
SquidBottle,1,37,22,15,7,7,1,1,14,38
wallawalla__,1,37,23,14,9,5,1,1,14,38
kingkron,1,37,23,14,9,5,0,1,14,38
L16HTSocial,1,37,23,14,9,5,0,1,14,38
roreilley,2,36,25,11,14,0,0,2,14,38
brandunndunn,3,37,23,14,9,4,3,1,13,38
tastybeaner,2,37,22,15,7,6,2,1,13,38
boborg,1,37,25,12,13,0,1,1,13,38
deathschool,1,37,25,12,13,0,1,1,13,38
jodoesntdirt,1,37,25,12,13,0,1,1,13,38
kearnsyl,1,37,25,12,13,0,1,1,13,38
LubedUpDeafGuy,3,35,24,11,13,0,1,3,13,38
QuietDesperado,1,37,25,12,13,0,1,1,13,38
ReDoxiD3,1,37,20,17,3,10,1,1,13,38
rezoundbeats,1,37,24,13,11,2,1,1,13,38
Untz234,1,37,24,13,11,2,1,1,13,38
eatbatterys,2,36,22,14,8,4,2,2,12,38
Iemonsqueezy,2,36,19,17,2,10,2,2,12,38
iTrollYhu,2,36,24,12,12,0,2,2,12,38
_danny,1,38,24,14,10,2,1,0,12,38
breaker1nine,1,37,22,15,7,5,1,1,12,38
g_robot,1,37,23,14,9,3,1,1,12,38
newton54645,1,37,23,14,9,3,1,1,12,38
Polaris06,1,38,24,14,10,2,1,0,12,38
Replies_With_GIFs,1,37,23,14,9,3,1,1,12,38
Taedirk,1,37,20,17,3,9,1,1,12,38
thejellydude,1,37,23,14,9,3,1,1,12,38
viaAllegory,1,37,23,14,9,3,1,1,12,38
-Nettles-,1,37,21,16,5,7,0,1,12,38
PewPewPanda,1,37,21,16,5,7,0,1,12,38
Amandalynn92,2,37,24,13,11,0,2,1,11,38
marmo518,2,36,22,14,8,3,2,2,11,38
10GuyIsDrunk,1,37,24,13,11,0,1,1,11,38
feocco,1,37,24,13,11,0,1,1,11,38
financialbabe,1,37,21,16,5,6,1,1,11,38
jeeplove420,1,37,24,13,11,0,1,1,11,38
kitfreddura,1,37,23,14,9,2,1,1,11,38
mashenkaz,2,36,21,15,6,5,1,2,11,38
nvrknowsbest,1,37,24,13,11,0,1,1,11,38
Ragozi,1,37,24,13,11,0,1,1,11,38
temomax,1,37,24,13,11,0,1,1,11,38
yeehaa127,1,37,24,13,11,0,1,1,11,38
cakeisl33t,1,37,22,15,7,4,0,1,11,38
craigcraig,1,37,24,13,11,0,0,1,11,38
JRazzi13,1,37,21,16,5,6,0,1,11,38
topsun,1,37,23,14,9,2,0,1,11,38
brhami,2,36,23,13,10,0,2,2,10,38
Shamdam,2,36,22,14,8,2,2,2,10,38
Tom_berry,2,36,23,13,10,0,2,2,10,38
Airbag_UpYourAss,1,38,24,14,10,0,1,0,10,38
omglolidiot,1,37,20,17,3,7,1,1,10,38
wesleyoliver,1,37,19,18,1,9,1,1,10,38
Brain-Crumbs,2,38,21,17,4,6,0,0,10,38
MorningStar1999,1,37,21,16,5,5,0,1,10,38
AOKers,1,37,23,14,9,0,1,1,9,38
blizzblast,1,37,23,14,9,0,1,1,9,38
BubsBilby,1,37,22,15,7,2,1,1,9,38
esc3290,1,37,23,14,9,0,1,1,9,38
izanoslayer,1,37,18,19,-1,10,1,1,9,38
Jiveturkei,1,37,23,14,9,0,1,1,9,38
KhanRtist,1,37,23,14,9,0,1,1,9,38
Lecter07,1,37,23,14,9,0,1,1,9,38
macskull,1,37,23,14,9,0,1,1,9,38
MergeSort,1,37,23,14,9,0,1,1,9,38
Meth_Connoisseur,1,37,21,16,5,4,1,1,9,38
Navira,1,37,23,14,9,0,1,1,9,38
Ownsin,1,37,23,14,9,0,1,1,9,38
rendroid,1,37,23,14,9,0,1,1,9,38
StevyJ,1,37,23,14,9,0,1,1,9,38
willed11,1,37,23,14,9,0,1,1,9,38
dnL4y,1,37,22,15,7,2,0,1,9,38
mezasu,2,36,22,14,8,0,2,2,8,38
killadoublebrown,1,38,23,15,8,0,1,0,8,38
killymays,1,37,21,16,5,3,1,1,8,38
strangerkindly,1,37,21,16,5,3,1,1,8,38
The_JayMo,1,38,23,15,8,0,1,0,8,38
pjk246,3,35,21,14,7,0,2,3,7,38
abuani,1,37,20,17,3,4,1,1,7,38
awesomesaucd,1,37,22,15,7,0,1,1,7,38
Chupathingy12,1,37,22,15,7,0,1,1,7,38
flutexgirl,1,37,21,16,5,2,1,1,7,38
HarryPeratestiz,1,37,22,15,7,0,1,1,7,38
Iodoi,1,37,21,16,5,2,1,1,7,38
lostinmyhat,1,37,21,16,5,2,1,1,7,38
Mrkabab666,2,36,20,16,4,3,1,2,7,38
mypantsareonmyhead,2,36,15,21,-6,13,1,2,7,38
nationalcroissantday,1,37,22,15,7,0,1,1,7,38
Phanlix,1,37,21,16,5,2,1,1,7,38
Sleeping_with_batman,1,37,21,16,5,2,1,1,7,38
Upvotes4everyone3,1,37,22,15,7,0,1,1,7,38
DearSergio,2,36,21,15,6,0,2,2,6,38
pandrew512,1,37,18,19,-1,7,1,1,6,38
pgabrielfreak,1,37,20,17,3,3,1,1,6,38
RemainingAnonymoose,1,37,20,17,3,3,1,1,6,38
SirTommyHimself,1,37,20,17,3,3,1,1,6,38
AAA1374,2,36,19,17,2,3,2,2,5,38
babynubs,1,37,21,16,5,0,1,1,5,38
BT2113,1,37,21,16,5,0,1,1,5,38
drummerskd,1,37,20,17,3,2,1,1,5,38
forkarma,1,37,19,18,1,4,1,1,5,38
iCryoPhoenix,1,37,21,16,5,0,1,1,5,38
ipiranga,1,38,20,18,2,3,1,0,5,38
Yantu,1,37,21,16,5,0,1,1,5,38
nat130,2,36,19,17,2,2,2,2,4,38
ahwize,1,37,19,18,1,3,1,1,4,38
bainsyboy94,2,36,20,16,4,0,1,2,4,38
rossamus,1,37,19,18,1,3,1,1,4,38
TooMuchCats,2,36,19,17,2,2,1,2,4,38
love720,2,36,15,21,-6,9,2,2,3,38
DaFergsta,1,37,20,17,3,0,1,1,3,38
Ezzzyy,1,37,20,17,3,0,1,1,3,38
Guidolini,1,37,19,18,1,2,1,1,3,38
MrTibblles,1,37,18,19,-1,4,1,1,3,38
Tubbygizmo0505,3,37,18,19,-1,3,3,1,2,38
GrapeJollyRancher,2,36,14,22,-8,10,1,2,2,38
Mousefang,1,37,17,20,-3,5,1,1,2,38
shezk,2,36,19,17,2,0,1,2,2,38
hollisterbetch,1,37,18,19,-1,2,1,1,1,38
langis_on,1,37,19,18,1,0,1,1,1,38
samcatanzaro27,1,37,18,19,-1,2,1,1,1,38
Trevski,1,37,18,19,-1,2,1,1,1,38
Arkona,1,37,16,21,-5,6,0,1,1,38
Alextolly,3,35,16,19,-3,3,2,3,0,38
perez3132,2,36,18,18,0,0,2,2,0,38
AlCapooter,1,37,16,21,-5,5,1,1,0,38
atheistnumberone,1,37,16,21,-5,5,1,1,0,38
jedivenn,1,37,16,21,-5,5,1,1,0,38
mrimperfect,1,37,17,20,-3,3,1,1,0,38
ReginaldLongfellow,1,37,15,22,-7,7,1,1,0,38
thatmexicandood,1,37,16,21,-5,5,1,1,0,38
Kasanaz,3,35,16,19,-3,2,3,3,-1,38
Big_Fat_Paulie,1,37,18,19,-1,0,1,1,-1,38
DaveSC,1,37,17,20,-3,2,1,1,-1,38
Inquizitive,1,37,17,20,-3,2,1,1,-1,38
AntiJoker,2,36,16,20,-4,2,2,2,-2,38
AviciiFTW,2,36,15,21,-6,4,2,2,-2,38
TheBioself,2,36,17,19,-2,0,2,2,-2,38
epsilonlegend,1,37,16,21,-5,3,1,1,-2,38
imitalian,1,37,16,21,-5,3,1,1,-2,38
cam-abis,1,37,17,20,-3,0,1,1,-3,38
Darth-Zoidberg,1,37,17,20,-3,0,1,1,-3,38
alien6,1,37,15,22,-7,4,0,1,-3,38
Exotik24,2,36,15,21,-6,2,2,2,-4,38
DlSCONNECTED,2,36,16,20,-4,0,1,2,-4,38
xproshox,1,37,15,22,-7,2,1,1,-5,38
zulubowie,2,36,14,22,-8,2,2,2,-6,38
Snugtr,2,36,15,21,-6,0,1,2,-6,38
gordo04,2,36,13,23,-10,3,2,2,-7,38
kcxd123,2,36,14,22,-8,0,1,2,-8,38
paper_towels,2,36,14,22,-8,0,1,2,-8,38
JMBack,3,35,11,24,-13,4,3,3,-9,38
LittleEJS,2,36,12,24,-12,2,2,2,-10,38
nanduhumedo,2,36,13,23,-10,0,2,2,-10,38
TheMagicOfFriendship,2,38,6,32,-26,2,0,0,-24,38
miz0909,1,36,31,5,26,12,1,1,38,37
aluminumcardboard,1,36,35,1,34,2,1,1,36,37
numandina,1,36,32,4,28,7,0,1,35,37
poonwad,1,36,26,10,16,18,1,1,34,37
SteveX7,1,36,33,3,30,3,1,1,33,37
toughludtke,1,36,33,3,30,3,0,1,33,37
Azhar9,1,36,31,5,26,5,1,1,31,37
HughJorgan1986,1,37,34,3,31,0,1,0,31,37
gbCerberus,1,36,30,6,24,6,1,1,30,37
Slendermatt,1,36,29,7,22,8,1,1,30,37
WharrupMaAsian,1,36,33,3,30,0,1,1,30,37
leujin,1,36,33,3,30,0,0,1,30,37
mdboop,1,37,32,5,27,2,1,0,29,37
msfoote,1,36,31,5,26,3,0,1,29,37
auxart,1,36,31,5,26,2,1,1,28,37
bigman222,1,36,29,7,22,6,1,1,28,37
hazelwood_4,1,36,28,8,20,8,1,1,28,37
LordTeracon,1,36,27,9,18,10,1,1,28,37
oldfriendfox,1,36,30,6,24,4,1,1,28,37
spideraudrey,1,36,32,4,28,0,1,1,28,37
TheDocHolliday,1,36,30,6,24,4,1,1,28,37
Vinchenzo_z,1,36,29,7,22,6,1,1,28,37
PjBjs,1,36,30,6,24,4,0,1,28,37
partyinmypants69,2,35,31,4,27,0,2,2,27,37
Dracomantis,1,37,29,8,21,6,1,0,27,37
sjmarotta,1,37,30,7,23,4,1,0,27,37
sluggythga,1,37,30,7,23,4,1,0,27,37
StopDropLOL,1,36,30,6,24,3,1,1,27,37
TehSpiritz,1,36,30,6,24,3,1,1,27,37
thekruton,1,36,28,8,20,7,1,1,27,37
ZenAndTonic,1,37,30,7,23,4,1,0,27,37
abigailmalfoy,1,36,31,5,26,0,1,1,26,37
hyawatha15,1,36,28,8,20,6,1,1,26,37
rockstarking,1,36,30,6,24,2,1,1,26,37
santiboa,1,36,31,5,26,0,1,1,26,37
thesauceisboss,1,36,30,6,24,2,1,1,26,37
JauntalChronicles,1,36,30,6,24,2,0,1,26,37
this_is_2_difficult,1,36,25,11,14,12,0,1,26,37
ChaosTheosis,1,37,29,8,21,4,1,0,25,37
hazza696969,1,36,24,12,12,13,1,1,25,37
Hoodie2Shoes,1,36,28,8,20,5,1,1,25,37
POODYROO,1,36,27,9,18,7,1,1,25,37
thewonkyhonky,1,36,29,7,22,3,1,1,25,37
cracqueen,1,37,25,12,13,11,1,0,24,37
lookitsshady,1,36,28,8,20,4,1,1,24,37
mbrailov,1,36,29,7,22,2,1,1,24,37
Mehran69,1,36,30,6,24,0,1,1,24,37
miamo452,1,36,29,7,22,2,1,1,24,37
nisim777,1,36,20,16,4,20,1,1,24,37
nompie,1,36,30,6,24,0,1,1,24,37
sinan810,1,36,30,6,24,0,1,1,24,37
terranmoccasin,1,37,26,11,15,9,1,0,24,37
thewalk1100,1,36,29,7,22,2,1,1,24,37
heeloliver,1,36,27,9,18,6,0,1,24,37
mtnup,1,36,29,7,22,2,0,1,24,37
Amigos39,1,36,28,8,20,3,1,1,23,37
ChrisAndAllThat,1,36,26,10,16,7,1,1,23,37
dfassna1,1,36,26,10,16,7,1,1,23,37
goober12345,1,36,28,8,20,3,1,1,23,37
TheRealODB,1,36,27,9,18,5,1,1,23,37
Mroto,1,36,27,9,18,5,0,1,23,37
rstuart88,2,36,27,9,18,5,0,1,23,37
tarheel2432,2,35,27,8,19,3,2,2,22,37
Ciphermind,1,36,26,10,16,6,1,1,22,37
DanCarson,1,36,22,14,8,14,1,1,22,37
Frodo_has_hairy_feet,1,36,26,10,16,6,1,1,22,37
JazzyWazzy,1,36,28,8,20,2,1,1,22,37
mrzdford,1,36,25,11,14,8,1,1,22,37
Pirate_King,1,36,27,9,18,4,1,1,22,37
R051E,1,36,27,9,18,4,1,1,22,37
recerlo,1,36,29,7,22,0,1,1,22,37
WeJustFixedTheGlitch,1,36,29,7,22,0,1,1,22,37
DareDragoon,1,36,29,7,22,0,0,1,22,37
fatal_bacon,1,36,29,7,22,0,0,1,22,37
gg_h4x_,1,36,29,7,22,0,0,1,22,37
hishirama,1,36,27,9,18,4,0,1,22,37
hugar21,1,36,26,10,16,6,0,1,22,37
KDLasswell,1,36,29,7,22,0,0,1,22,37
MacDoug,2,35,27,8,19,2,2,2,21,37
greenprotractor,1,36,27,9,18,3,1,1,21,37
Motlive88,1,36,27,9,18,3,1,1,21,37
raypaulnoams,1,36,27,9,18,3,1,1,21,37
shark969,1,36,25,11,14,7,1,1,21,37
slugmaniac,1,37,28,9,19,2,1,0,21,37
sumdudesfatmom,1,36,24,12,12,9,1,1,21,37
Thomaes123,1,36,27,9,18,3,1,1,21,37
UckFay,1,36,27,9,18,3,1,1,21,37
Estranged_Noodle,1,36,25,11,14,7,0,1,21,37
MrSteveB,2,35,28,7,21,0,0,2,21,37
cooee,1,37,27,10,17,3,1,0,20,37
DrMustache,1,36,28,8,20,0,1,1,20,37
fairlyodd922,1,36,28,8,20,0,1,1,20,37
stay_high_stay_fly,1,36,27,9,18,2,1,1,20,37
wallacerobinson,1,36,28,8,20,0,1,1,20,37
yashtheboss,1,36,27,9,18,2,1,1,20,37
EatUpAndWellTellYa,1,36,26,10,16,4,0,1,20,37
Herp_McDerp,3,36,28,8,20,0,0,1,20,37
mrhairajar,1,36,25,11,14,6,0,1,20,37
wolf_legs,2,35,25,10,15,4,2,2,19,37
AllAboardKarmaTrain,1,36,26,10,16,3,1,1,19,37
BobotheAngryGamer,1,36,24,12,12,7,1,1,19,37
GlassesW_BitchOnThem,1,36,26,10,16,3,1,1,19,37
Jvorak,1,36,24,12,12,7,1,1,19,37
LizardsRmeiLyfe,1,36,25,11,14,5,1,1,19,37
mobu,2,35,26,9,17,2,1,2,19,37
tybeast2000,1,36,24,12,12,7,1,1,19,37
MC-Master-Bedroom,2,35,25,10,15,3,2,2,18,37
alanwpeterson,1,36,24,12,12,6,1,1,18,37
Azn_Bwin,1,36,26,10,16,2,1,1,18,37
ein1112,1,36,25,11,14,4,1,1,18,37
EPZ1132,1,36,25,11,14,4,1,1,18,37
gigawattz,1,36,25,11,14,4,1,1,18,37
Hazza32,1,36,27,9,18,0,1,1,18,37
mrmexicostyle,1,36,25,11,14,4,1,1,18,37
night_morning,1,36,26,10,16,2,1,1,18,37
NoDeadParrot,1,36,22,14,8,10,1,1,18,37
perfilev,1,36,27,9,18,0,1,1,18,37
smilesoup,1,36,27,9,18,0,1,1,18,37
SriLankanButtwolf,1,36,26,10,16,2,1,1,18,37
ssocks,1,36,27,9,18,0,1,1,18,37
SunnyPlace4ShadyPPL,1,36,25,11,14,4,1,1,18,37
drewdej,1,36,24,12,12,6,0,1,18,37
strict88,1,36,27,9,18,0,0,1,18,37
Klumpmeister,2,36,23,13,10,7,2,1,17,37
hotrodrocker,1,37,27,10,17,0,1,0,17,37
samsf90,1,36,25,11,14,3,1,1,17,37
TheMooseOwns,1,36,24,12,12,5,1,1,17,37
xWINDYCITYx,1,37,26,11,15,2,1,0,17,37
BanterMerchant,1,36,24,12,12,4,1,1,16,37
budchase666,1,36,26,10,16,0,1,1,16,37
Bullskitur,1,37,25,12,13,3,1,0,16,37
buttsniffer,1,36,26,10,16,0,1,1,16,37
Chambatron,1,36,24,12,12,4,1,1,16,37
cheezis4ever,1,36,25,11,14,2,1,1,16,37
dcsdcs,1,37,24,13,11,5,1,0,16,37
gsxr_jason,1,36,26,10,16,0,1,1,16,37
heyamipeeing,2,35,24,11,13,3,1,2,16,37
ithinkweneedtotalk,1,37,25,12,13,3,1,0,16,37
jayrmcm,1,36,22,14,8,8,1,1,16,37
kikaobado,1,36,26,10,16,0,1,1,16,37
Lobotobots,1,37,25,12,13,3,1,0,16,37
MooSaysCow,1,36,26,10,16,0,1,1,16,37
My_ducks_sick,1,36,24,12,12,4,1,1,16,37
RinHana,1,36,25,11,14,2,1,1,16,37
ryangoslingfan,1,36,26,10,16,0,1,1,16,37
Th3JestersWine,1,36,26,10,16,0,1,1,16,37
timmydunlop,1,36,26,10,16,0,1,1,16,37
Whosyourmomma,1,36,24,12,12,4,1,1,16,37
kingbling,1,36,24,12,12,4,0,1,16,37
hayzee605,2,35,25,10,15,0,2,2,15,37
Maddymedia,2,35,23,12,11,4,2,2,15,37
scubbasteve1993,2,35,23,12,11,4,2,2,15,37
CarlLady,1,36,23,13,10,5,1,1,15,37
CinderellaMan69,1,37,24,13,11,4,1,0,15,37
mathejs,1,36,24,12,12,3,1,1,15,37
ndstumme,1,36,20,16,4,11,1,1,15,37
perfekt_disguize,1,36,24,12,12,3,1,1,15,37
shananigans14,1,36,23,13,10,5,1,1,15,37
spacedickswins,1,36,22,14,8,7,1,1,15,37
aholderith,1,36,23,13,10,4,1,1,14,37
aperson33,1,36,25,11,14,0,1,1,14,37
BravoTeam127,1,36,25,11,14,0,1,1,14,37
duplexswaq,1,36,25,11,14,0,1,1,14,37
GuruCam,1,36,24,12,12,2,1,1,14,37
HKP,1,36,21,15,6,8,1,1,14,37
jaggles,1,37,20,17,3,11,1,0,14,37
reece1,1,36,21,15,6,8,1,1,14,37
Slatuh,1,36,24,12,12,2,1,1,14,37
sososilly,1,36,25,11,14,0,1,1,14,37
SPIRITINSIDE,1,36,25,11,14,0,1,1,14,37
testu_nagouchi,1,36,23,13,10,4,1,1,14,37
ToasterAtheism,1,36,24,12,12,2,1,1,14,37
Derpchan,1,36,23,13,10,4,0,1,14,37
NuffNuffHoldTheFluff,1,36,25,11,14,0,0,1,14,37
bestcoastwesttoast,2,35,22,13,9,4,2,2,13,37
HipHoppin,2,35,24,11,13,0,2,2,13,37
XCRunnerJoey,2,35,24,11,13,0,2,2,13,37
avalanmilw,1,37,25,12,13,0,1,0,13,37
CPTK,1,36,22,14,8,5,1,1,13,37
distopiandreamboy,1,36,23,13,10,3,1,1,13,37
egg_bacon,1,36,23,13,10,3,1,1,13,37
Eris_Quod_Sum,1,36,22,14,8,5,1,1,13,37
gslime,1,36,23,13,10,3,1,1,13,37
ISmokeForSagan,1,36,23,13,10,3,1,1,13,37
Kolada,1,36,23,13,10,3,1,1,13,37
mrbelldinger,1,36,23,13,10,3,1,1,13,37
Phredex,2,35,24,11,13,0,1,2,13,37
Pog2k12,1,36,22,14,8,5,1,1,13,37
themindpiercing,1,36,23,13,10,3,1,1,13,37
IgnoresTheObjective,2,35,24,11,13,0,0,2,13,37
Z4KJ0N3S,2,35,24,11,13,0,0,2,13,37
404errornotfound,2,36,22,14,8,4,1,1,12,37
animalcule,1,36,21,15,6,6,1,1,12,37
astn,1,36,22,14,8,4,1,1,12,37
BorriMorri,1,36,24,12,12,0,1,1,12,37
Dark_Sleuth,1,36,21,15,6,6,1,1,12,37
dr_sanchez,1,36,24,12,12,0,1,1,12,37
emmen,1,36,24,12,12,0,1,1,12,37
GorillaWarfareMonkey,1,36,24,12,12,0,1,1,12,37
justsamih,1,36,24,12,12,0,1,1,12,37
KOALASLOVEEUCALYPTUS,1,36,24,12,12,0,1,1,12,37
majinjohnny,1,36,24,12,12,0,1,1,12,37
Masonir,1,37,23,14,9,3,1,0,12,37
Mr0Mike0,1,36,17,19,-2,14,1,1,12,37
OneEyedPlankton,1,36,24,12,12,0,1,1,12,37
pedrorivera0,1,36,24,12,12,0,1,1,12,37
rootbeerfetish,1,36,22,14,8,4,1,1,12,37
SlickRex,1,36,22,14,8,4,1,1,12,37
slinkering,1,36,23,13,10,2,1,1,12,37
somethingneu,3,34,23,11,12,0,1,3,12,37
SurfTaco,1,36,23,13,10,2,1,1,12,37
TWI2T3D,1,36,24,12,12,0,1,1,12,37
wazup98,1,36,23,13,10,2,1,1,12,37
yoshi_ghost,1,36,24,12,12,0,1,1,12,37
brady_77,1,36,21,15,6,6,0,1,12,37
aBOBination,2,35,23,12,11,0,2,2,11,37
FlightlessCow,2,35,22,13,9,2,2,2,11,37
porkstaufferson,2,35,23,12,11,0,2,2,11,37
rsmichaud,2,35,19,16,3,8,2,2,11,37
breadlobster,1,36,22,14,8,3,1,1,11,37
Charlesincharge14,1,37,23,14,9,2,1,0,11,37
MariaBF,1,36,21,15,6,5,1,1,11,37
SamanthaRuth,1,36,22,14,8,3,1,1,11,37
thatnamesalreadytken,1,36,22,14,8,3,1,1,11,37
Tirrath,1,36,22,14,8,3,1,1,11,37
vocalon,1,37,21,16,5,6,1,0,11,37
warmonga,1,36,20,16,4,7,1,1,11,37
D1mCo,1,36,22,14,8,3,0,1,11,37
CrucifiedBus,2,35,16,19,-3,13,2,2,10,37
adamw55,2,35,21,14,7,3,1,2,10,37
cjflory,1,36,23,13,10,0,1,1,10,37
cosmic_fool,1,36,23,13,10,0,1,1,10,37
franctastic,1,36,23,13,10,0,1,1,10,37
iSukz,1,36,22,14,8,2,1,1,10,37
jaspero1025,1,36,23,13,10,0,1,1,10,37
mandie7312,1,36,21,15,6,4,1,1,10,37
Most_Likely_Dean,1,36,23,13,10,0,1,1,10,37
PureSageAlpha,1,36,22,14,8,2,1,1,10,37
Sepheus,1,37,22,15,7,3,1,0,10,37
Stone-wallJackson,1,36,23,13,10,0,1,1,10,37
SubGothius,1,36,22,14,8,2,1,1,10,37
TheSkuvnar,1,36,23,13,10,0,1,1,10,37
wtfdoyoucare,1,36,22,14,8,2,1,1,10,37
BigEffingMcNugget,1,36,22,14,8,2,0,1,10,37
DavidX94,1,36,22,14,8,2,0,1,10,37
EvilTucker,1,36,20,16,4,6,0,1,10,37
OddBall_,1,36,20,16,4,6,0,1,10,37
SkilledAlex,1,36,23,13,10,0,0,1,10,37
xdjinngurlx,1,36,22,14,8,2,0,1,10,37
DragonBuddy,2,35,22,13,9,0,2,2,9,37
dwitt06,2,35,21,14,7,2,2,2,9,37
EverSoTempted,2,35,22,13,9,0,2,2,9,37
dancingcheesepuff,2,35,21,14,7,2,1,2,9,37
fareastx97,2,35,22,13,9,0,1,2,9,37
Gypsy-woman,1,36,20,16,4,5,1,1,9,37
lachrymatory,1,37,23,14,9,0,1,0,9,37
MadWombat,1,36,21,15,6,3,1,1,9,37
ninerball,1,36,21,15,6,3,1,1,9,37
musicnlife,3,35,21,14,7,2,0,2,9,37
Pincel,1,36,21,15,6,3,0,1,9,37
LittleBabyQuarantine,3,34,18,16,2,6,2,3,8,37
Ap3x_LawL,1,36,22,14,8,0,1,1,8,37
blacksheepmamba,1,36,21,15,6,2,1,1,8,37
Blink1EightyJew,1,36,20,16,4,4,1,1,8,37
ChicFilGay,1,36,21,15,6,2,1,1,8,37
dakotacage,1,36,22,14,8,0,1,1,8,37
DoctorCrouchJrWho,1,36,22,14,8,0,1,1,8,37
eqrunner,1,36,19,17,2,6,1,1,8,37
forgetmynamex07,1,36,22,14,8,0,1,1,8,37
hillelm666,1,36,22,14,8,0,1,1,8,37
Jackinhisweenis,1,36,22,14,8,0,1,1,8,37
Joyo215,1,36,22,14,8,0,1,1,8,37
LESTTERBROWN,1,36,22,14,8,0,1,1,8,37
nightfox54,1,36,22,14,8,0,1,1,8,37
puddingclub,1,36,21,15,6,2,1,1,8,37
rmaster446,1,36,22,14,8,0,1,1,8,37
roboteddybear,1,36,21,15,6,2,1,1,8,37
squig,1,36,21,15,6,2,1,1,8,37
stiguy0053,1,36,22,14,8,0,1,1,8,37
technick1,1,36,22,14,8,0,1,1,8,37
TheCowbeard,1,36,21,15,6,2,1,1,8,37
GRAVY_ON_MY_NIPPLES,1,36,22,14,8,0,0,1,8,37
Max_xx,1,36,20,16,4,4,0,1,8,37
rocknrollhippie,2,35,17,18,-1,9,0,2,8,37
dont_matter,2,35,21,14,7,0,2,2,7,37
luftwaffles1337,2,35,21,14,7,0,2,2,7,37
Drbored117,1,36,20,16,4,3,1,1,7,37
johnwheelan,1,37,22,15,7,0,1,0,7,37
peeringwound,2,35,19,16,3,4,1,2,7,37
mlapaglia,1,36,20,16,4,3,0,1,7,37
spiffdude,2,35,21,14,7,0,0,2,7,37
bennettlevaton,1,36,20,16,4,2,1,1,6,37
KiLLaKRaGGy,1,36,21,15,6,0,1,1,6,37
meowkersins,1,36,19,17,2,4,1,1,6,37
Repost_For_Science,1,36,20,16,4,2,1,1,6,37
ShanananaHeyheyhey,1,36,21,15,6,0,1,1,6,37
speedylady,2,35,19,16,3,3,1,2,6,37
That_Russian_Guy,1,36,20,16,4,2,1,1,6,37
coquitlamriver,1,36,19,17,2,4,0,1,6,37
nicksuperb,2,35,18,17,1,4,2,2,5,37
Dajana12,1,37,20,17,3,2,1,0,5,37
DomoStash,1,36,17,19,-2,7,1,1,5,37
robz32x,2,35,20,15,5,0,1,2,5,37
SappyCookie,1,36,19,17,2,3,1,1,5,37
tworekty,1,36,16,20,-4,9,1,1,5,37
t3rneado,1,36,19,17,2,3,0,1,5,37
Noah_Skye,2,35,18,17,1,3,2,2,4,37
Fencerboy,1,36,19,17,2,2,1,1,4,37
kbosahan,1,36,20,16,4,0,1,1,4,37
smack_pollack,1,36,20,16,4,0,1,1,4,37
The_Bearded_Beast,1,36,18,18,0,4,1,1,4,37
YSCapital,1,36,15,21,-6,10,1,1,4,37
m1k35,1,37,18,19,-1,5,0,0,4,37
anddrewg2007,2,35,19,16,3,0,2,2,3,37
TJ_Kneeholes,2,35,15,20,-5,8,2,2,3,37
ajiamawesome,2,35,18,17,1,2,1,2,3,37
CelestialTuna,1,36,18,18,0,3,1,1,3,37
Rezurektion,1,36,16,20,-4,7,1,1,3,37
SexyEyeBalls,2,35,19,16,3,0,1,2,3,37
TheElbow,1,36,18,18,0,3,1,1,3,37
AVoiDD_try_hardz,1,36,17,19,-2,4,1,1,2,37
HBS33,1,36,18,18,0,2,1,1,2,37
soccerphil21,1,36,19,17,2,0,1,1,2,37
wretchedmachine,1,36,16,20,-4,6,0,1,2,37
Icypancakes81,3,35,18,17,1,0,2,2,1,37
welcometobdude,2,35,17,18,-1,2,2,2,1,37
ajahla,2,35,18,17,1,0,1,2,1,37
MaximusFSU,1,36,17,19,-2,3,1,1,1,37
orangesbeforecarrots,1,36,15,21,-6,7,1,1,1,37
Legacy0904,1,36,15,21,-6,6,1,1,0,37
ravens2216,1,37,17,20,-3,3,1,0,0,37
Kilskull,1,36,18,18,0,0,0,1,0,37
Bangadang,1,36,15,21,-6,5,1,1,-1,37
burnt_apples,1,36,15,21,-6,5,0,1,-1,37
ME_REDDITOR,2,36,17,19,-2,0,2,1,-2,37
shitmaker,1,36,14,22,-8,6,1,1,-2,37
tonaynay277,1,36,17,19,-2,0,1,1,-2,37
Twigweed,1,36,17,19,-2,0,1,1,-2,37
ACCIDENTLY__A__WORD,1,36,17,19,-2,0,0,1,-2,37
uselessballsack,1,36,15,21,-6,4,0,1,-2,37
adrilldelson,2,35,14,21,-7,4,1,2,-3,37
nickyobro,2,35,15,20,-5,2,1,2,-3,37
Tobastion,1,36,15,21,-6,3,0,1,-3,37
northernhusky,2,35,14,21,-7,3,2,2,-4,37
thepunkgeneration,2,35,14,21,-7,3,2,2,-4,37
backlumberjack,1,36,15,21,-6,2,1,1,-4,37
JustCallMeJoker,1,36,14,22,-8,4,1,1,-4,37
Musty_Nuts,1,36,15,21,-6,2,1,1,-4,37
Cocad12,2,35,15,20,-5,0,2,2,-5,37
biffskin,1,36,15,21,-6,0,1,1,-6,37
muggletron,1,36,15,21,-6,0,1,1,-6,37
BeerIsMyFriend,1,36,15,21,-6,0,0,1,-6,37
Rasbora,2,35,14,21,-7,0,2,2,-7,37
nettles121,2,35,14,21,-7,0,1,2,-7,37
NewWorldSamurai,1,36,28,8,20,25,1,0,45,36
HattoriHanzo,1,35,34,1,33,6,1,1,39,36
wakatopatopa,1,35,32,3,29,10,1,1,39,36
vagueabond,1,35,35,0,35,3,1,1,38,36
Wills2011,1,36,34,2,32,3,1,0,35,36
cupn00dles,1,35,34,1,33,0,1,1,33,36
MutantSharkPirate,1,35,32,3,29,4,0,1,33,36
cookthemansomeeggs,1,36,30,6,24,8,1,0,32,36
strokejammer,2,35,30,5,25,6,2,1,31,36
Britnixd,1,35,32,3,29,2,1,1,31,36
rainbowokapis,1,35,32,3,29,2,1,1,31,36
uvebeenwarned,1,35,32,3,29,2,1,1,31,36
hammytown,1,36,31,5,26,4,1,0,30,36
lotr95,2,34,30,4,26,4,1,2,30,36
roccopenn,1,35,27,8,19,11,1,1,30,36
Basileus92,1,35,28,7,21,8,1,1,29,36
L_OShea,1,35,32,3,29,0,1,1,29,36
stereoprologic,1,35,30,5,25,4,0,1,29,36
pedler,1,35,30,5,25,3,0,1,28,36
adifonzo,1,35,31,4,27,0,1,1,27,36
BlizzTheMighty,1,35,30,5,25,2,1,1,27,36
irishpat,1,35,28,7,21,6,1,1,27,36
MarsComet,1,35,30,5,25,2,1,1,27,36
tholau,1,35,25,10,15,12,1,1,27,36
darkalia,1,35,31,4,27,0,0,1,27,36
K4TE,1,35,31,4,27,0,0,1,27,36
StrandedOnTheToilet,1,35,31,4,27,0,0,1,27,36
dwtheprof,2,34,26,8,18,8,2,2,26,36
foo_fighter,1,35,28,7,21,5,1,1,26,36
mskb17,1,35,29,6,23,3,1,1,26,36
schimmdog23,1,35,29,6,23,3,1,1,26,36
sherlocks,1,35,29,6,23,3,1,1,26,36
smestad1,1,35,28,7,21,5,1,1,26,36
i_post_gibberish,3,33,28,5,23,2,1,3,25,36
iTzAwesomesauce,1,35,30,5,25,0,1,1,25,36
joderca,1,35,30,5,25,0,1,1,25,36
Kyolbot,1,35,30,5,25,0,1,1,25,36
RaucousBurrito,1,36,28,8,20,5,1,0,25,36
snakehead814,1,35,29,6,23,2,1,1,25,36
TamingShrewsbury,1,35,22,13,9,16,1,1,25,36
vigilanteenthusiast,1,35,27,8,19,6,1,1,25,36
aladdin_d,1,35,28,7,21,3,1,1,24,36
ASiCat,1,36,29,7,22,2,1,0,24,36
bedazzledfarts,1,36,27,9,18,6,1,0,24,36
byrdma,1,35,27,8,19,5,1,1,24,36
EmotionSci,1,36,27,9,18,6,1,0,24,36
ErraticAlex,1,36,30,6,24,0,1,0,24,36
gingerpowerpower,1,35,27,8,19,5,1,1,24,36
MothaFuckaJonesBitch,1,35,25,10,15,9,1,1,24,36
rushouse,1,36,30,6,24,0,1,0,24,36
Sykos,1,36,25,11,14,10,1,0,24,36
vTaLeNTz,1,35,28,7,21,3,1,1,24,36
DrDestructeaux,1,35,29,6,23,0,1,1,23,36
DsgrntldGrnt,1,35,28,7,21,2,1,1,23,36
ErichUberSonic,1,36,28,8,20,3,1,0,23,36
Joevual,1,35,29,6,23,0,1,1,23,36
lemonlicker,1,35,29,6,23,0,1,1,23,36
newpua_bie,1,35,28,7,21,2,1,1,23,36
piezo32,1,36,28,8,20,3,1,0,23,36
ProfoundTactics,1,35,27,8,19,4,1,1,23,36
Shnozt,1,35,27,8,19,4,1,1,23,36
Sonpir8,1,35,28,7,21,2,1,1,23,36
tibbet14,1,36,28,8,20,3,1,0,23,36
Musicmantobes,1,35,28,7,21,2,0,1,23,36
col381,1,35,26,9,17,5,1,1,22,36
CullenDM,1,35,27,8,19,3,1,1,22,36
mikenasty,1,35,27,8,19,3,1,1,22,36
scotchyscotchyscotch,1,35,27,8,19,3,1,1,22,36
6tacocat9,2,34,27,7,20,2,0,2,22,36
Nikata,1,35,27,8,19,3,0,1,22,36
PwnSmith,2,34,20,14,6,15,2,2,21,36
AClanOfNoStans,1,35,28,7,21,0,1,1,21,36
daJbear,1,35,28,7,21,0,1,1,21,36
HairyRhino,1,35,27,8,19,2,1,1,21,36
iBlackmail,1,35,27,8,19,2,1,1,21,36
LukeChemistry,1,35,22,13,9,12,1,1,21,36
MRWESTERSPACE,1,35,26,9,17,4,1,1,21,36
silverprideguard,1,35,28,7,21,0,1,1,21,36
tia_ferg,1,35,26,9,17,4,1,1,21,36
Xenro,1,35,27,8,19,2,1,1,21,36
ZoidbergsMistress,1,35,27,8,19,2,1,1,21,36
Fireblend,1,35,26,9,17,3,1,1,20,36
John_Lennon_Was_Here,1,36,28,8,20,0,1,0,20,36
LoveSexMagic,1,36,28,8,20,0,1,0,20,36
sonofchucknorris,1,35,25,10,15,5,1,1,20,36
ChurroMooCow,1,35,26,9,17,3,0,1,20,36
iseriouslydislikeyou,1,35,26,9,17,3,0,1,20,36
janglypants,1,35,24,11,13,7,0,1,20,36
ZombieParadigm,1,35,26,9,17,3,0,1,20,36
aspeenat,1,35,26,9,17,2,1,1,19,36
Clsco,1,35,27,8,19,0,1,1,19,36
conTh,1,35,25,10,15,4,1,1,19,36
Dantonio,1,35,25,10,15,4,1,1,19,36
fuckinlovecats,1,35,27,8,19,0,1,1,19,36
FullMetalAlex,1,35,26,9,17,2,1,1,19,36
ghghghk,1,35,27,8,19,0,1,1,19,36
Kenmaster151,1,35,27,8,19,0,1,1,19,36
lamenta3,1,35,27,8,19,0,1,1,19,36
liljer21,1,35,27,8,19,0,1,1,19,36
lokesjokes,1,35,23,12,11,8,1,1,19,36
monkeybastard,1,35,27,8,19,0,1,1,19,36
NiceBootyGuurrrrlll,1,35,24,11,13,6,1,1,19,36
Pjpax,1,35,25,10,15,4,1,1,19,36
reilly1,1,35,24,11,13,6,1,1,19,36
schniepel89xx,1,36,25,11,14,5,1,0,19,36
thrashandburn89,1,35,27,8,19,0,1,1,19,36
HerpaderpObes,1,35,23,12,11,8,0,1,19,36
yeah_juggs,1,35,27,8,19,0,0,1,19,36
dudeman1996,2,34,26,8,18,0,2,2,18,36
BBrianBlair,1,35,24,11,13,5,1,1,18,36
bloody_pinecone,1,36,24,12,12,6,1,0,18,36
bunnymay,1,36,25,11,14,4,1,0,18,36
G0Slowly,2,34,26,8,18,0,1,2,18,36
HaIIows,1,35,24,11,13,5,1,1,18,36
lchamp67,1,35,25,10,15,3,1,1,18,36
phippsy,1,35,22,13,9,9,1,1,18,36
something_profound,1,35,24,11,13,5,1,1,18,36
travisp657,1,36,27,9,18,0,1,0,18,36
treeefingers,1,35,25,10,15,3,1,1,18,36
myusernameiswaytoolo,2,34,25,9,16,2,0,2,18,36
Dark758,3,33,25,8,17,0,2,3,17,36
popopokherface,2,35,26,9,17,0,2,1,17,36
abbeyroseyo,1,35,24,11,13,4,1,1,17,36
Audiarmy,1,35,23,12,11,6,1,1,17,36
chichenponf,1,35,24,11,13,4,1,1,17,36
darko187,1,35,23,12,11,6,1,1,17,36
endlessmike000,1,35,26,9,17,0,1,1,17,36
Ischemia24,1,35,25,10,15,2,1,1,17,36
ITSAPTERODACTYL,1,36,25,11,14,3,1,0,17,36
Jaydenblake,1,35,26,9,17,0,1,1,17,36
KimBongIl,1,35,25,10,15,2,1,1,17,36
KungFuChicken93,1,35,24,11,13,4,1,1,17,36
LaPicturesque,1,35,26,9,17,0,1,1,17,36
McSpoish,1,35,24,11,13,4,1,1,17,36
nothinglaurdinary,1,35,26,9,17,0,1,1,17,36
omahony22,1,35,23,12,11,6,1,1,17,36
Protoplasmic_Anaemia,3,33,22,11,11,6,1,3,17,36
Termiderp,1,35,23,12,11,6,1,1,17,36
Perfect_Perspective,1,35,23,12,11,6,0,1,17,36
JConSc2,2,34,24,10,14,2,2,2,16,36
turbochrgdnismo,2,35,24,11,13,3,2,1,16,36
Dumebuggy,1,36,23,13,10,6,1,0,16,36
Knox11,1,35,21,14,7,9,1,1,16,36
microtrash,1,35,24,11,13,3,1,1,16,36
RIDERCHIKI190,1,36,26,10,16,0,1,0,16,36
uttfan,1,35,24,11,13,3,1,1,16,36
Amishhellcat,1,35,24,11,13,2,1,1,15,36
chasemedown,2,35,25,10,15,0,1,1,15,36
clockbird,1,36,23,13,10,5,1,0,15,36
indiebd,1,35,25,10,15,0,1,1,15,36
JtiksPies,1,35,25,10,15,0,1,1,15,36
mtstrato,1,35,21,14,7,8,1,1,15,36
Navi_to_the_rescue,1,35,24,11,13,2,1,1,15,36
overit86,2,34,23,11,12,3,1,2,15,36
SnugglesRawring,1,35,24,11,13,2,1,1,15,36
tbold,1,35,25,10,15,0,1,1,15,36
zeimbo,2,34,23,11,12,3,1,2,15,36
albatross49,4,33,22,11,11,3,2,3,14,36
CaptAwesome5,2,34,22,12,10,4,2,2,14,36
StayingForTheWeekend,2,34,23,11,12,2,2,2,14,36
4tw0,1,35,22,13,9,5,1,1,14,36
dgriff24,2,34,24,10,14,0,1,2,14,36
freethegnomes,1,36,25,11,14,0,1,0,14,36
gwarster,1,35,20,15,5,9,1,1,14,36
Hyatt03,1,35,22,13,9,5,1,1,14,36
natraps116,2,34,24,10,14,0,1,2,14,36
redshrapnel,1,35,22,13,9,5,1,1,14,36
wadonka,2,35,20,15,5,9,1,1,14,36
Whitewashed,1,35,23,12,11,3,1,1,14,36
steelpan,2,35,21,14,7,6,2,1,13,36
arab_mamba96,1,35,23,12,11,2,1,1,13,36
Chassett15,2,34,22,12,10,3,1,2,13,36
collinl,1,35,24,11,13,0,1,1,13,36
Corbanator13,2,34,22,12,10,3,1,2,13,36
fantasypants,1,35,24,11,13,0,1,1,13,36
generousone,1,35,24,11,13,0,1,1,13,36
Killsiegnfield,1,35,24,11,13,0,1,1,13,36
king_of_pancakes,1,35,24,11,13,0,1,1,13,36
KnifeFed,1,35,24,11,13,0,1,1,13,36
Madhatt3r,1,35,23,12,11,2,1,1,13,36
MrsLulzzy,1,35,24,11,13,0,1,1,13,36
MyManD,1,36,23,13,10,3,1,0,13,36
nnaerb,1,35,24,11,13,0,1,1,13,36
oaly512,1,35,23,12,11,2,1,1,13,36
patriotaxe,1,35,24,11,13,0,1,1,13,36
philliptheawesome,1,35,22,13,9,4,1,1,13,36
Snashed,1,35,22,13,9,4,1,1,13,36
steezymcbitchin,1,35,24,11,13,0,1,1,13,36
widem123,1,35,21,14,7,6,1,1,13,36
xenonxeno,1,35,22,13,9,4,1,1,13,36
ziggybiggnutts,1,35,22,13,9,4,1,1,13,36
lewibt11,1,35,24,11,13,0,0,1,13,36
vendelboe1,1,35,20,15,5,8,0,1,13,36
brun064,1,35,22,13,9,3,1,1,12,36
jellysnappin,1,36,23,13,10,2,1,0,12,36
JustGodlyEnough,1,36,24,12,12,0,1,0,12,36
klh7390,1,35,22,13,9,3,1,1,12,36
peeaches,2,34,23,11,12,0,0,2,12,36
RuthlessTruth,1,35,20,15,5,7,0,1,12,36
Thatheistkid,1,35,22,13,9,3,0,1,12,36
bengy5959,1,35,23,12,11,0,1,1,11,36
emenkin34,2,34,20,14,6,5,1,2,11,36
FearZim,1,35,23,12,11,0,1,1,11,36
mab3oos,1,35,21,14,7,4,1,1,11,36
matrixifyme,1,35,21,14,7,4,1,1,11,36
matstam,1,35,22,13,9,2,1,1,11,36
MissSkyCake,1,35,22,13,9,2,1,1,11,36
nuffnuf,1,35,23,12,11,0,1,1,11,36
pjayuconn,1,35,23,12,11,0,1,1,11,36
ragebomber,1,35,22,13,9,2,1,1,11,36
ShagCarpetting,1,35,23,12,11,0,1,1,11,36
sleeping_sickness,1,35,23,12,11,0,1,1,11,36
Zero-Lag,1,35,23,12,11,0,1,1,11,36
Aeronicks225,1,35,23,12,11,0,0,1,11,36
aqiul,1,35,20,15,5,6,0,1,11,36
RobbiC,1,35,22,13,9,2,0,1,11,36
Azranas,1,36,23,13,10,0,1,0,10,36
b4c0n_is_g00d,1,35,20,15,5,5,1,1,10,36
Blooptron,1,35,21,14,7,3,1,1,10,36
DeathByyLlama,1,35,21,14,7,3,1,1,10,36
ffrostt,2,34,21,13,8,2,1,2,10,36
Imightbethewalrus,2,34,20,14,6,4,1,2,10,36
npearl1,1,36,23,13,10,0,1,0,10,36
reeln166a,1,35,19,16,3,7,1,1,10,36
spacnasty,1,35,21,14,7,3,1,1,10,36
taypat,1,36,23,13,10,0,1,0,10,36
TheBadassOverHere,2,34,22,12,10,0,1,2,10,36
as_a__i_can_confirm,1,35,20,15,5,5,0,1,10,36
austinmartinyes,1,35,21,14,7,2,1,1,9,36
bionil,1,35,22,13,9,0,1,1,9,36
CdnDude,1,35,22,13,9,0,1,1,9,36
drnowcarp,1,35,15,20,-5,14,1,1,9,36
gabgare,1,35,22,13,9,0,1,1,9,36
honeybadgerfan30,1,35,22,13,9,0,1,1,9,36
hump_this_not_that,1,35,21,14,7,2,1,1,9,36
kayvan61,1,35,22,13,9,0,1,1,9,36
pearlypo,1,35,19,16,3,6,1,1,9,36
RGT42,1,35,20,15,5,4,1,1,9,36
Sephirott,1,35,22,13,9,0,1,1,9,36
sKagX,1,35,22,13,9,0,1,1,9,36
stefcio007,1,35,22,13,9,0,1,1,9,36
Subcidal,1,35,22,13,9,0,1,1,9,36
TaakaSmash,1,35,22,13,9,0,1,1,9,36
mandy1216,1,35,22,13,9,0,0,1,9,36
ovenproofjet,1,35,20,15,5,4,0,1,9,36
atmarcotte2,2,34,21,13,8,0,2,2,8,36
iahawk,2,34,19,15,4,4,2,2,8,36
Igortastic,1,35,20,15,5,3,1,1,8,36
jcoder5,1,35,20,15,5,3,1,1,8,36
mikeThinkable,1,35,20,15,5,3,1,1,8,36
NODONOTWANT,1,36,21,15,6,2,1,0,8,36
Riotjester,2,36,22,14,8,0,1,0,8,36
SenorFappy,1,35,16,19,-3,11,1,1,8,36
shabadii,2,34,21,13,8,0,1,2,8,36
shahi000,2,34,21,13,8,0,0,2,8,36
mr-bucket,2,34,18,16,2,5,2,2,7,36
intents_in_tents,1,35,21,14,7,0,1,1,7,36
jazzybear,1,35,21,14,7,0,1,1,7,36
JohnLucio,1,35,21,14,7,0,1,1,7,36
Luukie,1,36,20,16,4,3,1,0,7,36
sofuture,1,35,21,14,7,0,1,1,7,36
Tankplank,1,35,21,14,7,0,1,1,7,36
zombiemom42,1,35,20,15,5,2,1,1,7,36
fish500,1,35,20,15,5,2,0,1,7,36
CheezyMcdizzy,2,34,20,14,6,0,2,2,6,36
Hanzatron,2,34,20,14,6,0,2,2,6,36
theJigmeister,1,35,19,16,3,3,1,1,6,36
duradtherad,2,34,18,16,2,3,2,2,5,36
beloose,1,35,20,15,5,0,1,1,5,36
Brndn004,1,35,19,16,3,2,1,1,5,36
CDave,1,35,20,15,5,0,1,1,5,36
Classy_Pyro,1,35,18,17,1,4,1,1,5,36
jbarrett4242,3,33,18,15,3,2,1,3,5,36
PluggedMars813,1,35,20,15,5,0,1,1,5,36
Relzaar,1,35,20,15,5,0,1,1,5,36
Warger1996,1,35,19,16,3,2,1,1,5,36
XxSaintCalebxX,1,35,18,17,1,4,1,1,5,36
jnewton8,1,35,20,15,5,0,0,1,5,36
UglySkunk,2,34,15,19,-4,8,2,2,4,36
arsenaleight,1,35,18,17,1,3,1,1,4,36
Friedgerbil55,2,34,19,15,4,0,1,2,4,36
isdfoa,2,34,19,15,4,0,1,2,4,36
AdiAV,1,35,19,16,3,0,1,1,3,36
djlaw,1,35,19,16,3,0,1,1,3,36
dracith182,1,35,19,16,3,0,1,1,3,36
penguinater477,1,35,19,16,3,0,1,1,3,36
Shortest_Giraffe,1,35,19,16,3,0,1,1,3,36
Syfilms64,1,35,17,18,-1,4,0,1,3,36
joshlatimer,3,33,15,18,-3,5,2,3,2,36
LoadStart,2,34,18,16,2,0,2,2,2,36
simple-seb,2,34,18,16,2,0,2,2,2,36
iBoady,1,35,15,20,-5,7,0,1,2,36
Piemonade,2,35,17,18,-1,2,2,1,1,36
Random_Noob,1,35,16,19,-3,4,1,1,1,36
dcipjr,1,35,16,19,-3,4,0,1,1,36
qwras,1,35,16,19,-3,4,0,1,1,36
gerberberick,2,34,16,18,-2,2,2,2,0,36
habitat1224,2,34,17,17,0,0,2,2,0,36
chatbrw76,2,34,16,18,-2,2,1,2,0,36
Retro21,1,35,14,21,-7,7,1,1,0,36
somethingworkasauser,1,35,15,20,-5,5,1,1,0,36
alpha1337,1,35,15,20,-5,4,1,1,-1,36
haryanaheadlines,1,35,17,18,-1,0,1,1,-1,36
Loblod,1,35,16,19,-3,2,1,1,-1,36
maero5e,1,35,17,18,-1,0,1,1,-1,36
RSai,1,35,15,20,-5,4,1,1,-1,36
YinAndYang,1,35,16,19,-3,2,1,1,-1,36
DontTrustTheChef,2,34,16,18,-2,0,2,2,-2,36
neutrient,3,33,14,19,-5,3,2,3,-2,36
Jetton,1,35,14,21,-7,5,1,1,-2,36
wizgot,2,35,14,21,-7,5,1,1,-2,36
YougurtSlinger,2,34,16,18,-2,0,1,2,-2,36
xxviproxx,1,35,14,21,-7,5,0,1,-2,36
dumdummm,2,34,12,22,-10,7,2,2,-3,36
baxoooo,1,35,14,21,-7,4,1,1,-3,36
i34773,1,35,14,21,-7,4,1,1,-3,36
IsNotANovelty,1,35,16,19,-3,0,1,1,-3,36
Underdogz,2,35,14,21,-7,3,2,1,-4,36
ASitl,1,35,15,20,-5,0,1,1,-5,36
Kinjou,1,35,15,20,-5,0,1,1,-5,36
lzkicker,1,35,15,20,-5,0,1,1,-5,36
Mario_Mendoza,1,35,15,20,-5,0,1,1,-5,36
Shabbit2,1,35,15,20,-5,0,1,1,-5,36
twoplus2,1,35,14,21,-7,2,0,1,-5,36
LazyLooser,2,34,13,21,-8,2,2,2,-6,36
nmyi,2,34,14,20,-6,0,2,2,-6,36
rasmus9311,2,34,14,20,-6,0,1,2,-6,36
mattdawg8,1,35,14,21,-7,0,1,1,-7,36
opfawcett,1,35,14,21,-7,0,0,1,-7,36
9ballrider,2,35,12,23,-11,2,2,1,-9,36
kilo4fun,1,35,13,22,-9,0,1,1,-9,36
aziznacef,2,34,11,23,-12,2,1,2,-10,36
Chillgil,1,35,11,24,-13,0,1,1,-13,36
zimmy_squid,1,35,10,25,-15,2,1,1,-13,36
longhairedfreakyppl,2,34,10,24,-14,0,2,2,-14,36
XLSRyan,1,35,7,28,-21,0,1,1,-21,36
brantleybcarter,1,34,31,3,28,11,1,1,39,35
marabear2685,1,34,32,2,30,9,1,1,39,35
casedeville,1,35,30,5,25,12,1,0,37,35
OckhamsTeapot,1,34,29,5,24,12,0,1,36,35
bubby1,1,34,20,14,6,27,1,1,33,35
lucasgreen,1,34,31,3,28,5,1,1,33,35
ProZar3000,1,35,34,1,33,0,1,0,33,35
StotheBiz,1,34,31,3,28,5,1,1,33,35
mszegedy,1,34,30,4,26,6,1,1,32,35
bmacmachine,1,35,33,2,31,0,1,0,31,35
SnakeyesX,1,34,31,3,28,3,1,1,31,35
bearsex,1,34,30,4,26,4,1,1,30,35
CaptainTako,1,34,31,3,28,2,1,1,30,35
potatomustache,1,34,32,2,30,0,1,1,30,35
Square_One,1,34,32,2,30,0,1,1,30,35
noitsPatrick,1,34,26,8,18,12,0,1,30,35
sooding,2,34,32,2,30,0,0,1,30,35
amalgamatedchaos,1,35,32,3,29,0,1,0,29,35
excessum,1,34,28,6,22,7,1,1,29,35
Fedgrub,1,34,29,5,24,5,1,1,29,35
Nati2de,1,34,26,8,18,11,1,1,29,35
deathsbro,1,34,31,3,28,0,1,1,28,35
gangstabunniez,1,34,30,4,26,2,1,1,28,35
jordanwright19,1,34,31,3,28,0,1,1,28,35
monk_510,1,34,31,3,28,0,1,1,28,35
Rishiku,1,34,31,3,28,0,1,1,28,35
Frap1122,1,34,31,3,28,0,0,1,28,35
schnexy_man9,2,33,30,3,27,0,2,2,27,35
edditorRay,2,33,30,3,27,0,1,2,27,35
sm0114,1,34,25,9,16,11,1,1,27,35
vjpantin,1,34,26,8,18,9,1,1,27,35
yourmom2000,2,34,26,8,18,9,1,1,27,35
poisonthemallforgood,2,33,27,6,21,5,2,2,26,35
boosterxboosh,1,34,30,4,26,0,1,1,26,35
funjack,1,34,30,4,26,0,1,1,26,35
injakewetrust,1,35,27,8,19,7,1,0,26,35
InsightTruths,1,34,30,4,26,0,1,1,26,35
MadnessDreamer,1,34,29,5,24,2,1,1,26,35
TROLLFACE722,1,35,28,7,21,5,1,0,26,35
Zyclunt,1,34,28,6,22,4,1,1,26,35
bondlegolas,1,34,30,4,26,0,0,1,26,35
Englishman89,1,34,30,4,26,0,0,1,26,35
ifonlylemonswerereal,1,35,29,6,23,2,1,0,25,35
Jasejunk,1,34,26,8,18,7,1,1,25,35
joshnuhn,1,35,26,9,17,8,1,0,25,35
SammehBreh,1,34,28,6,22,3,1,1,25,35
unberrivable,1,35,27,8,19,6,1,0,25,35
TheMiner,2,34,25,9,16,9,0,1,25,35
Cebus_capucinus,1,34,29,5,24,0,1,1,24,35
NyJ723,1,34,29,5,24,0,1,1,24,35
sherunsguns,1,35,26,9,17,7,1,0,24,35
snap_wilson,1,34,28,6,22,2,1,1,24,35
thatoneguynotheother,1,34,29,5,24,0,1,1,24,35
Zizibaluba,1,34,29,5,24,0,1,1,24,35
ARabidFly,1,34,29,5,24,0,0,1,24,35
4_am,1,34,27,7,20,3,1,1,23,35
bushbuck,1,35,29,6,23,0,1,0,23,35
Khooky,1,34,26,8,18,5,1,1,23,35
logancook44,1,34,27,7,20,3,1,1,23,35
Nick6969,1,34,27,7,20,3,1,1,23,35
RoyNeary,1,34,27,7,20,3,1,1,23,35
rubix_evans,1,34,26,8,18,5,1,1,23,35
Acespartan,1,34,21,13,8,14,1,1,22,35
berger77,1,34,26,8,18,4,1,1,22,35
Dossena,1,34,27,7,20,2,1,1,22,35
HaYea,1,34,27,7,20,2,1,1,22,35
hopked,1,34,28,6,22,0,1,1,22,35
hseldon10,1,34,25,9,16,6,1,1,22,35
psychicbanana,1,34,27,7,20,2,1,1,22,35
Purdy14,1,34,26,8,18,4,1,1,22,35
ripslamforester,1,34,23,11,12,10,1,1,22,35
sinrtb,1,34,25,9,16,6,1,1,22,35
starlizzle,1,34,25,9,16,6,1,1,22,35
wrzosd,1,34,28,6,22,0,1,1,22,35
xMrChuckles,1,34,26,8,18,4,1,1,22,35
BearSkare,1,34,27,7,20,2,0,1,22,35
darkoo123,1,34,27,7,20,2,0,1,22,35
n311go,1,34,25,9,16,6,0,1,22,35
ChristianD,1,34,26,8,18,3,1,1,21,35
kimiko1443,1,34,24,10,14,7,1,1,21,35
melissabj,1,35,23,12,11,10,1,0,21,35
NickolasGaming,1,34,25,9,16,5,1,1,21,35
sexyblacksingle123,1,34,26,8,18,3,1,1,21,35
sirhopsalot,1,35,28,7,21,0,1,0,21,35
somecallmemike,1,35,25,10,15,6,1,0,21,35
3obaid,2,34,25,9,16,5,0,1,21,35
veracitymilk,2,33,25,8,17,4,0,2,21,35
AdvicerDog,1,34,25,9,16,4,1,1,20,35
amrak_king,2,33,25,8,17,3,1,2,20,35
Cretenchild,1,34,23,11,12,8,1,1,20,35
DrJ_Zoidberg,1,34,27,7,20,0,1,1,20,35
Gamer_pyle,1,34,27,7,20,0,1,1,20,35
hollowbones,1,34,27,7,20,0,1,1,20,35
Iceman1832,1,34,27,7,20,0,1,1,20,35
matase,1,34,25,9,16,4,1,1,20,35
PepeLaRue,1,34,27,7,20,0,1,1,20,35
Rexholes,1,34,27,7,20,0,1,1,20,35
Rorsaur,1,34,27,7,20,0,1,1,20,35
RoxaSora,1,34,26,8,18,2,1,1,20,35
sir-reddits-a-lot,1,34,24,10,14,6,1,1,20,35
t_F_,1,34,24,10,14,6,1,1,20,35
uvSteel,1,34,26,8,18,2,1,1,20,35
writ24,2,34,25,9,16,4,1,1,20,35
YouJustGotSmurfed,1,34,26,8,18,2,1,1,20,35
aajackson03,1,34,27,7,20,0,0,1,20,35
Drizae,1,34,27,7,20,0,0,1,20,35
Jake_91_420,2,33,22,11,11,9,0,2,20,35
Throwawaychica,3,32,22,10,12,7,3,3,19,35
kaylapuskii,2,33,23,10,13,6,2,2,19,35
pink_sweater,2,35,27,8,19,0,2,0,19,35
experimentalistify,1,34,24,10,14,5,1,1,19,35
JonJonBoyWonder,1,34,25,9,16,3,1,1,19,35
mjbatt,1,34,25,9,16,3,1,1,19,35
Statmat,1,34,24,10,14,5,1,1,19,35
technocandy93,2,33,24,9,15,3,2,2,18,35
Xecutioner,2,33,22,11,11,7,2,2,18,35
addii12,1,34,26,8,18,0,1,1,18,35
bmw72793,1,34,26,8,18,0,1,1,18,35
bromeo100,1,34,26,8,18,0,1,1,18,35
cgowsell,1,34,21,13,8,10,1,1,18,35
cnj2907,1,34,23,11,12,6,1,1,18,35
FangedBaby,1,34,26,8,18,0,1,1,18,35
HTony10,1,34,26,8,18,0,1,1,18,35
ItWasMeAgain,1,34,24,10,14,4,1,1,18,35
JoeSvo,1,34,25,9,16,2,1,1,18,35
lezazA,1,34,25,9,16,2,1,1,18,35
magicrhinos,1,34,20,14,6,12,1,1,18,35
mdolphins2001,1,34,25,9,16,2,1,1,18,35
mjk270,1,34,24,10,14,4,1,1,18,35
mxmm,1,34,26,8,18,0,1,1,18,35
PhilipGreenbriar,1,34,25,9,16,2,1,1,18,35
rxjopify,1,34,24,10,14,4,1,1,18,35
SmellsLikePoor,1,34,25,9,16,2,1,1,18,35
The_Ultimate,1,34,24,10,14,4,1,1,18,35
TheAlex45,1,34,23,11,12,6,1,1,18,35
USFStudent,1,34,26,8,18,0,1,1,18,35
beasterne,2,33,25,8,17,0,2,2,17,35
phz10,2,33,23,10,13,4,2,2,17,35
Artrw,1,34,24,10,14,3,1,1,17,35
Bearzkill,1,34,24,10,14,3,1,1,17,35
marshallprs,1,34,24,10,14,3,1,1,17,35
mastjt129,1,35,25,10,15,2,1,0,17,35
McGratts,1,34,23,11,12,5,1,1,17,35
puRrBerT,1,34,21,13,8,9,1,1,17,35
scu,1,34,24,10,14,3,1,1,17,35
shwoozey,1,34,22,12,10,7,1,1,17,35
legomaniac89,1,34,24,10,14,3,0,1,17,35
realwomenshootraw,3,34,24,10,14,2,3,1,16,35
Broken-rubber,2,33,21,12,9,7,2,2,16,35
bekib00,1,34,19,15,4,12,1,1,16,35
Bwyants,1,34,23,11,12,4,1,1,16,35
cgsuperpanda,2,34,24,10,14,2,1,1,16,35
Chazez,1,34,23,11,12,4,1,1,16,35
Cigarro,1,34,22,12,10,6,1,1,16,35
corby315,1,34,24,10,14,2,1,1,16,35
joeavella,1,34,20,14,6,10,1,1,16,35
kasey89,1,34,25,9,16,0,1,1,16,35
laughs_at_your_fail,1,34,23,11,12,4,1,1,16,35
m1k3chek,1,34,25,9,16,0,1,1,16,35
Mercades,2,33,23,10,13,3,1,2,16,35
perryroper,1,34,24,10,14,2,1,1,16,35
poop_jokes,1,34,23,11,12,4,1,1,16,35
Probably_A_White_Guy,1,34,23,11,12,4,1,1,16,35
reasonableposter,1,34,25,9,16,0,1,1,16,35
Red_Eye_Jedi,1,34,25,9,16,0,1,1,16,35
Rumplepickleskin,2,33,23,10,13,3,1,2,16,35
tacojp41088,1,34,23,11,12,4,1,1,16,35
Ubertroll,1,34,23,11,12,4,1,1,16,35
Walruh,1,34,25,9,16,0,1,1,16,35
Weenyhand,1,35,21,14,7,9,1,0,16,35
MRxY3TI,1,34,24,10,14,2,0,1,16,35
Asanokyo,1,34,22,12,10,5,1,1,15,35
batman505,1,35,24,11,13,2,1,0,15,35
Dereklikesmetal,2,33,23,10,13,2,1,2,15,35
dimebagsh,1,34,23,11,12,3,1,1,15,35
grankasaurus,1,34,22,12,10,5,1,1,15,35
In_money_we_Trust,3,32,19,13,6,9,1,3,15,35
jawshua,1,34,23,11,12,3,1,1,15,35
Nightmare470,1,34,22,12,10,5,1,1,15,35
rawschwartzpwr,1,35,25,10,15,0,1,0,15,35
ruffus4life,1,34,22,12,10,5,1,1,15,35
wasilewskisabrina,1,34,23,11,12,3,1,1,15,35
LLR4E,5,30,22,8,14,0,4,5,14,35
aFirefly,1,34,23,11,12,2,1,1,14,35
Ayaq,1,34,22,12,10,4,1,1,14,35
BlakeC93,1,34,23,11,12,2,1,1,14,35
bloody_phlegm,1,34,24,10,14,0,1,1,14,35
burnso,1,34,24,10,14,0,1,1,14,35
chewie321,1,34,24,10,14,0,1,1,14,35
devil_666,1,34,23,11,12,2,1,1,14,35
Donny284,1,34,24,10,14,0,1,1,14,35
eetsumkaus,1,34,24,10,14,0,1,1,14,35
julybelle890,1,34,24,10,14,0,1,1,14,35
Laurifish,1,34,23,11,12,2,1,1,14,35
LycaonMoon,1,35,23,12,11,3,1,0,14,35
namedmas09,1,34,23,11,12,2,1,1,14,35
PrincessVagina,1,34,24,10,14,0,1,1,14,35
Radahr,1,34,23,11,12,2,1,1,14,35
Shinbaum,1,34,24,10,14,0,1,1,14,35
ThatOneCattt,1,34,24,10,14,0,1,1,14,35
VT720,1,34,24,10,14,0,1,1,14,35
werebad,1,34,22,12,10,4,1,1,14,35
Whats_a_narwhal,1,34,24,10,14,0,1,1,14,35
wj02murt,1,34,24,10,14,0,1,1,14,35
work_account_443,1,34,22,12,10,4,1,1,14,35
ZeroCool79,1,34,24,10,14,0,1,1,14,35
danilo19,1,34,24,10,14,0,0,1,14,35
Mazial,2,33,22,11,11,3,0,2,14,35
BigJewNose,1,35,23,12,11,2,1,0,13,35
CapnMerica,2,34,22,12,10,3,1,1,13,35
M0D3RNW4RR10R,2,33,23,10,13,0,1,2,13,35
shveener,1,35,21,14,7,6,1,0,13,35
whoparkshacar,1,34,22,12,10,3,1,1,13,35
zeroblood,1,34,22,12,10,3,1,1,13,35
Patitas,1,34,21,13,8,5,0,1,13,35
ilovemyboom,2,34,22,12,10,2,2,1,12,35
MegaCoolMan,2,34,23,11,12,0,2,1,12,35
cheekykuntmate,1,34,22,12,10,2,1,1,12,35
cherryducks58,1,34,22,12,10,2,1,1,12,35
Chippermonkee,1,34,23,11,12,0,1,1,12,35
dirtyhern,1,34,22,12,10,2,1,1,12,35
dumbledork6,1,34,23,11,12,0,1,1,12,35
goba_baba,1,34,21,13,8,4,1,1,12,35
Jahrastafarianism,1,34,23,11,12,0,1,1,12,35
killaclown,1,34,23,11,12,0,1,1,12,35
Kingtorm,1,34,23,11,12,0,1,1,12,35
mrrocketphat,2,34,23,11,12,0,1,1,12,35
MySonShell,2,33,21,12,9,3,1,2,12,35
predof,1,34,22,12,10,2,1,1,12,35
skywalker-vn,1,34,21,13,8,4,1,1,12,35
Street88,1,34,22,12,10,2,1,1,12,35
susanlikesscience,1,34,22,12,10,2,1,1,12,35
Swordslice73,1,34,23,11,12,0,1,1,12,35
The1nOnlySilent,1,34,21,13,8,4,1,1,12,35
wsouloa,1,34,22,12,10,2,1,1,12,35
EraEric,1,34,22,12,10,2,0,1,12,35
smills79,2,33,22,11,11,0,2,2,11,35
TheSilentBang,2,33,19,14,5,6,2,2,11,35
XenophonTheBoss,2,33,22,11,11,0,2,2,11,35
Churchy,1,35,23,12,11,0,1,0,11,35
dean815,1,35,23,12,11,0,1,0,11,35
jennadorazio,1,34,21,13,8,3,1,1,11,35
johnson2johnson,1,34,20,14,6,5,1,1,11,35
pjohnsin,1,34,20,14,6,5,1,1,11,35
RandomMadness,1,34,19,15,4,7,1,1,11,35
ScorchtheAssasin,1,34,21,13,8,3,1,1,11,35
Sumbac,1,34,21,13,8,3,1,1,11,35
realspitta,2,34,20,14,6,4,2,1,10,35
thewonderwaffle,2,34,21,13,8,2,2,1,10,35
Agirlyoudontknow,1,34,22,12,10,0,1,1,10,35
AtTheKevIn,1,34,22,12,10,0,1,1,10,35
Desbot,1,34,22,12,10,0,1,1,10,35
do_it_like_this,1,34,22,12,10,0,1,1,10,35
DrAgonit3,1,34,21,13,8,2,1,1,10,35
Evinn,1,34,22,12,10,0,1,1,10,35
IanL27,1,34,22,12,10,0,1,1,10,35
infm5,1,34,21,13,8,2,1,1,10,35
kenzie14,1,34,21,13,8,2,1,1,10,35
marcusb92,1,34,22,12,10,0,1,1,10,35
mg125,1,34,22,12,10,0,1,1,10,35
Mr_Lorax,1,34,22,12,10,0,1,1,10,35
Mr_Steez,1,34,22,12,10,0,1,1,10,35
nofunick,1,34,20,14,6,4,1,1,10,35
Nowhereman55,1,34,22,12,10,0,1,1,10,35
orpheus117,1,34,22,12,10,0,1,1,10,35
Pheonix_McSteele,1,34,22,12,10,0,1,1,10,35
reallyhellacool,1,34,22,12,10,0,1,1,10,35
Steec,1,35,21,14,7,3,1,0,10,35
syonxwf,1,34,20,14,6,4,1,1,10,35
tdltuck,1,34,22,12,10,0,1,1,10,35
upsidedownduck,1,34,20,14,6,4,1,1,10,35
willies_hat,1,34,22,12,10,0,1,1,10,35
instagarm,1,34,22,12,10,0,0,1,10,35
MonkeyWithMarijuana,2,33,21,12,9,0,2,2,9,35
SCARfaceRUSH,2,33,20,13,7,2,2,2,9,35
Walk6165,2,33,21,12,9,0,2,2,9,35
brofu,1,34,19,15,4,5,1,1,9,35
chedda,1,34,20,14,6,3,1,1,9,35
Cultr1,1,34,20,14,6,3,1,1,9,35
JamesCroft88,1,34,19,15,4,5,1,1,9,35
lushlovin,1,34,19,15,4,5,1,1,9,35
mirrorspock,1,34,20,14,6,3,1,1,9,35
noteberry,1,34,20,14,6,3,1,1,9,35
sdinning,2,33,18,15,3,6,1,2,9,35
TheSadTurtle,1,34,16,18,-2,11,1,1,9,35
zacattack101,1,34,18,16,2,7,1,1,9,35
devilnevel,1,34,20,14,6,3,0,1,9,35
All_that_is_Sam,1,34,21,13,8,0,1,1,8,35
fuzzy_fizgig,1,34,20,14,6,2,1,1,8,35
jakfischer,1,34,21,13,8,0,1,1,8,35
jtown8,1,34,20,14,6,2,1,1,8,35
JuniorOneNut,1,34,19,15,4,4,1,1,8,35
lemon-11,1,34,21,13,8,0,1,1,8,35
McMeowface,1,34,21,13,8,0,1,1,8,35
Nonesmoke,1,34,18,16,2,6,1,1,8,35
oxygenBoss,1,34,21,13,8,0,1,1,8,35
PeaceWarrior198,1,34,21,13,8,0,1,1,8,35
riverwalker,2,34,21,13,8,0,1,1,8,35
Swetroll,1,34,21,13,8,0,1,1,8,35
yanksnjets27,1,34,21,13,8,0,1,1,8,35
DanielWithoutNumbers,2,33,20,13,7,0,2,2,7,35
anh37,1,35,21,14,7,0,1,0,7,35
elfd1,1,34,19,15,4,3,1,1,7,35
I_Are_The_Coach,2,33,20,13,7,0,1,2,7,35
i_want_mlp_to_die,1,34,17,17,0,7,1,1,7,35
orebot,1,34,18,16,2,5,1,1,7,35
Tepaps,2,33,17,16,1,6,1,2,7,35
TheSplendiferousSpy,1,34,18,16,2,5,1,1,7,35
vero77,2,33,20,13,7,0,1,2,7,35
XTheDevistatorX,1,34,19,15,4,3,1,1,7,35
acuddlyheadcrab,1,34,20,14,6,0,1,1,6,35
Dvdrummer360,1,34,20,14,6,0,1,1,6,35
kirizzel,1,34,19,15,4,2,1,1,6,35
Ladylad72,1,34,20,14,6,0,1,1,6,35
LaugeGregers,1,34,17,17,0,6,1,1,6,35
Masquerade41,1,34,20,14,6,0,1,1,6,35
Omnifire,1,34,20,14,6,0,1,1,6,35
skibbz,1,34,19,15,4,2,1,1,6,35
slacker001,1,34,18,16,2,4,1,1,6,35
Smartastic,1,34,20,14,6,0,1,1,6,35
squirtHONOR,1,34,20,14,6,0,1,1,6,35
stolen_thunder,1,34,18,16,2,4,1,1,6,35
yrbiggestfan,1,34,20,14,6,0,1,1,6,35
Saintblue,2,33,18,15,3,2,2,2,5,35
Swiftdaggers,2,33,15,18,-3,8,2,2,5,35
AsianEyePeas,2,33,19,14,5,0,1,2,5,35
ceogoku,1,35,20,15,5,0,1,0,5,35
Chrisinden,1,34,18,16,2,3,1,1,5,35
fairyxxx,1,34,17,17,0,5,1,1,5,35
justonecomment,1,35,20,15,5,0,1,0,5,35
leonthedoberman,1,34,18,16,2,3,1,1,5,35
Lolo4369,2,33,16,17,-1,6,1,2,5,35
wayfarer14,1,34,18,16,2,3,1,1,5,35
XxlzkppxX,1,34,14,20,-6,11,1,1,5,35
sonm3,1,34,18,16,2,3,0,1,5,35
batman024,1,34,19,15,4,0,1,1,4,35
brismith252,1,34,19,15,4,0,1,1,4,35
fml420,1,34,19,15,4,0,1,1,4,35
Haydenk13,1,34,19,15,4,0,1,1,4,35
lorrim,2,34,18,16,2,2,1,1,4,35
noent,1,34,16,18,-2,6,1,1,4,35
patientbearr,1,34,19,15,4,0,1,1,4,35
reelniqqa,2,33,16,17,-1,5,1,2,4,35
wastedmonkey,1,34,19,15,4,0,1,1,4,35
Crykeymoses,1,34,18,16,2,2,0,1,4,35
notCoolByGF,1,34,17,17,0,4,0,1,4,35
pyro_210,1,34,19,15,4,0,0,1,4,35
skatepunk,1,34,19,15,4,0,0,1,4,35
_mars_,2,33,18,15,3,0,2,2,3,35
FoeNetics,2,33,17,16,1,2,2,2,3,35
klolzzz,2,33,16,17,-1,4,2,2,3,35
psirus123,2,33,17,16,1,2,2,2,3,35
TeHSicKaZsr20,2,33,16,17,-1,4,2,2,3,35
vertigo90,2,33,18,15,3,0,2,2,3,35
BigNHuge,1,34,17,17,0,3,1,1,3,35
General_Specific,1,34,15,19,-4,7,1,1,3,35
waddupdawg,1,34,17,17,0,3,1,1,3,35
whitesuxdirtybirds,1,34,17,17,0,3,0,1,3,35
ChickenPotPi,2,34,18,16,2,0,1,1,2,35
ILoveLamp9,1,34,18,16,2,0,1,1,2,35
IPooTrueBlue,1,34,17,17,0,2,1,1,2,35
meigs2,1,34,18,16,2,0,1,1,2,35
ryan9991,1,34,16,18,-2,4,1,1,2,35
Taurex,1,34,17,17,0,2,1,1,2,35
team_biggie,1,34,18,16,2,0,1,1,2,35
skitzokid420,1,34,17,17,0,2,0,1,2,35
SundayRed,2,33,14,19,-5,6,2,2,1,35
CupcakeNommer12,1,34,14,20,-6,7,1,1,1,35
somenutjob,1,34,16,18,-2,3,1,1,1,35
BossMcBossington,1,34,16,18,-2,3,0,1,1,35
Enigmusx,2,34,17,17,0,0,2,1,0,35
SheamusODonahue,2,34,14,20,-6,6,2,1,0,35
buddhist32,1,34,17,17,0,0,1,1,0,35
D3rp3r,1,34,17,17,0,0,1,1,0,35
Dat_Negative_Karma,1,34,14,20,-6,6,1,1,0,35
Jammer911,1,34,17,17,0,0,1,1,0,35
SAINT_MAYONNAISE,1,34,16,18,-2,2,1,1,0,35
thedeadrabbit,1,34,17,17,0,0,1,1,0,35
XDME,1,34,17,17,0,0,1,1,0,35
Obejk_Ruimer,1,34,16,18,-2,2,0,1,0,35
suprman511,1,34,14,20,-6,6,0,1,0,35
Kozlem,2,34,14,20,-6,5,2,1,-1,35
danielblakes,2,33,16,17,-1,0,1,2,-1,35
maskoficarus,1,34,14,20,-6,5,1,1,-1,35
stevealbertqld,1,34,13,21,-8,7,1,1,-1,35
Hamburger_Hinderer,1,34,13,21,-8,6,1,1,-2,35
pyrowipe,1,34,15,19,-4,2,1,1,-2,35
saywhatagainmfer,1,34,16,18,-2,0,1,1,-2,35
seraphina16,1,34,16,18,-2,0,1,1,-2,35
wickedfrow,1,34,14,20,-6,4,1,1,-2,35
reaperage,1,34,16,18,-2,0,0,1,-2,35
Chilemang,1,34,14,20,-6,3,1,1,-3,35
LePhilip,2,33,14,19,-5,2,1,2,-3,35
Ooberific,1,34,13,21,-8,5,1,1,-3,35
StevefromRetail,1,34,14,20,-6,3,1,1,-3,35
FuckThoseNiggers,1,34,14,20,-6,3,0,1,-3,35
HLSD,1,34,13,21,-8,4,1,1,-4,35
Slaughterfest,1,34,12,22,-10,6,1,1,-4,35
snowe2010,1,34,15,19,-4,0,1,1,-4,35
orheep,1,34,15,19,-4,0,0,1,-4,35
Sanwi,1,34,15,19,-4,0,0,1,-4,35
bsmoked,2,34,14,20,-6,0,1,1,-6,35
insomniaclush,1,34,13,21,-8,2,1,1,-6,35
luckyduckypuddinpop,1,34,14,20,-6,0,1,1,-6,35
M0T0RB04T,1,34,14,20,-6,0,1,1,-6,35
Dudeskys37,2,33,12,21,-9,2,2,2,-7,35
d_spaceley1,2,33,13,20,-7,0,1,2,-7,35
Thor_is_god,1,35,13,22,-9,2,1,0,-7,35
arae666,2,34,13,21,-8,0,0,1,-8,35
BigScaryBlackGuy,2,33,12,21,-9,0,2,2,-9,35
Makaveli6103,2,33,12,21,-9,0,1,2,-9,35
Airnessrko,2,34,10,24,-14,4,2,1,-10,35
mehlular,1,34,9,25,-16,6,1,1,-10,35
padrik81,1,34,10,24,-14,2,0,1,-12,35
SamWitch97,1,34,11,23,-12,0,0,1,-12,35
iRepost_things,1,34,9,25,-16,0,1,1,-16,35
WonderWasp,1,33,24,9,15,35,1,1,50,34
Boylanator_94,1,33,28,5,23,17,1,1,40,34
undonk,1,33,27,6,21,13,1,1,34,34
kougatchunk,1,33,29,4,25,8,1,1,33,34
eodtec1985,1,33,31,2,29,3,1,1,32,34
messar_oung,1,33,31,2,29,3,1,1,32,34
missiontodenmark,1,33,29,4,25,6,1,1,31,34
PotatoSurgeon,1,33,32,1,31,0,1,1,31,34
courtneygapac,1,33,32,1,31,0,0,1,31,34
sonfon,2,33,31,2,29,2,0,1,31,34
Jellyman1472,1,33,30,3,27,3,1,1,30,34
OriginalSiri,1,33,28,5,23,7,1,1,30,34
darthrayder,1,33,28,5,23,6,1,1,29,34
il0v3surf1ng,1,33,29,4,25,4,1,1,29,34
TheJoker00,1,33,29,4,25,4,0,1,29,34
Zaphor,2,33,27,6,21,8,0,1,29,34
firebird65g,1,33,28,5,23,5,1,1,28,34
piglet01,1,34,28,6,22,6,1,0,28,34
StumbleineATX,1,34,24,10,14,14,1,0,28,34
littlewhitefriend,1,33,30,3,27,0,1,1,27,34
Living_Dead_Girl,1,33,30,3,27,0,1,1,27,34
pathoszero,1,33,21,12,9,18,1,1,27,34
toolfanatic,1,33,30,3,27,0,1,1,27,34
clouchey,1,33,27,6,21,6,0,1,27,34
House_of_Harkonnen,1,34,27,7,20,6,1,0,26,34
johnstockton,1,34,26,8,18,8,1,0,26,34
lincolnator4000,1,33,24,9,15,11,1,1,26,34
RandomFallacy,1,33,27,6,21,5,1,1,26,34
inm8num2,1,33,29,4,25,0,1,1,25,34
Moonfiya,1,33,27,6,21,4,1,1,25,34
RandomBananas,1,33,27,6,21,4,1,1,25,34
sylux024,1,33,27,6,21,4,1,1,25,34
tashibum,1,33,27,6,21,4,1,1,25,34
wassaman,1,33,27,6,21,4,1,1,25,34
scratchy513,1,33,27,6,21,4,0,1,25,34
Dakar-A,2,32,27,5,22,2,1,2,24,34
Runcle,1,34,25,9,16,8,1,0,24,34
SexyOctopus,1,34,29,5,24,0,1,0,24,34
sixeightsix19,1,33,27,6,21,3,1,1,24,34
Spacesea,1,34,21,13,8,16,1,0,24,34
Stonee77,1,33,27,6,21,3,1,1,24,34
hoosiers26,1,33,25,8,17,7,0,1,24,34
Mobix300,1,33,24,9,15,9,0,1,24,34
beccajenny5692,1,33,28,5,23,0,1,1,23,34
dinodusty,1,33,28,5,23,0,1,1,23,34
Franek,1,33,27,6,21,2,1,1,23,34
KehJay,1,33,27,6,21,2,1,1,23,34
kilkrod,1,33,24,9,15,8,1,1,23,34
mountainblend,1,33,27,6,21,2,1,1,23,34
Oosband,1,34,26,8,18,5,1,0,23,34
stewartpelto,1,33,25,8,17,6,1,1,23,34
Valtrenic,1,33,27,6,21,2,1,1,23,34
khazun,2,32,24,8,16,7,0,2,23,34
eizonut,1,34,25,9,16,6,1,0,22,34
Eljay12,2,32,27,5,22,0,1,2,22,34
iFiredIce,1,34,28,6,22,0,1,0,22,34
iiCUBED,1,34,28,6,22,0,1,0,22,34
island_easter,1,33,25,8,17,5,1,1,22,34
temporary_acount,1,34,27,7,20,2,1,0,22,34
TOAST2218,1,33,26,7,19,3,1,1,22,34
canadaboy96,1,33,27,6,21,0,1,1,21,34
EdbertTheGreat,1,33,27,6,21,0,1,1,21,34
FuzzyHarpyBug,1,33,24,9,15,6,1,1,21,34
goirish2200,1,33,27,6,21,0,1,1,21,34
jewish_fish,1,33,27,6,21,0,1,1,21,34
kubwak,1,34,25,9,16,5,1,0,21,34
madewithrealcheese,1,33,25,8,17,4,1,1,21,34
rolandparkwaydrive,1,33,24,9,15,6,1,1,21,34
ScLi432,1,33,26,7,19,2,1,1,21,34
Scummies,1,33,25,8,17,4,1,1,21,34
SofaCommander,1,33,27,6,21,0,1,1,21,34
Tim_1091,1,33,27,6,21,0,1,1,21,34
VincentPrice,1,33,25,8,17,4,1,1,21,34
cyclura,1,33,26,7,19,2,0,1,21,34
Grittynonsense,1,33,24,9,15,6,0,1,21,34
surprisedpanda,1,33,27,6,21,0,0,1,21,34
brunoip,1,33,25,8,17,3,1,1,20,34
Kakumei21,1,33,25,8,17,3,1,1,20,34
Killcraft69,1,34,25,9,16,4,1,0,20,34
littlealex_18,1,33,24,9,15,5,1,1,20,34
LSD_Sakai,1,34,25,9,16,4,1,0,20,34
ReticulatedSplines,1,33,25,8,17,3,1,1,20,34
wahappen,1,34,26,8,18,2,1,0,20,34
Lostinyourears,1,33,25,8,17,3,0,1,20,34
jakeisawesome5,2,33,20,13,7,12,2,1,19,34
DOCTORCOWMAN,1,33,26,7,19,0,1,1,19,34
GreenEyedBaybee81,1,34,25,9,16,3,1,0,19,34
Not_Clark_Kent,1,33,26,7,19,0,1,1,19,34
nvjar,1,33,22,11,11,8,1,1,19,34
playfulcyanide,1,33,23,10,13,6,1,1,19,34
RobotFolkSinger,1,33,25,8,17,2,1,1,19,34
soydrd,1,33,26,7,19,0,1,1,19,34
treemeister22,1,34,25,9,16,3,1,0,19,34
azndragon20,1,33,23,10,13,6,0,1,19,34
Brysofly,1,33,22,11,11,7,1,1,18,34
chrono-synclastic,1,33,22,11,11,7,1,1,18,34
JediSource,1,33,23,10,13,5,1,1,18,34
Niftyalpaca,1,33,23,10,13,5,1,1,18,34
Saturdays,1,34,23,11,12,6,1,0,18,34
Shanwolf,1,33,22,11,11,7,1,1,18,34
Approvingcanadian,1,33,24,9,15,3,0,1,18,34
iBloviate,1,33,22,11,11,7,0,1,18,34
Bacon-Pancake,1,33,24,9,15,2,1,1,17,34
BigBiscuits,1,33,25,8,17,0,1,1,17,34
Duderamus,1,33,25,8,17,0,1,1,17,34
sciencecurious,1,33,20,13,7,10,1,1,17,34
SirRaoulDuke,1,33,25,8,17,0,1,1,17,34
TedMcGriff,1,33,22,11,11,6,1,1,17,34
thumper242,1,33,23,10,13,4,1,1,17,34
xMelGibsonx,1,33,23,10,13,4,1,1,17,34
HumanTarget,1,33,24,9,15,2,0,1,17,34
jrau,2,32,24,8,16,0,2,2,16,34
andateofit,1,33,23,10,13,3,1,1,16,34
foreverscarred,1,34,25,9,16,0,1,0,16,34
future_somebody,1,33,22,11,11,5,1,1,16,34
ilovetoeshoes,1,33,23,10,13,3,1,1,16,34
mikem4a1,1,33,23,10,13,3,1,1,16,34
MustacheAficionado,1,33,21,12,9,7,1,1,16,34
reider12,1,33,23,10,13,3,1,1,16,34
semoz,1,33,23,10,13,3,1,1,16,34
juxtaposition21,3,31,22,9,13,3,0,3,16,34
aricjamal,2,32,20,12,8,7,2,2,15,34
arsenale,1,33,24,9,15,0,1,1,15,34
bonkai2010,1,33,24,9,15,0,1,1,15,34
cloudatlas93,1,33,20,13,7,8,1,1,15,34
enjeruluca,1,33,24,9,15,0,1,1,15,34
EvanC313,1,33,23,10,13,2,1,1,15,34
gaussprincipleofLC,1,33,20,13,7,8,1,1,15,34
insderkino,1,33,22,11,11,4,1,1,15,34
jguacmann1,1,33,22,11,11,4,1,1,15,34
kaiserwilhelm,1,33,22,11,11,4,1,1,15,34
leevs,1,33,24,9,15,0,1,1,15,34
Mooseman9,1,33,23,10,13,2,1,1,15,34
nedearb124,1,33,23,10,13,2,1,1,15,34
overlord00,1,33,21,12,9,6,1,1,15,34
PrinceBy-Tor,1,33,24,9,15,0,1,1,15,34
seeron,1,33,22,11,11,4,1,1,15,34
TEct0nicBEEst,1,33,24,9,15,0,1,1,15,34
TheShaggyNuts,1,33,23,10,13,2,1,1,15,34
Yeeaaaarrrgh,1,33,23,10,13,2,1,1,15,34
Augie1901,1,33,22,11,11,4,0,1,15,34
connorr,1,33,22,11,11,4,0,1,15,34
Elpickle123,1,33,23,10,13,2,0,1,15,34
fareway,1,33,22,11,11,4,0,1,15,34
firecoloredfeathers,1,33,24,9,15,0,0,1,15,34
grantm81,1,33,23,10,13,2,0,1,15,34
KatyRPisHere,1,33,23,10,13,2,0,1,15,34
ThatSimpleton,1,33,24,9,15,0,0,1,15,34
ez617,2,32,23,9,14,0,2,2,14,34
13535,1,34,23,11,12,2,1,0,14,34
Alcoballic,1,33,19,14,5,9,1,1,14,34
Braixe,1,33,22,11,11,3,1,1,14,34
caziness,1,33,22,11,11,3,1,1,14,34
chaosandwalls,1,34,21,13,8,6,1,0,14,34
DrDinklematter,1,34,22,12,10,4,1,0,14,34
dslexicREINDEER,1,33,21,12,9,5,1,1,14,34
hippiechan,1,33,21,12,9,5,1,1,14,34
NapaDima,1,34,22,12,10,4,1,0,14,34
VagMaster2000,1,33,22,11,11,3,1,1,14,34
Mrleibniz,2,33,22,11,11,2,2,1,13,34
bbnn22,1,33,23,10,13,0,1,1,13,34
BenjermanM,1,33,23,10,13,0,1,1,13,34
BlankGiraffe,1,33,23,10,13,0,1,1,13,34
Chickadee194,1,33,23,10,13,0,1,1,13,34
codybrianjames,1,33,20,13,7,6,1,1,13,34
Douglas_Funny,1,33,21,12,9,4,1,1,13,34
Earlyecho,1,33,20,13,7,6,1,1,13,34
FlyntFlossy912,1,33,23,10,13,0,1,1,13,34
GeneralPanda,1,34,22,12,10,3,1,0,13,34
GottaLoveFishTacoz,1,33,21,12,9,4,1,1,13,34
H4kor,1,33,23,10,13,0,1,1,13,34
Happy_Complimenter,1,33,20,13,7,6,1,1,13,34
henrytheangryredneck,1,33,21,12,9,4,1,1,13,34
jayrav13,1,33,23,10,13,0,1,1,13,34
JimbleFredberry,1,33,21,12,9,4,1,1,13,34
knut_the_miller,1,33,22,11,11,2,1,1,13,34
Lefthandsucks,1,33,22,11,11,2,1,1,13,34
MassRelay,1,33,23,10,13,0,1,1,13,34
NormTriple5,1,33,22,11,11,2,1,1,13,34
prekrish,1,33,21,12,9,4,1,1,13,34
question_all_the_thi,1,33,23,10,13,0,1,1,13,34
RawrBacon,1,33,23,10,13,0,1,1,13,34
RexVesica,1,33,23,10,13,0,1,1,13,34
ShayyLikesKnives,1,33,23,10,13,0,1,1,13,34
sureshot23,1,33,23,10,13,0,1,1,13,34
theparchmentbird,1,33,23,10,13,0,1,1,13,34
Tuckzen,1,33,22,11,11,2,1,1,13,34
turdzzz,1,33,23,10,13,0,1,1,13,34
WillTheGreat,1,33,23,10,13,0,1,1,13,34
willy-shorts,1,33,23,10,13,0,1,1,13,34
norskboss,1,33,23,10,13,0,0,1,13,34
Piasek_Ssie_Badyle,1,33,23,10,13,0,0,1,13,34
wakaohshit,1,33,21,12,9,4,0,1,13,34
Boshasaurus,2,32,21,11,10,2,2,2,12,34
guitarisc00l,2,32,19,13,6,6,2,2,12,34
nopiate,2,34,21,13,8,4,2,0,12,34
silverbullet714,2,33,21,12,9,3,2,1,12,34
LSD_Screen,1,34,21,13,8,4,1,0,12,34
Mcd13,1,33,19,14,5,7,1,1,12,34
TdotMatrix,1,33,21,12,9,3,1,1,12,34
TheDefecator,1,33,21,12,9,3,1,1,12,34
AvkommaN,2,32,19,13,6,5,2,2,11,34
eskdc,2,33,20,13,7,4,2,1,11,34
Fibonacci35813,2,32,16,16,0,11,2,2,11,34
BigGrayBeast,1,34,20,14,6,5,1,0,11,34
Bowtiesarecool96,1,33,22,11,11,0,1,1,11,34
ByuGrl,1,33,22,11,11,0,1,1,11,34
fnG0ilo04mLxXxCdq1QQ,1,33,21,12,9,2,1,1,11,34
JMEYER2090,1,33,20,13,7,4,1,1,11,34
munimula1712,1,33,19,14,5,6,1,1,11,34
nanderson815,1,33,22,11,11,0,1,1,11,34
SecretlyASexAddict,2,32,18,14,4,7,1,2,11,34
shortwave_cranium,1,33,22,11,11,0,1,1,11,34
Tenor123,1,33,21,12,9,2,1,1,11,34
theonlycause,1,33,20,13,7,4,1,1,11,34
widdly_scuds,1,34,21,13,8,3,1,0,11,34
SwimDrew,1,33,21,12,9,2,0,1,11,34
MstrBlonde,2,32,20,12,8,2,2,2,10,34
TheBird47,2,32,20,12,8,2,2,2,10,34
Zigus,2,32,21,11,10,0,2,2,10,34
Ahrimanix,2,33,20,13,7,3,1,1,10,34
Bilo_Sagdiev,1,33,19,14,5,5,1,1,10,34
damnitcletus,2,32,20,12,8,2,1,2,10,34
QMab,1,33,20,13,7,3,1,1,10,34
tripleR,1,34,22,12,10,0,1,0,10,34
x0mbigrl,1,33,19,14,5,5,1,1,10,34
kingclarkeson,1,33,20,13,7,3,0,1,10,34
Benjimann,1,33,19,14,5,4,1,1,9,34
ColonialBowties,1,33,19,14,5,4,1,1,9,34
dataninja368,1,33,21,12,9,0,1,1,9,34
dfd720,1,33,21,12,9,0,1,1,9,34
HowObvious,1,33,21,12,9,0,1,1,9,34
jdiditok,1,33,21,12,9,0,1,1,9,34
jubjubmacrub,1,33,21,12,9,0,1,1,9,34
king_llama,1,33,19,14,5,4,1,1,9,34
LoveYourSpleen,1,33,20,13,7,2,1,1,9,34
moab-girl,1,33,17,16,1,8,1,1,9,34
moriartyisourking,1,33,21,12,9,0,1,1,9,34
mugzyyy,1,33,21,12,9,0,1,1,9,34
nathanate,1,33,16,17,-1,10,1,1,9,34
philgood222,1,33,21,12,9,0,1,1,9,34
RyFly95,1,33,19,14,5,4,1,1,9,34
Sanoris,1,33,20,13,7,2,1,1,9,34
seventhedition,1,33,21,12,9,0,1,1,9,34
theblackcat983,1,33,20,13,7,2,1,1,9,34
thr3adh3ad,1,33,21,12,9,0,1,1,9,34
fallen79,2,32,20,12,8,0,2,2,8,34
sweetsourwilly,2,32,17,15,2,6,2,2,8,34
Charmeleomander,1,33,19,14,5,3,1,1,8,34
easyrage,1,33,19,14,5,3,1,1,8,34
JesusminustheU,1,34,21,13,8,0,1,0,8,34
libbyjon,1,34,21,13,8,0,1,0,8,34
MarmotChaos,1,34,21,13,8,0,1,0,8,34
Nerbil2,1,33,18,15,3,5,1,1,8,34
sweetcheeksbaby,1,33,19,14,5,3,1,1,8,34
tt7297,1,33,19,14,5,3,1,1,8,34
vinyl_key,1,33,19,14,5,3,1,1,8,34
fromthedesert,2,32,20,12,8,0,0,2,8,34
Spungey,1,33,18,15,3,5,0,1,8,34
Karfanatik,2,32,17,15,2,5,2,2,7,34
Aqec,1,33,20,13,7,0,1,1,7,34
Blackthor,1,33,20,13,7,0,1,1,7,34
Falafeltree,1,33,20,13,7,0,1,1,7,34
Georgeandlola,1,33,19,14,5,2,1,1,7,34
iceflamefoxfur,1,33,19,14,5,2,1,1,7,34
mrtsqurt,1,33,20,13,7,0,1,1,7,34
Nyxenon,1,33,20,13,7,0,1,1,7,34
stevanmilo,1,33,19,14,5,2,1,1,7,34
yoboy3123,1,33,19,14,5,2,1,1,7,34
sakredseven,1,33,20,13,7,0,0,1,7,34
sube_fresh,1,33,19,14,5,2,0,1,7,34
Fizzlerr,1,33,18,15,3,3,1,1,6,34
LelahMunster,1,33,18,15,3,3,1,1,6,34
mokro,1,33,18,15,3,3,1,1,6,34
Morrben820,1,33,18,15,3,3,1,1,6,34
rumster,2,32,16,16,0,6,1,2,6,34
AcadianBacon,1,33,18,15,3,2,1,1,5,34
ahnysza,1,33,19,14,5,0,1,1,5,34
cbroncos67,1,33,19,14,5,0,1,1,5,34
dajoeybird,1,33,19,14,5,0,1,1,5,34
hewaslegend,1,33,19,14,5,0,1,1,5,34
Hugh_Schmefner,1,33,19,14,5,0,1,1,5,34
LordNibbler13,1,33,16,17,-1,6,1,1,5,34
Mechatronical,1,33,19,14,5,0,1,1,5,34
NickConrad,1,33,18,15,3,2,1,1,5,34
Twoll,1,33,18,15,3,2,1,1,5,34
xaviersstuff,1,33,19,14,5,0,0,1,5,34
cjls,1,34,19,15,4,0,1,0,4,34
crysania46and2,1,33,16,17,-1,5,1,1,4,34
kong239,1,33,17,16,1,3,1,1,4,34
openxmind,1,33,17,16,1,3,1,1,4,34
RAGGA_MUFFIN,1,33,15,18,-3,7,0,1,4,34
Tropicall,2,32,17,15,2,2,0,2,4,34
T-Sten,1,33,17,16,1,3,0,1,4,34
Cheese_cake,1,33,18,15,3,0,1,1,3,34
FancyFuckingSloth,1,33,14,19,-5,8,1,1,3,34
ItsSarahMarie,1,33,18,15,3,0,1,1,3,34
nyrol,1,33,16,17,-1,4,1,1,3,34
sebouhlol,1,33,18,15,3,0,1,1,3,34
titaniumuinatit,1,33,18,15,3,0,1,1,3,34
vereonix,1,33,15,18,-3,6,1,1,3,34
WinstonWoIfe,1,33,18,15,3,0,1,1,3,34
xOois,1,33,18,15,3,0,1,1,3,34
bawlzsauce,2,32,17,15,2,0,2,2,2,34
YourMomIsAMan,2,32,16,16,0,2,2,2,2,34
brontosaurus-rex,2,32,17,15,2,0,1,2,2,34
joeyisexy,1,33,14,19,-5,7,1,1,2,34
Very_Clevar,1,33,15,18,-3,5,1,1,2,34
remlu,1,33,15,18,-3,5,0,1,2,34
chinkythemanlyman,1,33,17,16,1,0,1,1,1,34
ConsecutiveHeadshot,1,33,15,18,-3,4,1,1,1,34
iTzJdogxD,1,33,14,19,-5,6,1,1,1,34
jrx04,2,33,17,16,1,0,1,1,1,34
waghammer,1,33,15,18,-3,4,1,1,1,34
Worthy_of_Upvotes,1,33,17,16,1,0,1,1,1,34
Zhazlett13,1,33,14,19,-5,6,1,1,1,34
Pirate2012,1,33,15,18,-3,4,0,1,1,34
Shiawian,1,33,15,18,-3,4,0,1,1,34
galactoids,2,32,16,16,0,0,2,2,0,34
Dixmasher69,2,32,16,16,0,0,1,2,0,34
farmallking,2,32,16,16,0,0,1,2,0,34
redditislemons,2,32,15,17,-2,2,1,2,0,34
skitso,1,33,14,19,-5,5,1,1,0,34
ChanceDaMan,1,33,15,18,-3,3,0,1,0,34
Iheartbabes,1,33,14,19,-5,5,0,1,0,34
josered1254,2,32,14,18,-4,4,0,2,0,34
bryant_peppers,2,32,14,18,-4,3,2,2,-1,34
ControlledExplosion,1,34,15,19,-4,3,1,0,-1,34
killahcortes,1,33,15,18,-3,2,1,1,-1,34
KingPhilanthropist,1,33,16,17,-1,0,1,1,-1,34
LikeMyTits,1,33,15,18,-3,2,1,1,-1,34
mcbaginns,1,33,14,19,-5,4,1,1,-1,34
Signoffish53,1,33,16,17,-1,0,1,1,-1,34
ZarkingFrood42,1,33,16,17,-1,0,1,1,-1,34
Skeeders,1,33,16,17,-1,0,0,1,-1,34
edmondsjr3,2,32,13,19,-6,4,2,2,-2,34
howd_i_even_get_here,2,32,15,17,-2,0,2,2,-2,34
damaximum,1,33,14,19,-5,3,1,1,-2,34
frakily123,1,33,13,20,-7,5,1,1,-2,34
Natrag,1,33,13,20,-7,5,1,1,-2,34
zoomzoomla,1,33,14,19,-5,3,1,1,-2,34
WhiteMamba1,1,33,14,19,-5,3,0,1,-2,34
_Dolan_,2,33,12,21,-9,6,2,1,-3,34
drivenbyfire91,1,33,13,20,-7,4,1,1,-3,34
jogonumug,1,33,14,19,-5,2,1,1,-3,34
PillageYourVillage,1,33,15,18,-3,0,1,1,-3,34
theNo1scotsman,1,33,15,18,-3,0,1,1,-3,34
vintage56,1,33,15,18,-3,0,1,1,-3,34
wyllowe24,1,33,15,18,-3,0,1,1,-3,34
iLikeMen69,1,33,13,20,-7,4,0,1,-3,34
nachpach,2,32,14,18,-4,0,2,2,-4,34
brainofbo,1,33,12,21,-9,5,1,1,-4,34
d4rk_l1gh7,1,33,13,20,-7,3,1,1,-4,34
gullar,2,33,12,21,-9,5,1,1,-4,34
Carwyn,1,33,14,19,-5,0,1,1,-5,34
maidindevon90,1,33,14,19,-5,0,1,1,-5,34
photoboi,1,33,14,19,-5,0,1,1,-5,34
alonzo-ny,2,32,13,19,-6,0,1,2,-6,34
jdbranded,1,33,12,21,-9,3,1,1,-6,34
Caseyjohnson,1,33,12,21,-9,3,0,1,-6,34
dirtypoison,1,33,13,20,-7,0,1,1,-7,34
HaydenDomino,1,33,13,20,-7,0,1,1,-7,34
RunningNose,1,33,12,21,-9,2,1,1,-7,34
dial_m_for_me,1,33,13,20,-7,0,0,1,-7,34
narrowpray,2,32,12,20,-8,0,1,2,-8,34
quarck11,1,33,12,21,-9,0,1,1,-9,34
TopsandTotems,1,33,12,21,-9,0,1,1,-9,34
TopTheTop,1,33,12,21,-9,0,1,1,-9,34
jCook1025,2,32,10,22,-12,0,1,2,-12,34
Felt_Ninja,1,33,9,24,-15,0,1,1,-15,34
cheezewiz05,2,32,8,24,-16,0,0,2,-16,34
jonrules11,1,33,33,0,33,0,1,0,33,33
dadouglas,1,32,22,10,12,20,1,1,32,33
Hookshow,1,33,30,3,27,4,1,0,31,33
Pro221,1,32,29,3,26,5,1,1,31,33
Rydea,1,33,30,3,27,4,1,0,31,33
az4z3l,1,33,30,3,27,3,1,0,30,33
joereadel,1,32,24,8,16,14,1,1,30,33
angleshavethebox,1,32,31,1,30,0,0,1,30,33
Sleekery,1,32,31,1,30,0,0,1,30,33
AsylumPlagueRat,1,32,29,3,26,3,1,1,29,33
maidofawesome,1,32,29,3,26,3,1,1,29,33
arnyftw,1,32,28,4,24,5,0,1,29,33
teamTLLP,1,32,28,4,24,4,1,1,28,33
Sneller1985,1,32,23,9,14,13,1,1,27,33
rickthecabbie,1,32,27,5,22,5,0,1,27,33
Bi-la_kaifa,1,32,28,4,24,2,1,1,26,33
blackmtndew,1,32,29,3,26,0,1,1,26,33
shimmeringcircuits,1,33,22,11,11,15,1,0,26,33
squidwillis,1,32,29,3,26,0,1,1,26,33
false404,1,32,28,4,24,2,0,1,26,33
nimrod1017,1,32,24,8,16,10,0,1,26,33
JayKendall,1,33,29,4,25,0,1,0,25,33
THIRTYSIXCAB,1,32,27,5,22,3,1,1,25,33
greenapples,1,33,25,8,17,7,1,0,24,33
kfreeman151,1,32,27,5,22,2,1,1,24,33
Kosbalr,1,32,28,4,24,0,1,1,24,33
Mastakel,1,32,28,4,24,0,1,1,24,33
mcderpderp,1,32,28,4,24,0,1,1,24,33
pitterbugjerfume,1,32,28,4,24,0,1,1,24,33
RanksUrLawls,1,32,27,5,22,2,1,1,24,33
jenncantdance,1,32,25,7,18,6,0,1,24,33
ShepardTone,1,32,28,4,24,0,0,1,24,33
IrishDrunk,1,32,26,6,20,3,1,1,23,33
jimadybobalon,1,32,25,7,18,5,1,1,23,33
menschlich,1,32,26,6,20,3,1,1,23,33
Scheme84,1,32,25,7,18,5,1,1,23,33
SoundbiteProductions,1,32,26,6,20,3,1,1,23,33
grammaticalfailure,1,32,24,8,16,7,0,1,23,33
monkeyfecesallover,1,32,26,6,20,3,0,1,23,33
turtlehead501,1,32,25,7,18,5,0,1,23,33
ewat85,1,32,27,5,22,0,1,1,22,33
impression_sunrise,1,32,27,5,22,0,1,1,22,33
kidflugufrelsar,1,32,26,6,20,2,1,1,22,33
ryanoetting,1,32,27,5,22,0,1,1,22,33
telestrial,1,32,27,5,22,0,1,1,22,33
TheBaldWonder,2,31,24,7,17,5,1,2,22,33
Charnia,1,32,27,5,22,0,0,1,22,33
SGwithADD,1,32,27,5,22,0,0,1,22,33
untrendy,1,32,27,5,22,0,0,1,22,33
BABY_FETISH,1,32,23,9,14,7,1,1,21,33
Double0zero,1,33,27,6,21,0,1,0,21,33
HotGarbage,1,32,24,8,16,5,1,1,21,33
jonygabriel,1,32,24,8,16,5,1,1,21,33
KingRoy826,1,32,25,7,18,3,1,1,21,33
reinederien,1,32,23,9,14,7,1,1,21,33
venomweilder,1,32,23,9,14,7,1,1,21,33
werty1432k,2,31,19,12,7,14,1,2,21,33
Cotillion1180,1,32,26,6,20,0,1,1,20,33
danwin,1,33,25,8,17,3,1,0,20,33
Dappergentleraptor,1,32,19,13,6,14,1,1,20,33
ElboRexel,1,33,23,10,13,7,1,0,20,33
groylott,1,32,25,7,18,2,1,1,20,33
HickoryDickoryDank,1,32,25,7,18,2,1,1,20,33
JaseSpace18,1,32,24,8,16,4,1,1,20,33
Launcelot555,1,33,23,10,13,7,1,0,20,33
Leo__McGarry,1,32,24,8,16,4,1,1,20,33
NeverOnTop,1,33,25,8,17,3,1,0,20,33
Ozzeguera,1,32,20,12,8,12,1,1,20,33
SimonKTemplar,1,32,26,6,20,0,1,1,20,33
tuscangourmet,1,32,20,12,8,12,1,1,20,33
b00tyman93,1,32,25,7,18,2,0,1,20,33
I_REMOVE_COCKS,1,32,26,6,20,0,0,1,20,33
Pabrunthhu,1,32,25,7,18,2,0,1,20,33
TrLOLvis,1,32,25,7,18,2,0,1,20,33
-Snazzy-,2,31,24,7,17,2,2,2,19,33
andrs1031,1,33,25,8,17,2,1,0,19,33
bobcatbart,1,32,24,8,16,3,1,1,19,33
DreadNephromancer,1,32,22,10,12,7,1,1,19,33
dudeologist,1,32,24,8,16,3,1,1,19,33
ffhanger,1,32,24,8,16,3,1,1,19,33
fishing2005,1,33,25,8,17,2,1,0,19,33
SannyMoosk,1,32,24,8,16,3,1,1,19,33
SquidManHero,1,32,24,8,16,3,1,1,19,33
thedudeslandlord,1,32,22,10,12,7,1,1,19,33
hazjer21,1,32,20,12,8,11,0,1,19,33
Sarken39,1,32,24,8,16,3,0,1,19,33
beanielove,3,30,24,6,18,0,2,3,18,33
888alltheway,1,32,25,7,18,0,1,1,18,33
ATF_Ninja,1,32,25,7,18,0,1,1,18,33
bexynolan,1,32,24,8,16,2,1,1,18,33
browniebud,1,32,23,9,14,4,1,1,18,33
dpdrummer14,1,32,25,7,18,0,1,1,18,33
DungeonMaster45,1,32,25,7,18,0,1,1,18,33
I_like_turds,1,32,24,8,16,2,1,1,18,33
jyapman,1,32,23,9,14,4,1,1,18,33
LikeATroll,1,32,25,7,18,0,1,1,18,33
m1ndcr1me,1,32,21,11,10,8,1,1,18,33
Mr_I_Know,1,32,24,8,16,2,1,1,18,33
oldskeleton,1,32,25,7,18,0,1,1,18,33
procrastimaster,1,32,25,7,18,0,1,1,18,33
Ryder52,1,32,25,7,18,0,1,1,18,33
SailinOn,1,32,24,8,16,2,1,1,18,33
sipoloco,1,32,24,8,16,2,1,1,18,33
umbreon64,1,33,23,10,13,5,1,0,18,33
dabu222,1,32,24,8,16,2,0,1,18,33
Eris1028,1,32,24,8,16,2,0,1,18,33
miteypaul,1,32,25,7,18,0,0,1,18,33
MorsoesTorso,1,32,24,8,16,2,0,1,18,33
uniquethings4you,1,32,24,8,16,2,0,1,18,33
Beatlemaniacjng98,2,31,21,10,11,6,1,2,17,33
Firstoftheyear,1,33,25,8,17,0,1,0,17,33
PartlyHeaded,1,32,23,9,14,3,1,1,17,33
benniejet5,1,32,19,13,6,11,0,1,17,33
COTT0NEYEDJOE,1,32,22,10,12,5,0,1,17,33
loveconquersall717,2,31,23,8,15,2,0,2,17,33
SenorBeefy,2,31,22,9,13,4,0,2,17,33
Andypwns,1,32,21,11,10,6,1,1,16,33
b43ndan,1,32,23,9,14,2,1,1,16,33
baggybottom,1,32,24,8,16,0,1,1,16,33
bringsomeham,1,32,23,9,14,2,1,1,16,33
buckeyebrad3,1,32,23,9,14,2,1,1,16,33
f0etus,1,32,24,8,16,0,1,1,16,33
FoolsPower,1,32,24,8,16,0,1,1,16,33
Hbaus,1,32,23,9,14,2,1,1,16,33
jhonotan1,1,32,23,9,14,2,1,1,16,33
kittenisfat,1,32,24,8,16,0,1,1,16,33
mgrasdal,2,32,24,8,16,0,1,1,16,33
PandaBearMC,1,32,23,9,14,2,1,1,16,33
Penus_duck,1,32,24,8,16,0,1,1,16,33
red_warden,1,32,23,9,14,2,1,1,16,33
schizmarck,1,32,23,9,14,2,1,1,16,33
thejackash,1,32,24,8,16,0,1,1,16,33
Tyler_Dawson,1,32,24,8,16,0,1,1,16,33
OJYEE,2,31,21,10,11,4,2,2,15,33
frothy_walarus,2,31,23,8,15,0,1,2,15,33
huh_HUH,1,33,22,11,11,4,1,0,15,33
I_Will_Downvote_you_,2,31,23,8,15,0,1,2,15,33
macarassacre,1,32,19,13,6,9,1,1,15,33
Rizzlamuerte,1,32,20,12,8,7,1,1,15,33
SmileAfterReading,1,32,19,13,6,9,1,1,15,33
TheFr1nk,1,32,22,10,12,3,1,1,15,33
TurkJas,1,32,20,12,8,7,1,1,15,33
himynameisjohn_,1,32,22,10,12,3,0,1,15,33
adar55,1,32,23,9,14,0,1,1,14,33
boyaho,1,32,22,10,12,2,1,1,14,33
camelhorse,1,32,22,10,12,2,1,1,14,33
dirtbro3,3,30,21,9,12,2,1,3,14,33
djsmith89,2,31,21,10,11,3,1,2,14,33
gatsby85,2,31,21,10,11,3,1,2,14,33
jbiebsgotmethrobbin,1,32,23,9,14,0,1,1,14,33
Samareye,1,32,23,9,14,0,1,1,14,33
SkinnyDazedConfused,1,32,21,11,10,4,1,1,14,33
stevenc81,1,32,22,10,12,2,1,1,14,33
theian01,1,32,23,9,14,0,1,1,14,33
univega,1,32,23,9,14,0,1,1,14,33
yeahHedid,1,32,23,9,14,0,1,1,14,33
zebraalien,1,32,23,9,14,0,1,1,14,33
chewie247,1,32,20,12,8,6,0,1,14,33
InternetOrphan,1,32,23,9,14,0,0,1,14,33
NYGiants1532,1,32,22,10,12,2,0,1,14,33
SgtMaj_Obvious,1,32,23,9,14,0,0,1,14,33
WithdrawnSean,1,32,23,9,14,0,0,1,14,33
amiicarpediem,1,32,20,12,8,5,1,1,13,33
AndrewEire,1,33,23,10,13,0,1,0,13,33
andrewfcb,1,32,21,11,10,3,1,1,13,33
EroticBananaz,1,32,21,11,10,3,1,1,13,33
Jackal_no,1,33,23,10,13,0,1,0,13,33
jdylopa,2,31,22,9,13,0,1,2,13,33
NoOneLikesAnchovies,1,32,21,11,10,3,1,1,13,33
rpedersen1856,1,33,23,10,13,0,1,0,13,33
BudderFM,2,31,16,15,1,11,1,2,12,33
cassyorama,1,32,22,10,12,0,1,1,12,33
crazypants808,1,32,20,12,8,4,1,1,12,33
EarlTheDinosaur,1,32,21,11,10,2,1,1,12,33
iamawesome25,1,32,22,10,12,0,1,1,12,33
King_Theseus,1,32,22,10,12,0,1,1,12,33
Linky117,1,32,20,12,8,4,1,1,12,33
nothingisprivate,1,32,20,12,8,4,1,1,12,33
PerfectDark1,1,32,22,10,12,0,1,1,12,33
PsychicWarElephant,1,32,20,12,8,4,1,1,12,33
quantum_fireball,1,32,22,10,12,0,1,1,12,33
Rape_Van_Winkle,1,32,22,10,12,0,1,1,12,33
rwayne1417,1,32,22,10,12,0,1,1,12,33
SethIdol,1,32,22,10,12,0,1,1,12,33
sheps138,1,32,21,11,10,2,1,1,12,33
Skillshot,1,32,22,10,12,0,1,1,12,33
Teddyknockout,1,32,22,10,12,0,1,1,12,33
TheJuBe,1,32,22,10,12,0,1,1,12,33
ThePubicHairFairy,1,32,22,10,12,0,1,1,12,33
losthighway12,1,32,21,11,10,2,0,1,12,33
zewomenz,1,32,22,10,12,0,0,1,12,33
jcice25,2,31,20,11,9,2,2,2,11,33
johnps4010,2,31,20,11,9,2,2,2,11,33
pharell,2,31,21,10,11,0,2,2,11,33
Haggismaximus,1,33,22,11,11,0,1,0,11,33
hxcbx,1,32,19,13,6,5,1,1,11,33
I_AM_ACTUALLY_A_BEAR,1,32,20,12,8,3,1,1,11,33
karaokay,1,33,22,11,11,0,1,0,11,33
lolzsupbrah,1,32,19,13,6,5,1,1,11,33
nunyabeans,1,32,19,13,6,5,1,1,11,33
Tezius,1,32,20,12,8,3,1,1,11,33
wabuson,1,33,22,11,11,0,1,0,11,33
westflare,2,31,14,17,-3,14,1,2,11,33
wolowizard34,1,33,22,11,11,0,1,0,11,33
Zero_beet,1,33,22,11,11,0,1,0,11,33
LagWagon,2,31,19,12,7,3,2,2,10,33
0takuSharkGuy,1,32,21,11,10,0,1,1,10,33
Alakon,1,32,21,11,10,0,1,1,10,33
ArabianBlue,1,32,21,11,10,0,1,1,10,33
chadratic,1,32,21,11,10,0,1,1,10,33
CherryRedBomb,1,32,20,12,8,2,1,1,10,33
childsleaze,1,32,18,14,4,6,1,1,10,33
coffbr01,1,32,20,12,8,2,1,1,10,33
foxifantastic,1,32,21,11,10,0,1,1,10,33
mffman,1,32,20,12,8,2,1,1,10,33
OBLIMINON,1,32,21,11,10,0,1,1,10,33
Original_Reposts,1,32,21,11,10,0,1,1,10,33
qjrw22618,1,32,21,11,10,0,1,1,10,33
SamiTheBystander,1,32,21,11,10,0,1,1,10,33
SOAD008,1,32,21,11,10,0,1,1,10,33
Splinter1010,1,32,21,11,10,0,1,1,10,33
TurdLog,1,32,20,12,8,2,1,1,10,33
Vexon,1,32,18,14,4,6,1,1,10,33
wedapeople,1,32,21,11,10,0,1,1,10,33
westley96,1,32,20,12,8,2,1,1,10,33
CanadianEhh,1,32,20,12,8,2,0,1,10,33
fiveseventytwo,1,32,21,11,10,0,0,1,10,33
inthemiddnight,1,32,20,12,8,2,0,1,10,33
maybetrue,1,32,19,13,6,4,0,1,10,33
Skinxy,1,32,20,12,8,2,0,1,10,33
WestWays818,1,32,21,11,10,0,0,1,10,33
yourprobablywrong,1,32,20,12,8,2,0,1,10,33
oglerintheocean,2,31,14,17,-3,12,2,2,9,33
blueandgoldmacaw,1,32,18,14,4,5,1,1,9,33
Huxleyism,2,31,13,18,-5,14,1,2,9,33
pwntuspilate,1,33,21,12,9,0,1,0,9,33
sencinitas,2,31,19,12,7,2,1,2,9,33
skratch,1,33,21,12,9,0,1,0,9,33
yetanotherfa,1,33,21,12,9,0,1,0,9,33
Disapointed_Turtle,1,32,18,14,4,5,0,1,9,33
Flashbang1985,1,32,19,13,6,3,0,1,9,33
b2basics,2,31,17,14,3,5,2,2,8,33
Daneruu,2,31,18,13,5,3,2,2,8,33
shazbaz,2,31,18,13,5,3,2,2,8,33
AbsintheKid,1,32,19,13,6,2,1,1,8,33
Awheelchair,1,32,20,12,8,0,1,1,8,33
Chilaxicle,1,33,18,15,3,5,1,0,8,33
CptDank,1,32,20,12,8,0,1,1,8,33
CraazyShot,1,32,20,12,8,0,1,1,8,33
DonkeousMaximus,1,32,20,12,8,0,1,1,8,33
Echosong,1,32,19,13,6,2,1,1,8,33
foo1219,1,32,20,12,8,0,1,1,8,33
isayed,1,32,19,13,6,2,1,1,8,33
kmoore14,1,32,20,12,8,0,1,1,8,33
lonelyduck92,1,32,19,13,6,2,1,1,8,33
Montyism,1,32,20,12,8,0,1,1,8,33
Reposting_Paladin,1,32,20,12,8,0,1,1,8,33
shawnxstl,2,31,17,14,3,5,1,2,8,33
SwiftKid,1,32,19,13,6,2,1,1,8,33
Yonnzl,1,32,20,12,8,0,1,1,8,33
larseny13,1,32,20,12,8,0,0,1,8,33
Wesley_Snipez,1,32,20,12,8,0,0,1,8,33
Red_The_Russian,2,31,17,14,3,4,2,2,7,33
awesomesause69,1,32,18,14,4,3,1,1,7,33
chrisblips,1,32,15,17,-2,9,1,1,7,33
elephantshoe13,1,33,20,13,7,0,1,0,7,33
JesseCan2Step,1,32,17,15,2,5,1,1,7,33
lookitskeith,1,32,18,14,4,3,1,1,7,33
madkristoff,2,31,18,13,5,2,1,2,7,33
Olve1989,1,33,20,13,7,0,1,0,7,33
Hynil,2,31,15,16,-1,7,2,2,6,33
tsahsiewfan,3,32,17,15,2,4,2,1,6,33
bronzeplatewings,1,32,19,13,6,0,1,1,6,33
NoACinNola,1,32,18,14,4,2,1,1,6,33
rich_bitch,1,32,18,14,4,2,1,1,6,33
Science_Monster,1,32,19,13,6,0,1,1,6,33
sethdomenic,1,32,19,13,6,0,1,1,6,33
StumblingDigger,1,32,18,14,4,2,1,1,6,33
thejuly4,2,32,19,13,6,0,1,1,6,33
tylerl424,1,32,18,14,4,2,1,1,6,33
xxslayerxx360,1,32,17,15,2,4,1,1,6,33
Kanganador,1,32,19,13,6,0,0,1,6,33
dustinp4prez,2,31,18,13,5,0,2,2,5,33
mysn07,2,31,17,14,3,2,2,2,5,33
Kakoose,1,32,17,15,2,3,1,1,5,33
zjb55446,2,31,18,13,5,0,0,2,5,33
CaptainPain,2,31,16,15,1,3,2,2,4,33
ajlm,2,32,16,16,0,4,1,1,4,33
Apollo1-1,1,32,18,14,4,0,1,1,4,33
BassKiwi,1,32,17,15,2,2,1,1,4,33
chronicdr2000,1,32,18,14,4,0,1,1,4,33
DidIGetThatRight,1,32,18,14,4,0,1,1,4,33
DrOwl13,1,32,16,16,0,4,1,1,4,33
laragnavat,1,32,18,14,4,0,1,1,4,33
SandCastle123,1,32,17,15,2,2,1,1,4,33
Sofasoldier,1,32,14,18,-4,8,1,1,4,33
tfwywncomkf,1,32,16,16,0,4,1,1,4,33
winnick,1,32,13,19,-6,10,1,1,4,33
WonTonChin,1,32,18,14,4,0,1,1,4,33
dr_fox,1,32,18,14,4,0,0,1,4,33
imike218,1,32,16,16,0,4,0,1,4,33
aflamingbaby,2,31,17,14,3,0,2,2,3,33
catalyst24,2,31,16,15,1,2,2,2,3,33
sonic_stig,2,31,17,14,3,0,2,2,3,33
gilliganagain,1,32,13,19,-6,9,1,1,3,33
BigJohnWDE,2,31,17,14,3,0,0,2,3,33
Fazugfx1,1,32,16,16,0,3,0,1,3,33
7o0,1,32,14,18,-4,6,1,1,2,33
Caliluv,1,32,17,15,2,0,1,1,2,33
perpetualpriapism,1,32,15,17,-2,4,1,1,2,33
Eyezor,1,32,15,17,-2,3,1,1,1,33
ibechainsawin,1,32,14,18,-4,5,1,1,1,33
fearer4000,1,32,14,18,-4,4,1,1,0,33
hadees,1,33,15,18,-3,3,1,0,0,33
hoffmad08,2,31,11,20,-9,9,1,2,0,33
Kandanarne,1,32,15,17,-2,2,1,1,0,33
Neverhood123,1,32,15,17,-2,2,1,1,0,33
powerman9,2,32,14,18,-4,4,1,1,0,33
rosie146,1,32,15,17,-2,2,1,1,0,33
RockKickA3,2,31,15,16,-1,0,2,2,-1,33
UntrueAlpacaFacts,2,31,14,17,-3,2,2,2,-1,33
PercentOne,1,32,14,18,-4,3,1,1,-1,33
QwertyAzertyFlerty,1,32,14,18,-4,3,1,1,-1,33
victoryshallbemine,1,32,14,18,-4,3,1,1,-1,33
zKobeh,2,31,12,19,-7,6,1,2,-1,33
skyrimjob34,1,32,14,18,-4,3,0,1,-1,33
baconberrypie,1,32,14,18,-4,2,1,1,-2,33
burnafterreading91,1,32,13,19,-6,4,1,1,-2,33
doritoclock,1,32,14,18,-4,2,1,1,-2,33
Electric_Reflection,1,32,14,18,-4,2,1,1,-2,33
jdf16,1,32,15,17,-2,0,1,1,-2,33
NiallCrocodile,1,32,12,20,-8,6,1,1,-2,33
Readydanie,1,32,13,19,-6,4,1,1,-2,33
GalacticUndead,1,32,14,18,-4,2,0,1,-2,33
ronaldo95,2,31,14,17,-3,0,2,2,-3,33
KRossVD,1,32,13,19,-6,3,0,1,-3,33
MAC777,1,32,13,19,-6,3,0,1,-3,33
arg91,1,32,13,19,-6,2,1,1,-4,33
datfeelbr0,1,32,14,18,-4,0,1,1,-4,33
GLBTRT,1,32,14,18,-4,0,1,1,-4,33
itlnheat,1,32,14,18,-4,0,1,1,-4,33
Lonely2012,1,32,13,19,-6,2,1,1,-4,33
lurkerandy,1,32,14,18,-4,0,1,1,-4,33
mrhappytroll,1,32,14,18,-4,0,1,1,-4,33
seraphax86,1,32,12,20,-8,4,1,1,-4,33
spacema,1,32,13,19,-6,2,1,1,-4,33
StacheWhacker,1,32,13,19,-6,2,1,1,-4,33
TBONETHEWALRUS,2,32,13,19,-6,2,1,1,-4,33
Brunch_Detention,1,33,14,19,-5,0,1,0,-5,33
NlghtFury,1,32,13,19,-6,0,1,1,-6,33
DwightKurtShruteIII,1,32,13,19,-6,0,0,1,-6,33
behindthelines-v2,1,32,11,21,-10,2,1,1,-8,33
LeetroyJnkns,2,31,10,21,-11,2,2,2,-9,33
Shermanizer,2,31,11,20,-9,0,2,2,-9,33
Beanies,1,32,9,23,-14,4,1,1,-10,33
brendanblack,2,31,7,24,-17,3,1,2,-14,33
cyray7,1,32,6,26,-20,0,1,1,-20,33
thelonelystoner420,1,31,26,5,21,13,1,1,34,32
wiseroner,1,32,28,4,24,10,1,0,34,32
yomammabitch,1,31,28,3,25,6,0,1,31,32
satispurefaction,1,31,29,2,27,3,1,1,30,32
burnt_bacon,1,32,29,3,26,3,1,0,29,32
Chaoshade,1,31,30,1,29,0,1,1,29,32
Retarted_Orangutan,1,31,30,1,29,0,1,1,29,32
BaltimoreNerdo,1,32,24,8,16,12,1,0,28,32
bkarpowicz,1,31,24,7,17,11,1,1,28,32
eonx2,1,31,28,3,25,3,1,1,28,32
musicfanatic2071,1,32,26,6,20,8,1,0,28,32
AtomicRevGib,1,31,27,4,23,4,1,1,27,32
averse_island,1,31,28,3,25,2,1,1,27,32
comfortableenough,1,31,26,5,21,6,1,1,27,32
NastyGrandma,1,31,24,7,17,10,1,1,27,32
shinizzle0123,1,31,28,3,25,2,1,1,27,32
slickeryfish,1,31,26,5,21,6,1,1,27,32
fahimthedream,1,31,26,5,21,6,0,1,27,32
ezpark,1,31,27,4,23,3,1,1,26,32
gentimmy,1,31,27,4,23,2,1,1,25,32
Robo-Erotica,1,32,25,7,18,7,1,0,25,32
caveman_rejoice,1,31,26,5,21,3,1,1,24,32
IThinkAbout17,1,31,25,6,19,5,1,1,24,32
Aguarick,1,31,25,6,19,5,0,1,24,32
KmonKeybK,3,29,26,3,23,0,3,3,23,32
elushinz,1,31,26,5,21,2,1,1,23,32
frexkitten,1,31,27,4,23,0,1,1,23,32
mangletron,1,31,26,5,21,2,1,1,23,32
mi_piace,1,31,24,7,17,6,1,1,23,32
mikejuly24,1,31,25,6,19,4,1,1,23,32
Nighthawk_72,1,31,26,5,21,2,1,1,23,32
jag424,1,31,27,4,23,0,0,1,23,32
DeltaThink,1,31,25,6,19,3,1,1,22,32
Landmine,1,31,23,8,15,7,1,1,22,32
mike_mike_mike_,1,31,25,6,19,3,1,1,22,32
siamlloyd,1,32,26,6,20,2,1,0,22,32
silate,1,31,24,7,17,5,1,1,22,32
jangley,1,31,25,6,19,3,0,1,22,32
spacedickersonad,2,30,19,11,8,13,2,2,21,32
ss5gogetunks,2,31,22,9,13,8,2,1,21,32
0NinjaPirate,1,31,26,5,21,0,1,1,21,32
ChadHundley,1,31,25,6,19,2,1,1,21,32
Deadly_Demon,1,31,26,5,21,0,1,1,21,32
jester77,1,31,20,11,9,12,1,1,21,32
Lilrubberducky,1,31,26,5,21,0,1,1,21,32
noblee93,1,32,23,9,14,7,1,0,21,32
parables,1,31,21,10,11,10,1,1,21,32
PenGinger,1,31,25,6,19,2,1,1,21,32
SniffingSharpees,1,31,26,5,21,0,1,1,21,32
timothygruich,1,31,26,5,21,0,1,1,21,32
Totally_NOT_Asian,1,31,26,5,21,0,1,1,21,32
wattyrev,1,31,26,5,21,0,1,1,21,32
i_pee_in_the_sink,2,30,23,7,16,5,0,2,21,32
Kthonic,1,31,26,5,21,0,0,1,21,32
Austome,1,32,25,7,18,2,1,0,20,32
electracool,1,32,25,7,18,2,1,0,20,32
Kaorious,1,32,25,7,18,2,1,0,20,32
Lilyanch,1,31,21,10,11,9,1,1,20,32
namtrof,3,30,24,6,18,2,1,2,20,32
StoneTrain,1,32,26,6,20,0,1,0,20,32
Tobius__Funke,1,32,22,10,12,8,1,0,20,32
whyumaaadtho,1,32,25,7,18,2,1,0,20,32
CodePWNED,1,31,24,7,17,3,0,1,20,32
dottieblue,2,32,26,6,20,0,0,0,20,32
Anasto,3,29,22,7,15,4,3,3,19,32
Asking_Reverend,1,31,24,7,17,2,1,1,19,32
Camets145,1,31,24,7,17,2,1,1,19,32
DK_Vet,1,31,25,6,19,0,1,1,19,32
GalenTrollbane,1,31,25,6,19,0,1,1,19,32
keydetter32,1,31,23,8,15,4,1,1,19,32
KGlitz,1,31,25,6,19,0,1,1,19,32
KWAwkward,1,31,25,6,19,0,1,1,19,32
longmaster63,1,31,23,8,15,4,1,1,19,32
orangeandp,1,31,25,6,19,0,1,1,19,32
Singrgrl14,1,31,25,6,19,0,1,1,19,32
ThatsSplendid,1,32,24,8,16,3,1,0,19,32
vampireofwind,1,31,24,7,17,2,1,1,19,32
disruptor2k5,1,31,25,6,19,0,0,1,19,32
Seblol,1,31,25,6,19,0,0,1,19,32
derpina_is_a_mermaid,2,30,24,6,18,0,2,2,18,32
dondox,2,30,22,8,14,4,2,2,18,32
Unimportant93,2,30,24,6,18,0,2,2,18,32
ArabburnvictiM,1,31,23,8,15,3,1,1,18,32
AYO_jun,1,31,23,8,15,3,1,1,18,32
j0rd4nkzf,1,31,23,8,15,3,1,1,18,32
jiiiveturkay,1,31,23,8,15,3,1,1,18,32
lukebukowiec,1,31,23,8,15,3,1,1,18,32
Pauly2310,1,32,23,9,14,4,1,0,18,32
unrolledtooearly,1,32,25,7,18,0,1,0,18,32
yokristian,1,31,23,8,15,3,1,1,18,32
sidcool1234,1,31,23,8,15,3,0,1,18,32
theslutonyourmind,1,31,17,14,3,15,0,1,18,32
abitofspatch,1,31,24,7,17,0,1,1,17,32
baconarray,1,31,18,13,5,12,1,1,17,32
Bforbaggy,1,31,20,11,9,8,1,1,17,32
Jeffers315,1,31,21,10,11,6,1,1,17,32
jigglingpudding,1,31,24,7,17,0,1,1,17,32
jordanwpg,1,31,23,8,15,2,1,1,17,32
lordvirin,1,31,23,8,15,2,1,1,17,32
LukasSkywkr,1,31,24,7,17,0,1,1,17,32
majorlolz510,1,31,24,7,17,0,1,1,17,32
mikjryan,1,31,23,8,15,2,1,1,17,32
NaughtieFap,1,31,24,7,17,0,1,1,17,32
Ralome,1,31,22,9,13,4,1,1,17,32
squirttlesquirt,1,31,24,7,17,0,1,1,17,32
zakislam,1,31,24,7,17,0,1,1,17,32
ceej3449,1,31,22,9,13,4,0,1,17,32
ColleenJessica,1,31,24,7,17,0,0,1,17,32
lemonadeicedtea,1,31,21,10,11,6,0,1,17,32
parsons152,1,31,24,7,17,0,0,1,17,32
phenom315,1,31,24,7,17,0,0,1,17,32
soap_dispencer,1,31,24,7,17,0,0,1,17,32
weaver2109,1,31,22,9,13,4,0,1,17,32
merp98,2,30,23,7,16,0,2,2,16,32
StonedKitty,2,30,15,15,0,16,2,2,16,32
CanadianGuy84,1,31,20,11,9,7,1,1,16,32
colbyknight,1,31,22,9,13,3,1,1,16,32
DarqWolff,1,32,24,8,16,0,1,0,16,32
EsquireVII,1,31,21,10,11,5,1,1,16,32
funnyfunman,2,30,21,9,12,4,1,2,16,32
Heather419,1,32,24,8,16,0,1,0,16,32
Kapernaumov,1,31,22,9,13,3,1,1,16,32
Mr-jewski,1,31,17,14,3,13,1,1,16,32
n00bikscube1122,1,32,22,10,12,4,1,0,16,32
SMARTALBO,1,32,24,8,16,0,1,0,16,32
wardamngoodman,1,32,23,9,14,2,1,0,16,32
hokeydokey88,1,31,22,9,13,3,0,1,16,32
OlSlendy,1,31,22,9,13,3,0,1,16,32
wickedsteve,1,31,20,11,9,7,0,1,16,32
acepitcher,1,31,22,9,13,2,1,1,15,32
agnesb,1,31,23,8,15,0,1,1,15,32
bge0,1,31,22,9,13,2,1,1,15,32
blackhawk_the1,1,31,20,11,9,6,1,1,15,32
brian1037,1,31,23,8,15,0,1,1,15,32
bucknutz,1,31,19,12,7,8,1,1,15,32
ColourfulWheel,1,31,23,8,15,0,1,1,15,32
eighthgear,1,31,22,9,13,2,1,1,15,32
ilovecheese0,1,31,22,9,13,2,1,1,15,32
Pohppy,1,31,21,10,11,4,1,1,15,32
Runnnnnnnnnn,2,30,21,9,12,3,1,2,15,32
russianlinux,1,31,23,8,15,0,1,1,15,32
skaterceo,1,31,22,9,13,2,1,1,15,32
snoooops,1,32,21,11,10,5,1,0,15,32
starshipsbaby,1,31,22,9,13,2,1,1,15,32
xxxTokio,1,31,23,8,15,0,1,1,15,32
Stevenomics,1,31,22,9,13,2,0,1,15,32
TronKat,2,30,20,10,10,4,2,2,14,32
dbonham,1,32,22,10,12,2,1,0,14,32
hawker101,1,32,23,9,14,0,1,0,14,32
Honey_Badger_HB,1,31,21,10,11,3,1,1,14,32
imgntn159,2,30,22,8,14,0,1,2,14,32
joe-z,1,31,21,10,11,3,1,1,14,32
legoldgem,1,31,20,11,9,5,1,1,14,32
lonelyturnip,1,31,21,10,11,3,1,1,14,32
s00perpig,1,31,21,10,11,3,1,1,14,32
sharky1313,1,31,21,10,11,3,1,1,14,32
SkyBoxer,1,31,20,11,9,5,1,1,14,32
Tyrsman,1,32,23,9,14,0,1,0,14,32
uncletheo,1,31,21,10,11,3,1,1,14,32
upvoteconfessionbear,1,31,20,11,9,5,1,1,14,32
xylopolist,1,31,20,11,9,5,1,1,14,32
CaseOfTheMundanes,1,31,21,10,11,2,1,1,13,32
Fish9,1,32,21,11,10,3,1,0,13,32
jesjebs,1,31,21,10,11,2,1,1,13,32
matande,1,31,21,10,11,2,1,1,13,32
nelsam95,1,31,21,10,11,2,1,1,13,32
raveseer,1,31,22,9,13,0,1,1,13,32
Sho0taHoeanrUn,1,31,22,9,13,0,1,1,13,32
T3ph13,1,31,22,9,13,0,1,1,13,32
TheRagingHerp,1,31,21,10,11,2,1,1,13,32
Original-Redditor,2,31,22,9,13,0,0,1,13,32
trueshady,1,31,22,9,13,0,0,1,13,32
am4zon,1,31,20,11,9,3,1,1,12,32
AnternetTroll,1,32,20,12,8,4,1,0,12,32
BeatsbyChrisBrown,1,31,18,13,5,7,1,1,12,32
creation_turtle,1,31,20,11,9,3,1,1,12,32
disorderdev,2,30,20,10,10,2,1,2,12,32
Fallsvalley,1,31,20,11,9,3,1,1,12,32
Lesmothian,1,31,20,11,9,3,1,1,12,32
oddzuki,1,32,21,11,10,2,1,0,12,32
OjosAzules,1,31,20,11,9,3,1,1,12,32
Phunkstar,1,31,20,11,9,3,1,1,12,32
Sideo8,1,31,20,11,9,3,1,1,12,32
XNinjaBearX,1,32,21,11,10,2,1,0,12,32
xoxoreddit,1,31,17,14,3,9,1,1,12,32
ycooper2015,1,31,20,11,9,3,1,1,12,32
YoSoyShe,1,31,20,11,9,3,1,1,12,32
ClassicCarPhenatic,2,30,18,12,6,5,2,2,11,32
spirit_llama,2,30,18,12,6,5,2,2,11,32
absolutkaos,1,31,21,10,11,0,1,1,11,32
akr8683,1,31,18,13,5,6,1,1,11,32
Billiam_Farkin,1,31,18,13,5,6,1,1,11,32
Boots135,1,31,20,11,9,2,1,1,11,32
CheshireTheEnt,1,31,20,11,9,2,1,1,11,32
HdawgMoon,1,31,21,10,11,0,1,1,11,32
I-IunteR,1,31,21,10,11,0,1,1,11,32
jonnyuniversity,1,31,19,12,7,4,1,1,11,32
keezyf,1,31,19,12,7,4,1,1,11,32
LoganJ33,1,31,19,12,7,4,1,1,11,32
mielesaur,1,31,20,11,9,2,1,1,11,32
Shyguy29,1,31,20,11,9,2,1,1,11,32
TooMuchTongueGuy,1,31,21,10,11,0,1,1,11,32
topaz_light,1,31,20,11,9,2,1,1,11,32
tu_tata,1,31,21,10,11,0,1,1,11,32
Uhmerikan,1,31,21,10,11,0,1,1,11,32
Vault101badass,1,31,21,10,11,0,1,1,11,32
worship-your-rectum,1,31,20,11,9,2,1,1,11,32
Emsje90,1,31,19,12,7,4,0,1,11,32
Maized,1,31,21,10,11,0,0,1,11,32
FF-EMT2433,2,30,19,11,8,2,2,2,10,32
chay95chay,1,32,21,11,10,0,1,0,10,32
exophrine,1,32,21,11,10,0,1,0,10,32
Mynameisntchewy,2,30,20,10,10,0,1,2,10,32
NJBiblio,1,31,18,13,5,5,1,1,10,32
Poozer62,1,31,19,12,7,3,1,1,10,32
twinone321,1,31,19,12,7,3,1,1,10,32
Vapoureon,1,31,19,12,7,3,1,1,10,32
wenz91890,1,32,20,12,8,2,1,0,10,32
apgbadboy,1,31,20,11,9,0,1,1,9,32
counselforthedevil,1,31,20,11,9,0,1,1,9,32
geoffiroth,1,31,20,11,9,0,1,1,9,32
hadukenholder,1,31,20,11,9,0,1,1,9,32
iKilledMyFunny,1,31,20,11,9,0,1,1,9,32
Illpackallama,1,31,20,11,9,0,1,1,9,32
ju5t617m3,1,31,20,11,9,0,1,1,9,32
Maxrdt,1,31,20,11,9,0,1,1,9,32
pipette_on,1,31,20,11,9,0,1,1,9,32
plantsaretheorigin,1,31,20,11,9,0,1,1,9,32
Ronin387,1,31,20,11,9,0,1,1,9,32
computerpunch,1,31,20,11,9,0,0,1,9,32
kiwifuel,1,31,17,14,3,6,0,1,9,32
Only4theTrees,1,31,20,11,9,0,0,1,9,32
theycallmedecreaux,1,31,18,13,5,4,0,1,9,32
robinrotman,2,30,19,11,8,0,2,2,8,32
devhen,1,31,14,17,-3,11,1,1,8,32
Ederek_Cole,1,31,18,13,5,3,1,1,8,32
mycommentisimportant,1,31,18,13,5,3,1,1,8,32
epkev20,1,32,20,12,8,0,0,0,8,32
pantsofcake,1,31,18,13,5,3,0,1,8,32
ShaniBaby25,2,30,19,11,8,0,0,2,8,32
infectedwithinsanity,2,31,19,12,7,0,2,1,7,32
aredditaccounta,1,31,19,12,7,0,1,1,7,32
dj3v3n,1,31,15,16,-1,8,1,1,7,32
donswag,1,31,19,12,7,0,1,1,7,32
EverybodyDanceMeow,1,31,17,14,3,4,1,1,7,32
I_will_fix_this,1,31,17,14,3,4,1,1,7,32
MeanwhileRickJames,1,31,19,12,7,0,1,1,7,32
pheexx,1,31,19,12,7,0,1,1,7,32
realzug,1,31,18,13,5,2,1,1,7,32
Tcbf88,1,31,19,12,7,0,1,1,7,32
truebouta,1,31,19,12,7,0,1,1,7,32
Willawonka,1,31,19,12,7,0,1,1,7,32
-___-___-___-,1,31,18,13,5,2,0,1,7,32
Artan_420,1,31,18,13,5,2,0,1,7,32
Ejay1001,1,31,13,18,-5,12,0,1,7,32
ricktr0ll,1,31,19,12,7,0,0,1,7,32
DRC174,1,31,16,15,1,5,1,1,6,32
fille1237,2,30,18,12,6,0,1,2,6,32
HeWhoPunchesFish,2,30,16,14,2,4,1,2,6,32
Jimmerkiller,1,31,17,14,3,3,1,1,6,32
Leveroneh,1,31,17,14,3,3,1,1,6,32
MrCh33sey,2,30,18,12,6,0,0,2,6,32
simolife1,2,30,15,15,0,5,2,2,5,32
bananastew,1,31,18,13,5,0,1,1,5,32
Betamaxdc,1,31,18,13,5,0,1,1,5,32
eskick,1,31,18,13,5,0,1,1,5,32
Irish808,1,31,18,13,5,0,1,1,5,32
msibes08,1,31,18,13,5,0,1,1,5,32
seriousemoose,1,31,18,13,5,0,1,1,5,32
smashbro35,1,31,18,13,5,0,1,1,5,32
stalker7d7,1,31,18,13,5,0,1,1,5,32
strawberrykisses,1,31,13,18,-5,10,1,1,5,32
yooder,1,31,18,13,5,0,1,1,5,32
critcal_kurt,1,31,18,13,5,0,0,1,5,32
ZoltanIsKing,1,31,13,18,-5,10,0,1,5,32
_user,2,30,15,15,0,4,2,2,4,32
Dallinnnn,2,30,16,14,2,2,2,2,4,32
GeneralOrhan,2,30,17,13,4,0,2,2,4,32
l1nk1npark,2,30,17,13,4,0,2,2,4,32
Decembermouse,1,31,16,15,1,3,1,1,4,32
diabetishead1324,2,30,16,14,2,2,1,2,4,32
keltisch89,1,31,16,15,1,3,1,1,4,32
krov,2,30,17,13,4,0,1,2,4,32
natederp77,1,31,16,15,1,3,1,1,4,32
pnnm0077,1,31,16,15,1,3,1,1,4,32
trolllollollol,1,31,15,16,-1,5,1,1,4,32
yankeescmm,2,30,16,14,2,2,1,2,4,32
burningbeast55,2,30,15,15,0,3,2,2,3,32
genjutsu01,2,30,14,16,-2,5,2,2,3,32
WhackAttack,2,31,17,14,3,0,2,1,3,32
4chan_4ever,1,31,17,14,3,0,1,1,3,32
daveed365,2,30,15,15,0,3,1,2,3,32
Hectag,1,31,17,14,3,0,1,1,3,32
SnickersTroll,1,31,17,14,3,0,1,1,3,32
TheKloKloYo,1,31,17,14,3,0,1,1,3,32
tmac826,1,31,16,15,1,2,0,1,3,32
theduffman88,2,30,13,17,-4,6,0,2,2,32
CalebEast,1,31,15,16,-1,2,1,1,1,32
Camero0n,1,31,14,17,-3,4,1,1,1,32
carlwoodhouse,1,31,16,15,1,0,1,1,1,32
Cisco_Kid,1,31,14,17,-3,4,1,1,1,32
Hashluv,1,31,12,19,-7,8,1,1,1,32
Nellienunu,1,31,16,15,1,0,1,1,1,32
Low023,2,31,16,15,1,0,0,1,1,32
Zwitty,1,31,14,17,-3,4,0,1,1,32
Lennie1989,2,30,15,15,0,0,2,2,0,32
MrAnonymousGuy,2,30,14,16,-2,2,2,2,0,32
Firestar320,1,31,14,17,-3,3,1,1,0,32
lawnjarts9,1,31,13,18,-5,5,1,1,0,32
PooStealer,1,31,13,18,-5,5,1,1,0,32
timelineman,2,30,14,16,-2,2,1,2,0,32
elrod-o,2,31,13,18,-5,5,0,1,0,32
hellomynameisharry,3,29,13,16,-3,2,2,3,-1,32
Cashrunner,1,31,13,18,-5,4,1,1,-1,32
core_dump,1,31,14,17,-3,2,1,1,-1,32
esopteric,1,31,15,16,-1,0,1,1,-1,32
Glad_Hander,1,31,14,17,-3,2,1,1,-1,32
Hector_gone_bad,1,31,12,19,-7,6,1,1,-1,32
ilovepinup,1,31,13,18,-5,4,1,1,-1,32
jeremyrs,2,31,13,18,-5,4,1,1,-1,32
kamakiri,1,31,12,19,-7,6,1,1,-1,32
Musiasi,1,31,14,17,-3,2,1,1,-1,32
ngng,1,31,15,16,-1,0,1,1,-1,32
phood4thought,1,31,14,17,-3,2,1,1,-1,32
SebastianRamone,2,31,15,16,-1,0,1,1,-1,32
youni89,1,31,14,17,-3,2,1,1,-1,32
ChicagoBeerFan,2,31,15,16,-1,0,0,1,-1,32
internetcatsandboobs,1,31,15,16,-1,0,0,1,-1,32
ObliviousAT,3,30,14,16,-2,0,2,2,-2,32
Baron_von_Brockway,3,30,14,16,-2,0,1,2,-2,32
BREAST_MILKKK,1,31,13,18,-5,3,1,1,-2,32
brock89,1,32,15,17,-2,0,1,0,-2,32
hammudi,1,31,13,18,-5,3,1,1,-2,32
Hernandariguez,1,31,13,18,-5,3,1,1,-2,32
malhar1,1,31,13,18,-5,3,1,1,-2,32
Wildcard94,1,31,13,18,-5,3,1,1,-2,32
sferrl,2,31,14,17,-3,0,2,1,-3,32
AmericanDragon,1,31,13,18,-5,2,1,1,-3,32
djveneko,1,32,13,19,-6,3,1,0,-3,32
elerios,1,31,13,18,-5,2,1,1,-3,32
NotJhai,1,31,13,18,-5,2,1,1,-3,32
SlayerBunny99,1,31,14,17,-3,0,1,1,-3,32
trashdigger,1,31,12,19,-7,4,1,1,-3,32
AtomicPunch,1,31,13,18,-5,2,0,1,-3,32
Jed334,2,30,13,17,-4,0,2,2,-4,32
p4lm3r,2,30,13,17,-4,0,2,2,-4,32
Boboluu,1,31,12,19,-7,3,1,1,-4,32
inode,1,31,12,19,-7,3,1,1,-4,32
lanzegife,1,32,13,19,-6,2,1,0,-4,32
VaesLondon,1,32,12,20,-8,4,1,0,-4,32
Mikeinike,1,31,12,19,-7,3,0,1,-4,32
aznninja08,2,31,13,18,-5,0,2,1,-5,32
ohlookitsmyusername,2,31,13,18,-5,0,2,1,-5,32
adonorocks,1,31,12,19,-7,2,1,1,-5,32
DrEvilCookie,1,31,13,18,-5,0,1,1,-5,32
hoddap,1,31,13,18,-5,0,1,1,-5,32
lilzombieboy,1,31,13,18,-5,0,1,1,-5,32
meeee,1,31,13,18,-5,0,1,1,-5,32
psychedelictrance,1,31,12,19,-7,2,1,1,-5,32
Ramnath007,1,31,13,18,-5,0,1,1,-5,32
strike_,1,31,11,20,-9,4,1,1,-5,32
Tox77,1,31,12,19,-7,2,1,1,-5,32
yeah_uh_huh,1,31,13,18,-5,0,1,1,-5,32
rbg2996,1,31,13,18,-5,0,0,1,-5,32
denutter,1,31,12,19,-7,0,1,1,-7,32
goodguydick,1,31,12,19,-7,0,1,1,-7,32
jd1ezal,1,31,10,21,-11,4,1,1,-7,32
re_post_kid,2,30,10,20,-10,2,2,2,-8,32
spore789,2,30,9,21,-12,4,2,2,-8,32
strangebill,1,31,9,22,-13,4,1,1,-9,32
RightOverYourHead,1,31,9,22,-13,4,0,1,-9,32
captainclomet,2,30,10,20,-10,0,1,2,-10,32
shitkike2,2,31,9,22,-13,3,1,1,-10,32
Billy_Shatner,2,30,8,22,-14,3,1,2,-11,32
end_guy,2,30,7,23,-16,3,2,2,-13,32
Wowtrain,1,31,9,22,-13,0,1,1,-13,32
ihatestinkypussu,2,30,8,22,-14,0,1,2,-14,32
sonofsammie,1,31,24,7,17,20,1,0,37,31
1pt21_gigawatts,1,30,26,4,22,13,1,1,35,31
H2KKira,1,31,27,4,23,11,1,0,34,31
Vsasquatchv,1,31,29,2,27,6,1,0,33,31
m0z,1,30,28,2,26,6,1,1,32,31
Bionik_Woman,1,30,27,3,24,6,1,1,30,31
godsgimp,1,31,29,2,27,3,1,0,30,31
skeletonpirate,1,31,25,6,19,11,1,0,30,31
TheFecalJesus,1,31,28,3,25,5,1,0,30,31
acidpHarm,1,30,28,2,26,4,0,1,30,31
Cainadien,1,30,24,6,18,11,1,1,29,31
Not_BatmanAMA,1,30,26,4,22,7,1,1,29,31
Factran,1,30,29,1,28,0,1,1,28,31
josuemvc,1,30,24,6,18,10,1,1,28,31
WrenRaven,1,30,26,4,22,6,0,1,28,31
dkreak,1,30,26,4,22,5,1,1,27,31
Law_God,1,30,26,4,22,5,0,1,27,31
nyx007,1,30,24,6,18,9,0,1,27,31
joeecenpi,2,30,23,7,16,10,2,1,26,31
ApatheticEggroll,1,31,26,5,21,5,1,0,26,31
BadgerWilson,1,31,22,9,13,13,1,0,26,31
cutrateslashjob,1,30,28,2,26,0,1,1,26,31
imacow007,1,30,28,2,26,0,1,1,26,31
munkebo,1,30,26,4,22,4,1,1,26,31
shaynemcd21,1,30,26,4,22,4,1,1,26,31
traktorman,1,30,26,4,22,4,0,1,26,31
borisaurus,1,30,26,4,22,3,1,1,25,31
jimcrator,1,30,25,5,20,5,1,1,25,31
QuantumSocks,1,30,25,5,20,5,1,1,25,31
apocalypse_panda,1,30,26,4,22,3,0,1,25,31
InstantHandSanitizer,1,30,26,4,22,3,0,1,25,31
superhighfive,2,29,23,6,17,7,2,2,24,31
cbmlmz,1,30,21,9,12,12,1,1,24,31
erpascal,1,30,27,3,24,0,1,1,24,31
LikeABreadstick,1,30,27,3,24,0,1,1,24,31
mago184,1,30,22,8,14,10,1,1,24,31
stevenh23,2,29,22,7,15,9,1,2,24,31
timotheophany,1,30,26,4,22,2,1,1,24,31
ohhhbarracuda,1,30,27,3,24,0,0,1,24,31
artancalhoun1,1,30,25,5,20,3,1,1,23,31
davy10,2,31,27,4,23,0,1,0,23,31
amr_adel,1,30,21,9,12,11,0,1,23,31
fishnetdiver,1,30,25,5,20,3,0,1,23,31
nortorious_reposter,1,30,25,5,20,3,0,1,23,31
jeanskismet,2,29,24,5,19,3,2,2,22,31
2swole2walk,1,30,23,7,16,6,1,1,22,31
ac157,1,30,24,6,18,4,1,1,22,31
burninator2998,1,30,25,5,20,2,1,1,22,31
ChancelorCroakington,1,30,24,6,18,4,1,1,22,31
enragedbiscuit,1,30,23,7,16,6,1,1,22,31
HowFortuitous,1,30,25,5,20,2,1,1,22,31
jasonlcurtis,1,30,24,6,18,4,1,1,22,31
Krakenkgk,1,30,26,4,22,0,1,1,22,31
Naysin27,1,30,25,5,20,2,1,1,22,31
pYrO1v1aniac,1,30,26,4,22,0,1,1,22,31
Snuggypums,1,30,26,4,22,0,1,1,22,31
BlazedDovahkiin,1,31,22,9,13,8,1,0,21,31
jazzyminn,1,30,20,10,10,11,1,1,21,31
MeandrousScribe,1,31,23,8,15,6,1,0,21,31
Nebulace,1,31,26,5,21,0,1,0,21,31
plasm0dium,1,31,20,11,9,12,1,0,21,31
TheEruditeSycamore,1,31,26,5,21,0,1,0,21,31
zetx,1,31,23,8,15,6,1,0,21,31
Zomasta_,1,30,24,6,18,3,1,1,21,31
Atari1337,1,30,24,6,18,3,0,1,21,31
Droooops,1,30,24,6,18,3,0,1,21,31
firefox5,1,30,24,6,18,3,0,1,21,31
braedizzle,2,29,20,9,11,9,2,2,20,31
42MaXxX42,1,30,25,5,20,0,1,1,20,31
AdarshVader,1,30,24,6,18,2,1,1,20,31
bmaz528,1,30,25,5,20,0,1,1,20,31
dekigo,1,30,18,12,6,14,1,1,20,31
Jasoncy,1,30,25,5,20,0,1,1,20,31
Jaysharples,1,30,24,6,18,2,1,1,20,31
nathanl1192,1,30,25,5,20,0,1,1,20,31
similartaste,1,30,25,5,20,0,1,1,20,31
wtfRobbi,1,30,25,5,20,0,1,1,20,31
Dr_Muaythai,1,30,25,5,20,0,0,1,20,31
andrewalmond10,1,30,23,7,16,3,1,1,19,31
CHollman82,1,30,20,10,10,9,1,1,19,31
CPNCRUNCHMUNCHER,1,31,22,9,13,6,1,0,19,31
jimboknows6916,1,30,22,8,14,5,1,1,19,31
dbsx75,1,30,23,7,16,3,0,1,19,31
felixnothus,1,30,20,10,10,9,0,1,19,31
Jetpackkissstripper,2,29,21,8,13,5,2,2,18,31
627squint,1,30,24,6,18,0,1,1,18,31
AbsintheDragonfly,1,30,22,8,14,4,1,1,18,31
ameliamirerye,1,30,24,6,18,0,1,1,18,31
brianziggy,1,30,22,8,14,4,1,1,18,31
CharlesTCheeseman,1,30,24,6,18,0,1,1,18,31
enroxorz,1,30,22,8,14,4,1,1,18,31
Kaax14,1,30,24,6,18,0,1,1,18,31
mach-2,1,30,24,6,18,0,1,1,18,31
nelsonnick24,1,30,23,7,16,2,1,1,18,31
Oresko,1,30,23,7,16,2,1,1,18,31
Sewsweetlady,1,30,18,12,6,12,1,1,18,31
tan_man007,1,31,19,12,7,11,1,0,18,31
the_real_cemotil,1,30,22,8,14,4,1,1,18,31
Cucosnest,1,30,22,8,14,4,0,1,18,31
Moulton_Lava,1,30,24,6,18,0,0,1,18,31
ogmitts,1,30,24,6,18,0,0,1,18,31
allegracatt,1,30,19,11,8,9,1,1,17,31
BetYouCanReadThis,1,31,23,8,15,2,1,0,17,31
eGORapTure,1,30,21,9,12,5,1,1,17,31
firstdibbz,1,30,21,9,12,5,1,1,17,31
lewwefanchick,1,31,24,7,17,0,1,0,17,31
neenent,1,30,21,9,12,5,1,1,17,31
spork985,1,31,22,9,13,4,1,0,17,31
thesoundofashadow,1,30,22,8,14,3,1,1,17,31
tikicarol,1,30,20,10,10,7,1,1,17,31
directorguy,1,30,22,8,14,3,0,1,17,31
Karkand,2,30,20,10,10,6,2,1,16,31
__Demosthenes__,1,30,23,7,16,0,1,1,16,31
400stars,1,30,22,8,14,2,1,1,16,31
AlienWorkshop,1,30,23,7,16,0,1,1,16,31
bradleyrc,1,30,22,8,14,2,1,1,16,31
Choiboybb,1,30,23,7,16,0,1,1,16,31
coffeywithaY,1,30,22,8,14,2,1,1,16,31
Dr_Tang,1,30,23,7,16,0,1,1,16,31
Dukefan3,1,30,21,9,12,4,1,1,16,31
excentricus,1,31,22,9,13,3,1,0,16,31
franzhans,1,30,20,10,10,6,1,1,16,31
Hydrozz,1,30,23,7,16,0,1,1,16,31
imbusywithinternet,1,30,22,8,14,2,1,1,16,31
locoyandel,1,30,22,8,14,2,1,1,16,31
mcdoogle777,1,30,23,7,16,0,1,1,16,31
meanmon13,1,30,23,7,16,0,1,1,16,31
nictheman,1,30,23,7,16,0,1,1,16,31
Recluse123,1,30,23,7,16,0,1,1,16,31
Rhetorical_Questions,1,30,21,9,12,4,1,1,16,31
RoswelAlex,1,30,19,11,8,8,1,1,16,31
ShaedyBusiness,1,30,23,7,16,0,1,1,16,31
tinmad,1,30,23,7,16,0,1,1,16,31
Traizater,1,30,23,7,16,0,1,1,16,31
Yunogivemeuprick,2,29,17,12,5,11,1,2,16,31
bloodpopsicles,1,30,22,8,14,2,0,1,16,31
creative1985,1,30,23,7,16,0,0,1,16,31
Eclectic_Wizard,1,30,23,7,16,0,0,1,16,31
wezeles,1,30,22,8,14,2,0,1,16,31
BASGTA,1,31,23,8,15,0,1,0,15,31
Cheeky-burrito,1,30,19,11,8,7,1,1,15,31
CUBICcube,1,30,19,11,8,7,1,1,15,31
Dri0m,1,30,21,9,12,3,1,1,15,31
keineliebe,1,30,21,9,12,3,1,1,15,31
lolmaniac21,1,31,22,9,13,2,1,0,15,31
lyin_tometa,1,30,19,11,8,7,1,1,15,31
smf29,1,31,22,9,13,2,1,0,15,31
Sony_Sexstation,1,30,21,9,12,3,1,1,15,31
TroyTheBoy,1,31,21,10,11,4,1,0,15,31
k12hanchi,2,29,19,10,9,5,2,2,14,31
Arked,1,30,22,8,14,0,1,1,14,31
BigBOSSAlak,1,30,20,10,10,4,1,1,14,31
blisterypolecat,2,30,20,10,10,4,1,1,14,31
brazilana12,1,30,21,9,12,2,1,1,14,31
Bructus,1,30,21,9,12,2,1,1,14,31
cheesevader,1,30,22,8,14,0,1,1,14,31
chingyduster,1,30,22,8,14,0,1,1,14,31
DarthKnuggs,1,30,22,8,14,0,1,1,14,31
derangedfluffhead,1,30,22,8,14,0,1,1,14,31
Elemont,1,30,22,8,14,0,1,1,14,31
flimp000,1,30,21,9,12,2,1,1,14,31
HEYYEYAAEYAAAEYAE,1,30,14,16,-2,16,1,1,14,31
hoosierdynasty,1,30,21,9,12,2,1,1,14,31
Jorgos64,1,30,19,11,8,6,1,1,14,31
jrollinondubs,1,30,22,8,14,0,1,1,14,31
loobyloo92,1,30,22,8,14,0,1,1,14,31
mrvolvo,1,30,19,11,8,6,1,1,14,31
MutatedKevin,1,30,20,10,10,4,1,1,14,31
notmyfaultyousuck,1,30,21,9,12,2,1,1,14,31
NoWrryz,1,30,22,8,14,0,1,1,14,31
sean1352,1,30,21,9,12,2,1,1,14,31
thisisfamiliar,1,30,20,10,10,4,1,1,14,31
wahoowa12,1,30,22,8,14,0,1,1,14,31
webdevbrian,1,30,21,9,12,2,1,1,14,31
zach22084,1,30,21,9,12,2,1,1,14,31
drouble,1,30,21,9,12,2,0,1,14,31
wander_luster26,1,30,22,8,14,0,0,1,14,31
CUNTDESTROYERPhD,2,29,20,9,11,2,2,2,13,31
luckyskate3,2,29,19,10,9,4,2,2,13,31
zodiac720,2,29,21,8,13,0,2,2,13,31
zp3wpd,2,29,19,10,9,4,2,2,13,31
AppleJuiceJones,1,31,21,10,11,2,1,0,13,31
calmkiller,1,30,20,10,10,3,1,1,13,31
conrod529,1,30,19,11,8,5,1,1,13,31
dEEsucked,1,31,21,10,11,2,1,0,13,31
FancyBananas,1,30,20,10,10,3,1,1,13,31
GodSpeed_Lightning,1,30,19,11,8,5,1,1,13,31
Grimstar3,1,30,20,10,10,3,1,1,13,31
Olfactory_Bulbasaur,1,31,20,11,9,4,1,0,13,31
Septemist,1,30,19,11,8,5,1,1,13,31
vegascopester,1,30,20,10,10,3,1,1,13,31
zeonos,1,30,19,11,8,5,1,1,13,31
boogeytent,1,30,20,10,10,3,0,1,13,31
haljackey,2,29,19,10,9,3,2,2,12,31
arjmat,1,30,19,11,8,4,1,1,12,31
B1ackMagix,1,30,21,9,12,0,1,1,12,31
climbermm,1,30,21,9,12,0,1,1,12,31
Cotorreo,1,30,16,14,2,10,1,1,12,31
dirtynicker,1,30,21,9,12,0,1,1,12,31
durtnasty,1,30,20,10,10,2,1,1,12,31
elfavice,1,30,18,12,6,6,1,1,12,31
fush_and_chups,1,30,21,9,12,0,1,1,12,31
iS1M5,1,30,21,9,12,0,1,1,12,31
jake10house,1,30,20,10,10,2,1,1,12,31
jeroen2355,1,30,17,13,4,8,1,1,12,31
LdaRookie,1,31,19,12,7,5,1,0,12,31
LittleBoyJim,1,30,21,9,12,0,1,1,12,31
lunaandres,1,30,21,9,12,0,1,1,12,31
moondizzlepie,1,30,21,9,12,0,1,1,12,31
nightscape42,1,30,19,11,8,4,1,1,12,31
radiomlit,1,30,21,9,12,0,1,1,12,31
rickermatt06,1,30,21,9,12,0,1,1,12,31
sheislove7,1,30,21,9,12,0,1,1,12,31
TheProdigyX,1,30,21,9,12,0,1,1,12,31
MYDOGSTELLA,1,30,21,9,12,0,0,1,12,31
Rainieri,1,30,21,9,12,0,0,1,12,31
ThatDamnPoop,1,30,20,10,10,2,0,1,12,31
Chano15,2,29,20,9,11,0,2,2,11,31
iLoveLamp1001,3,29,18,11,7,4,2,2,11,31
thebouman3,2,29,20,9,11,0,2,2,11,31
AScholarlyGentleman,2,29,17,12,5,6,1,2,11,31
DerCze,1,30,19,11,8,3,1,1,11,31
ganjachick,2,29,20,9,11,0,1,2,11,31
JayHairston,2,29,18,11,7,4,1,2,11,31
LickyDisco,1,31,21,10,11,0,1,0,11,31
likeyouropinion,1,31,21,10,11,0,1,0,11,31
Nucyntas,1,30,19,11,8,3,1,1,11,31
The_Lancer_Unit,1,31,21,10,11,0,1,0,11,31
TROLOLOG,2,29,20,9,11,0,0,2,11,31
AlpacaGod,1,30,16,14,2,8,1,1,10,31
approximateknowledge,1,30,19,11,8,2,1,1,10,31
assblo0d,1,30,18,12,6,4,1,1,10,31
bob__swagget,1,30,20,10,10,0,1,1,10,31
classicalfreak96,1,30,19,11,8,2,1,1,10,31
Crazyhippie,1,30,20,10,10,0,1,1,10,31
dcshews,1,30,20,10,10,0,1,1,10,31
Digital_Punk,1,30,20,10,10,0,1,1,10,31
IStealPosts,1,30,18,12,6,4,1,1,10,31
ivtecdoyou,1,30,20,10,10,0,1,1,10,31
moosealot,1,30,19,11,8,2,1,1,10,31
MrMarshmallow,1,30,20,10,10,0,1,1,10,31
Myattemptatlogic,1,30,20,10,10,0,1,1,10,31
notarepostexperiment,1,30,20,10,10,0,1,1,10,31
theelk801,1,30,20,10,10,0,1,1,10,31
washburnmav,1,30,20,10,10,0,1,1,10,31
Whiskey_Legion,1,30,19,11,8,2,1,1,10,31
Yersinian,2,30,19,11,8,2,1,1,10,31
ASlySquirrel,1,30,19,11,8,2,0,1,10,31
Boy_In_A_Ditch,1,30,19,11,8,2,0,1,10,31
DapperRaptor,1,30,20,10,10,0,0,1,10,31
dsmurff,1,30,19,11,8,2,0,1,10,31
lostintime2004,2,29,17,12,5,4,2,2,9,31
Nomsfud,2,29,18,11,7,2,2,2,9,31
Alkap0wn,2,29,19,10,9,0,1,2,9,31
A-Pod,1,31,20,11,9,0,1,0,9,31
BlackFeign,1,30,18,12,6,3,1,1,9,31
elysiandreamz,1,30,18,12,6,3,1,1,9,31
Great_Mighty_Poo,1,30,16,14,2,7,1,1,9,31
Hajimotto,1,31,20,11,9,0,1,0,9,31
Jesse-Ray,1,30,18,12,6,3,1,1,9,31
letsfork,1,30,18,12,6,3,1,1,9,31
mailkevingreen,1,30,17,13,4,5,1,1,9,31
Murrgalicious,1,30,15,15,0,9,1,1,9,31
Pyromine,1,30,18,12,6,3,1,1,9,31
RT_VIC,1,30,18,12,6,3,1,1,9,31
somedude456,1,31,18,13,5,4,1,0,9,31
steak21,1,30,16,14,2,7,1,1,9,31
ohwhathi,1,30,17,13,4,5,0,1,9,31
TEMPLEWORKER,2,30,19,11,8,0,2,1,8,31
aaronmason,1,30,19,11,8,0,1,1,8,31
arnenick92,2,29,16,13,3,5,1,2,8,31
bigelmofarts,1,30,14,16,-2,10,1,1,8,31
Ebreakx,1,30,19,11,8,0,1,1,8,31
IAMA_DALEK_AMA,1,31,17,14,3,5,1,0,8,31
Jcmac111,1,30,18,12,6,2,1,1,8,31
kidbudi,1,30,19,11,8,0,1,1,8,31
KrackaBHunt21,1,30,19,11,8,0,1,1,8,31
rent_collector,1,30,19,11,8,0,1,1,8,31
Stellar_Duck,1,30,17,13,4,4,1,1,8,31
tuscanlager,1,30,19,11,8,0,1,1,8,31
Uluvmylean,1,30,19,11,8,0,1,1,8,31
virtue64,1,30,19,11,8,0,1,1,8,31
young_droe,1,30,19,11,8,0,1,1,8,31
SMknickers,1,30,17,13,4,4,0,1,8,31
tudeslildude,1,30,17,13,4,4,0,1,8,31
atomic811,1,30,17,13,4,3,1,1,7,31
col0rado,1,31,19,12,7,0,1,0,7,31
Kruger2147,1,31,19,12,7,0,1,0,7,31
noahnoah900,2,29,18,11,7,0,1,2,7,31
StevieTV,1,30,17,13,4,3,1,1,7,31
Tatsputin,1,30,12,18,-6,13,1,1,7,31
narwhale316,3,28,17,11,6,0,2,3,6,31
aManCalledStig,1,30,17,13,4,2,1,1,6,31
BillTheCommunistCat,1,30,18,12,6,0,1,1,6,31
caseysasek,1,30,17,13,4,2,1,1,6,31
ginasatchmo,1,30,18,12,6,0,1,1,6,31
jg4th,1,30,18,12,6,0,1,1,6,31
jsibony,1,30,18,12,6,0,1,1,6,31
KoKoKoala,1,30,18,12,6,0,1,1,6,31
MAYOR_WEST,1,30,18,12,6,0,1,1,6,31
MRTrollalot,1,30,17,13,4,2,1,1,6,31
not_really_caring,1,30,18,12,6,0,1,1,6,31
Raininsky,1,30,17,13,4,2,1,1,6,31
smurph_23,1,30,18,12,6,0,1,1,6,31
theonlyalec,1,30,16,14,2,4,1,1,6,31
AlphaSkag1,1,30,18,12,6,0,0,1,6,31
Cunt_Whisperer,1,30,18,12,6,0,0,1,6,31
Megustatits,1,30,18,12,6,0,0,1,6,31
preludelove,1,30,15,15,0,6,0,1,6,31
thepoisonpoo,1,30,18,12,6,0,0,1,6,31
Benjiimon,2,29,17,12,5,0,2,2,5,31
RickettsMan,1,30,16,14,2,3,1,1,5,31
pretty_girl1234,1,30,14,16,-2,7,0,1,5,31
Aloerca,3,28,16,12,4,0,3,3,4,31
mykalASHE,2,30,17,13,4,0,2,1,4,31
daneski,1,30,16,14,2,2,1,1,4,31
deterra,1,30,17,13,4,0,1,1,4,31
ExPhysGuy,1,30,17,13,4,0,1,1,4,31
fap__fap__fap,1,30,17,13,4,0,1,1,4,31
Frantic_Child,2,29,14,15,-1,5,1,2,4,31
Haagendazstin,1,30,17,13,4,0,1,1,4,31
Internetisshit,1,30,12,18,-6,10,1,1,4,31
kooshbag33,1,30,17,13,4,0,1,1,4,31
lulumcleod,1,30,17,13,4,0,1,1,4,31
MrCazzy,1,30,16,14,2,2,1,1,4,31
MsAerial,1,30,17,13,4,0,1,1,4,31
PuffBathSalts,1,30,17,13,4,0,1,1,4,31
radiationshield,1,30,17,13,4,0,1,1,4,31
Toastyparty,1,30,15,15,0,4,1,1,4,31
vaizard27,1,30,17,13,4,0,1,1,4,31
iCrossfit,1,30,17,13,4,0,0,1,4,31
MattSeit,1,30,17,13,4,0,0,1,4,31
StrawberryLetter,1,30,16,14,2,2,0,1,4,31
bananasdoom,2,29,15,14,1,2,2,2,3,31
BetterAtLurking,1,30,15,15,0,3,1,1,3,31
captainbitchdick,1,30,15,15,0,3,1,1,3,31
Masternobl,2,29,16,13,3,0,1,2,3,31
shutupayouface,1,30,15,15,0,3,1,1,3,31
weekendbiggs,1,30,15,15,0,3,1,1,3,31
ez7fear,2,29,16,13,3,0,0,2,3,31
IAmLyingRightNow,1,30,15,15,0,3,0,1,3,31
BuckFutt993,1,30,16,14,2,0,1,1,2,31
Dirty_pirate666,3,29,13,16,-3,5,1,2,2,31
Ghost141,1,30,16,14,2,0,1,1,2,31
jtru4nt,1,30,13,17,-4,6,1,1,2,31
mew_three,1,30,16,14,2,0,1,1,2,31
mwa7x,1,30,16,14,2,0,1,1,2,31
NRFC1198,1,30,16,14,2,0,1,1,2,31
shellykidd,1,30,16,14,2,0,1,1,2,31
TehanJ,1,30,13,17,-4,6,1,1,2,31
chiwawa090,1,30,16,14,2,0,0,1,2,31
shadowpappi,2,29,15,14,1,0,2,2,1,31
austinsimonson,1,30,13,17,-4,5,1,1,1,31
megteezy,1,30,13,17,-4,5,1,1,1,31
ScottiDoo,1,30,13,17,-4,5,1,1,1,31
Wrathwilde,1,31,13,18,-5,6,1,0,1,31
curleyQ,1,30,13,17,-4,4,1,1,0,31
greenbeardoftheents,1,30,14,16,-2,2,1,1,0,31
PretendPhD,1,30,15,15,0,0,1,1,0,31
Soapdropper,1,30,15,15,0,0,1,1,0,31
Ssmithh,1,30,12,18,-6,6,1,1,0,31
michaelmelkor,1,30,12,18,-6,6,0,1,0,31
andlyk,1,30,13,17,-4,3,1,1,-1,31
AverellPSG,1,30,13,17,-4,3,1,1,-1,31
badtothematt,1,30,13,17,-4,3,1,1,-1,31
Holy_Byrd,1,30,13,17,-4,3,1,1,-1,31
kuikka3,2,29,14,15,-1,0,1,2,-1,31
real__nito,1,30,12,18,-6,5,1,1,-1,31
rgmaster93,1,30,13,17,-4,3,1,1,-1,31
Rob_Church_Free,1,30,13,17,-4,3,1,1,-1,31
yowmamasita,1,31,13,18,-5,4,1,0,-1,31
mcbordes,1,30,13,17,-4,3,0,1,-1,31
Yosomono,3,28,12,16,-4,2,3,3,-2,31
madamfancyfishypantz,2,29,12,17,-5,3,2,2,-2,31
penguinpenispatrol,2,30,12,18,-6,4,2,1,-2,31
baltimoreredditor,1,30,12,18,-6,4,1,1,-2,31
batmantheguineapig,1,30,14,16,-2,0,1,1,-2,31
iIoIi_iIoIi,1,30,13,17,-4,2,1,1,-2,31
Joocifer,1,30,12,18,-6,4,1,1,-2,31
kennerdoloman,1,30,14,16,-2,0,1,1,-2,31
Maynards,1,30,14,16,-2,0,1,1,-2,31
Myte342,1,30,13,17,-4,2,1,1,-2,31
soperfluous,1,30,12,18,-6,4,1,1,-2,31
SphericYetCube,1,30,11,19,-8,6,1,1,-2,31
Teskodabesto,1,30,13,17,-4,2,1,1,-2,31
TheOnlyAcoca,1,30,11,19,-8,6,1,1,-2,31
Tits_Mc_Gee,1,30,14,16,-2,0,1,1,-2,31
bearickson,1,30,13,17,-4,2,0,1,-2,31
thedrunkenfarmer,1,30,14,16,-2,0,0,1,-2,31
Bancas,2,29,13,16,-3,0,2,2,-3,31
catsrpeople4,2,29,13,16,-3,0,2,2,-3,31
Fender27,2,29,12,17,-5,2,2,2,-3,31
Jcmdaddy,2,29,13,16,-3,0,2,2,-3,31
Ksudmb,2,29,13,16,-3,0,2,2,-3,31
Ligpet,1,30,12,18,-6,3,1,1,-3,31
myhusbandsrepublican,1,30,12,18,-6,3,1,1,-3,31
coasterd,2,29,13,16,-3,0,0,2,-3,31
chutuk,1,30,12,18,-6,2,1,1,-4,31
Gookslayer,1,30,12,18,-6,2,1,1,-4,31
HigherConsciousness,1,30,12,18,-6,2,1,1,-4,31
iwearblacksocks,1,30,13,17,-4,0,1,1,-4,31
LOUD_DUCK,2,29,9,20,-11,7,1,2,-4,31
Mahat,1,30,13,17,-4,0,1,1,-4,31
niftyowl,1,30,13,17,-4,0,1,1,-4,31
Olive_Garden,1,30,12,18,-6,2,1,1,-4,31
SammyDZ,1,30,11,19,-8,4,1,1,-4,31
ShutYahToof,1,30,12,18,-6,2,1,1,-4,31
welltheresAbacon,1,30,13,17,-4,0,1,1,-4,31
what_is_salads,1,30,12,18,-6,2,1,1,-4,31
2483,1,30,11,19,-8,4,0,1,-4,31
Dresslinkgirl,1,30,13,17,-4,0,0,1,-4,31
thingthesweet,1,30,13,17,-4,0,0,1,-4,31
dfcknG23,2,29,12,17,-5,0,1,2,-5,31
Luke_oX,2,29,12,17,-5,0,1,2,-5,31
twistedraisin,1,31,12,19,-7,2,1,0,-5,31
Vitriolics,2,30,11,19,-8,2,2,1,-6,31
AlphaGlitch,1,30,12,18,-6,0,1,1,-6,31
amidniteload,1,30,12,18,-6,0,1,1,-6,31
CaptIncorrect,1,30,12,18,-6,0,1,1,-6,31
Harebare,1,30,12,18,-6,0,1,1,-6,31
JuicyAb,1,30,12,18,-6,0,1,1,-6,31
SimonPlusOliver,1,30,12,18,-6,0,1,1,-6,31
valzero,1,30,12,18,-6,0,1,1,-6,31
halwa,1,30,12,18,-6,0,0,1,-6,31
potterhead143,1,30,8,22,-14,8,0,1,-6,31
freddytheteddy22,2,29,10,19,-9,2,1,2,-7,31
repost4lulz,1,30,11,19,-8,0,1,1,-8,31
pachla,1,30,11,19,-8,0,0,1,-8,31
JetDagger01,2,29,10,19,-9,0,2,2,-9,31
hewhofaps-wins,1,30,8,22,-14,3,1,1,-11,31
muutant,2,29,7,22,-15,4,1,2,-11,31
OldMattacus,1,30,7,23,-16,2,1,1,-14,31
Pr0pagandhi,1,29,25,4,21,13,1,1,34,30
xMrBlonde,1,29,22,7,15,19,1,1,34,30
3DScape,1,30,28,2,26,4,1,0,30,30
andrewsj1,1,29,28,1,27,2,1,1,29,30
pagemaster017,1,30,25,5,20,8,1,0,28,30
xlookoutsunshinex,1,29,27,2,25,2,1,1,27,30
Tony339,1,29,25,4,21,6,0,1,27,30
Devin_46290,1,29,24,5,19,7,1,1,26,30
onlyusemespade,2,28,24,4,20,6,1,2,26,30
Ancientdinko,1,29,25,4,21,4,1,1,25,30
jedosan88,1,29,22,7,15,10,1,1,25,30
Jessesmithca,1,29,23,6,17,8,1,1,25,30
lazymochabear,1,29,26,3,23,2,1,1,25,30
RilesP,1,29,26,3,23,2,1,1,25,30
SuprisinglyFemale,1,29,26,3,23,2,1,1,25,30
akagoldfish,1,29,23,6,17,7,1,1,24,30
DavidNatan,1,29,25,4,21,3,1,1,24,30
pbnc,1,29,21,8,13,11,1,1,24,30
Rageaholics,1,29,25,4,21,3,1,1,24,30
SPAZZEH,1,29,21,8,13,11,1,1,24,30
brightbluesky55,2,28,23,5,18,5,2,2,23,30
Exostum,1,29,26,3,23,0,1,1,23,30
kittypuddi6,1,29,26,3,23,0,1,1,23,30
markyting,1,29,26,3,23,0,1,1,23,30
ragemaker2012,1,29,22,7,15,8,1,1,23,30
_psyFungi,1,30,26,4,22,0,1,0,22,30
AlexisVfraser,1,29,23,6,17,5,1,1,22,30
localanti,1,29,23,6,17,5,1,1,22,30
Maxnout100,1,29,24,5,19,3,1,1,22,30
bloggy75,1,29,25,4,21,0,1,1,21,30
eaerp,1,30,22,8,14,7,1,0,21,30
farmarm,1,29,24,5,19,2,1,1,21,30
i_got_this,1,29,22,7,15,6,1,1,21,30
icescoop,1,29,22,7,15,6,1,1,21,30
idonthaveacatsadface,1,29,24,5,19,2,1,1,21,30
jacobk55,1,29,23,6,17,4,1,1,21,30
partywithyou,1,30,22,8,14,7,1,0,21,30
slit27,1,29,20,9,11,10,1,1,21,30
thatgirldreams,1,29,24,5,19,2,1,1,21,30
h_chinaski,1,29,24,5,19,2,0,1,21,30
cougar69351w,1,30,22,8,14,6,1,0,20,30
KennyWoo77,1,29,23,6,17,3,1,1,20,30
LoL4fame,1,29,21,8,13,7,1,1,20,30
PeterPanPeter,1,29,23,6,17,3,1,1,20,30
pikatu,1,29,22,7,15,5,1,1,20,30
stephiej,1,29,21,8,13,7,1,1,20,30
AndrewMufasaaaa,1,29,23,6,17,2,1,1,19,30
blue_gatorade,1,29,20,9,11,8,1,1,19,30
Carbination,1,29,24,5,19,0,1,1,19,30
ColRockAmp,1,29,24,5,19,0,1,1,19,30
DRTYRYDR686,1,29,22,7,15,4,1,1,19,30
Dunnkid,1,29,23,6,17,2,1,1,19,30
el_pablo,2,28,21,7,14,5,1,2,19,30
gindlesberger08,1,29,23,6,17,2,1,1,19,30
hax0r,1,29,24,5,19,0,1,1,19,30
IAmNotSayingNo,1,29,23,6,17,2,1,1,19,30
lilbug08,1,29,24,5,19,0,1,1,19,30
Nathonamore,1,29,24,5,19,0,1,1,19,30
Rallerboy888,1,29,24,5,19,0,1,1,19,30
RedWing007,1,29,24,5,19,0,1,1,19,30
robrs5,1,29,23,6,17,2,1,1,19,30
SeraphicRage,1,30,19,11,8,11,1,0,19,30
sirlojik,1,29,23,6,17,2,1,1,19,30
zoidbergisop,1,29,22,7,15,4,1,1,19,30
CurlehMustache,1,29,22,7,15,3,1,1,18,30
dn00,1,30,22,8,14,4,1,0,18,30
herpalerpderp,1,29,22,7,15,3,1,1,18,30
IvanKaramazov,1,29,22,7,15,3,1,1,18,30
Jhoff57,1,29,21,8,13,5,1,1,18,30
mitchsully,1,30,24,6,18,0,1,0,18,30
phijybo,2,28,21,7,14,4,1,2,18,30
RoboPimp,1,29,22,7,15,3,1,1,18,30
robsimple,1,29,22,7,15,3,1,1,18,30
thesimplestofqueries,1,29,17,12,5,13,1,1,18,30
WadePool,1,30,23,7,16,2,1,0,18,30
RyuuArashi,1,29,22,7,15,3,0,1,18,30
aj2819,1,29,23,6,17,0,1,1,17,30
Canfield,2,29,22,7,15,2,1,1,17,30
enr4ged,1,29,23,6,17,0,1,1,17,30
Grrlpants,1,29,23,6,17,0,1,1,17,30
Honeydew1120,1,29,23,6,17,0,1,1,17,30
infestedwaffle12,1,29,20,9,11,6,1,1,17,30
KalleKaracho,1,29,22,7,15,2,1,1,17,30
le_mee,1,29,21,8,13,4,1,1,17,30
Midknight_94,1,29,23,6,17,0,1,1,17,30
NegativePoints1,1,29,22,7,15,2,1,1,17,30
sociallyawkwardjett,1,30,22,8,14,3,1,0,17,30
Sperm_Potato,1,29,23,6,17,0,1,1,17,30
thegrizzlyamerican,2,29,22,7,15,2,1,1,17,30
whyhhhhh,1,30,20,10,10,7,1,0,17,30
Xivadd,1,29,23,6,17,0,1,1,17,30
booger774,1,29,22,7,15,2,0,1,17,30
theurkel,1,29,23,6,17,0,0,1,17,30
SergeantJinto,2,29,19,10,9,7,2,1,16,30
therealxris,2,29,20,9,11,5,2,1,16,30
bibowski,1,29,21,8,13,3,1,1,16,30
CaptTightPants,1,29,20,9,11,5,1,1,16,30
Doctor_Banjo,1,29,21,8,13,3,1,1,16,30
domokunlover,1,29,21,8,13,3,1,1,16,30
IrishMcCoy,1,29,19,10,9,7,1,1,16,30
Mr_French_Tickler,1,30,23,7,16,0,1,0,16,30
plutonium-239,1,30,23,7,16,0,1,0,16,30
Schym,1,29,21,8,13,3,1,1,16,30
XisforXylophone,1,29,21,8,13,3,1,1,16,30
laserfaser89,2,28,22,6,16,0,0,2,16,30
Bigd988,1,29,20,9,11,4,1,1,15,30
caedesamet,1,29,22,7,15,0,1,1,15,30
daveisgaylol,1,29,20,9,11,4,1,1,15,30
Deejus,1,29,22,7,15,0,1,1,15,30
derp_me_gently,1,29,22,7,15,0,1,1,15,30
excelcior,1,29,22,7,15,0,1,1,15,30
flatlyimpressed,1,29,19,10,9,6,1,1,15,30
GiorgioArm4ni,1,29,22,7,15,0,1,1,15,30
Groomy146,1,29,22,7,15,0,1,1,15,30
henryroo,1,29,21,8,13,2,1,1,15,30
jusanotherladyartist,1,29,20,9,11,4,1,1,15,30
leightribbs,1,29,22,7,15,0,1,1,15,30
netonex,1,29,22,7,15,0,1,1,15,30
omgimcobe,1,29,22,7,15,0,1,1,15,30
Oswald_McFeff,1,29,21,8,13,2,1,1,15,30
ridrummer14,1,29,22,7,15,0,1,1,15,30
sag0724,1,29,22,7,15,0,1,1,15,30
soc4real,1,29,22,7,15,0,1,1,15,30
tndooge,1,29,22,7,15,0,1,1,15,30
uponemore,1,29,20,9,11,4,1,1,15,30
dbaker92,1,29,21,8,13,2,0,1,15,30
from_da_lost_dimensi,1,29,20,9,11,4,0,1,15,30
minustheaudi,1,29,22,7,15,0,0,1,15,30
toolfan669,2,28,21,7,14,0,2,2,14,30
doc6699,1,30,22,8,14,0,1,0,14,30
forrestmorph,2,28,20,8,12,2,1,2,14,30
JellyfishJamming,1,29,18,11,7,7,1,1,14,30
matty_yo,1,30,20,10,10,4,1,0,14,30
noface,1,30,20,10,10,4,1,0,14,30
Sirderksalot,1,29,20,9,11,3,1,1,14,30
AmnTingen,2,28,20,8,12,2,0,2,14,30
Benjijojo,1,29,21,8,13,0,1,1,13,30
BluntHeart,1,29,19,10,9,4,1,1,13,30
boinger,1,29,21,8,13,0,1,1,13,30
book_worm72,1,29,21,8,13,0,1,1,13,30
brokecollegestudent,1,29,21,8,13,0,1,1,13,30
dogdayafternoon,1,29,20,9,11,2,1,1,13,30
doitleapdaytheysaid,1,29,19,10,9,4,1,1,13,30
freddawg,1,29,20,9,11,2,1,1,13,30
gelatinous_poot,1,30,19,11,8,5,1,0,13,30
gobacktozzz,1,29,21,8,13,0,1,1,13,30
Good_guy_Fred,1,29,20,9,11,2,1,1,13,30
ieatpandas42,1,29,21,8,13,0,1,1,13,30
jinxy96,1,29,21,8,13,0,1,1,13,30
jj_br,1,29,20,9,11,2,1,1,13,30
jnemi,1,29,21,8,13,0,1,1,13,30
jsaddler12,1,29,21,8,13,0,1,1,13,30
JustUseJam,1,29,20,9,11,2,1,1,13,30
kaajit,1,29,20,9,11,2,1,1,13,30
LTN13,1,29,21,8,13,0,1,1,13,30
Marswhalbaconattor,1,29,21,8,13,0,1,1,13,30
Mikfoz,1,29,20,9,11,2,1,1,13,30
nickmick2007,1,30,20,10,10,3,1,0,13,30
nsiems12,1,30,20,10,10,3,1,0,13,30
philamon,1,29,19,10,9,4,1,1,13,30
setito,1,29,21,8,13,0,1,1,13,30
spazberryjam,1,29,21,8,13,0,1,1,13,30
AkSchultz,1,29,19,10,9,4,0,1,13,30
Isolus,1,29,21,8,13,0,0,1,13,30
RunnerBobo,1,29,20,9,11,2,0,1,13,30
sebas678,1,29,21,8,13,0,0,1,13,30
Smugjester,1,29,20,9,11,2,0,1,13,30
teatimetibbons,1,29,21,8,13,0,0,1,13,30
oneoneone_,2,28,20,8,12,0,2,2,12,30
attosama,1,30,16,14,2,10,1,0,12,30
bonerdonutbonut,1,30,21,9,12,0,1,0,12,30
farquezy,1,30,20,10,10,2,1,0,12,30
gigamonster1,1,29,19,10,9,3,1,1,12,30
Hayleypies,2,30,19,11,8,4,1,0,12,30
hithisisbjork,1,29,19,10,9,3,1,1,12,30
HomelessCosmonaut,1,29,19,10,9,3,1,1,12,30
ifIcouldfindausernam,1,29,19,10,9,3,1,1,12,30
Julian1986,1,29,18,11,7,5,1,1,12,30
malilla,1,29,19,10,9,3,1,1,12,30
silenc3x,1,29,19,10,9,3,1,1,12,30
stellarstreams,1,29,19,10,9,3,1,1,12,30
Vasd-asaa,1,29,19,10,9,3,1,1,12,30
wintersun94,1,29,19,10,9,3,1,1,12,30
sutherlandB,2,28,17,11,6,5,2,2,11,30
ackPrash,1,29,20,9,11,0,1,1,11,30
arpeg,1,29,20,9,11,0,1,1,11,30
BackBlockPrince,1,29,18,11,7,4,1,1,11,30
cowboyitaliano,1,29,20,9,11,0,1,1,11,30
crazyllama256,1,29,20,9,11,0,1,1,11,30
cry-n-tell,1,29,20,9,11,0,1,1,11,30
danteortiz14,1,29,19,10,9,2,1,1,11,30
ebarley,1,29,18,11,7,4,1,1,11,30
foreveracubone,1,29,20,9,11,0,1,1,11,30
Gavin_152,1,29,20,9,11,0,1,1,11,30
GreyFawkes,1,29,20,9,11,0,1,1,11,30
Hahahanot,1,29,19,10,9,2,1,1,11,30
Haruhi_Fujioka,1,29,20,9,11,0,1,1,11,30
iceboy979,1,29,18,11,7,4,1,1,11,30
Im_probably_drunk,1,30,19,11,8,3,1,0,11,30
imprezasurf,1,29,19,10,9,2,1,1,11,30
jaredw00,1,29,20,9,11,0,1,1,11,30
laceandink,1,29,17,12,5,6,1,1,11,30
Leawesomemoi,1,29,20,9,11,0,1,1,11,30
Misplacedhatred,1,29,19,10,9,2,1,1,11,30
Mrsnef1,1,29,20,9,11,0,1,1,11,30
MrTeaaabaaag,1,29,17,12,5,6,1,1,11,30
MyUsernameWasntTaken,1,29,20,9,11,0,1,1,11,30
n3rdy30,1,29,19,10,9,2,1,1,11,30
noodlequeen,1,29,17,12,5,6,1,1,11,30
phliuy,1,29,20,9,11,0,1,1,11,30
Sedition01,1,29,17,12,5,6,1,1,11,30
SicknessIsFree,1,29,20,9,11,0,1,1,11,30
SovietCommander,1,29,18,11,7,4,1,1,11,30
stealingyourkarma,1,29,20,9,11,0,1,1,11,30
swissruff,1,29,20,9,11,0,1,1,11,30
ThePresident11,2,28,17,11,6,5,1,2,11,30
xenover,1,29,20,9,11,0,1,1,11,30
zosobaggins,1,29,20,9,11,0,1,1,11,30
TheRealMavsZane,1,29,18,11,7,4,0,1,11,30
azsportsfan,1,29,17,12,5,5,1,1,10,30
clckwrks,1,29,18,11,7,3,1,1,10,30
fliplock89,2,28,18,10,8,2,1,2,10,30
jdog1078,2,28,19,9,10,0,1,2,10,30
Mrkiruru,1,29,17,12,5,5,1,1,10,30
Shamlezz,1,29,17,12,5,5,1,1,10,30
suntzu345,1,30,20,10,10,0,1,0,10,30
T-Locquiao,2,28,18,10,8,2,1,2,10,30
username546,1,29,18,11,7,3,1,1,10,30
Waks_,1,29,17,12,5,5,1,1,10,30
zzirZoidberg,1,29,18,11,7,3,1,1,10,30
boomsapple,1,29,17,12,5,5,0,1,10,30
xoshua69,1,29,18,11,7,3,0,1,10,30
MrDarthdudu,3,27,17,10,7,2,2,3,9,30
AJizzle_19,1,29,19,10,9,0,1,1,9,30
blackhagardz12324,1,29,17,12,5,4,1,1,9,30
bobdoleequalsgod,1,29,19,10,9,0,1,1,9,30
DayTimeLantern,1,29,19,10,9,0,1,1,9,30
DtheK,1,29,16,13,3,6,1,1,9,30
Felliniesque,1,29,18,11,7,2,1,1,9,30
Heroics_Failed,1,29,19,10,9,0,1,1,9,30
HouseOfKrazees,1,29,19,10,9,0,1,1,9,30
IP0,1,29,17,12,5,4,1,1,9,30
JRPapollo,1,29,19,10,9,0,1,1,9,30
Krisodd,1,29,19,10,9,0,1,1,9,30
LittleLottie,1,29,19,10,9,0,1,1,9,30
Morindre,1,29,18,11,7,2,1,1,9,30
Pagal196,1,29,18,11,7,2,1,1,9,30
r00sterJuice,1,29,19,10,9,0,1,1,9,30
rediKELous,1,29,18,11,7,2,1,1,9,30
soooch,1,29,17,12,5,4,1,1,9,30
Sparks_MD,1,29,19,10,9,0,1,1,9,30
sweaterguy94,1,29,19,10,9,0,1,1,9,30
thatcjking,1,29,19,10,9,0,1,1,9,30
TheCapCook,1,29,19,10,9,0,1,1,9,30
TheCorpse,1,29,18,11,7,2,1,1,9,30
ApocalypticTaco,1,29,19,10,9,0,0,1,9,30
luchoz,1,29,19,10,9,0,0,1,9,30
mintberrycrunk,2,28,18,10,8,0,2,2,8,30
onedrummer2401,2,28,18,10,8,0,2,2,8,30
apuchee,1,29,17,12,5,3,1,1,8,30
bomag,1,29,17,12,5,3,1,1,8,30
brashet,1,29,17,12,5,3,1,1,8,30
cpivagib,1,29,16,13,3,5,1,1,8,30
Death_by_Cupcakes,1,30,19,11,8,0,1,0,8,30
RL-3,1,30,19,11,8,0,1,0,8,30
steveypeavey,1,29,17,12,5,3,1,1,8,30
yellowjelloknap93,2,28,16,12,4,4,1,2,8,30
7Morck,1,29,16,13,3,5,0,1,8,30
fuckearth,1,29,15,14,1,7,0,1,8,30
Advisery,2,28,15,13,2,5,1,2,7,30
Boyorgirlwhoknows,1,29,18,11,7,0,1,1,7,30
Cjad,1,29,17,12,5,2,1,1,7,30
Clamch0p,1,29,18,11,7,0,1,1,7,30
clydefrog811,1,29,13,16,-3,10,1,1,7,30
Humdinger_ponyman,1,29,18,11,7,0,1,1,7,30
mmcfayden,1,29,18,11,7,0,1,1,7,30
radojicacar,1,29,18,11,7,0,1,1,7,30
sweetd91,1,29,18,11,7,0,1,1,7,30
Tmzoids,1,29,16,13,3,4,1,1,7,30
travisrd,1,29,17,12,5,2,1,1,7,30
winthepoo,1,29,18,11,7,0,1,1,7,30
EyewitBass,1,29,18,11,7,0,0,1,7,30
lethargicwalrus,1,29,18,11,7,0,0,1,7,30
notmadeofcandy,1,29,18,11,7,0,0,1,7,30
TheLowEndTheory,1,29,18,11,7,0,0,1,7,30
uboat57,1,29,18,11,7,0,0,1,7,30
Djank1,2,28,17,11,6,0,2,2,6,30
njwinner,2,28,17,11,6,0,2,2,6,30
moderatemormon,2,28,15,13,2,4,1,2,6,30
neverfall,1,29,13,16,-3,9,1,1,6,30
Th3Fa113n1,2,28,17,11,6,0,1,2,6,30
Vimsefreet,2,28,17,11,6,0,1,2,6,30
ZeBra_,2,30,17,13,4,2,1,0,6,30
coltmonday,2,28,17,11,6,0,0,2,6,30
327bran,1,29,16,13,3,2,1,1,5,30
7a50n,1,29,16,13,3,2,1,1,5,30
brokentoasters,2,28,14,14,0,5,1,2,5,30
COMPETITIVE_ABORTION,1,29,17,12,5,0,1,1,5,30
drpfenderson,1,29,12,17,-5,10,1,1,5,30
FeilNerguson,1,29,17,12,5,0,1,1,5,30
Figg1778,1,29,17,12,5,0,1,1,5,30
Galensomfan,1,29,16,13,3,2,1,1,5,30
jkbucksot,1,29,16,13,3,2,1,1,5,30
kllm,1,29,17,12,5,0,1,1,5,30
lookatmyrangsmyrangs,1,29,12,17,-5,10,1,1,5,30
ludocris,1,29,17,12,5,0,1,1,5,30
lzygoalmstr17,1,29,17,12,5,0,1,1,5,30
native25,1,29,17,12,5,0,1,1,5,30
BasedGoodness,1,29,16,13,3,2,0,1,5,30
frifri,1,29,17,12,5,0,0,1,5,30
losmuffinman,1,29,17,12,5,0,0,1,5,30
MrBojangles90,1,29,16,13,3,2,0,1,5,30
OsamaBoobGoblin,1,29,17,12,5,0,0,1,5,30
7UPvote,3,28,16,12,4,0,2,2,4,30
cttouch,2,29,13,16,-3,7,2,1,4,30
theBCSsucks,2,28,13,15,-2,6,2,2,4,30
RageQuitFTL,1,29,15,14,1,3,1,1,4,30
Majax2,2,28,13,15,-2,5,2,2,3,30
CajunSasquatch,1,29,16,13,3,0,1,1,3,30
cgmhdblog,1,29,16,13,3,0,1,1,3,30
dirtywork102,1,29,16,13,3,0,1,1,3,30
Korzz,1,29,16,13,3,0,1,1,3,30
PacManNomNom,1,29,15,14,1,2,1,1,3,30
rozas8890,1,29,16,13,3,0,1,1,3,30
thaboss17,1,29,16,13,3,0,1,1,3,30
Thornton4227,1,29,16,13,3,0,1,1,3,30
Weed86,2,29,15,14,1,2,1,1,3,30
x---iSweet,1,29,16,13,3,0,1,1,3,30
ZOOKR3VV,1,29,16,13,3,0,1,1,3,30
cobracards,1,29,12,17,-5,8,0,1,3,30
jasonquinlan,1,29,11,18,-7,10,0,1,3,30
masterofpuppies970,1,29,13,16,-3,6,0,1,3,30
ntv0rk,1,29,16,13,3,0,0,1,3,30
DizzzyDee,2,28,15,13,2,0,2,2,2,30
hathewaya,2,28,14,14,0,2,2,2,2,30
TraumaticASH,2,28,15,13,2,0,2,2,2,30
bengine,1,29,14,15,-1,3,1,1,2,30
Ihatepeggyhill,1,29,13,16,-3,5,1,1,2,30
metallica6474,1,29,13,16,-3,5,1,1,2,30
adamquigley,1,29,15,14,1,0,1,1,1,30
ilickthings,1,29,15,14,1,0,1,1,1,30
jakob777,2,28,13,15,-2,3,1,2,1,30
morbidly_average,1,29,14,15,-1,2,1,1,1,30
omgitsmatty96,1,29,15,14,1,0,1,1,1,30
patrickwilson,1,29,15,14,1,0,1,1,1,30
RyGuy1616,1,29,14,15,-1,2,1,1,1,30
Uninteresting_guy,1,29,15,14,1,0,1,1,1,30
Stev114,1,29,15,14,1,0,0,1,1,30
br3w3r,2,28,14,14,0,0,2,2,0,30
djdais,2,28,14,14,0,0,2,2,0,30
avelous,1,29,12,17,-5,5,1,1,0,30
azhockeyfan,1,29,13,16,-3,3,1,1,0,30
ckuiper,1,29,13,16,-3,3,1,1,0,30
ScreamingThenSilence,1,29,13,16,-3,3,1,1,0,30
Thatguywithashirt,2,28,14,14,0,0,1,2,0,30
thisisawkward6,1,30,14,16,-2,2,1,0,0,30
protoman777,1,29,13,16,-3,3,0,1,0,30
TheKingHasFall3n,2,29,12,17,-5,4,2,1,-1,30
Jamza,1,29,14,15,-1,0,1,1,-1,30
jmorais,1,29,12,17,-5,4,1,1,-1,30
jsk3,3,28,12,16,-4,3,1,2,-1,30
N_Gryphon,1,29,11,18,-7,6,1,1,-1,30
porwit,1,29,12,17,-5,4,1,1,-1,30
TheDobligator,1,29,12,17,-5,4,1,1,-1,30
WordUp27,1,29,14,15,-1,0,1,1,-1,30
Xbox_junky,1,29,12,17,-5,4,1,1,-1,30
llama233,1,29,11,18,-7,6,0,1,-1,30
Veesh,1,29,13,16,-3,2,0,1,-1,30
AoutivD,2,28,9,19,-10,8,2,2,-2,30
Kalfire,1,29,12,17,-5,3,1,1,-2,30
PicklePatch,1,29,12,17,-5,3,1,1,-2,30
xippix,1,29,12,17,-5,3,1,1,-2,30
Anoxiuh,2,28,12,16,-4,2,0,2,-2,30
scottwalker88,1,29,12,17,-5,3,0,1,-2,30
AndHankMardukas,1,29,12,17,-5,2,1,1,-3,30
ArcaneAdmin,1,30,12,18,-6,3,1,0,-3,30
CarlosBoss,1,29,11,18,-7,4,1,1,-3,30
gemini86,1,29,12,17,-5,2,1,1,-3,30
haylobo,1,29,13,16,-3,0,1,1,-3,30
Kasablancas,1,29,11,18,-7,4,1,1,-3,30
klown_13,1,29,12,17,-5,2,1,1,-3,30
lauramiller17,2,28,11,17,-6,3,1,2,-3,30
Lithandrill,1,29,13,16,-3,0,1,1,-3,30
pancake_cube,1,29,13,16,-3,0,1,1,-3,30
SEX_MASTER,1,29,13,16,-3,0,1,1,-3,30
Teh_Most_Karma,1,29,11,18,-7,4,1,1,-3,30
Unexclusivegaming,1,29,12,17,-5,2,1,1,-3,30
zcheney,1,29,13,16,-3,0,1,1,-3,30
jreives04,1,29,13,16,-3,0,0,1,-3,30
onowahoo,2,28,12,16,-4,0,2,2,-4,30
vegaszackman,2,28,12,16,-4,0,2,2,-4,30
atlasgenius,1,29,12,17,-5,0,1,1,-5,30
geenaa,1,29,12,17,-5,0,1,1,-5,30
kufanatic232,1,29,12,17,-5,0,1,1,-5,30
someguywithadrum,1,29,12,17,-5,0,1,1,-5,30
The_Faz,1,29,12,17,-5,0,1,1,-5,30
thecule,1,29,12,17,-5,0,1,1,-5,30
Twix_Qwerty,1,29,12,17,-5,0,1,1,-5,30
yankeestarz,1,29,12,17,-5,0,1,1,-5,30
yertle_turtle,1,29,11,18,-7,2,1,1,-5,30
BIGTK17,1,29,12,17,-5,0,0,1,-5,30
igothorseblood,1,29,12,17,-5,0,0,1,-5,30
simpsonsdiddit,2,29,11,18,-7,2,0,1,-5,30
packinfatties,2,28,9,19,-10,3,2,2,-7,30
Boggay,1,29,10,19,-9,2,1,1,-7,30
breaksmurf,1,29,11,18,-7,0,1,1,-7,30
idontwanttobelieve,1,29,11,18,-7,0,1,1,-7,30
mrnate0620,1,29,11,18,-7,0,1,1,-7,30
TJ-sylar,1,29,11,18,-7,0,1,1,-7,30
justlikeearth,1,29,11,18,-7,0,0,1,-7,30
mrdew,2,28,9,19,-10,2,2,2,-8,30
angrycalculator,1,29,8,21,-13,4,1,1,-9,30
SaintMort,1,29,10,19,-9,0,1,1,-9,30
Cygnia,1,30,9,21,-12,2,1,0,-10,30
woodrow1551,1,29,6,23,-17,2,0,1,-15,30
Perceive,1,29,21,8,13,21,1,0,34,29
_asplode_,1,28,18,10,8,24,1,1,32,29
Dubl_El_Pea,1,28,27,1,26,6,0,1,32,29
ikarios,1,28,22,6,16,15,1,1,31,29
Jandrosaurus,1,28,24,4,20,10,1,1,30,29
arrogantfool,1,28,28,0,28,0,1,1,28,29
carlosi1,1,29,26,3,23,5,1,0,28,29
nodistraction,1,28,23,5,18,8,1,1,26,29
nonviolentprotestor,1,28,24,4,20,6,1,1,26,29
Nsurgnie,1,28,27,1,26,0,1,1,26,29
BinarySoul,1,28,25,3,22,3,1,1,25,29
jessyfastfinger,1,29,27,2,25,0,1,0,25,29
MrDanger,1,29,25,4,21,4,1,0,25,29
Mrthatoneguy,1,28,25,3,22,3,1,1,25,29
wasting_internet,1,29,26,3,23,2,1,0,25,29
baeung,1,28,25,3,22,2,1,1,24,29
Gaunah,1,28,25,3,22,2,1,1,24,29
hargablarg,1,28,26,2,24,0,1,1,24,29
Kowala48,1,28,24,4,20,4,1,1,24,29
NostalgicNoom,1,29,24,5,19,5,1,0,24,29
PBBlaster,1,28,20,8,12,12,1,1,24,29
pinkygonzales,1,28,23,5,18,6,1,1,24,29
samcall55,1,28,21,7,14,10,1,1,24,29
stashdash15,1,28,26,2,24,0,1,1,24,29
zombievette1981,1,28,24,4,20,4,1,1,24,29
JonnyTrump,1,29,25,4,21,2,1,0,23,29
meatystick,1,28,23,5,18,5,1,1,23,29
powerwordnurse,1,29,26,3,23,0,1,0,23,29
ShittyMcPoopus,1,29,21,8,13,10,1,0,23,29
Jethro_Spurn,1,28,23,5,18,5,0,1,23,29
batsies,1,28,25,3,22,0,1,1,22,29
ducation,1,28,23,5,18,4,1,1,22,29
glaiznik,1,28,25,3,22,0,1,1,22,29
kevlar709,1,28,25,3,22,0,1,1,22,29
pfliegerz,1,29,22,7,15,7,1,0,22,29
RobBelmonte,1,28,25,3,22,0,1,1,22,29
taintedbloop,1,28,25,3,22,0,1,1,22,29
Howard_Campbell,1,29,20,9,11,10,1,0,21,29
MrToasty105,1,29,25,4,21,0,1,0,21,29
NuthaLevel,1,28,19,9,10,11,1,1,21,29
srslol,1,29,23,6,17,4,1,0,21,29
VeritableParadox,1,29,23,6,17,4,1,0,21,29
llevac,1,28,23,5,18,3,0,1,21,29
ChemicalOle,1,28,23,5,18,2,1,1,20,29
clockworkpineapple,1,28,23,5,18,2,1,1,20,29
ColdSnickersBar,1,28,23,5,18,2,1,1,20,29
Flying_Burrito,1,28,22,6,16,4,1,1,20,29
JoeMomma8008,1,28,21,7,14,6,1,1,20,29
Mingi,1,28,17,11,6,14,1,1,20,29
MrJosho,1,28,23,5,18,2,1,1,20,29
squidboy101,1,28,24,4,20,0,1,1,20,29
annalu13,1,28,23,5,18,2,0,1,20,29
beeUnit,2,27,20,7,13,7,0,2,20,29
punwasintended,1,28,24,4,20,0,0,1,20,29
rajeeves,2,27,21,6,15,4,2,2,19,29
arising,1,28,21,7,14,5,1,1,19,29
ryandury,1,29,21,8,13,6,1,0,19,29
SorryImJustHonest,1,28,20,8,12,7,1,1,19,29
gabezermeno,2,27,22,5,17,2,0,2,19,29
NibblesMeKibbles,2,27,21,6,15,3,2,2,18,29
Boodsara,1,28,21,7,14,4,1,1,18,29
Chinned,1,28,21,7,14,4,1,1,18,29
davemitchell93,1,28,23,5,18,0,1,1,18,29
DayManASP,1,28,23,5,18,0,1,1,18,29
EvilBosom,1,28,23,5,18,0,1,1,18,29
Exit30six,1,28,20,8,12,6,1,1,18,29
Guitarf,1,28,22,6,16,2,1,1,18,29
HaZjx,1,28,23,5,18,0,1,1,18,29
JackRubysGun,1,28,23,5,18,0,1,1,18,29
Logical_Primate,1,28,20,8,12,6,1,1,18,29
onFilm,1,29,22,7,15,3,1,0,18,29
Red_AtNight,1,28,23,5,18,0,1,1,18,29
runlop,1,28,19,9,10,8,1,1,18,29
skizfrenik_syco,1,28,23,5,18,0,1,1,18,29
TheForkOfYork,1,28,23,5,18,0,1,1,18,29
TheTaxmansGirl,1,28,20,8,12,6,1,1,18,29
whoknew83,1,28,23,5,18,0,1,1,18,29
ZeTian,1,28,23,5,18,0,1,1,18,29
LongboardSP,3,27,21,6,15,3,0,2,18,29
monkling,1,28,22,6,16,2,0,1,18,29
BdrLen,2,27,16,11,5,12,1,2,17,29
hometimrunner,1,29,23,6,17,0,1,0,17,29
JamesDaltonBaker,1,28,21,7,14,3,1,1,17,29
jonasoap,1,29,20,9,11,6,1,0,17,29
jonvan,1,28,20,8,12,5,1,1,17,29
keepcalmnherpdyderp,1,29,20,9,11,6,1,0,17,29
MagicMoon,2,27,22,5,17,0,1,2,17,29
MEMBER00786,1,29,23,6,17,0,1,0,17,29
mike1080,1,29,23,6,17,0,1,0,17,29
mysticalone,1,28,21,7,14,3,1,1,17,29
Nehr-what,1,28,20,8,12,5,1,1,17,29
oh_hai_dan,1,28,20,8,12,5,1,1,17,29
potterhead92,1,28,19,9,10,7,1,1,17,29
SarkastikWatcher,1,29,22,7,15,2,1,0,17,29
snatcher_123,1,28,20,8,12,5,1,1,17,29
space_goat,1,28,21,7,14,3,1,1,17,29
teiger808,1,28,19,9,10,7,1,1,17,29
AdolfoHipster,1,28,20,8,12,5,0,1,17,29
Erinmore,1,28,20,8,12,5,0,1,17,29
adammclark,1,28,22,6,16,0,1,1,16,29
Dashward,1,29,19,10,9,7,1,0,16,29
deadhead1,1,28,21,7,14,2,1,1,16,29
Drakmeire,1,28,20,8,12,4,1,1,16,29
GoogaNautGod,1,28,22,6,16,0,1,1,16,29
graphixcow,1,28,22,6,16,0,1,1,16,29
Hanul14,1,29,21,8,13,3,1,0,16,29
JeetRaut,1,28,20,8,12,4,1,1,16,29
JollyJaguar,1,28,22,6,16,0,1,1,16,29
Lillix,1,28,22,6,16,0,1,1,16,29
moanymorris,1,28,20,8,12,4,1,1,16,29
new-socks,1,28,22,6,16,0,1,1,16,29
SamWiseTheHobbit,1,28,19,9,10,6,1,1,16,29
Steevka,1,28,22,6,16,0,1,1,16,29
thedailyquota,1,28,20,8,12,4,1,1,16,29
Vect0r,1,28,19,9,10,6,1,1,16,29
oglach,2,27,18,9,9,7,0,2,16,29
Xzotik,1,28,22,6,16,0,0,1,16,29
wellsaidmucker,2,27,8,19,-11,26,2,2,15,29
beardy_mcbeardface,1,28,14,14,0,15,1,1,15,29
FrostyJesus,1,28,19,9,10,5,1,1,15,29
learnfromthem,1,28,18,10,8,7,1,1,15,29
misspartypants,1,29,22,7,15,0,1,0,15,29
NN77,1,29,22,7,15,0,1,0,15,29
rachelsquishy,1,29,22,7,15,0,1,0,15,29
rickyhorror,1,28,20,8,12,3,1,1,15,29
runningraleigh,1,29,22,7,15,0,1,0,15,29
iwillnotlurk,1,28,19,9,10,5,0,1,15,29
UPVOTEORTHEKITTYDIES,2,27,19,8,11,4,0,2,15,29
digitaleagle,2,28,19,9,10,4,2,1,14,29
GuessWho_O,2,27,18,9,9,5,2,2,14,29
agnosticartist,1,28,19,9,10,4,1,1,14,29
cacsplease,1,28,21,7,14,0,1,1,14,29
caferr14,1,28,21,7,14,0,1,1,14,29
Camelcricket,2,28,21,7,14,0,1,1,14,29
Captain_Kirk77,1,29,19,10,9,5,1,0,14,29
ChumleeWumlee,1,28,21,7,14,0,1,1,14,29
Effintroll,1,28,21,7,14,0,1,1,14,29
eggrollking,1,28,18,10,8,6,1,1,14,29
emilitosroommate,1,28,21,7,14,0,1,1,14,29
genesis88,1,28,20,8,12,2,1,1,14,29
GoGoGadgetDownVote,1,28,18,10,8,6,1,1,14,29
heff17,1,28,21,7,14,0,1,1,14,29
Hunt3r_,1,28,21,7,14,0,1,1,14,29
jfk08c,1,28,21,7,14,0,1,1,14,29
Link_95,1,28,21,7,14,0,1,1,14,29
Magical_Fruitloops,1,28,21,7,14,0,1,1,14,29
markharr,1,28,21,7,14,0,1,1,14,29
Ponder_Puddle,1,28,21,7,14,0,1,1,14,29
Radiatednugget,1,28,21,7,14,0,1,1,14,29
rozza228,1,28,21,7,14,0,1,1,14,29
thatonefireman,1,28,20,8,12,2,1,1,14,29
zonefree,1,28,20,8,12,2,1,1,14,29
zthomasri,1,29,20,9,11,3,1,0,14,29
amberisawolf,1,28,21,7,14,0,0,1,14,29
ejpoke,1,28,16,12,4,10,0,1,14,29
MrGiggles24,1,28,21,7,14,0,0,1,14,29
DfizzleShizzle,2,27,19,8,11,2,2,2,13,29
gd0gg,2,27,20,7,13,0,2,2,13,29
barrackinho,1,29,21,8,13,0,1,0,13,29
catnoir,1,28,17,11,6,7,1,1,13,29
DarkCaptain,1,29,21,8,13,0,1,0,13,29
djexploit,1,29,20,9,11,2,1,0,13,29
jerfcm,2,28,19,9,10,3,1,1,13,29
muffinator3000,1,28,19,9,10,3,1,1,13,29
Redremnant,1,28,19,9,10,3,1,1,13,29
ScoutAtticusFinch,1,28,19,9,10,3,1,1,13,29
spinox,1,28,18,10,8,5,1,1,13,29
wahwoweewah,1,28,18,10,8,5,1,1,13,29
yang_gui_zi,1,29,21,8,13,0,1,0,13,29
CatFish10,3,26,19,7,12,0,2,3,12,29
Deathbybunnies,2,27,17,10,7,5,2,2,12,29
009InchNails,1,28,20,8,12,0,1,1,12,29
AgedAardvark,2,27,18,9,9,3,1,2,12,29
birdizdaword,1,28,20,8,12,0,1,1,12,29
BrandoPB,1,28,20,8,12,0,1,1,12,29
CauseFuckYou,1,28,20,8,12,0,1,1,12,29
d1rtfarm,1,28,20,8,12,0,1,1,12,29
daem101,1,28,20,8,12,0,1,1,12,29
DarwinsLoveChild,1,28,20,8,12,0,1,1,12,29
dillybar1992,2,27,17,10,7,5,1,2,12,29
doctor_feel_good,1,28,19,9,10,2,1,1,12,29
Emoboi425,1,28,19,9,10,2,1,1,12,29
FistFullofJesus,1,28,20,8,12,0,1,1,12,29
Hufflepuff_girl,1,28,20,8,12,0,1,1,12,29
InstantToast,1,28,20,8,12,0,1,1,12,29
longface,3,28,17,11,6,6,1,1,12,29
marcoosha,1,28,19,9,10,2,1,1,12,29
oaeraw,1,28,18,10,8,4,1,1,12,29
rodreidez,1,28,20,8,12,0,1,1,12,29
RTWinter,1,29,15,14,1,11,1,0,12,29
Scottzkee,1,28,20,8,12,0,1,1,12,29
SecretNerdBrah,1,28,20,8,12,0,1,1,12,29
Sunpeece,1,28,14,14,0,12,1,1,12,29
tshayes,1,28,19,9,10,2,1,1,12,29
Twacked,1,28,20,8,12,0,1,1,12,29
wynn55,1,28,18,10,8,4,1,1,12,29
carolionsaysrawr,1,28,19,9,10,2,0,1,12,29
Griever92,1,28,14,14,0,12,0,1,12,29
kaylafenton,1,28,20,8,12,0,0,1,12,29
laxer15,1,28,20,8,12,0,0,1,12,29
xChromeWolf,1,28,20,8,12,0,0,1,12,29
bananaraptor,1,28,17,11,6,5,1,1,11,29
JLBeast,1,28,17,11,6,5,1,1,11,29
LimeAided,1,28,16,12,4,7,1,1,11,29
OfficialANKMusic,1,28,18,10,8,3,1,1,11,29
poloman100125,1,28,18,10,8,3,1,1,11,29
scolbert08,1,29,18,11,7,4,1,0,11,29
studcase,1,28,16,12,4,7,1,1,11,29
Transmorphed,1,29,20,9,11,0,1,0,11,29
zinson,1,28,18,10,8,3,1,1,11,29
dafuqurmom,1,28,17,11,6,5,0,1,11,29
anamericandude,1,28,19,9,10,0,1,1,10,29
bigwhitebird,1,28,18,10,8,2,1,1,10,29
blaze_all_day,1,28,19,9,10,0,1,1,10,29
bobtehbob,1,28,18,10,8,2,1,1,10,29
btpo98,1,28,16,12,4,6,1,1,10,29
dempsone,1,28,19,9,10,0,1,1,10,29
Fawkes67,1,28,19,9,10,0,1,1,10,29
GEN_CORNPONE,1,28,19,9,10,0,1,1,10,29
HaloMediaz,1,28,18,10,8,2,1,1,10,29
herpina827,1,28,19,9,10,0,1,1,10,29
HorizonShadow,1,28,19,9,10,0,1,1,10,29
ImPointz,1,28,18,10,8,2,1,1,10,29
Jiveareno,1,28,18,10,8,2,1,1,10,29
josef,1,28,19,9,10,0,1,1,10,29
lyricalthesis,1,28,19,9,10,0,1,1,10,29
mpcmax9,1,28,19,9,10,0,1,1,10,29
Mr_FuM,1,28,17,11,6,4,1,1,10,29
Obitual,1,28,15,13,2,8,1,1,10,29
poopxfeast420,1,28,18,10,8,2,1,1,10,29
robofreak222,1,28,19,9,10,0,1,1,10,29
saint_cantaloupe,1,28,18,10,8,2,1,1,10,29
spikedawson,1,28,19,9,10,0,1,1,10,29
steven1350,1,28,15,13,2,8,1,1,10,29
thenoel,1,28,19,9,10,0,1,1,10,29
trained_badass,1,28,18,10,8,2,1,1,10,29
turn26,1,28,19,9,10,0,1,1,10,29
Atreyu401,1,28,19,9,10,0,0,1,10,29
GroxNinja,1,28,18,10,8,2,0,1,10,29
Lappras,1,28,18,10,8,2,0,1,10,29
lostinlimbos,1,28,17,11,6,4,0,1,10,29
poupsterz,2,28,19,9,10,0,0,1,10,29
draketherake,1,29,19,10,9,0,1,0,9,29
FerSherwin,1,28,17,11,6,3,1,1,9,29
forghatfulness,1,28,17,11,6,3,1,1,9,29
LolaBond,2,27,17,10,7,2,1,2,9,29
RyanHammoud,1,28,17,11,6,3,1,1,9,29
steveholtbluth,1,29,18,11,7,2,1,0,9,29
Xx_Black-out,2,27,17,10,7,2,1,2,9,29
jermslice,1,28,17,11,6,3,0,1,9,29
acidblood,1,28,18,10,8,0,1,1,8,29
brokeboysboxers,1,28,17,11,6,2,1,1,8,29
cachurch2,1,28,18,10,8,0,1,1,8,29
Dial-A-Lan,1,28,18,10,8,0,1,1,8,29
Dj-Xenoc,1,29,17,12,5,3,1,0,8,29
DomAsian,1,28,16,12,4,4,1,1,8,29
dtandris,1,28,18,10,8,0,1,1,8,29
dustybizzle,1,28,18,10,8,0,1,1,8,29
g0lfwang,1,28,18,10,8,0,1,1,8,29
Hayley_Instigator,1,28,18,10,8,0,1,1,8,29
Im1ToThe337,1,28,17,11,6,2,1,1,8,29
Jonesy9910,1,28,18,10,8,0,1,1,8,29
malcs85,1,28,18,10,8,0,1,1,8,29
MD_the_MD,1,28,17,11,6,2,1,1,8,29
MortFlesh,1,28,16,12,4,4,1,1,8,29
NyimaOdzer,1,28,18,10,8,0,1,1,8,29
OccupyMyBallSack,1,28,18,10,8,0,1,1,8,29
robotshoelaces,1,28,18,10,8,0,1,1,8,29
SaintThriller,1,28,18,10,8,0,1,1,8,29
Saturnmann,1,28,18,10,8,0,1,1,8,29
Susashiden,1,28,18,10,8,0,1,1,8,29
tocwaste,1,28,17,11,6,2,1,1,8,29
Dr_Oops,1,28,18,10,8,0,0,1,8,29
Eddmann06,1,28,17,11,6,2,0,1,8,29
Mantilla_Root,1,28,18,10,8,0,0,1,8,29
payperduckk,2,27,15,12,3,5,0,2,8,29
thewhamms,1,28,18,10,8,0,0,1,8,29
GoodNewsNobody,2,27,17,10,7,0,2,2,7,29
BlueyError,1,28,16,12,4,3,1,1,7,29
ChickendantZZZ,2,27,16,11,5,2,1,2,7,29
FuckAllTheCouches,1,28,16,12,4,3,1,1,7,29
JMor3sell,1,29,17,12,5,2,1,0,7,29
Leggeaux,1,28,12,16,-4,11,1,1,7,29
loco_luciani,1,28,16,12,4,3,1,1,7,29
robbyantonelli9,2,27,17,10,7,0,1,2,7,29
zyadon,2,27,17,10,7,0,1,2,7,29
Arsenal0328,1,28,16,12,4,3,0,1,7,29
belkarbitterleaf,1,28,16,12,4,3,0,1,7,29
Beraa,1,29,18,11,7,0,0,0,7,29
kearbearpoo,1,28,16,12,4,3,0,1,7,29
2Jews1Quarter,1,28,17,11,6,0,1,1,6,29
basedmatt517,1,28,15,13,2,4,1,1,6,29
christophlr,1,28,16,12,4,2,1,1,6,29
DaGyani,1,28,17,11,6,0,1,1,6,29
Dorfus,1,28,15,13,2,4,1,1,6,29
DrStrangeFate,1,28,17,11,6,0,1,1,6,29
Duja,1,28,17,11,6,0,1,1,6,29
FoxNewsReporter3,1,28,17,11,6,0,1,1,6,29
godieinahole11,1,28,17,11,6,0,1,1,6,29
I_Dabble,1,28,16,12,4,2,1,1,6,29
joeboohoo,1,28,15,13,2,4,1,1,6,29
luckyjoey,1,28,17,11,6,0,1,1,6,29
Matthiax,1,28,17,11,6,0,1,1,6,29
Munger88,2,27,15,12,3,3,1,2,6,29
srh2689,1,28,17,11,6,0,1,1,6,29
stellasface,1,28,17,11,6,0,1,1,6,29
Thenemesis90,1,28,17,11,6,0,1,1,6,29
TiddBits,1,28,14,14,0,6,1,1,6,29
VassiliZaitsev,1,28,15,13,2,4,1,1,6,29
dblalock98,1,28,16,12,4,2,0,1,6,29
Imaginary_Friends,1,28,17,11,6,0,0,1,6,29
JJSmith1987,1,28,16,12,4,2,0,1,6,29
LegitZohan,1,28,16,12,4,2,0,1,6,29
npredney,1,28,16,12,4,2,0,1,6,29
rocketpoweredmonkey,1,28,17,11,6,0,0,1,6,29
tuckerc12,1,28,17,11,6,0,0,1,6,29
usapayton,1,28,16,12,4,2,0,1,6,29
ZigzStar,1,28,17,11,6,0,0,1,6,29
ProfessorMcHugeBalls,2,27,16,11,5,0,2,2,5,29
BrianDoyleMurray,1,29,17,12,5,0,1,0,5,29
FourBeersThePirate,1,29,17,12,5,0,1,0,5,29
NunsOnFire,1,28,15,13,2,3,1,1,5,29
OkSt00pid,1,29,16,13,3,2,1,0,5,29
RaffyLikesTea,2,27,13,14,-1,5,2,2,4,29
4chanexplorer,1,28,16,12,4,0,1,1,4,29
aerobinson,1,28,15,13,2,2,1,1,4,29
AlexTheWhiteKid,1,28,16,12,4,0,1,1,4,29
BobSamonkey,1,28,15,13,2,2,1,1,4,29
conoirish47,1,28,16,12,4,0,1,1,4,29
dexter277,2,27,13,14,-1,5,1,2,4,29
jbmrx,1,28,15,13,2,2,1,1,4,29
kateish,1,28,16,12,4,0,1,1,4,29
kemicalenigma,1,28,16,12,4,0,1,1,4,29
lextexmex,1,28,15,13,2,2,1,1,4,29
Nihala,1,28,15,13,2,2,1,1,4,29
NinjaBananaz,1,28,16,12,4,0,1,1,4,29
omeezysheezy,1,28,16,12,4,0,1,1,4,29
Rhastafara,1,28,16,12,4,0,1,1,4,29
TheSolution1,1,28,15,13,2,2,1,1,4,29
trdabr,1,28,11,17,-6,10,1,1,4,29
ziwcam,1,28,15,13,2,2,1,1,4,29
Angry_Grape,1,28,16,12,4,0,0,1,4,29
ArcaniteMagician,1,28,15,13,2,2,0,1,4,29
nmpraveen,1,28,16,12,4,0,0,1,4,29
Zu4ssi,2,28,16,12,4,0,0,1,4,29
AwesomeSauceDL,1,28,14,14,0,3,1,1,3,29
BeerSlayingBeaver,2,27,13,14,-1,4,1,2,3,29
lolegag,1,28,12,16,-4,7,1,1,3,29
nadeshot,1,28,12,16,-4,7,1,1,3,29
razzaboy123,1,28,14,14,0,3,1,1,3,29
stoned_kenobi,1,28,12,16,-4,7,0,1,3,29
MistakenGenius10,2,28,13,15,-2,4,2,1,2,29
broosjoos,1,28,14,14,0,2,1,1,2,29
cantcatchme,1,28,14,14,0,2,1,1,2,29
dieselnut,1,28,15,13,2,0,1,1,2,29
Domberns,1,28,13,15,-2,4,1,1,2,29
goatsonaboat,1,28,15,13,2,0,1,1,2,29
Metalhead62,1,28,15,13,2,0,1,1,2,29
MThree,1,28,15,13,2,0,1,1,2,29
mylifeisbacon,1,28,15,13,2,0,1,1,2,29
nucco,1,28,14,14,0,2,1,1,2,29
PublicDecency_,1,28,15,13,2,0,1,1,2,29
Sambo624,1,28,13,15,-2,4,1,1,2,29
Steevy,1,28,15,13,2,0,1,1,2,29
tissues_and_lotion,1,28,15,13,2,0,1,1,2,29
jaybird13,1,28,15,13,2,0,0,1,2,29
neonpandas,2,27,13,14,-1,2,2,2,1,29
RocksAndSoup,2,27,14,13,1,0,2,2,1,29
mortodestructo,1,28,13,15,-2,3,1,1,1,29
ScheetyWok,2,27,13,14,-1,2,1,2,1,29
Sirrah1722,1,29,13,16,-3,4,1,0,1,29
Sultangris,1,28,13,15,-2,3,1,1,1,29
zx109,1,28,12,16,-4,5,1,1,1,29
dallas94bass,2,27,14,13,1,0,0,2,1,29
Hype_Man,2,27,11,16,-5,5,2,2,0,29
hardlynoticible,1,28,12,16,-4,4,1,1,0,29
J_stoner,1,29,13,16,-3,3,1,0,0,29
Jack0G,1,28,14,14,0,0,1,1,0,29
jonesguy14,1,28,14,14,0,0,1,1,0,29
verynicegirl,1,28,14,14,0,0,1,1,0,29
yourmotherisaboy,1,28,14,14,0,0,1,1,0,29
NicoleAsscage,1,29,11,18,-7,7,0,0,0,29
soapbark,1,28,12,16,-4,4,0,1,0,29
springflipflops,1,28,13,15,-2,2,0,1,0,29
the_chan,2,28,14,14,0,0,0,1,0,29
Amynay_hearts,2,27,11,16,-5,4,2,2,-1,29
theonecalled_bob,2,27,12,15,-3,2,2,2,-1,29
4vuGaGDLfn5QUZBLGz8L,1,29,13,16,-3,2,1,0,-1,29
drdoodleisnotI123,1,28,12,16,-4,3,1,1,-1,29
kadmylos,1,28,12,16,-4,3,1,1,-1,29
kangster777,1,28,12,16,-4,3,1,1,-1,29
MisterJhones,1,28,11,17,-6,5,1,1,-1,29
ThisPlatypusHatesYou,1,28,12,16,-4,3,1,1,-1,29
betsyschein,1,28,12,16,-4,3,0,1,-1,29
SnarkyT,3,26,12,14,-2,0,3,3,-2,29
Glenntertain,3,26,12,14,-2,0,2,3,-2,29
aeroplanesea,1,28,11,17,-6,4,1,1,-2,29
blipblop18,1,28,11,17,-6,4,1,1,-2,29
DwelveDeeper,1,28,12,16,-4,2,1,1,-2,29
frealdoe,1,28,13,15,-2,0,1,1,-2,29
graw211,1,28,12,16,-4,2,1,1,-2,29
SambobmaS,1,28,13,15,-2,0,1,1,-2,29
siperwrx,1,28,12,16,-4,2,1,1,-2,29
xXMAjoRsONXx,1,28,13,15,-2,0,1,1,-2,29
ascaryguy,1,28,11,17,-6,4,0,1,-2,29
haabda,1,28,12,16,-4,2,0,1,-2,29
Twiggadee,1,28,13,15,-2,0,0,1,-2,29
asiaafrica,2,27,12,15,-3,0,2,2,-3,29
chinkmister64,2,27,12,15,-3,0,2,2,-3,29
originalbeastmode,2,27,10,17,-7,4,2,2,-3,29
b_deam,1,28,11,17,-6,3,1,1,-3,29
BrINClHOFrxns,1,28,11,17,-6,3,1,1,-3,29
chishicaste,1,28,10,18,-8,5,1,1,-3,29
Deergoose,1,28,11,17,-6,3,1,1,-3,29
DOC_HOLLIDAY_1911,1,28,10,18,-8,5,1,1,-3,29
Ervinski,1,28,11,17,-6,3,1,1,-3,29
lanskie16,1,28,10,18,-8,5,1,1,-3,29
lluca,1,28,9,19,-10,7,1,1,-3,29
TeslaBlackmags,1,28,11,17,-6,3,1,1,-3,29
Tyrannasourusjake,2,27,12,15,-3,0,1,2,-3,29
007Love,1,28,11,17,-6,3,0,1,-3,29
Dragon5756,1,28,11,17,-6,3,0,1,-3,29
Abstker,1,28,11,17,-6,2,1,1,-4,29
likeigiveafuk,1,28,12,16,-4,0,1,1,-4,29
rogierogue,2,27,10,17,-7,3,1,2,-4,29
souray44angus,2,27,10,17,-7,3,1,2,-4,29
Tesla6009,1,28,12,16,-4,0,1,1,-4,29
Tronosaurus,2,28,12,16,-4,0,1,1,-4,29
vonvoldov,1,28,12,16,-4,0,1,1,-4,29
ktread20,1,28,12,16,-4,0,0,1,-4,29
throwrock,1,28,11,17,-6,2,0,1,-4,29
imak3d3dp3pl,2,27,9,18,-9,4,2,2,-5,29
Curistofa,1,29,12,17,-5,0,1,0,-5,29
b_lightyear,1,28,11,17,-6,0,1,1,-6,29
BAD_comment_guy,1,28,10,18,-8,2,1,1,-6,29
edgarolive,1,28,11,17,-6,0,1,1,-6,29
Ristickalizations,1,28,11,17,-6,0,1,1,-6,29
Robbie80074,1,28,11,17,-6,0,1,1,-6,29
vanillawafah,1,28,11,17,-6,0,1,1,-6,29
kingofreposts,1,28,11,17,-6,0,0,1,-6,29
squish1,1,28,9,19,-10,4,0,1,-6,29
TubbyParrot,1,28,11,17,-6,0,0,1,-6,29
canadianehya,2,27,10,17,-7,0,2,2,-7,29
Rorymcd69,1,28,8,20,-12,5,1,1,-7,29
AtroXious,1,28,7,21,-14,7,0,1,-7,29
jkidfox,1,28,10,18,-8,0,1,1,-8,29
manning89,2,28,10,18,-8,0,1,1,-8,29
rjzaaiman,1,28,10,18,-8,0,1,1,-8,29
kefka0,1,28,9,19,-10,0,1,1,-10,29
kollegekid,1,29,7,22,-15,5,1,0,-10,29
marvelousfarrow,1,28,9,19,-10,0,0,1,-10,29
j0ntsang,2,27,8,19,-11,0,2,2,-11,29
Scuttlebutt91,2,27,8,19,-11,0,1,2,-11,29
UnEntitled,2,27,8,19,-11,0,1,2,-11,29
Spyce,2,28,8,20,-12,0,2,1,-12,29
hatchetlock,1,28,6,22,-16,4,1,1,-12,29
jf286381,1,28,8,20,-12,0,1,1,-12,29
RalphMacchio,2,27,7,20,-13,0,2,2,-13,29
pandahipstermagic,1,28,6,22,-16,3,0,1,-13,29
IREMEMBERSEEINGTHIS,1,28,6,22,-16,0,1,1,-16,29
Elapses,1,27,21,6,15,21,1,1,36,28
drum_playing_twig,1,27,20,7,13,21,1,1,34,28
WhalesongArt,1,27,21,6,15,16,1,1,31,28
InvisibleNight,1,27,22,5,17,13,1,1,30,28
krakentastic,1,28,28,0,28,0,1,0,28,28
QDogear,1,27,25,2,23,5,1,1,28,28
testimoni,1,28,27,1,26,2,1,0,28,28
tonycomputerguy,1,27,25,2,23,4,1,1,27,28
ay_papi,1,28,27,1,26,0,1,0,26,28
iw3z,1,27,24,3,21,5,1,1,26,28
chiefdm,2,27,24,3,21,5,0,1,26,28
jmbr87,1,27,25,2,23,2,1,1,25,28
omni_wisdumb,1,28,24,4,20,5,1,0,25,28
BettyMcBoob,1,27,16,11,5,19,1,1,24,28
flecko,1,28,24,4,20,4,1,0,24,28
kevincreeperpants,1,27,24,3,21,3,1,1,24,28
cbruins22,1,27,22,5,17,6,1,1,23,28
Carnielover,1,27,25,2,23,0,0,1,23,28
bredoub,1,27,23,4,19,3,1,1,22,28
Buffalocolt18,1,27,19,8,11,11,1,1,22,28
DearStabby,1,28,24,4,20,2,1,0,22,28
timewarne404,1,27,22,5,17,5,1,1,22,28
Vcrew192,2,26,24,2,22,0,1,2,22,28
IndigoLee,1,27,23,4,19,3,0,1,22,28
AnnabelleBlizz,1,27,24,3,21,0,1,1,21,28
Aurora89,1,27,23,4,19,2,1,1,21,28
beyondtherapy,1,27,24,3,21,0,1,1,21,28
DanceFloorDisaster,1,27,22,5,17,4,1,1,21,28
Future_Garage,1,27,24,3,21,0,1,1,21,28
IraniPatriot,1,27,23,4,19,2,1,1,21,28
kevenhowitz,1,27,17,10,7,14,1,1,21,28
kjurczak,1,27,23,4,19,2,1,1,21,28
MastarWayne,1,27,23,4,19,2,1,1,21,28
mcaffrey,1,27,21,6,15,6,1,1,21,28
phantom03sv,1,27,23,4,19,2,1,1,21,28
ProjectCano,1,27,23,4,19,2,1,1,21,28
Scott_Shelby,1,27,20,7,13,8,1,1,21,28
Skat402,1,28,18,10,8,13,1,0,21,28
TheBluePanda,1,28,20,8,12,9,1,0,21,28
XxgracielouxX,1,27,24,3,21,0,1,1,21,28
proflip23,1,27,24,3,21,0,0,1,21,28
ticklemypickle6969,1,27,22,5,17,4,0,1,21,28
bitigchi,1,28,21,7,14,6,1,0,20,28
booge41,1,27,19,8,11,9,1,1,20,28
Irate_Worlock,1,27,20,7,13,7,1,1,20,28
JellyMonster,1,27,20,7,13,7,1,1,20,28
ktalkin,1,28,23,5,18,2,1,0,20,28
rooftoptile,1,28,23,5,18,2,1,0,20,28
Semiautomatix,1,27,18,9,9,11,1,1,20,28
skykingz,1,27,22,5,17,3,1,1,20,28
thevillian,2,26,23,3,20,0,1,2,20,28
Thyflesh,1,27,22,5,17,3,1,1,20,28
Transubstantive,1,27,22,5,17,3,1,1,20,28
werobins,1,27,22,5,17,3,1,1,20,28
alexheiker,1,27,22,5,17,3,0,1,20,28
Skooter_McNutsac,2,27,22,5,17,2,2,1,19,28
ajax_2232,1,27,22,5,17,2,1,1,19,28
Apples4lyfe2,1,27,23,4,19,0,1,1,19,28
barnsdl,1,27,21,6,15,4,1,1,19,28
bigred88,1,27,23,4,19,0,1,1,19,28
bobdunga,1,27,23,4,19,0,1,1,19,28
BraxTheGinger,1,27,23,4,19,0,1,1,19,28
dhave_config,1,27,20,7,13,6,1,1,19,28
icallforthehogs,1,27,22,5,17,2,1,1,19,28
Jobboman,1,27,23,4,19,0,1,1,19,28
mfskiier445,1,27,23,4,19,0,1,1,19,28
MoLiHuaLong,1,27,23,4,19,0,1,1,19,28
-RobotDeathSquad-,1,27,20,7,13,6,1,1,19,28
Ethan_Nj,1,27,21,6,15,4,0,1,19,28
wowbagger00,2,26,16,10,6,12,2,2,18,28
Braziliger,1,27,15,12,3,15,1,1,18,28
cgioia,1,27,21,6,15,3,1,1,18,28
nyforever65,1,28,23,5,18,0,1,0,18,28
PISS_IN_MY_ASS,1,28,23,5,18,0,1,0,18,28
Rudacris,1,27,20,7,13,5,1,1,18,28
Seismictoss,1,27,21,6,15,3,1,1,18,28
SLTSTL,1,28,23,5,18,0,1,0,18,28
StonehengeAfterHours,1,27,20,7,13,5,1,1,18,28
taubut,1,28,23,5,18,0,1,0,18,28
TheGreatestRedditor,1,28,20,8,12,6,1,0,18,28
Vithar,1,27,21,6,15,3,1,1,18,28
Whallahbro,1,27,21,6,15,3,1,1,18,28
WildBobAA,1,27,20,7,13,5,1,1,18,28
ReigningTierney,1,27,21,6,15,3,0,1,18,28
AccountIUseAtWork,1,27,21,6,15,2,1,1,17,28
Anion0783,2,27,20,7,13,4,1,1,17,28
awwwZ_man,1,27,22,5,17,0,1,1,17,28
bkiefz,1,27,19,8,11,6,1,1,17,28
conturax,1,28,20,8,12,5,1,0,17,28
helloeffer,1,27,21,6,15,2,1,1,17,28
Jennamariep,1,27,21,6,15,2,1,1,17,28
Kevwil50,1,27,16,11,5,12,1,1,17,28
kharden9,1,27,21,6,15,2,1,1,17,28
kmlodge,1,27,22,5,17,0,1,1,17,28
Marc815,1,27,19,8,11,6,1,1,17,28
Ninjaismypassword,1,27,22,5,17,0,1,1,17,28
sage_of_majic,1,27,21,6,15,2,1,1,17,28
Uncletouchysfunhouse,1,27,22,5,17,0,1,1,17,28
Wolvenfire86,1,27,22,5,17,0,1,1,17,28
OnedayMaybe,2,27,22,5,17,0,0,1,17,28
7mood75,1,28,22,6,16,0,1,0,16,28
Actionbasturd420,1,27,20,7,13,3,1,1,16,28
ameeks22,1,28,21,7,14,2,1,0,16,28
Avze,1,27,20,7,13,3,1,1,16,28
chrisefaw,1,27,19,8,11,5,1,1,16,28
feedmeh8,1,27,16,11,5,11,1,1,16,28
FFEJERY,1,27,20,7,13,3,1,1,16,28
fifteenagain,1,27,17,10,7,9,1,1,16,28
kd7cnz,1,28,20,8,12,4,1,0,16,28
lbear18,1,27,20,7,13,3,1,1,16,28
modup1,1,28,21,7,14,2,1,0,16,28
Muqsitj,1,28,22,6,16,0,1,0,16,28
Ryan_Konky,1,28,19,9,10,6,1,0,16,28
shinoda88,1,27,19,8,11,5,1,1,16,28
Tyrant84,1,27,20,7,13,3,1,1,16,28
verbify,1,27,19,8,11,5,1,1,16,28
welcome_raven,1,28,22,6,16,0,1,0,16,28
sal_sal,1,27,19,8,11,5,0,1,16,28
alexcartledge,1,27,21,6,15,0,1,1,15,28
bananabombboy,1,27,21,6,15,0,1,1,15,28
blaizedm,1,27,21,6,15,0,1,1,15,28
Caibot,1,27,21,6,15,0,1,1,15,28
dantachhh,1,27,21,6,15,0,1,1,15,28
flipsideshooze,1,27,21,6,15,0,1,1,15,28
InfamousJoeG,1,28,20,8,12,3,1,0,15,28
jimmybolt,1,27,21,6,15,0,1,1,15,28
LearnProgramming7,1,27,21,6,15,0,1,1,15,28
MazdaRx7Guy,1,27,20,7,13,2,1,1,15,28
Oxenfree,1,27,21,6,15,0,1,1,15,28
paradisel0st,1,27,20,7,13,2,1,1,15,28
superotterman,1,27,20,7,13,2,1,1,15,28
The_Spaceman,1,27,19,8,11,4,1,1,15,28
tickoff,1,27,20,7,13,2,1,1,15,28
xMrsNightSky,1,27,20,7,13,2,1,1,15,28
zack6511,1,27,17,10,7,8,1,1,15,28
discidius,1,27,19,8,11,4,0,1,15,28
hughejam,1,27,20,7,13,2,0,1,15,28
SamaelMorningstar,1,27,17,10,7,8,0,1,15,28
tenaki,1,27,21,6,15,0,0,1,15,28
AlwaysBeleive,1,27,18,9,9,5,1,1,14,28
DaleKeen,1,27,19,8,11,3,1,1,14,28
DJ_Harrington,1,28,18,10,8,6,1,0,14,28
Eden_p,1,28,20,8,12,2,1,0,14,28
iaintafraidofnoherps,1,27,18,9,9,5,1,1,14,28
neise,1,27,19,8,11,3,1,1,14,28
pkarp92,1,28,21,7,14,0,1,0,14,28
ReverendDexter,1,27,19,8,11,3,1,1,14,28
SavageQueen,1,27,17,10,7,7,1,1,14,28
siryoshi,1,27,19,8,11,3,1,1,14,28
thenitstran,1,27,19,8,11,3,1,1,14,28
vakkzkratcher,1,27,19,8,11,3,1,1,14,28
clickforanexample,1,27,18,9,9,5,0,1,14,28
kahmeekahzee,1,27,19,8,11,3,0,1,14,28
mahniggasbetrippin,1,27,19,8,11,3,0,1,14,28
AisFoolish,1,27,20,7,13,0,1,1,13,28
bodysnatcher27,1,27,19,8,11,2,1,1,13,28
Botten25,1,27,20,7,13,0,1,1,13,28
Col-Hans-Landa,1,27,19,8,11,2,1,1,13,28
Curok,1,27,20,7,13,0,1,1,13,28
donashcroft,1,27,19,8,11,2,1,1,13,28
elliesaurusrex,1,27,18,9,9,4,1,1,13,28
entactogen,1,28,19,9,10,3,1,0,13,28
euclio,1,27,20,7,13,0,1,1,13,28
gentthaci,1,27,20,7,13,0,1,1,13,28
ildabears,1,27,20,7,13,0,1,1,13,28
Kollarism,1,27,20,7,13,0,1,1,13,28
Le_Hispanic,1,27,19,8,11,2,1,1,13,28
Meowour,1,28,19,9,10,3,1,0,13,28
munchma_quchi_,1,27,17,10,7,6,1,1,13,28
NeonRed,1,27,20,7,13,0,1,1,13,28
ninjaroflmaster,1,27,20,7,13,0,1,1,13,28
okonefortheroad,1,27,20,7,13,0,1,1,13,28
rabidcat,1,27,20,7,13,0,1,1,13,28
Randrage,1,28,19,9,10,3,1,0,13,28
Sandy_Broufax,1,27,20,7,13,0,1,1,13,28
Scremmet81,1,27,19,8,11,2,1,1,13,28
shadow_fox09,1,27,19,8,11,2,1,1,13,28
tropicalweeds,1,27,20,7,13,0,1,1,13,28
tulip_sniper,1,27,20,7,13,0,1,1,13,28
Tyoni,1,27,19,8,11,2,1,1,13,28
ValidResponse,1,27,19,8,11,2,1,1,13,28
will6680,1,27,20,7,13,0,1,1,13,28
malaha_69,1,27,20,7,13,0,0,1,13,28
abbazabbbbbbba,2,26,18,8,10,2,2,2,12,28
5kl,2,26,18,8,10,2,1,2,12,28
AnkMah,1,27,18,9,9,3,1,1,12,28
Authenticait,2,26,12,14,-2,14,1,2,12,28
cdempsey65370,1,27,18,9,9,3,1,1,12,28
djzeuus,1,27,17,10,7,5,1,1,12,28
HarrietTubmanFTW,1,28,20,8,12,0,1,0,12,28
QueenShellene,1,27,18,9,9,3,1,1,12,28
Random_AD_Quotes,1,28,20,8,12,0,1,0,12,28
Spongetoe,1,28,20,8,12,0,1,0,12,28
teenagetreats,1,28,20,8,12,0,1,0,12,28
Tree_Socks,1,27,15,12,3,9,1,1,12,28
Zeffiroth,1,27,18,9,9,3,1,1,12,28
Nosis,2,26,17,9,8,3,2,2,11,28
1DAKOTA1,1,27,19,8,11,0,1,1,11,28
carl079,1,27,19,8,11,0,1,1,11,28
cvlrymedic,1,27,19,8,11,0,1,1,11,28
Eerbud,1,27,16,11,5,6,1,1,11,28
El_Fleegre,1,27,19,8,11,0,1,1,11,28
EvanPundyk,1,27,19,8,11,0,1,1,11,28
fahrenheit63,1,27,19,8,11,0,1,1,11,28
faultycompanioncube,1,27,19,8,11,0,1,1,11,28
Flargon,1,27,19,8,11,0,1,1,11,28
h8mecuzyou8ntme,1,27,17,10,7,4,1,1,11,28
haydiddy,1,27,19,8,11,0,1,1,11,28
iamvillainmo,1,27,18,9,9,2,1,1,11,28
idhopson,1,27,18,9,9,2,1,1,11,28
jvanlente,1,27,19,8,11,0,1,1,11,28
kanned,1,27,19,8,11,0,1,1,11,28
keithfin,1,27,19,8,11,0,1,1,11,28
krugnasty,1,28,18,10,8,3,1,0,11,28
kulmeetster,1,27,19,8,11,0,1,1,11,28
LexiLouLee,1,27,18,9,9,2,1,1,11,28
MarchMadnessisMe,1,27,19,8,11,0,1,1,11,28
MrWoodson,1,27,19,8,11,0,1,1,11,28
mystile33,1,27,19,8,11,0,1,1,11,28
nexxai,1,27,19,8,11,0,1,1,11,28
pplofdac,1,27,18,9,9,2,1,1,11,28
Raycer,1,27,19,8,11,0,1,1,11,28
redditaddicttt,1,27,19,8,11,0,1,1,11,28
senormisfit20,1,27,18,9,9,2,1,1,11,28
Shanaki,1,27,19,8,11,0,1,1,11,28
stevengnarl,1,27,18,9,9,2,1,1,11,28
Bitwise2010,1,27,19,8,11,0,0,1,11,28
HappyAssassin,1,27,18,9,9,2,0,1,11,28
neotheseventh,2,26,15,11,4,7,0,2,11,28
RussianZack,1,27,18,9,9,2,0,1,11,28
spursofthemoment,1,27,18,9,9,2,0,1,11,28
mosstacean,2,26,17,9,8,2,2,2,10,28
bobyhey123,1,28,19,9,10,0,1,0,10,28
chiiick,1,28,19,9,10,0,1,0,10,28
Code_Assass1n,1,27,16,11,5,5,1,1,10,28
Fibreoptix,1,27,16,11,5,5,1,1,10,28
Howimetyourmumma,1,27,16,11,5,5,1,1,10,28
i_is_surf,1,27,17,10,7,3,1,1,10,28
iLuvBlackJesus,1,27,16,11,5,5,1,1,10,28
kwangwanhos,1,27,15,12,3,7,1,1,10,28
Metallicgeek,1,27,17,10,7,3,1,1,10,28
rabble123,1,28,19,9,10,0,1,0,10,28
Zirkelcock,1,27,17,10,7,3,1,1,10,28
egtownsend,1,27,17,10,7,3,0,1,10,28
MattLevy,1,27,17,10,7,3,0,1,10,28
redhawk29,1,27,17,10,7,3,0,1,10,28
_uparrow,1,27,18,9,9,0,1,1,9,28
Arufe,1,27,16,11,5,4,1,1,9,28
Atheistbaconfan,1,27,18,9,9,0,1,1,9,28
boneybum,1,27,18,9,9,0,1,1,9,28
boomergizmo,1,27,18,9,9,0,1,1,9,28
CandySkewers2,1,27,18,9,9,0,1,1,9,28
cbcfan,1,27,16,11,5,4,1,1,9,28
ckugar,1,27,18,9,9,0,1,1,9,28
Colts4con,1,27,17,10,7,2,1,1,9,28
errstl,1,27,18,9,9,0,1,1,9,28
exitpursuedbybear,1,27,18,9,9,0,1,1,9,28
farllen,1,27,17,10,7,2,1,1,9,28
fluky,1,27,18,9,9,0,1,1,9,28
FugginAlex,1,27,17,10,7,2,1,1,9,28
GingerGiraffe69,1,27,15,12,3,6,1,1,9,28
happyapplecomics,1,27,18,9,9,0,1,1,9,28
HeyItsjacob17,1,27,18,9,9,0,1,1,9,28
Jaizhanju,1,27,18,9,9,0,1,1,9,28
jellefied,1,27,18,9,9,0,1,1,9,28
Kaseafier,1,27,18,9,9,0,1,1,9,28
Koalacaust,2,26,15,11,4,5,1,2,9,28
maxisawesome538,1,27,17,10,7,2,1,1,9,28
megustawalrus,2,27,18,9,9,0,1,1,9,28
Mombrey,1,27,18,9,9,0,1,1,9,28
monopixel,1,27,17,10,7,2,1,1,9,28
msto0322,1,27,18,9,9,0,1,1,9,28
TehPerfessor,1,27,18,9,9,0,1,1,9,28
AngryGoron,1,27,18,9,9,0,0,1,9,28
coffeeholic15,1,27,15,12,3,6,0,1,9,28
SarahPalinisaMuslim,1,27,17,10,7,2,0,1,9,28
soccerjohn25,1,27,17,10,7,2,0,1,9,28
aditzup,1,27,16,11,5,3,1,1,8,28
alcol93,1,27,16,11,5,3,1,1,8,28
danman0030,1,27,15,12,3,5,1,1,8,28
inceptionoitpecni,1,27,12,15,-3,11,1,1,8,28
sirus20x6,2,26,17,9,8,0,1,2,8,28
WASH_JOCULAR_HUB,1,27,16,11,5,3,1,1,8,28
Xingularity,1,27,16,11,5,3,1,1,8,28
xonor,2,26,17,9,8,0,1,2,8,28
zero_divide_1,1,27,16,11,5,3,1,1,8,28
huntsefsky,1,27,16,11,5,3,0,1,8,28
adanoopdixith,1,27,16,11,5,2,1,1,7,28
Andy_Glass,1,27,16,11,5,2,1,1,7,28
darkness863,1,27,17,10,7,0,1,1,7,28
HredditorZ,1,27,17,10,7,0,1,1,7,28
Ijustdoeyes,1,27,16,11,5,2,1,1,7,28
jacquelineconk,1,27,17,10,7,0,1,1,7,28
JustAnotherSimian,1,27,16,11,5,2,1,1,7,28
laevrik,1,27,16,11,5,2,1,1,7,28
lobsters,1,27,17,10,7,0,1,1,7,28
Magikarp52412,1,27,17,10,7,0,1,1,7,28
marnix92,1,27,16,11,5,2,1,1,7,28
MOISTY_OYSTER,1,27,17,10,7,0,1,1,7,28
pettifoggist,1,27,16,11,5,2,1,1,7,28
psyco187,1,27,16,11,5,2,1,1,7,28
Rathice,1,27,15,12,3,4,1,1,7,28
RuyIsHere,1,27,16,11,5,2,1,1,7,28
TheTodd10,1,27,16,11,5,2,1,1,7,28
thorloricky,1,27,17,10,7,0,1,1,7,28
yekliwmb,1,27,17,10,7,0,1,1,7,28
chnclyl,1,27,17,10,7,0,0,1,7,28
connerysbeard,1,27,17,10,7,0,0,1,7,28
DoctorBrian,1,27,16,11,5,2,0,1,7,28
KashK10,1,27,15,12,3,4,0,1,7,28
MaunderingVagabond,1,27,16,11,5,2,0,1,7,28
NeuroticsNotebook,1,27,16,11,5,2,0,1,7,28
niggerology,1,27,15,12,3,4,0,1,7,28
RazorChiken,1,27,15,12,3,4,0,1,7,28
tortoiseframes,1,27,17,10,7,0,0,1,7,28
partypete125,2,26,16,10,6,0,2,2,6,28
bosinicus,2,26,16,10,6,0,1,2,6,28
Hurinfan,1,27,15,12,3,3,1,1,6,28
mariahkl13,1,27,13,14,-1,7,1,1,6,28
plazman30,1,28,16,12,4,2,1,0,6,28
snugglybeaver,2,26,16,10,6,0,1,2,6,28
YoogleFoogle,1,27,14,13,1,5,1,1,6,28
dingusmonger,1,27,11,16,-5,11,0,1,6,28
NinjaGoalie97,1,27,13,14,-1,7,0,1,6,28
because_im_a_jerk,1,27,16,11,5,0,1,1,5,28
bige0617,1,27,16,11,5,0,1,1,5,28
btrieger,1,27,15,12,3,2,1,1,5,28
gundog48,1,27,15,12,3,2,1,1,5,28
hollywoodhuskey,1,27,16,11,5,0,1,1,5,28
HypnoFish,1,27,16,11,5,0,1,1,5,28
iDerped,1,27,16,11,5,0,1,1,5,28
InsideOut172,1,27,16,11,5,0,1,1,5,28
KingVikram,1,27,16,11,5,0,1,1,5,28
Moatl,1,27,14,13,1,4,1,1,5,28
mylife-side-b,1,27,16,11,5,0,1,1,5,28
NoBiggie7,1,27,16,11,5,0,1,1,5,28
PuffMyCubanCigar,1,27,16,11,5,0,1,1,5,28
Rick_Perrys_Asshole,1,27,15,12,3,2,1,1,5,28
thatoneretard,1,27,16,11,5,0,1,1,5,28
USMC0317,1,27,15,12,3,2,1,1,5,28
Walawalawow,1,27,16,11,5,0,1,1,5,28
warl0ckz3r0,2,26,14,12,2,3,1,2,5,28
xApocalypsia,1,27,16,11,5,0,1,1,5,28
donderz420,1,27,16,11,5,0,0,1,5,28
REB3LxSOUL,2,26,13,13,0,5,0,2,5,28
rsdfkj23,1,27,16,11,5,0,0,1,5,28
Belle37,2,26,15,11,4,0,2,2,4,28
afindling10,1,27,11,16,-5,9,1,1,4,28
camoman88,2,26,15,11,4,0,1,2,4,28
ColonInvader,1,27,12,15,-3,7,1,1,4,28
ohmygodimonfire4,1,27,14,13,1,3,1,1,4,28
Oil-Trader,2,26,15,11,4,0,1,2,4,28
SpikyCactus,1,27,14,13,1,3,1,1,4,28
vutall,1,27,12,15,-3,7,1,1,4,28
Zacknichol15,1,27,13,14,-1,5,1,1,4,28
I-say-nay,1,27,14,13,1,3,0,1,4,28
5quidman,1,27,15,12,3,0,1,1,3,28
adrunkenvikingpc,1,27,15,12,3,0,1,1,3,28
ahmedammar,1,27,13,14,-1,4,1,1,3,28
baconfrenzy,1,27,15,12,3,0,1,1,3,28
chotam,1,27,15,12,3,0,1,1,3,28
Coal909,1,27,15,12,3,0,1,1,3,28
cpix1,1,27,15,12,3,0,1,1,3,28
CptJesusSoulPatrol,1,27,15,12,3,0,1,1,3,28
DeadflyProductions,1,27,15,12,3,0,1,1,3,28
EmperorHan,1,27,14,13,1,2,1,1,3,28
I_Luvz_Catz,1,27,15,12,3,0,1,1,3,28
IamtheOceanAMA,1,27,15,12,3,0,1,1,3,28
LittleRudeDude,1,27,14,13,1,2,1,1,3,28
lurkinglikeabauce,1,27,15,12,3,0,1,1,3,28
Obsidian93,1,27,15,12,3,0,1,1,3,28
pantsuplease,1,27,14,13,1,2,1,1,3,28
Pizzainbed,1,27,15,12,3,0,1,1,3,28
Pyrex25,1,27,15,12,3,0,1,1,3,28
Reignofzane,1,27,12,15,-3,6,1,1,3,28
snk_dr8404,1,27,15,12,3,0,1,1,3,28
trollacious,1,27,15,12,3,0,1,1,3,28
dana87,1,27,15,12,3,0,0,1,3,28
P00nSl4y3r,1,27,14,13,1,2,0,1,3,28
panda_n_shit,1,27,15,12,3,0,0,1,3,28
SeniorKing,1,27,14,13,1,2,0,1,3,28
sebf,2,26,14,12,2,0,2,2,2,28
adnanbultan,1,28,13,15,-2,4,1,0,2,28
devilcorn006,1,27,12,15,-3,5,1,1,2,28
gen4lude,2,26,12,14,-2,4,1,2,2,28
nickyboy909,1,27,13,14,-1,3,1,1,2,28
rosalduh,1,27,12,15,-3,5,1,1,2,28
AtomicJim,2,26,14,12,2,0,0,2,2,28
carpediemcj,2,26,14,12,2,0,0,2,2,28
AlphaEnder,1,27,14,13,1,0,1,1,1,28
CrazyWhiteGuy9,1,27,14,13,1,0,1,1,1,28
Doomy22,1,27,14,13,1,0,1,1,1,28
jonbenta,1,27,14,13,1,0,1,1,1,28
krauttastic,2,28,11,17,-6,7,1,0,1,28
matrix20085,1,27,13,14,-1,2,1,1,1,28
Not_Sure_IfThrowAway,1,27,14,13,1,0,1,1,1,28
southkakrun,1,27,14,13,1,0,1,1,1,28
starman2578,1,27,12,15,-3,4,1,1,1,28
TrueSol,1,27,14,13,1,0,1,1,1,28
waeva,1,27,12,15,-3,4,1,1,1,28
yumyumdrop,1,27,14,13,1,0,1,1,1,28
ahabeans,1,27,14,13,1,0,0,1,1,28
Atheism-for-iOS,1,27,14,13,1,0,0,1,1,28
Bartholomeoow,1,27,14,13,1,0,0,1,1,28
Cake_Sauce,2,26,12,14,-2,3,0,2,1,28
IConsumePorn,1,27,12,15,-3,4,0,1,1,28
salinalawrence,1,27,13,14,-1,2,0,1,1,28
topodan,2,26,13,13,0,0,2,2,0,28
cardboardtocaviar,2,27,10,17,-7,7,1,1,0,28
Downsyndromeumad,1,28,11,17,-6,6,1,0,0,28
EllipsisBox,1,27,12,15,-3,3,1,1,0,28
justinroiland,1,27,12,15,-3,3,1,1,0,28
l0lol0l,1,28,11,17,-6,6,1,0,0,28
thatmiddleway,1,27,12,15,-3,3,1,1,0,28
tyrannosaurus_fred,1,27,12,15,-3,3,1,1,0,28
yhasan527,1,27,12,15,-3,3,1,1,0,28
markherrington5,1,27,12,15,-3,3,0,1,0,28
BamBangBrady,3,25,12,13,-1,0,3,3,-1,28
000000robot,1,27,12,15,-3,2,1,1,-1,28
Brrrtje,1,27,12,15,-3,2,1,1,-1,28
CommanderFruitcake,1,27,9,18,-9,8,1,1,-1,28
GIVE_ME_LE_KARMA,1,27,11,16,-5,4,1,1,-1,28
gR1mski,1,27,11,16,-5,4,1,1,-1,28
Gr33ny,1,27,11,16,-5,4,1,1,-1,28
McSweet22,1,27,13,14,-1,0,1,1,-1,28
nismo9,1,27,13,14,-1,0,1,1,-1,28
NotAnAmbulanceDriver,1,27,11,16,-5,4,1,1,-1,28
sasuke1010,1,28,12,16,-4,3,1,0,-1,28
Talekk,1,27,12,15,-3,2,1,1,-1,28
thedavinatorw,1,27,11,16,-5,4,1,1,-1,28
TheDoctorDavis,1,27,12,15,-3,2,1,1,-1,28
Vasdeeaase,1,27,10,17,-7,6,1,1,-1,28
Waldo_Is_In_My_Ass,1,27,10,17,-7,6,1,1,-1,28
Supersumo2,1,27,13,14,-1,0,0,1,-1,28
B-Walsh,1,28,12,16,-4,2,1,0,-2,28
lydf,1,27,10,17,-7,5,1,1,-2,28
slimshadyandbatman,2,26,11,15,-4,2,1,2,-2,28
Sonic_owl,2,27,8,19,-11,9,1,1,-2,28
Kalesche,2,27,10,17,-7,4,2,1,-3,28
alwater,1,27,10,17,-7,4,1,1,-3,28
andtherestofthem,1,27,12,15,-3,0,1,1,-3,28
boogie11,1,27,11,16,-5,2,1,1,-3,28
confounded_norseman,1,27,12,15,-3,0,1,1,-3,28
gjnbjj,1,27,10,17,-7,4,1,1,-3,28
InTheHandOfHades,1,27,10,17,-7,4,1,1,-3,28
Kellou87,1,27,12,15,-3,0,1,1,-3,28
LilB2fast4u,1,27,12,15,-3,0,1,1,-3,28
Mac_Millers_Hommie,1,27,12,15,-3,0,1,1,-3,28
mrng12,1,27,12,15,-3,0,1,1,-3,28
walrus0115,1,27,12,15,-3,0,1,1,-3,28
arthurconan,1,27,12,15,-3,0,0,1,-3,28
colinoneill,1,27,10,17,-7,4,0,1,-3,28
iamnex,1,27,11,16,-5,2,0,1,-3,28
peanutpete23,1,27,12,15,-3,0,0,1,-3,28
Twitchxiii,1,27,12,15,-3,0,0,1,-3,28
XxMiKeNjD17xX,1,27,11,16,-5,2,0,1,-3,28
TokioSexwale,3,25,9,16,-7,3,3,3,-4,28
nsears14,2,26,11,15,-4,0,2,2,-4,28
eltado,1,27,10,17,-7,3,1,1,-4,28
Bdavis72,1,27,11,16,-5,0,1,1,-5,28
BrianDeluxe,1,27,10,17,-7,2,1,1,-5,28
djinteractive,1,27,11,16,-5,0,1,1,-5,28
iFlyNaked,1,27,11,16,-5,0,1,1,-5,28
ImNotFunnyOften,1,27,11,16,-5,0,1,1,-5,28
nhalstead,1,27,11,16,-5,0,1,1,-5,28
saffa69,1,27,11,16,-5,0,1,1,-5,28
sb_78,2,26,9,17,-8,3,1,2,-5,28
Snoothy,1,27,11,16,-5,0,1,1,-5,28
TheseTwoDroids14,1,27,11,16,-5,0,1,1,-5,28
THEWOLFKING,1,27,11,16,-5,0,1,1,-5,28
verum123,1,27,10,17,-7,2,1,1,-5,28
XxbassmandubxX,2,27,11,16,-5,0,1,1,-5,28
Intimatekitten,1,27,11,16,-5,0,0,1,-5,28
nateblack,1,27,11,16,-5,0,0,1,-5,28
Redditor1003,1,27,9,18,-9,4,0,1,-5,28
titansox,2,27,11,16,-5,0,0,1,-5,28
durbano77,2,26,10,16,-6,0,0,2,-6,28
c_has_e,1,27,10,17,-7,0,1,1,-7,28
DrSoccerMan,2,27,10,17,-7,0,1,1,-7,28
espo96,3,27,10,17,-7,0,1,1,-7,28
Hesparian,1,27,10,17,-7,0,1,1,-7,28
Juicy555,1,27,10,17,-7,0,1,1,-7,28
Slackbeing,1,27,9,18,-9,2,1,1,-7,28
TalenGTP,1,27,10,17,-7,0,1,1,-7,28
xCasualty,1,27,10,17,-7,0,1,1,-7,28
nerdasuris,2,26,9,17,-8,0,2,2,-8,28
CallMeSneak,1,27,8,19,-11,2,1,1,-9,28
ChopinBroccoli,1,27,9,18,-9,0,1,1,-9,28
hamz606,2,27,7,20,-13,3,1,1,-10,28
Dwinchester,1,27,7,20,-13,0,1,1,-13,28
clawz_nd_webz,1,27,5,22,-17,2,1,1,-15,28
cybertrench,1,27,6,21,-15,0,1,1,-15,28
J_Strange,1,27,5,22,-17,2,0,1,-15,28
vinsneezel,1,27,2,25,-23,4,1,1,-19,28
catatafish3000,1,27,23,4,19,17,1,0,36,27
bojanbabic,1,27,20,7,13,18,1,0,31,27
borntoberich,1,26,23,3,20,10,1,1,30,27
dirtyoldhobo,1,26,15,11,4,26,1,1,30,27
iMasturbate2Myself,1,26,16,10,6,23,1,1,29,27
sheabd01,1,26,23,3,20,9,1,1,29,27
Vaeltaja,1,27,12,15,-3,32,1,0,29,27
BigBallin77,1,26,24,2,22,7,0,1,29,27
jemanon,1,26,19,7,12,16,1,1,28,27
bunchahippies,1,26,22,4,18,10,0,1,28,27
RacistAardvark,1,26,22,4,18,8,1,1,26,27
Jon3laze,1,26,21,5,16,10,0,1,26,27
Infinimint,1,27,25,2,23,2,1,0,25,27
Lohti,1,26,24,2,22,3,1,1,25,27
russelfurd,1,26,21,5,16,9,1,1,25,27
InherentlyBad,1,26,22,4,18,7,0,1,25,27
Stewiecasserole,1,26,20,6,14,11,0,1,25,27
hananim,1,26,17,9,8,16,1,1,24,27
little_sloth,1,26,25,1,24,0,1,1,24,27
cheesybananaman,1,26,25,1,24,0,0,1,24,27
GhostOfConansBeard,1,26,23,3,20,4,0,1,24,27
AutumnVi,1,26,23,3,20,3,1,1,23,27
CallMeRonSwanson,2,25,21,4,17,6,1,2,23,27
DesolationUSA,1,26,23,3,20,3,1,1,23,27
invisible_babysitter,1,26,21,5,16,7,1,1,23,27
McPuccio,1,27,23,4,19,4,1,0,23,27
stoopitmonkee,1,27,21,6,15,8,1,0,23,27
AJuicyMelon,1,26,17,9,8,14,1,1,22,27
anonymous92,1,27,20,7,13,9,1,0,22,27
Biophaze6,1,26,23,3,20,2,1,1,22,27
brisingr193,1,26,24,2,22,0,1,1,22,27
dougmaster,1,26,23,3,20,2,1,1,22,27
KaayLemc,1,26,24,2,22,0,1,1,22,27
Magnusaba,1,26,24,2,22,0,1,1,22,27
martina363,1,26,24,2,22,0,1,1,22,27
melini,1,26,20,6,14,8,1,1,22,27
rebds,1,27,23,4,19,3,1,0,22,27
slowchildren,1,26,23,3,20,2,1,1,22,27
Vordreller,1,26,24,2,22,0,1,1,22,27
photoast,1,26,24,2,22,0,0,1,22,27
FongoBongo,1,26,20,6,14,7,1,1,21,27
shatteredmirrors,1,27,24,3,21,0,1,0,21,27
billgarmsarmy,1,26,22,4,18,2,1,1,20,27
clitler,1,26,21,5,16,4,1,1,20,27
Combo_Beaker,1,26,23,3,20,0,1,1,20,27
djb9492,1,26,23,3,20,0,1,1,20,27
FrothyOmen,1,26,23,3,20,0,1,1,20,27
I_am_Gods_Wingman,1,26,21,5,16,4,1,1,20,27
I_Upvote_Anything,1,26,20,6,14,6,1,1,20,27
jeporcher,1,26,23,3,20,0,1,1,20,27
JessDickson,1,26,22,4,18,2,1,1,20,27
Lupin9823,1,26,22,4,18,2,1,1,20,27
skyrelief,1,26,22,4,18,2,1,1,20,27
The0therWhiteMeat,1,26,23,3,20,0,1,1,20,27
wistan,1,26,22,4,18,2,1,1,20,27
yournamehere2787,1,26,23,3,20,0,1,1,20,27
ButtonyButton,1,26,21,5,16,4,0,1,20,27
men-swear,1,26,23,3,20,0,0,1,20,27
badgers154,1,26,21,5,16,3,1,1,19,27
groie,1,27,19,8,11,8,1,0,19,27
johnkruksleftnut,1,26,20,6,14,5,1,1,19,27
mdrsn,1,27,23,4,19,0,1,0,19,27
Nefilim314,1,26,21,5,16,3,1,1,19,27
rad_rob,1,26,21,5,16,3,1,1,19,27
sirpollux,1,26,21,5,16,3,1,1,19,27
xxbulaxx,1,26,21,5,16,3,1,1,19,27
360player,1,26,22,4,18,0,1,1,18,27
bonaducci,2,25,18,7,11,7,1,2,18,27
CANA2,1,26,20,6,14,4,1,1,18,27
flyingturdmonster,1,26,22,4,18,0,1,1,18,27
jneugs,1,26,22,4,18,0,1,1,18,27
KidRed,1,26,17,9,8,10,1,1,18,27
kiruclanz,1,26,18,8,10,8,1,1,18,27
Ksong,1,26,21,5,16,2,1,1,18,27
natedcorn,1,26,22,4,18,0,1,1,18,27
nom_trees,1,26,22,4,18,0,1,1,18,27
solidtape,1,26,22,4,18,0,1,1,18,27
TaterJack,1,26,22,4,18,0,1,1,18,27
Coolday300,1,26,20,6,14,4,0,1,18,27
crbiker,1,26,21,5,16,2,0,1,18,27
NotiLoch,1,26,22,4,18,0,0,1,18,27
susan_adams,1,26,21,5,16,2,0,1,18,27
ossij,2,25,16,9,7,10,2,2,17,27
Belowlazy,1,26,19,7,12,5,1,1,17,27
enterthejoe,1,26,18,8,10,7,1,1,17,27
fps-steve,1,27,21,6,15,2,1,0,17,27
Frisbeehead,1,26,20,6,14,3,1,1,17,27
mydadsarse,1,27,21,6,15,2,1,0,17,27
Sexithiothene,1,27,22,5,17,0,1,0,17,27
solrikioo,1,26,20,6,14,3,1,1,17,27
Genieli,1,26,18,8,10,7,0,1,17,27
5ft11flip,1,27,20,7,13,3,1,0,16,27
alsmith1981,1,26,19,7,12,4,1,1,16,27
Barnalby002,1,26,20,6,14,2,1,1,16,27
belflandluvr,1,26,19,7,12,4,1,1,16,27
comsa42,1,26,21,5,16,0,1,1,16,27
dab4tm4n,1,26,21,5,16,0,1,1,16,27
FateofaStranger,1,26,21,5,16,0,1,1,16,27
isaidgoddamn,1,26,19,7,12,4,1,1,16,27
Kehop,1,26,20,6,14,2,1,1,16,27
luckoftheblirish,1,26,20,6,14,2,1,1,16,27
MasterBlasterAVA,1,26,21,5,16,0,1,1,16,27
mokomar,1,26,21,5,16,0,1,1,16,27
thestouff,1,26,19,7,12,4,1,1,16,27
TickleTh1sElmo,1,26,20,6,14,2,1,1,16,27
vikes0407,1,26,20,6,14,2,1,1,16,27
weedtrees,1,26,21,5,16,0,1,1,16,27
agent3613,1,26,18,8,10,5,1,1,15,27
amt12,1,26,19,7,12,3,1,1,15,27
bongo_solo,1,27,21,6,15,0,1,0,15,27
CptFlwrs,1,27,18,9,9,6,1,0,15,27
CressCrowbits,1,26,19,7,12,3,1,1,15,27
dlenoxx,1,27,18,9,9,6,1,0,15,27
drogotmyeyeslow,1,26,17,9,8,7,1,1,15,27
feetus,1,27,19,8,11,4,1,0,15,27
haakondafo,1,26,19,7,12,3,1,1,15,27
iminclinedtopursue52,1,27,20,7,13,2,1,0,15,27
Jiga,1,26,19,7,12,3,1,1,15,27
ktjr4l,1,26,19,7,12,3,1,1,15,27
Monstermash042,1,26,18,8,10,5,1,1,15,27
MrPhobia,1,26,14,12,2,13,1,1,15,27
mrtatulas,1,26,15,11,4,11,1,1,15,27
nkbailly,1,27,19,8,11,4,1,0,15,27
rachelstone,1,26,18,8,10,5,1,1,15,27
TheHoneyBadger,2,26,15,11,4,11,1,1,15,27
yeshipopie,1,26,19,7,12,3,1,1,15,27
AnInfiniteAmount,1,26,20,6,14,0,1,1,14,27
AsadM107,1,26,18,8,10,4,1,1,14,27
assaub,1,26,19,7,12,2,1,1,14,27
ComedicChaos,1,26,19,7,12,2,1,1,14,27
dean1307,1,26,20,6,14,0,1,1,14,27
electropulses,1,26,18,8,10,4,1,1,14,27
FortuneCookiesLIE,1,26,19,7,12,2,1,1,14,27
Gnargoroth,1,26,20,6,14,0,1,1,14,27
Harder_than_it_looks,1,26,19,7,12,2,1,1,14,27
heshman,1,26,20,6,14,0,1,1,14,27
jaldarith,1,26,20,6,14,0,1,1,14,27
johnnyfatsac,1,26,20,6,14,0,1,1,14,27
NarwhalAnusRape,1,26,20,6,14,0,1,1,14,27
PaulaDeenButterSweat,1,26,19,7,12,2,1,1,14,27
Spudski,1,26,20,6,14,0,1,1,14,27
The_lever,1,26,20,6,14,0,1,1,14,27
zeitgeist808,1,26,20,6,14,0,1,1,14,27
-Zm4-,1,26,19,7,12,2,1,1,14,27
Aiken_Drumn,1,26,17,9,8,6,0,1,14,27
FadieZ,1,26,19,7,12,2,0,1,14,27
ImReallyBlack,1,26,20,6,14,0,0,1,14,27
yaradebs,2,25,18,7,11,3,0,2,14,27
4510,2,25,19,6,13,0,1,2,13,27
Allstonyo,1,26,18,8,10,3,1,1,13,27
Blastor,1,27,20,7,13,0,1,0,13,27
chalupas,1,26,16,10,6,7,1,1,13,27
citizenthom,1,27,18,9,9,4,1,0,13,27
dudeman64,1,26,15,11,4,9,1,1,13,27
eyyyyy,1,27,17,10,7,6,1,0,13,27
Genericuser16,1,27,19,8,11,2,1,0,13,27
infernalbubblez,1,27,19,8,11,2,1,0,13,27
Joshpho,1,26,17,9,8,5,1,1,13,27
MrCassiBro,1,26,17,9,8,5,1,1,13,27
ptak45,1,26,18,8,10,3,1,1,13,27
qfox44,1,27,19,8,11,2,1,0,13,27
SeriouslyDave,1,26,18,8,10,3,1,1,13,27
SilverRUs,1,26,17,9,8,5,1,1,13,27
tairygreen,1,27,20,7,13,0,1,0,13,27
TechSe7en,1,26,18,8,10,3,1,1,13,27
ValikorWarlock,1,26,18,8,10,3,1,1,13,27
brewerbeast105,1,26,18,8,10,3,0,1,13,27
4gitsandshiggles,1,26,17,9,8,4,1,1,12,27
annie-orphan,1,26,17,9,8,4,1,1,12,27
Athaba,1,26,19,7,12,0,1,1,12,27
austin_d,1,26,17,9,8,4,1,1,12,27
Burretos,1,26,19,7,12,0,1,1,12,27
catsbaconronpaul,1,26,19,7,12,0,1,1,12,27
cayne,1,26,17,9,8,4,1,1,12,27
chakada92,1,26,19,7,12,0,1,1,12,27
cmgerber,1,26,18,8,10,2,1,1,12,27
dagaimez3300,1,26,19,7,12,0,1,1,12,27
dimentedkitty,1,26,19,7,12,0,1,1,12,27
dog_on_my_head,1,26,19,7,12,0,1,1,12,27
falcofox,1,26,18,8,10,2,1,1,12,27
gc161,1,26,15,11,4,8,1,1,12,27
GuffDaddy,1,26,19,7,12,0,1,1,12,27
iearnick,1,26,19,7,12,0,1,1,12,27
jovan652,1,26,18,8,10,2,1,1,12,27
kickstartacraze,1,26,17,9,8,4,1,1,12,27
killlwaukee,1,26,17,9,8,4,1,1,12,27
LlamasNotseep,1,26,19,7,12,0,1,1,12,27
MessiahX,1,26,19,7,12,0,1,1,12,27
misplacedpomegranate,1,26,19,7,12,0,1,1,12,27
molkhal,2,25,16,9,7,5,1,2,12,27
monkyman2013,1,26,19,7,12,0,1,1,12,27
morningdrum,1,26,19,7,12,0,1,1,12,27
Neutronas,1,27,17,10,7,5,1,0,12,27
Ninja_Jesus,1,26,19,7,12,0,1,1,12,27
PenisSizedNipples,1,26,19,7,12,0,1,1,12,27
SandBender1,1,26,18,8,10,2,1,1,12,27
Synical__Sandwich,1,26,19,7,12,0,1,1,12,27
Tygershark,1,26,15,11,4,8,1,1,12,27
Veebly,1,26,18,8,10,2,1,1,12,27
visciousdelicious,1,26,18,8,10,2,1,1,12,27
actuallybatman,1,26,17,9,8,4,0,1,12,27
collegeisascam,1,26,18,8,10,2,0,1,12,27
funnul,1,26,19,7,12,0,0,1,12,27
Iosefo,1,26,19,7,12,0,0,1,12,27
jaclynlilli,1,26,17,9,8,4,0,1,12,27
superflash43,1,26,19,7,12,0,0,1,12,27
Atled,2,25,17,8,9,2,2,2,11,27
Pirpolose,2,25,16,9,7,4,2,2,11,27
Aeion,1,26,17,9,8,3,1,1,11,27
AshRae84,1,26,16,10,6,5,1,1,11,27
boywithhat,1,26,17,9,8,3,1,1,11,27
calantorntain,1,27,18,9,9,2,1,0,11,27
chu2screwed,1,27,18,9,9,2,1,0,11,27
deafeyes,1,26,17,9,8,3,1,1,11,27
dissident52,2,25,18,7,11,0,1,2,11,27
mcdoug,1,27,19,8,11,0,1,0,11,27
NekroSound,1,26,11,15,-4,15,1,1,11,27
Qinzy,1,27,19,8,11,0,1,0,11,27
xerograde,1,26,17,9,8,3,1,1,11,27
Darpa_Chief,1,26,16,10,6,5,0,1,11,27
Floobster,1,26,14,12,2,9,0,1,11,27
jspeights,1,26,11,15,-4,15,0,1,11,27
kahekili,1,26,16,10,6,5,0,1,11,27
Kanels,1,26,17,9,8,3,0,1,11,27
chiyoyuhara,2,26,17,9,8,2,2,1,10,27
R2Lowber,2,26,18,8,10,0,2,1,10,27
thepalehunter,2,25,16,9,7,3,2,2,10,27
Arse_Pirate,1,26,17,9,8,2,1,1,10,27
audiodoct3r,1,26,18,8,10,0,1,1,10,27
axelcoven,1,26,18,8,10,0,1,1,10,27
bearskinrug,1,26,18,8,10,0,1,1,10,27
boombird,1,26,18,8,10,0,1,1,10,27
CheckYaSelf,1,26,16,10,6,4,1,1,10,27
chonnes,1,26,18,8,10,0,1,1,10,27
cnasd3,1,26,15,11,4,6,1,1,10,27
Coriluvstosmile,1,26,17,9,8,2,1,1,10,27
darthlito,1,26,17,9,8,2,1,1,10,27
deax9999,1,26,18,8,10,0,1,1,10,27
defimeshun,1,26,18,8,10,0,1,1,10,27
Derksen17,1,26,18,8,10,0,1,1,10,27
dragoneye459,1,26,16,10,6,4,1,1,10,27
facelessace,1,26,15,11,4,6,1,1,10,27
HumanQualities,1,26,18,8,10,0,1,1,10,27
huuuut34,1,26,18,8,10,0,1,1,10,27
I_Had_Four,1,26,9,17,-8,18,1,1,10,27
Infernal_Marquis,1,26,17,9,8,2,1,1,10,27
Knowledge_is_Key,1,26,16,10,6,4,1,1,10,27
kwiqsand_52,1,26,18,8,10,0,1,1,10,27
leewd,1,26,17,9,8,2,1,1,10,27
leGodfapper,1,26,18,8,10,0,1,1,10,27
ludge,1,26,18,8,10,0,1,1,10,27
m500sesp,1,26,18,8,10,0,1,1,10,27
Mattisthe1,1,26,18,8,10,0,1,1,10,27
PackersFanNFL,1,26,18,8,10,0,1,1,10,27
phish3560,1,26,18,8,10,0,1,1,10,27
santman29,1,26,18,8,10,0,1,1,10,27
Termich,1,26,18,8,10,0,1,1,10,27
tgraefj,1,26,18,8,10,0,1,1,10,27
viccyran,1,26,18,8,10,0,1,1,10,27
wugs,1,26,17,9,8,2,1,1,10,27
zipmach,1,26,18,8,10,0,1,1,10,27
Bam_Bam,1,26,16,10,6,4,0,1,10,27
Bowman96,1,26,18,8,10,0,0,1,10,27
deeD33,1,26,18,8,10,0,0,1,10,27
The_WarMachine,1,26,17,9,8,2,0,1,10,27
fetissimies,1,27,17,10,7,2,1,0,9,27
givemeswatter,1,27,18,9,9,0,1,0,9,27
itsalluptoyouyo,1,26,16,10,6,3,1,1,9,27
nfol01,1,26,16,10,6,3,1,1,9,27
npdewey83,1,26,16,10,6,3,1,1,9,27
Cadmeanvixen,2,25,15,10,5,4,0,2,9,27
AcidophilusBifidus,1,26,15,11,4,4,1,1,8,27
Aedian91,1,26,17,9,8,0,1,1,8,27
BabyGodfather,1,26,16,10,6,2,1,1,8,27
d4tran,1,26,17,9,8,0,1,1,8,27
deathbyshit,1,26,16,10,6,2,1,1,8,27
debuasca,1,26,16,10,6,2,1,1,8,27
easybutnot,2,25,15,10,5,3,1,2,8,27
evstawolf123,1,26,15,11,4,4,1,1,8,27
freegirl2011,1,26,17,9,8,0,1,1,8,27
gdawgs100,1,26,15,11,4,4,1,1,8,27
g-rob2,1,26,17,9,8,0,1,1,8,27
henjaffe,1,26,16,10,6,2,1,1,8,27
iamaflowerchild,1,26,16,10,6,2,1,1,8,27
j_rye,1,26,15,11,4,4,1,1,8,27
johnsonsam,1,26,17,9,8,0,1,1,8,27
kalikoo,1,26,16,10,6,2,1,1,8,27
Kromey,1,26,17,9,8,0,1,1,8,27
LetsGoMan,1,26,17,9,8,0,1,1,8,27
Lilac_678,1,26,17,9,8,0,1,1,8,27
mrj484,1,26,17,9,8,0,1,1,8,27
Nixdaboss,1,26,14,12,2,6,1,1,8,27
Pakka,1,26,17,9,8,0,1,1,8,27
Qwerty122695,1,26,17,9,8,0,1,1,8,27
rawrgasam,1,26,16,10,6,2,1,1,8,27
Samkio,1,26,17,9,8,0,1,1,8,27
Scubbsteve1993,2,25,14,11,3,5,1,2,8,27
SDSKamikaze,1,26,17,9,8,0,1,1,8,27
SILENT_MOOSE,1,26,17,9,8,0,1,1,8,27
TheWalrusWizard,1,26,16,10,6,2,1,1,8,27
trollfacial,1,26,17,9,8,0,1,1,8,27
Wabba,1,26,17,9,8,0,1,1,8,27
WhoKnowsWho2,1,26,17,9,8,0,1,1,8,27
zapato1087,1,26,16,10,6,2,1,1,8,27
Boyko,1,26,17,9,8,0,0,1,8,27
heshroot,1,26,17,9,8,0,0,1,8,27
typtyphus,1,26,15,11,4,4,0,1,8,27
xzamin,2,25,13,12,1,6,2,2,7,27
69ingchipmunks07,1,26,14,12,2,5,1,1,7,27
Jordan220,1,26,15,11,4,3,1,1,7,27
Niblicks,1,27,17,10,7,0,1,0,7,27
riceix,2,25,15,10,5,2,1,2,7,27
The_Bangs,2,25,15,10,5,2,1,2,7,27
Watermelonmouth,1,26,15,11,4,3,1,1,7,27
xarianex,1,26,15,11,4,3,1,1,7,27
metrogdor22,2,25,14,11,3,3,2,2,6,27
Beklaktuar,1,26,15,11,4,2,1,1,6,27
Berettaboy,1,26,16,10,6,0,1,1,6,27
bigshmoo,1,26,15,11,4,2,1,1,6,27
brodsky,1,27,13,14,-1,7,1,0,6,27
chocolatebutterr,1,26,13,13,0,6,1,1,6,27
coolerthanyou33,1,26,16,10,6,0,1,1,6,27
crod140,1,26,15,11,4,2,1,1,6,27
Cyanide03,1,26,16,10,6,0,1,1,6,27
Dances_With_Labias,1,26,16,10,6,0,1,1,6,27
DappleDandy,1,26,16,10,6,0,1,1,6,27
dude_from_pdx,1,26,16,10,6,0,1,1,6,27
HunterWinner,1,26,14,12,2,4,1,1,6,27
Jackdaws7,1,26,15,11,4,2,1,1,6,27
Jazzgaming42,1,26,16,10,6,0,1,1,6,27
kenforgold111,1,26,16,10,6,0,1,1,6,27
Koalagenetalia,1,26,16,10,6,0,1,1,6,27
lnsecurities,1,26,16,10,6,0,1,1,6,27
louisman2,1,26,16,10,6,0,1,1,6,27
maynardjk,1,26,16,10,6,0,1,1,6,27
num1zero,1,26,15,11,4,2,1,1,6,27
PatrickSFG,1,26,16,10,6,0,1,1,6,27
SacraForda,1,26,14,12,2,4,1,1,6,27
SimonSays_,1,26,16,10,6,0,1,1,6,27
StupidRubberChicken,1,27,15,12,3,3,1,0,6,27
TDrik,1,26,14,12,2,4,1,1,6,27
techp13,1,26,15,11,4,2,1,1,6,27
Tuime,1,26,16,10,6,0,1,1,6,27
Twonix,1,26,15,11,4,2,1,1,6,27
Ventanator,2,26,14,12,2,4,1,1,6,27
What_Is_Pizza,1,26,16,10,6,0,1,1,6,27
Xapis27,1,26,16,10,6,0,1,1,6,27
DaKurlzz,1,26,16,10,6,0,0,1,6,27
seven30,1,26,16,10,6,0,0,1,6,27
tintits,1,26,15,11,4,2,0,1,6,27
willburress,1,26,16,10,6,0,0,1,6,27
beefchocolate,2,25,15,10,5,0,2,2,5,27
slj4545,2,25,15,10,5,0,2,2,5,27
the_sylince,2,25,14,11,3,2,2,2,5,27
gibsonbro22,1,27,16,11,5,0,1,0,5,27
Joedirt112,1,27,16,11,5,0,1,0,5,27
JoshTheDerp,2,25,12,13,-1,6,1,2,5,27
michaelzelen,1,26,14,12,2,3,1,1,5,27
RaptorJesusIsReal,1,26,14,12,2,3,1,1,5,27
Bemuzed,2,25,13,12,1,3,2,2,4,27
Alex_the_Link,1,26,9,17,-8,12,1,1,4,27
caterpielvl99,1,26,15,11,4,0,1,1,4,27
coleprince,1,26,15,11,4,0,1,1,4,27
Darkling5499,1,26,13,13,0,4,1,1,4,27
Duracell_Bunny,1,26,15,11,4,0,1,1,4,27
Glitchboy,1,26,15,11,4,0,1,1,4,27
heyimsophia,1,26,12,14,-2,6,1,1,4,27
iamfromreallife,1,26,15,11,4,0,1,1,4,27
Icansecretlyfly,1,26,15,11,4,0,1,1,4,27
jet_bunny,1,26,14,12,2,2,1,1,4,27
jim2tat2,1,26,15,11,4,0,1,1,4,27
martomo,1,26,15,11,4,0,1,1,4,27
NaturalDeity,1,26,15,11,4,0,1,1,4,27
OpTicJutt,1,26,15,11,4,0,1,1,4,27
Pazuzu_came_back,1,26,15,11,4,0,1,1,4,27
QBallKeefTNP,1,26,15,11,4,0,1,1,4,27
RobinLongstride,1,26,15,11,4,0,1,1,4,27
sg7147,1,26,15,11,4,0,1,1,4,27
ShadowStalker22,1,26,15,11,4,0,1,1,4,27
stevethebeave8,1,26,15,11,4,0,1,1,4,27
Trollsamabinlolin,1,26,15,11,4,0,1,1,4,27
wazim06,1,26,15,11,4,0,1,1,4,27
GhostOfRemus,1,26,12,14,-2,6,0,1,4,27
chaelen,2,25,13,12,1,2,1,2,3,27
iloverocks,1,26,13,13,0,3,1,1,3,27
justinemelissa,1,26,13,13,0,3,1,1,3,27
lrks22,1,27,15,12,3,0,1,0,3,27
randymccolm,1,26,11,15,-4,7,1,1,3,27
RufioXIII,1,26,13,13,0,3,1,1,3,27
zoah1984,1,26,13,13,0,3,1,1,3,27
guywithalamename,3,24,12,12,0,2,3,3,2,27
DaveGeek,1,26,14,12,2,0,1,1,2,27
IGaveuRabies,1,26,14,12,2,0,1,1,2,27
Invisibile27,1,26,14,12,2,0,1,1,2,27
kontraband421,1,26,11,15,-4,6,1,1,2,27
lawngnome1,1,26,14,12,2,0,1,1,2,27
let_the_monkey_go,1,26,14,12,2,0,1,1,2,27
Lord_of_Chaos,1,26,14,12,2,0,1,1,2,27
PressureRelief,1,26,14,12,2,0,1,1,2,27
Ruri,1,26,14,12,2,0,1,1,2,27
Scottlovesjeeps,1,26,11,15,-4,6,1,1,2,27
shad0wkat,1,26,12,14,-2,4,1,1,2,27
sirAMPR,1,26,14,12,2,0,1,1,2,27
tender2205,1,26,14,12,2,0,1,1,2,27
thrasher6143,1,26,14,12,2,0,1,1,2,27
Yummy_Tiger,1,26,14,12,2,0,1,1,2,27
EndowedTurtle,1,26,14,12,2,0,0,1,2,27
mucho_aloha,1,26,14,12,2,0,0,1,2,27
SIR_RAPE_ALOT,1,26,14,12,2,0,0,1,2,27
Thompson_S,1,26,14,12,2,0,0,1,2,27
CALEBr16,2,25,12,13,-1,2,2,2,1,27
pmarty94,2,25,12,13,-1,2,2,2,1,27
Yozi21,2,25,11,14,-3,4,2,2,1,27
DorkSlayeR,1,27,14,13,1,0,1,0,1,27
Fauxb1,1,26,12,14,-2,3,1,1,1,27
GlenTheOstrich,2,25,13,12,1,0,1,2,1,27
glitterglitterful,1,26,12,14,-2,3,1,1,1,27
KxIxDxD,1,26,11,15,-4,5,1,1,1,27
Nice_Dude,1,26,11,15,-4,5,1,1,1,27
Pots_And_Pans,2,25,10,15,-5,6,1,2,1,27
u_r_a_faget,1,26,11,15,-4,5,1,1,1,27
wowza_1236,1,26,12,14,-2,3,1,1,1,27
himurax3x,2,25,11,14,-3,3,2,2,0,27
CaptainIgnorant,1,26,13,13,0,0,1,1,0,27
emilyanne93,1,26,11,15,-4,4,1,1,0,27
etheren,1,26,12,14,-2,2,1,1,0,27
FauxDreams,1,26,12,14,-2,2,1,1,0,27
grammer_the_hammer,1,26,13,13,0,0,1,1,0,27
greymichmaus,1,26,13,13,0,0,1,1,0,27
hdpixelation,1,26,11,15,-4,4,1,1,0,27
johadalin,1,26,13,13,0,0,1,1,0,27
krishpants,1,26,13,13,0,0,1,1,0,27
magicbanana,1,26,12,14,-2,2,1,1,0,27
MrFluffykinz,1,26,13,13,0,0,1,1,0,27
nathanv221,1,26,10,16,-6,6,1,1,0,27
sandrica85,2,25,10,15,-5,5,1,2,0,27
StruthersTheHut,1,26,12,14,-2,2,1,1,0,27
TheBobbyLean,1,26,10,16,-6,6,1,1,0,27
TheMultiCritic,1,26,11,15,-4,4,1,1,0,27
Trehosk,2,25,11,14,-3,3,1,2,0,27
Xsyrenn,1,27,12,15,-3,3,1,0,0,27
brodie69,1,26,13,13,0,0,0,1,0,27
deadanxious,2,26,11,15,-4,4,0,1,0,27
ElijahTheGrand,1,26,11,15,-4,4,0,1,0,27
Huntman567,1,26,11,15,-4,4,0,1,0,27
introducingpooch,1,26,13,13,0,0,0,1,0,27
acampos1200,2,25,12,13,-1,0,2,2,-1,27
BurningFinger22,1,26,11,15,-4,3,1,1,-1,27
Chompski1213,1,26,11,15,-4,3,1,1,-1,27
GrizzlyFAdams,1,26,10,16,-6,5,1,1,-1,27
hsumao,1,26,11,15,-4,3,1,1,-1,27
kaaspannekoek,1,26,11,15,-4,3,1,1,-1,27
NumbbSkulll,1,26,11,15,-4,3,1,1,-1,27
ProKoala,1,26,11,15,-4,3,1,1,-1,27
sadiraredditlove,2,25,9,16,-7,6,1,2,-1,27
Warpig95,1,26,11,15,-4,3,1,1,-1,27
IVIrCat,1,26,10,16,-6,5,0,1,-1,27
reddit_reposter,1,26,8,18,-10,9,0,1,-1,27
showmeurmoves,2,25,12,13,-1,0,0,2,-1,27
Spiteful_Sheep,1,26,10,16,-6,5,0,1,-1,27
avpicklepig,2,26,12,14,-2,0,2,1,-2,27
eternal_wait,2,26,10,16,-6,4,2,1,-2,27
Bigbreakie,1,26,12,14,-2,0,1,1,-2,27
BroccoBaba,1,26,11,15,-4,2,1,1,-2,27
carlsaganfuture,1,26,9,17,-8,6,1,1,-2,27
carly14,1,26,11,15,-4,2,1,1,-2,27
CatsAreUnicorns,1,26,12,14,-2,0,1,1,-2,27
Falcon1101,1,26,10,16,-6,4,1,1,-2,27
Garythesnail2812,1,26,12,14,-2,0,1,1,-2,27
Git2ZaChoppa,1,26,9,17,-8,6,1,1,-2,27
its_Danik,1,26,10,16,-6,4,1,1,-2,27
j0van,1,26,12,14,-2,0,1,1,-2,27
jessejoynt,1,26,11,15,-4,2,1,1,-2,27
Linukz,1,26,12,14,-2,0,1,1,-2,27
packonpack321,1,26,12,14,-2,0,1,1,-2,27
TheWhiningWatermelon,1,26,12,14,-2,0,1,1,-2,27
Zamite,1,26,10,16,-6,4,1,1,-2,27
entun,1,26,12,14,-2,0,0,1,-2,27
jolhdr100,1,26,10,16,-6,4,0,1,-2,27
maxhaxmax,1,26,12,14,-2,0,0,1,-2,27
saqib0007,1,26,11,15,-4,2,0,1,-2,27
krilled,2,25,10,15,-5,2,2,2,-3,27
SpoonCastro,2,25,11,14,-3,0,2,2,-3,27
Epicnarwhal33,2,25,9,16,-7,4,1,2,-3,27
keeps_me_sane,1,26,10,16,-6,3,1,1,-3,27
lcity007,1,26,10,16,-6,3,1,1,-3,27
PunchesSandwiches,1,26,10,16,-6,3,1,1,-3,27
rr811,2,25,10,15,-5,2,1,2,-3,27
Marbug,2,25,9,16,-7,4,0,2,-3,27
DinoCow,2,26,11,15,-4,0,2,1,-4,27
_UNFUN,1,26,10,16,-6,2,1,1,-4,27
Abdubkub,1,26,11,15,-4,0,1,1,-4,27
alekso56,1,26,11,15,-4,0,1,1,-4,27
Extract,1,26,11,15,-4,0,1,1,-4,27
get_a_job_grouch,1,26,11,15,-4,0,1,1,-4,27
Harryhausen2112,1,26,11,15,-4,0,1,1,-4,27
herm89,1,26,10,16,-6,2,1,1,-4,27
huankev,1,26,10,16,-6,2,1,1,-4,27
I_Killed_Waldo,1,26,11,15,-4,0,1,1,-4,27
InternetCommenter,1,26,10,16,-6,2,1,1,-4,27
ItzSttopid,1,26,11,15,-4,0,1,1,-4,27
ladypantsraptor,1,26,11,15,-4,0,1,1,-4,27
MuffinBob,1,26,11,15,-4,0,1,1,-4,27
notenoughtreesforme,1,27,10,17,-7,3,1,0,-4,27
NOTTedMosby,1,26,10,16,-6,2,1,1,-4,27
Ped_Inc,1,26,10,16,-6,2,1,1,-4,27
roosters93,1,26,10,16,-6,2,1,1,-4,27
SixFootJockey,1,26,10,16,-6,2,1,1,-4,27
smokey677,1,26,11,15,-4,0,1,1,-4,27
thedape,1,26,11,15,-4,0,1,1,-4,27
TobyTheGeek,1,26,11,15,-4,0,1,1,-4,27
Tony7799,1,26,11,15,-4,0,1,1,-4,27
underaswiftsunrise,1,26,11,15,-4,0,1,1,-4,27
visual_impact,1,26,11,15,-4,0,1,1,-4,27
Kbear52,3,24,10,14,-4,0,0,3,-4,27
tenderhugs,1,26,8,18,-10,6,0,1,-4,27
DancesWithSpoons,2,25,10,15,-5,0,1,2,-5,27
G_o_L_D,1,26,9,17,-8,3,1,1,-5,27
Ipone4,1,26,9,17,-8,3,1,1,-5,27
ShaunRW91,1,27,11,16,-5,0,1,0,-5,27
stupendous_man_,1,26,9,17,-8,3,1,1,-5,27
acsinoz,1,26,10,16,-6,0,1,1,-6,27
aeroengnr,1,26,10,16,-6,0,1,1,-6,27
caldera,1,26,9,17,-8,2,1,1,-6,27
Cyanity,1,26,10,16,-6,0,1,1,-6,27
Daemonixx,1,26,10,16,-6,0,1,1,-6,27
Dickbeard_The_Pirate,1,26,10,16,-6,0,1,1,-6,27
GreatAwesomeFool,1,26,9,17,-8,2,1,1,-6,27
Stiliusx2,1,26,10,16,-6,0,1,1,-6,27
george342,1,27,10,17,-7,0,1,0,-7,27
johnsus,1,26,8,18,-10,3,1,1,-7,27
anywherei90,1,26,8,18,-10,2,1,1,-8,27
Beyonce_Knowles_All,1,26,9,17,-8,0,1,1,-8,27
bigbosstalnick,1,26,9,17,-8,0,1,1,-8,27
heartspains88,1,26,9,17,-8,0,1,1,-8,27
love_lolita,2,26,8,18,-10,2,1,1,-8,27
realz_,1,26,9,17,-8,0,0,1,-8,27
spirit_spine,1,26,7,19,-12,3,0,1,-9,27
akronpunk41,1,26,8,18,-10,0,1,1,-10,27
helmkam3,1,26,8,18,-10,0,1,1,-10,27
pogletfucker,1,26,7,19,-12,2,0,1,-10,27
Bluicoq,1,26,6,20,-14,3,1,1,-11,27
RyanIsYoDaddy,1,26,6,20,-14,2,1,1,-12,27
zigmahd,1,26,24,2,22,20,1,0,42,26
ctyt,1,25,20,5,15,17,1,1,32,26
PrivateVonnegut,1,25,18,7,11,18,1,1,29,26
Vouk73,1,25,24,1,23,6,1,1,29,26
crime_fighter,1,25,23,2,21,4,1,1,25,26
TotheBarricades,1,25,21,4,17,8,1,1,25,26
VengeSim1,1,25,22,3,19,6,1,1,25,26
jennafoo33,1,25,20,5,15,10,0,1,25,26
Herdus,1,25,23,2,21,3,1,1,24,26
illepic,1,25,23,2,21,3,1,1,24,26
nesner0s,1,25,23,2,21,3,0,1,24,26
alexanderh,1,25,23,2,21,2,1,1,23,26
DomStud,1,25,24,1,23,0,1,1,23,26
ericskiba,1,25,23,2,21,2,1,1,23,26
Lastsight,1,25,24,1,23,0,1,1,23,26
MadScientist14159,1,25,22,3,19,4,1,1,23,26
MyPenIsMyWeapon,1,25,21,4,17,6,1,1,23,26
sergeyuf,1,25,22,3,19,4,0,1,23,26
droctagon93,1,26,24,2,22,0,1,0,22,26
hecticlorax,1,26,24,2,22,0,1,0,22,26
wolfgirl777,1,25,20,5,15,7,0,1,22,26
brunesgoth,1,25,22,3,19,2,1,1,21,26
canadaunit,1,25,23,2,21,0,1,1,21,26
kabrown1027,1,25,23,2,21,0,1,1,21,26
phillydwg18,1,25,22,3,19,2,1,1,21,26
SarahVirginia,1,26,22,4,18,3,1,0,21,26
schefdogg94,1,25,23,2,21,0,1,1,21,26
tingx,1,26,22,4,18,3,1,0,21,26
vanGogH20,1,25,23,2,21,0,1,1,21,26
Weranonymous,1,25,23,2,21,0,1,1,21,26
German_Spartan,1,25,23,2,21,0,0,1,21,26
Vonfilmjolk,1,25,23,2,21,0,0,1,21,26
awesome264,1,25,21,4,17,3,1,1,20,26
codekb,1,25,20,5,15,5,1,1,20,26
gilespeterson,1,25,18,7,11,9,1,1,20,26
kimmielou3,1,25,21,4,17,3,1,1,20,26
moderatemoderater,1,25,21,4,17,3,1,1,20,26
nschug,1,25,20,5,15,5,1,1,20,26
offconstantly,1,26,21,5,16,4,1,0,20,26
smhgameboy27,1,25,20,5,15,5,1,1,20,26
nebulight,1,25,20,5,15,5,0,1,20,26
ahlph,1,25,21,4,17,2,1,1,19,26
ALbadboy,1,26,19,7,12,7,1,0,19,26
bensh93,1,25,22,3,19,0,1,1,19,26
BrainSexPlz,1,25,22,3,19,0,1,1,19,26
cccamille,2,24,20,4,16,3,1,2,19,26
Ebenzer,1,25,22,3,19,0,1,1,19,26
geo1855,1,25,21,4,17,2,1,1,19,26
gingerdingo,1,25,17,8,9,10,1,1,19,26
hannahstephenson,1,25,22,3,19,0,1,1,19,26
iAmtheRealEthan,1,25,21,4,17,2,1,1,19,26
kateyp23,1,25,21,4,17,2,1,1,19,26
Lilymarlena,1,25,19,6,13,6,1,1,19,26
memoryfailure,1,25,22,3,19,0,1,1,19,26
NewspaperPirateHat,1,25,21,4,17,2,1,1,19,26
RyanChacon25,1,25,20,5,15,4,1,1,19,26
vgoldee,1,26,21,5,16,3,1,0,19,26
WellMyDadSays,1,25,22,3,19,0,1,1,19,26
naaattt,1,25,22,3,19,0,0,1,19,26
anexanhume,1,25,16,9,7,11,1,1,18,26
ClaspingCorn,1,26,20,6,14,4,1,0,18,26
Defusionix,1,25,20,5,15,3,1,1,18,26
iniduoHoudini,1,25,19,6,13,5,1,1,18,26
lerbius,2,24,17,7,10,8,1,2,18,26
mosquitosleepover,1,25,19,6,13,5,1,1,18,26
onewei,1,25,18,7,11,7,1,1,18,26
P0RN574R,1,25,20,5,15,3,1,1,18,26
teuast,1,25,19,6,13,5,1,1,18,26
AdamC117,1,25,19,6,13,4,1,1,17,26
Aemilia,1,25,18,7,11,6,1,1,17,26
annamal1,1,25,19,6,13,4,1,1,17,26
biwera,1,25,20,5,15,2,1,1,17,26
DrFreeze,1,25,18,7,11,6,1,1,17,26
grunger,1,25,21,4,17,0,1,1,17,26
HyperJelly,1,25,21,4,17,0,1,1,17,26
Immadishwasher,1,25,21,4,17,0,1,1,17,26
jongorilla,1,25,21,4,17,0,1,1,17,26
KilgoreTrout1,1,26,20,6,14,3,1,0,17,26
KotaB,1,25,21,4,17,0,1,1,17,26
musicninja91,1,26,19,7,12,5,1,0,17,26
oreopimp,1,25,18,7,11,6,1,1,17,26
pulpSC,1,25,20,5,15,2,1,1,17,26
Retardeted,1,25,21,4,17,0,1,1,17,26
reversedpsychology,1,25,21,4,17,0,1,1,17,26
RockinJosh,1,25,20,5,15,2,1,1,17,26
safebehindmusic,1,25,21,4,17,0,1,1,17,26
TiredFromToday09,1,25,21,4,17,0,1,1,17,26
troughton,1,25,19,6,13,4,1,1,17,26
wakipaki,1,25,19,6,13,4,1,1,17,26
FullMetalAngus,1,25,20,5,15,2,0,1,17,26
GeniusIComeAnon,1,25,21,4,17,0,0,1,17,26
hobbskm,1,25,17,8,9,8,0,1,17,26
Hunter98,1,25,21,4,17,0,0,1,17,26
kandace1985,1,25,21,4,17,0,0,1,17,26
schadenfrau,1,25,19,6,13,4,0,1,17,26
slicer1229,1,25,19,6,13,4,0,1,17,26
thefreshpope,1,25,19,6,13,4,0,1,17,26
xavierfox42,1,25,18,7,11,6,0,1,17,26
aaalexxx,1,26,20,6,14,2,1,0,16,26
ferrett3,1,25,18,7,11,5,1,1,16,26
Fiasko_,1,26,20,6,14,2,1,0,16,26
IllTakeTen,1,25,15,10,5,11,1,1,16,26
JimmeCata,1,25,19,6,13,3,1,1,16,26
johann4444,1,26,21,5,16,0,1,0,16,26
mr_everything,1,26,21,5,16,0,1,0,16,26
paigecew,1,25,19,6,13,3,1,1,16,26
youastar,1,25,19,6,13,3,1,1,16,26
K9ABX,2,24,17,7,10,6,0,2,16,26
koskenkorva,1,25,19,6,13,3,0,1,16,26
transcranial,2,24,15,9,6,9,2,2,15,26
airwalkrob,1,25,20,5,15,0,1,1,15,26
andthatsfine,1,25,19,6,13,2,1,1,15,26
CaptainBane,1,25,20,5,15,0,1,1,15,26
casual_shoggoth,1,25,19,6,13,2,1,1,15,26
DreadnaughtHamster,1,25,20,5,15,0,1,1,15,26
InfamousTribute,1,25,20,5,15,0,1,1,15,26
kevin11040,1,25,20,5,15,0,1,1,15,26
MicrowavedBurgers,1,25,18,7,11,4,1,1,15,26
MrBoomBoxa,1,25,20,5,15,0,1,1,15,26
Niytrus,1,25,19,6,13,2,1,1,15,26
omadanwar,1,25,20,5,15,0,1,1,15,26
soccerscore_xx,1,25,20,5,15,0,1,1,15,26
theJ3W,1,25,20,5,15,0,1,1,15,26
theRen5000,1,25,20,5,15,0,1,1,15,26
tripled153,1,26,18,8,10,5,1,0,15,26
Turtlewithashotgun,1,25,20,5,15,0,1,1,15,26
viva_la_albert,1,25,20,5,15,0,1,1,15,26
vivacious_squirrel,1,25,20,5,15,0,1,1,15,26
WorkHardAtMyJob,1,25,20,5,15,0,1,1,15,26
Yotsubato,1,25,19,6,13,2,1,1,15,26
bryanleesongs,1,25,20,5,15,0,0,1,15,26
mtch3lh,1,25,16,9,7,8,0,1,15,26
misterfanwank,2,24,16,8,8,6,2,2,14,26
Shadow_Mir,2,24,14,10,4,10,2,2,14,26
58snow,1,25,18,7,11,3,1,1,14,26
alumniblues,1,25,18,7,11,3,1,1,14,26
Halking_Teads,1,25,18,7,11,3,1,1,14,26
Herpadaderp97,2,24,19,5,14,0,1,2,14,26
Lambdaleth,1,26,18,8,10,4,1,0,14,26
MAGICBUM,1,25,18,7,11,3,1,1,14,26
Minutes2Midnight,1,25,17,8,9,5,1,1,14,26
Mynd_Art,1,25,17,8,9,5,1,1,14,26
using_my_alias,1,26,19,7,12,2,1,0,14,26
Vladyk,1,25,13,12,1,13,1,1,14,26
whitey-ofwgkta,1,26,20,6,14,0,1,0,14,26
YUMADLOL,1,26,20,6,14,0,1,0,14,26
Zombiepineapple,1,25,16,9,7,7,1,1,14,26
denimstep,1,25,18,7,11,3,0,1,14,26
wolfetank66,1,25,18,7,11,3,0,1,14,26
BlackPresident,1,25,18,7,11,2,1,1,13,26
CaughtOnTape,1,25,18,7,11,2,1,1,13,26
Cooper648,1,25,18,7,11,2,1,1,13,26
EHjulstrom,1,25,18,7,11,2,1,1,13,26
fezmunkee,1,25,19,6,13,0,1,1,13,26
flumpis,1,25,19,6,13,0,1,1,13,26
Godofwar1691,1,25,18,7,11,2,1,1,13,26
iamjigglypuff,1,25,19,6,13,0,1,1,13,26
LatersOnTheMenjay,1,25,19,6,13,0,1,1,13,26
marcdev,1,25,18,7,11,2,1,1,13,26
MattPeart,1,25,16,9,7,6,1,1,13,26
MD4LYFE,1,25,19,6,13,0,1,1,13,26
mdambach,1,25,19,6,13,0,1,1,13,26
Mobilpadde,1,25,19,6,13,0,1,1,13,26
mostlyincorrect,1,25,19,6,13,0,1,1,13,26
MrFreyer628,1,25,19,6,13,0,1,1,13,26
not_a_name_,1,25,17,8,9,4,1,1,13,26
RenKuro,1,25,19,6,13,0,1,1,13,26
sfc949,1,25,17,8,9,4,1,1,13,26
sophiathedictator,1,25,19,6,13,0,1,1,13,26
UberVice,1,25,18,7,11,2,1,1,13,26
undercapitalized,1,25,19,6,13,0,1,1,13,26
woodstock923,1,25,19,6,13,0,1,1,13,26
yesexactlyyes,1,26,18,8,10,3,1,0,13,26
MUZZYFUCK69,1,25,18,7,11,2,0,1,13,26
QW_OP,1,25,19,6,13,0,0,1,13,26
sarrock16,1,25,19,6,13,0,0,1,13,26
ultimatetor,1,25,19,6,13,0,0,1,13,26
Zenaton,1,25,15,10,5,8,0,1,13,26
zogmuffin,1,25,19,6,13,0,0,1,13,26
adamcr151515,2,24,18,6,12,0,2,2,12,26
poopsinshoe,2,24,17,7,10,2,2,2,12,26
bloodsweatnbeers,1,25,17,8,9,3,1,1,12,26
BurntSyrkut,1,25,17,8,9,3,1,1,12,26
diaBEATuss,1,25,17,8,9,3,1,1,12,26
DinoSawyer_RAWR,1,25,17,8,9,3,1,1,12,26
distortedviews_stbb,1,26,19,7,12,0,1,0,12,26
Hypnag0g,1,25,16,9,7,5,1,1,12,26
inspectorhotdog,1,26,18,8,10,2,1,0,12,26
ktewell,1,26,18,8,10,2,1,0,12,26
makemepies1212,1,25,17,8,9,3,1,1,12,26
MELSU,1,25,16,9,7,5,1,1,12,26
NCPhatesTucson,1,25,17,8,9,3,1,1,12,26
Nulliblicity,1,25,16,9,7,5,1,1,12,26
Panabag,1,26,19,7,12,0,1,0,12,26
quoteendquote,1,25,17,8,9,3,1,1,12,26
SnowflakeRene,1,25,17,8,9,3,1,1,12,26
thatkid19,1,25,16,9,7,5,1,1,12,26
NastyNinja,1,25,17,8,9,3,0,1,12,26
Absolutekind,1,25,16,9,7,4,1,1,11,26
adaup,1,25,14,11,3,8,1,1,11,26
articpencil,1,25,18,7,11,0,1,1,11,26
avenger070,1,25,17,8,9,2,1,1,11,26
Bear_chylls,1,25,18,7,11,0,1,1,11,26
ChristyKitty,1,25,18,7,11,0,1,1,11,26
comradedelta,1,25,18,7,11,0,1,1,11,26
dbenson24,1,25,17,8,9,2,1,1,11,26
Gelat,1,25,18,7,11,0,1,1,11,26
hatetobreakittoyou,1,25,18,7,11,0,1,1,11,26
hediddy,1,25,18,7,11,0,1,1,11,26
hjkl_,1,25,17,8,9,2,1,1,11,26
im_amazing_really,1,25,18,7,11,0,1,1,11,26
Jacoolh,1,25,18,7,11,0,1,1,11,26
JEOVHANNNSY,1,25,17,8,9,2,1,1,11,26
Jonnythe1,1,26,17,9,8,3,1,0,11,26
Jordan0795,1,25,18,7,11,0,1,1,11,26
jordonp,1,25,18,7,11,0,1,1,11,26
legenwaitforitdanny,1,25,18,7,11,0,1,1,11,26
littlegirldude,1,25,18,7,11,0,1,1,11,26
LoveToDream,1,25,18,7,11,0,1,1,11,26
lugooo,1,25,18,7,11,0,1,1,11,26
massimo6274,1,25,17,8,9,2,1,1,11,26
Mike_Mike_Mike_Mike,1,25,16,9,7,4,1,1,11,26
Mousel,1,25,18,7,11,0,1,1,11,26
mrswaggerapple,1,25,18,7,11,0,1,1,11,26
ndeffer,1,25,18,7,11,0,1,1,11,26
ohjunkitsmandy,1,25,16,9,7,4,1,1,11,26
path0gen,1,25,18,7,11,0,1,1,11,26
Phntm,1,25,18,7,11,0,1,1,11,26
QuiteRadical,1,25,18,7,11,0,1,1,11,26
rcmolloy,1,25,16,9,7,4,1,1,11,26
scubanarc,1,25,18,7,11,0,1,1,11,26
sgaik,1,25,18,7,11,0,1,1,11,26
teehee13,1,25,18,7,11,0,1,1,11,26
thedeftone2,1,25,18,7,11,0,1,1,11,26
theurbanturban,1,25,16,9,7,4,1,1,11,26
thrway6,1,25,17,8,9,2,1,1,11,26
zhilla,2,24,16,8,8,3,1,2,11,26
coffeefuckyeah,1,25,17,8,9,2,0,1,11,26
gprlsu,1,25,17,8,9,2,0,1,11,26
PenguinPete,1,25,17,8,9,2,0,1,11,26
PotatoPops,1,25,17,8,9,2,0,1,11,26
kidkennedy,2,24,17,7,10,0,2,2,10,26
Legendary_Forgers,2,24,16,8,8,2,2,2,10,26
lividbanana,2,24,15,9,6,4,2,2,10,26
OffstageXD,2,24,17,7,10,0,2,2,10,26
arichts,1,25,15,10,5,5,1,1,10,26
ark_keeper,2,24,16,8,8,2,1,2,10,26
callmegrizzly,2,24,16,8,8,2,1,2,10,26
dboll2,1,26,18,8,10,0,1,0,10,26
hachi6,1,25,16,9,7,3,1,1,10,26
Jusselin,1,25,16,9,7,3,1,1,10,26
Karmaroo,1,26,16,10,6,4,1,0,10,26
lheffe,1,25,16,9,7,3,1,1,10,26
ooberu,1,25,8,17,-9,19,1,1,10,26
Skatehinge,1,26,16,10,6,4,1,0,10,26
TheRatPack12,1,25,16,9,7,3,1,1,10,26
watchesarecool42,1,25,16,9,7,3,1,1,10,26
PresidentOfEurope,2,24,14,10,4,6,0,2,10,26
TheMajesticBear,1,25,16,9,7,3,0,1,10,26
f00d4tehg0dz,3,23,14,9,5,4,3,3,9,26
balbanna,1,25,17,8,9,0,1,1,9,26
BrianPurkiss,1,25,15,10,5,4,1,1,9,26
Chevybelle,1,25,16,9,7,2,1,1,9,26
DrScottyB,1,25,17,8,9,0,1,1,9,26
fifam94,1,25,17,8,9,0,1,1,9,26
iWail,1,25,15,10,5,4,1,1,9,26
jbhotrails,1,25,17,8,9,0,1,1,9,26
ljg2108,1,25,15,10,5,4,1,1,9,26
Lord_of_Sol,1,25,17,8,9,0,1,1,9,26
lud03,1,25,17,8,9,0,1,1,9,26
MakinStuffUp,1,25,17,8,9,0,1,1,9,26
Nobilibang,1,25,17,8,9,0,1,1,9,26
nowaytoga,1,25,17,8,9,0,1,1,9,26
reiphil,1,25,17,8,9,0,1,1,9,26
reygoth,1,25,17,8,9,0,1,1,9,26
ryanj21,1,25,17,8,9,0,1,1,9,26
Shadowsound,1,25,16,9,7,2,1,1,9,26
Ubik-0328,1,25,15,10,5,4,1,1,9,26
veniidiici,1,26,13,13,0,9,1,0,9,26
Curiouslotionbottle,1,25,17,8,9,0,0,1,9,26
lookitsbs,1,25,17,8,9,0,0,1,9,26
MissQuiteContrary,1,25,16,9,7,2,0,1,9,26
Skullmageddon,1,25,17,8,9,0,0,1,9,26
TheArmedGamer,1,25,16,9,7,2,0,1,9,26
blake_man,2,24,16,8,8,0,2,2,8,26
AmadHassassin,1,25,14,11,3,5,1,1,8,26
cgravyboat,1,26,17,9,8,0,1,0,8,26
hadhad69,1,26,17,9,8,0,1,0,8,26
HiImTed,1,25,14,11,3,5,1,1,8,26
kylered8,1,25,15,10,5,3,1,1,8,26
nashk13,2,24,15,9,6,2,1,2,8,26
natetan,1,25,15,10,5,3,1,1,8,26
RotatorX,1,26,17,9,8,0,1,0,8,26
trigimil1,2,24,16,8,8,0,1,2,8,26
vagsmasher,1,25,15,10,5,3,1,1,8,26
volocom7,1,25,14,11,3,5,1,1,8,26
Imthemayor,1,25,15,10,5,3,0,1,8,26
MyNameIsSkallamV,1,25,15,10,5,3,0,1,8,26
ZazzyMatazz,2,24,16,8,8,0,0,2,8,26
Baconlettuce,1,25,16,9,7,0,1,1,7,26
bowlch,1,25,16,9,7,0,1,1,7,26
broccolicamel,1,25,16,9,7,0,1,1,7,26
cyberslick188,1,25,16,9,7,0,1,1,7,26
epraider,1,25,16,9,7,0,1,1,7,26
FearMeForIAmDan,1,25,14,11,3,4,1,1,7,26
Flavorysoup,1,25,16,9,7,0,1,1,7,26
HeyGuysIDoStuffToo,1,25,16,9,7,0,1,1,7,26
Hispanic_Jesus,1,25,13,12,1,6,1,1,7,26
IAmAbaws,1,25,16,9,7,0,1,1,7,26
IThinkIThinkTooMuch,1,25,16,9,7,0,1,1,7,26
johnnyrizzo,1,25,14,11,3,4,1,1,7,26
Kalloid,1,25,16,9,7,0,1,1,7,26
kid_dougie27,1,25,15,10,5,2,1,1,7,26
lordguadi,1,25,16,9,7,0,1,1,7,26
Mikenikes420,1,25,16,9,7,0,1,1,7,26
painfive,1,25,15,10,5,2,1,1,7,26
SkyClad,1,25,16,9,7,0,1,1,7,26
Soviette_tank,1,25,16,9,7,0,1,1,7,26
TheAsianPenguin,1,25,16,9,7,0,1,1,7,26
Tkpwns,1,25,15,10,5,2,1,1,7,26
Ein326,1,25,14,11,3,4,0,1,7,26
i_done_goof,1,25,16,9,7,0,0,1,7,26
raaynes,1,25,15,10,5,2,0,1,7,26
SitxDownxSir,1,25,14,11,3,4,0,1,7,26
slayerman,1,25,16,9,7,0,0,1,7,26
vkapustin,1,25,16,9,7,0,0,1,7,26
Zyranium,1,25,14,11,3,4,0,1,7,26
sexualpotato,2,24,15,9,6,0,2,2,6,26
allhu,1,25,12,13,-1,7,1,1,6,26
ANIMAL_PORN_IS_OKAY,1,25,14,11,3,3,1,1,6,26
boxxa,1,25,14,11,3,3,1,1,6,26
Couldntstoplaughing,1,25,13,12,1,5,1,1,6,26
kero6661,1,25,13,12,1,5,1,1,6,26
mario9705,1,26,16,10,6,0,1,0,6,26
onavlis,2,25,14,11,3,3,1,1,6,26
Ryan0neal,1,25,14,11,3,3,1,1,6,26
thesjo,2,24,12,12,0,5,2,2,5,26
ccronks,1,25,14,11,3,2,1,1,5,26
Chewy2009,1,25,15,10,5,0,1,1,5,26
ciaranjoneill,1,25,14,11,3,2,1,1,5,26
Coalinator,1,25,14,11,3,2,1,1,5,26
Deadrocks,1,25,15,10,5,0,1,1,5,26
greym84,1,25,15,10,5,0,1,1,5,26
Jack_Fuckin_Bauer,1,25,14,11,3,2,1,1,5,26
justinraged,1,25,14,11,3,2,1,1,5,26
kcnn24,1,25,15,10,5,0,1,1,5,26
majikstranger,1,25,14,11,3,2,1,1,5,26
mikeyman567,1,25,14,11,3,2,1,1,5,26
Minecraftwhynot,1,25,15,10,5,0,1,1,5,26
nixiethepixie,1,25,15,10,5,0,1,1,5,26
Noodoez,1,25,15,10,5,0,1,1,5,26
Scymas,1,25,15,10,5,0,1,1,5,26
SphincterAniExternus,1,25,14,11,3,2,1,1,5,26
the-may,1,25,15,10,5,0,1,1,5,26
weagle11,1,25,15,10,5,0,1,1,5,26
Z33kLT,1,25,15,10,5,0,1,1,5,26
GeorgeCW,1,25,15,10,5,0,0,1,5,26
Mick495,1,25,14,11,3,2,0,1,5,26
planetkrystin,1,25,15,10,5,0,0,1,5,26
Skunk_as_a_drunk,1,25,15,10,5,0,0,1,5,26
TwitTwit,1,25,15,10,5,0,0,1,5,26
Zaitt,1,25,12,13,-1,6,0,1,5,26
zPalo,1,25,14,11,3,2,0,1,5,26
allicov,2,24,14,10,4,0,2,2,4,26
JerryMau5,2,24,13,11,2,2,2,2,4,26
1I111I1,1,25,12,13,-1,5,1,1,4,26
1nspect_Her_Gadget,2,24,11,13,-2,6,1,2,4,26
chilndan,1,25,9,16,-7,11,1,1,4,26
dareddann3,1,25,13,12,1,3,1,1,4,26
PrancingPeach,1,25,13,12,1,3,1,1,4,26
thebestplotever,1,26,14,12,2,2,1,0,4,26
theSkeptiK,1,25,12,13,-1,5,1,1,4,26
ermahgerdsermsung,1,25,11,14,-3,7,0,1,4,26
a4moondoggy,1,25,14,11,3,0,1,1,3,26
brandonay226,1,25,14,11,3,0,1,1,3,26
DukeW00,1,25,11,14,-3,6,1,1,3,26
Evilwalkingpie,1,25,14,11,3,0,1,1,3,26
gravitary,1,25,14,11,3,0,1,1,3,26
logoutinfewmins,1,25,13,12,1,2,1,1,3,26
malmo828,1,25,13,12,1,2,1,1,3,26
MGERB42,1,25,14,11,3,0,1,1,3,26
mregister,1,25,14,11,3,0,1,1,3,26
nightninja56,1,25,14,11,3,0,1,1,3,26
Sgtstudmufin,1,25,14,11,3,0,1,1,3,26
TheRealTres,3,23,13,10,3,0,1,3,3,26
Vital_Cobra,1,25,14,11,3,0,1,1,3,26
dreadbread,1,25,14,11,3,0,0,1,3,26
Sith-fart,1,25,14,11,3,0,0,1,3,26
zach_s,1,25,14,11,3,0,0,1,3,26
megacowdung,2,24,13,11,2,0,2,2,2,26
fr33th1nk3r,2,24,12,12,0,2,1,2,2,26
otupa,1,25,12,13,-1,3,1,1,2,26
Shizo211,2,24,13,11,2,0,1,2,2,26
Caboose3642,1,25,11,14,-3,5,0,1,2,26
Proto_tw,1,25,12,13,-1,3,0,1,2,26
count_crotchula,2,25,12,13,-1,2,2,1,1,26
random_hero90,2,24,11,13,-2,3,2,2,1,26
1marcos6,1,25,13,12,1,0,1,1,1,26
BluntMcGee,1,25,12,13,-1,2,1,1,1,26
CGrimm1023,1,25,13,12,1,0,1,1,1,26
CigarManDan,1,25,10,15,-5,6,1,1,1,26
DurngoJones,1,25,10,15,-5,6,1,1,1,26
Einherjar91,1,25,13,12,1,0,1,1,1,26
grodius,1,25,11,14,-3,4,1,1,1,26
hackysacks,1,25,12,13,-1,2,1,1,1,26
lordpinetree,1,25,13,12,1,0,1,1,1,26
Sidman98,1,25,13,12,1,0,1,1,1,26
SuperKhyle,1,25,9,16,-7,8,1,1,1,26
trlichking,1,25,13,12,1,0,1,1,1,26
vssff,1,25,13,12,1,0,1,1,1,26
St3vil,1,25,13,12,1,0,0,1,1,26
stoptakingmyusername,1,25,13,12,1,0,0,1,1,26
VancouverToStJohns,1,25,11,14,-3,4,0,1,1,26
ShadowDesigns,2,24,12,12,0,0,2,2,0,26
Vincent_Karma,2,24,12,12,0,0,2,2,0,26
goatlips,1,25,11,14,-3,3,1,1,0,26
jimberley,1,25,10,15,-5,5,1,1,0,26
King_Anal,1,25,11,14,-3,3,1,1,0,26
loldude77,1,26,10,16,-6,6,1,0,0,26
MEvo22,2,24,12,12,0,0,1,2,0,26
Mogese,2,24,10,14,-4,4,1,2,0,26
Repentia,1,26,13,13,0,0,1,0,0,26
sic-pyro,1,25,10,15,-5,5,1,1,0,26
Wadegoerzen,2,24,12,12,0,0,1,2,0,26
catman232323,1,25,11,14,-3,3,0,1,0,26
BDandC,2,25,12,13,-1,0,2,1,-1,26
CJG995,2,24,9,15,-6,5,2,2,-1,26
17rugby17,1,25,10,15,-5,4,1,1,-1,26
axton_14,1,25,11,14,-3,2,1,1,-1,26
baobaoaz,1,25,12,13,-1,0,1,1,-1,26
blatantly_reposts,1,25,10,15,-5,4,1,1,-1,26
chalklady0,1,25,11,14,-3,2,1,1,-1,26
cris1010,1,25,12,13,-1,0,1,1,-1,26
deerdles,1,25,10,15,-5,4,1,1,-1,26
heyters,1,25,12,13,-1,0,1,1,-1,26
IRSeb,1,25,10,15,-5,4,1,1,-1,26
jodubs,1,25,11,14,-3,2,1,1,-1,26
lampdev,1,25,10,15,-5,4,1,1,-1,26
mobious622,1,25,11,14,-3,2,1,1,-1,26
ModernDayMe,1,25,9,16,-7,6,1,1,-1,26
moralnihilist,2,24,9,15,-6,5,1,2,-1,26
Noozooblor,1,25,12,13,-1,0,1,1,-1,26
rovnrev,1,25,10,15,-5,4,1,1,-1,26
shirq,1,25,12,13,-1,0,1,1,-1,26
Vendetta425,1,25,11,14,-3,2,1,1,-1,26
DrSnuffy,2,24,11,13,-2,0,2,2,-2,26
Mr_Pickle,2,24,10,14,-4,2,2,2,-2,26
You_butt_pirate,2,24,10,14,-4,2,2,2,-2,26
bbouerfgae,1,25,9,16,-7,5,1,1,-2,26
CasualNick,2,24,11,13,-2,0,1,2,-2,26
fehaar,1,25,10,15,-5,3,1,1,-2,26
GepettoBoskonovitch,1,26,12,14,-2,0,1,0,-2,26
KageAkurei,1,25,10,15,-5,3,1,1,-2,26
Not_SlenderMan,1,26,10,16,-6,4,1,0,-2,26
shifty18,1,26,12,14,-2,0,1,0,-2,26
WillScrim,1,25,9,16,-7,5,1,1,-2,26
BackNipples,1,25,9,16,-7,5,0,1,-2,26
Pumacaine,2,24,11,13,-2,0,0,2,-2,26
buckygrad,2,25,8,17,-9,6,1,1,-3,26
Elvislover94,1,25,11,14,-3,0,1,1,-3,26
estabueno,1,25,11,14,-3,0,1,1,-3,26
hunky,1,25,10,15,-5,2,1,1,-3,26
I_DRINK_GRAPE,1,25,10,15,-5,2,1,1,-3,26
Jeffro75,1,25,10,15,-5,2,1,1,-3,26
mattsgotredhair,1,25,11,14,-3,0,1,1,-3,26
mikedichello,1,25,11,14,-3,0,1,1,-3,26
Mustaka,1,25,10,15,-5,2,1,1,-3,26
MWMWMWMWMWMW,1,25,11,14,-3,0,1,1,-3,26
Say_what_you_see,1,25,11,14,-3,0,1,1,-3,26
Swagu_Like_Caillou,1,25,9,16,-7,4,1,1,-3,26
whatsthedill,1,25,9,16,-7,4,1,1,-3,26
Grammar__Nazi18,1,25,11,14,-3,0,0,1,-3,26
HolyAssNuggetsBatman,1,25,11,14,-3,0,0,1,-3,26
SassyLittleMinx,1,25,11,14,-3,0,0,1,-3,26
ssbanic,1,25,11,14,-3,0,0,1,-3,26
TheQuips,1,25,11,14,-3,0,0,1,-3,26
Wabashman,1,25,11,14,-3,0,0,1,-3,26
MrCheeseburger,2,24,10,14,-4,0,2,2,-4,26
Yoeleven,2,24,10,14,-4,0,2,2,-4,26
hero1012878,2,24,9,15,-6,2,1,2,-4,26
Randominguez,1,25,8,17,-9,5,1,1,-4,26
seldn123,1,25,9,16,-7,3,1,1,-4,26
supreme_,1,25,9,16,-7,3,1,1,-4,26
cleahey,1,25,10,15,-5,0,1,1,-5,26
iAlpaca,1,25,8,17,-9,4,1,1,-5,26
JRMRULES,1,25,10,15,-5,0,1,1,-5,26
patlee73,1,25,10,15,-5,0,1,1,-5,26
rachelbells,1,25,10,15,-5,0,1,1,-5,26
remygs,1,25,10,15,-5,0,1,1,-5,26
Reocyx,1,25,10,15,-5,0,1,1,-5,26
RodneyKingoftheHill,1,25,10,15,-5,0,1,1,-5,26
Smofo,1,25,9,16,-7,2,1,1,-5,26
SorryFortune,1,25,10,15,-5,0,1,1,-5,26
Spaceghost96,1,25,10,15,-5,0,1,1,-5,26
subtype,1,25,10,15,-5,0,1,1,-5,26
Swotoful,1,25,8,17,-9,4,1,1,-5,26
ZarMarquez,1,25,10,15,-5,0,1,1,-5,26
Damage-king,1,25,9,16,-7,2,0,1,-5,26
ImmortalCockroach,1,25,10,15,-5,0,0,1,-5,26
lovetowel,1,25,9,16,-7,2,0,1,-5,26
organesha,1,25,10,15,-5,0,0,1,-5,26
norcal916,2,24,8,16,-8,2,2,2,-6,26
TraceofCakes,1,26,10,16,-6,0,1,0,-6,26
Do_Urden,1,25,9,16,-7,0,1,1,-7,26
happysri,1,25,9,16,-7,0,1,1,-7,26
icomein3d,1,25,7,18,-11,4,1,1,-7,26
Kelnon,1,25,9,16,-7,0,1,1,-7,26
StuckInMinneapolis,1,25,9,16,-7,0,1,1,-7,26
tasslehof,1,25,9,16,-7,0,1,1,-7,26
The_Successful_Loser,1,25,9,16,-7,0,1,1,-7,26
TheOpus,1,25,9,16,-7,0,1,1,-7,26
YogurtShaker,1,25,8,17,-9,2,1,1,-7,26
gama69g,2,24,8,16,-8,0,2,2,-8,26
jules_bolan,2,24,8,16,-8,0,2,2,-8,26
SecretAznMan123,2,24,8,16,-8,0,2,2,-8,26
beerdeer,1,25,8,17,-9,0,1,1,-9,26
Mal08001,1,25,7,18,-11,2,1,1,-9,26
myjimmiesarereggie,1,25,8,17,-9,0,1,1,-9,26
SeaTwertle,1,25,8,17,-9,0,1,1,-9,26
Shadow_Survivor,1,25,8,17,-9,0,1,1,-9,26
Kickmekicku,1,25,7,18,-11,0,1,1,-11,26
munge_me_not,1,25,6,19,-13,2,1,1,-11,26
MooseCannon,1,25,5,20,-15,3,0,1,-12,26
fooreddit,2,25,3,22,-19,6,0,1,-13,26
jeshika,1,24,19,5,14,18,1,1,32,25
RespectMyAthoritah,1,24,21,3,18,12,1,1,30,25
edgarallanboh,1,25,19,6,13,16,1,0,29,25
allingoodtime,1,25,20,5,15,11,1,0,26,25
TupperwareAvalanche,1,24,23,1,22,3,0,1,25,25
trippp,1,24,18,6,12,12,1,1,24,25
DillPixel,1,24,24,0,24,0,0,1,24,25
DruNewp,1,24,20,4,16,8,0,1,24,25
creativeConformity,1,24,21,3,18,5,1,1,23,25
daedilus11,1,24,18,6,12,11,1,1,23,25
khazar86,1,24,20,4,16,7,1,1,23,25
MuchNeededAdvice,1,24,17,7,10,13,1,1,23,25
richardveevers,1,24,21,3,18,5,1,1,23,25
TheOnlyProof,1,25,24,1,23,0,1,0,23,25
willowmvp,1,24,22,2,20,3,1,1,23,25
dudewhythefuck,1,24,21,3,18,4,1,1,22,25
MichDeLorme,1,24,23,1,22,0,1,1,22,25
PleaseDoNotBreed,1,24,21,3,18,4,1,1,22,25
Powered_by_Whiskey,1,25,22,3,19,3,1,0,22,25
vap224,1,25,19,6,13,9,1,0,22,25
Maledictator,1,24,20,4,16,5,1,1,21,25
munesiriou,1,24,18,6,12,9,1,1,21,25
OhyeahWaffles,1,24,21,3,18,3,1,1,21,25
Repost_Expirement,1,24,21,3,18,3,1,1,21,25
thewhitedeath,1,25,22,3,19,2,1,0,21,25
tommykay,1,25,22,3,19,2,1,0,21,25
Elle_Dee,1,24,21,3,18,2,1,1,20,25
ZM2N4AiP_A4,1,24,19,5,14,6,1,1,20,25
rslashbf3,1,24,22,2,20,0,0,1,20,25
THKMass,1,24,22,2,20,0,0,1,20,25
Vonologic,1,24,18,6,12,8,0,1,20,25
Chillaxe567,1,24,17,7,10,9,1,1,19,25
deadwoodsim,1,24,12,12,0,19,1,1,19,25
whatyoureallywant,1,24,19,5,14,5,1,1,19,25
texasags12,1,24,20,4,16,3,0,1,19,25
AlienPsychic51,1,24,21,3,18,0,1,1,18,25
demij,1,25,19,6,13,5,1,0,18,25
dryver,1,24,20,4,16,2,1,1,18,25
DudeBroChill,1,24,18,6,12,6,1,1,18,25
jraadc,1,24,20,4,16,2,1,1,18,25
smokintokin,1,24,20,4,16,2,1,1,18,25
steveeobleve,1,24,21,3,18,0,1,1,18,25
zipperhead1971,2,23,19,4,15,3,1,2,18,25
blackcapp,1,24,21,3,18,0,0,1,18,25
parzx,1,24,19,5,14,4,0,1,18,25
Redarhtrad,1,24,20,4,16,2,0,1,18,25
cerdmier,1,25,20,5,15,2,1,0,17,25
KingTreeblazer,1,24,19,5,14,3,1,1,17,25
Modestjake,1,24,19,5,14,3,1,1,17,25
SGCBarbierian,1,24,19,5,14,3,1,1,17,25
wat_womp,1,24,18,6,12,5,1,1,17,25
Eekiss123,1,24,18,6,12,5,0,1,17,25
rallyrace23,1,24,18,6,12,5,0,1,17,25
ShhGoToSleep,1,24,19,5,14,3,0,1,17,25
atmmurphy,1,24,19,5,14,2,1,1,16,25
creesch,1,25,18,7,11,5,1,0,16,25
CynicSatire,1,24,20,4,16,0,1,1,16,25
Cyvl,1,24,20,4,16,0,1,1,16,25
ddproducts,1,24,18,6,12,4,1,1,16,25
emilschmultz,1,24,20,4,16,0,1,1,16,25
EverythingsTemporary,1,24,20,4,16,0,1,1,16,25
Hamster_Huey,1,24,20,4,16,0,1,1,16,25
imposta,1,24,17,7,10,6,1,1,16,25
JezziSwe,1,24,19,5,14,2,1,1,16,25
lakefeet,1,24,20,4,16,0,1,1,16,25
looongstory,1,25,18,7,11,5,1,0,16,25
moonflowervine,1,24,18,6,12,4,1,1,16,25
mydoghasocd,1,25,19,6,13,3,1,0,16,25
Pat_the_Bunny,1,24,19,5,14,2,1,1,16,25
Peterb77,1,24,17,7,10,6,1,1,16,25
PowerDonut0,1,24,20,4,16,0,1,1,16,25
Rafaelzo,1,24,17,7,10,6,1,1,16,25
RawStank,1,24,20,4,16,0,1,1,16,25
Sleepy_Kitty,1,25,18,7,11,5,1,0,16,25
spartan337,1,24,20,4,16,0,1,1,16,25
Monkeyfuckinafootbal,1,24,19,5,14,2,0,1,16,25
SmashPineapples,2,25,19,6,13,3,0,0,16,25
wakebum87,1,24,20,4,16,0,0,1,16,25
acer_rubrum,1,24,17,7,10,5,1,1,15,25
cswider,1,24,18,6,12,3,1,1,15,25
Eye_Of_Pineapple,1,24,17,7,10,5,1,1,15,25
gr8lildevil,1,24,18,6,12,3,1,1,15,25
invisiblefangs,1,25,20,5,15,0,1,0,15,25
iswearitwasthecat,1,24,18,6,12,3,1,1,15,25
koperty,1,25,19,6,13,2,1,0,15,25
kpthunder,1,25,20,5,15,0,1,0,15,25
LFOME,1,24,18,6,12,3,1,1,15,25
libraryslave,1,24,18,6,12,3,1,1,15,25
superiorcopper,1,25,20,5,15,0,1,0,15,25
WHAT-THE-SHIT,1,24,17,7,10,5,1,1,15,25
acosmichippo,1,24,19,5,14,0,1,1,14,25
actusual,1,24,18,6,12,2,1,1,14,25
ashaik,1,24,19,5,14,0,1,1,14,25
cjdurrek,1,24,16,8,8,6,1,1,14,25
dialMforMidget,1,24,19,5,14,0,1,1,14,25
DoctorBurger,1,24,18,6,12,2,1,1,14,25
Evil_Henchman,1,24,19,5,14,0,1,1,14,25
fagtron108,1,24,19,5,14,0,1,1,14,25
fakERussian,1,24,18,6,12,2,1,1,14,25
FiendDemonDude,1,24,18,6,12,2,1,1,14,25
GonzoLee,1,24,19,5,14,0,1,1,14,25
HarkenSlash,1,24,18,6,12,2,1,1,14,25
Just_Another_Thought,1,25,18,7,11,3,1,0,14,25
Kateastrofee,1,24,18,6,12,2,1,1,14,25
KatoTheWeirdKid,1,24,19,5,14,0,1,1,14,25
Kemkempalace,1,24,19,5,14,0,1,1,14,25
LATKE_IN_MY_TUCHES,1,24,19,5,14,0,1,1,14,25
LoganKeeps,1,24,15,9,6,8,1,1,14,25
MentalMouse,1,25,18,7,11,3,1,0,14,25
miles920,1,24,15,9,6,8,1,1,14,25
ncm1910,1,24,17,7,10,4,1,1,14,25
pheebsle,1,24,18,6,12,2,1,1,14,25
pianobadger,1,24,18,6,12,2,1,1,14,25
RagingRetard,1,24,19,5,14,0,1,1,14,25
S3alteam,1,24,17,7,10,4,1,1,14,25
SamuraiJakkass86,1,24,18,6,12,2,1,1,14,25
stardawgchampion,1,24,13,11,2,12,1,1,14,25
templar01,1,24,18,6,12,2,1,1,14,25
tylesftw,1,24,19,5,14,0,1,1,14,25
Wagamamma,1,24,17,7,10,4,1,1,14,25
XavierWoodshed,1,24,18,6,12,2,1,1,14,25
YouHaveTakenItTooFar,1,24,18,6,12,2,1,1,14,25
Grove_is_King,1,24,17,7,10,4,0,1,14,25
TheMeowMeow,1,24,15,9,6,8,0,1,14,25
vinceklink,1,24,19,5,14,0,0,1,14,25
bazzy89,2,23,18,5,13,0,2,2,13,25
Poshillius,2,23,18,5,13,0,2,2,13,25
1pnoe,1,24,16,8,8,5,1,1,13,25
bittyface,1,24,17,7,10,3,1,1,13,25
Freibier,1,24,15,9,6,7,1,1,13,25
lycose90,1,25,17,8,9,4,1,0,13,25
mister_universe,1,24,17,7,10,3,1,1,13,25
NyQuilNyQuilNyQuil,1,25,19,6,13,0,1,0,13,25
zooms,1,24,16,8,8,5,1,1,13,25
NeroJoe,1,24,17,7,10,3,0,1,13,25
satan_has_a_cupcake,2,23,15,8,7,5,2,2,12,25
aatdalt,1,24,18,6,12,0,1,1,12,25
Anderhew,1,24,17,7,10,2,1,1,12,25
aquadog1313,1,24,17,7,10,2,1,1,12,25
AtticusVulpes,1,24,17,7,10,2,1,1,12,25
Baluga_Bear,1,24,18,6,12,0,1,1,12,25
calbin0,1,24,18,6,12,0,1,1,12,25
ChrisL24,1,24,18,6,12,0,1,1,12,25
corbin_becker,1,24,18,6,12,0,1,1,12,25
datfisk,1,24,18,6,12,0,1,1,12,25
Distinguished_Forest,1,24,18,6,12,0,1,1,12,25
eharig09,1,24,18,6,12,0,1,1,12,25
frito_love,1,24,18,6,12,0,1,1,12,25
funtcuck,1,24,17,7,10,2,1,1,12,25
GraytoGreen,1,24,17,7,10,2,1,1,12,25
gregmacd1,1,24,18,6,12,0,1,1,12,25
HazardSteam,1,24,17,7,10,2,1,1,12,25
hghost,1,24,17,7,10,2,1,1,12,25
IHadToThrowItAway,1,25,17,8,9,3,1,0,12,25
itswaynebradyson,1,24,18,6,12,0,1,1,12,25
JigJig,1,25,17,8,9,3,1,0,12,25
mohabitar,1,24,17,7,10,2,1,1,12,25
MrZed,1,24,18,6,12,0,1,1,12,25
noname9300,1,24,16,8,8,4,1,1,12,25
olive122,1,24,17,7,10,2,1,1,12,25
peacefultoker420,1,24,17,7,10,2,1,1,12,25
Phenix501,1,25,17,8,9,3,1,0,12,25
pinumbernumber,1,24,13,11,2,10,1,1,12,25
quinofking,1,24,18,6,12,0,1,1,12,25
rebecaaa,1,24,18,6,12,0,1,1,12,25
riffraffrocky,1,24,17,7,10,2,1,1,12,25
schere15,1,24,18,6,12,0,1,1,12,25
Stole-Your-Child,1,24,17,7,10,2,1,1,12,25
stonedotjimmy,1,24,15,9,6,6,1,1,12,25
Straightupegg,1,24,18,6,12,0,1,1,12,25
SuperiorDark,1,24,18,6,12,0,1,1,12,25
lilneen02,2,24,18,6,12,0,0,1,12,25
Nicole1379,1,24,17,7,10,2,0,1,12,25
Prozaca,1,24,17,7,10,2,0,1,12,25
swagchef1,1,24,18,6,12,0,0,1,12,25
zushini,1,24,18,6,12,0,0,1,12,25
OneRedDelicious,2,23,17,6,11,0,2,2,11,25
bardown10,1,25,18,7,11,0,1,0,11,25
Edit_7-2521,1,24,16,8,8,3,1,1,11,25
electricitywoman,1,25,17,8,9,2,1,0,11,25
john2496,1,24,13,11,2,9,1,1,11,25
kategardiner,1,24,15,9,6,5,1,1,11,25
MagentaParrot,1,24,16,8,8,3,1,1,11,25
pleiades255,1,25,18,7,11,0,1,0,11,25
revjtanton,1,24,15,9,6,5,1,1,11,25
tribaldragon73,1,25,18,7,11,0,1,0,11,25
whatisthecoon,1,24,14,10,4,7,1,1,11,25
level1biscuit,1,24,16,8,8,3,0,1,11,25
Weeman5872,2,23,17,6,11,0,0,2,11,25
agression-driver,1,25,16,9,7,3,1,0,10,25
AkiraChi,1,24,16,8,8,2,1,1,10,25
BadMedStudent,1,24,17,7,10,0,1,1,10,25
buddy200,1,24,16,8,8,2,1,1,10,25
CaptainCactus,1,24,17,7,10,0,1,1,10,25
chrisarecool,1,24,17,7,10,0,1,1,10,25
d_rewsalem,1,24,17,7,10,0,1,1,10,25
DMTeaser,1,24,16,8,8,2,1,1,10,25
eatyogurt,1,24,16,8,8,2,1,1,10,25
FarrowCreek,1,24,17,7,10,0,1,1,10,25
golfwang999,1,24,17,7,10,0,1,1,10,25
GrizzlyBanks,1,24,17,7,10,0,1,1,10,25
hatpoo,1,24,14,10,4,6,1,1,10,25
ICollectTheDead,1,24,15,9,6,4,1,1,10,25
Jeffro1265,1,24,13,11,2,8,1,1,10,25
jokeruger,1,24,15,9,6,4,1,1,10,25
LOLhowareyouthatdumb,1,24,17,7,10,0,1,1,10,25
MadViper,1,24,16,8,8,2,1,1,10,25
madzgirl909,1,24,17,7,10,0,1,1,10,25
megsomatosis,1,24,17,7,10,0,1,1,10,25
Mickeroo,1,24,17,7,10,0,1,1,10,25
niftynonsense,1,24,16,8,8,2,1,1,10,25
pantiess,1,24,17,7,10,0,1,1,10,25
pogo101650,1,24,16,8,8,2,1,1,10,25
purplelemon5,1,24,17,7,10,0,1,1,10,25
rieses96,1,24,14,10,4,6,1,1,10,25
sasha_fierce79,1,24,17,7,10,0,1,1,10,25
Sophiepophie,1,24,15,9,6,4,1,1,10,25
SpeedCole,1,24,15,9,6,4,1,1,10,25
TECHNO_rEVOLUTION,1,24,17,7,10,0,1,1,10,25
TheMachineStops,1,24,17,7,10,0,1,1,10,25
thorsdayfreyday,1,24,17,7,10,0,1,1,10,25
zwachtel11,1,24,17,7,10,0,1,1,10,25
iKrazy,1,24,17,7,10,0,0,1,10,25
MagicSandwich27,1,24,17,7,10,0,0,1,10,25
MineWiz,1,24,17,7,10,0,0,1,10,25
Snufalufugus,1,24,16,8,8,2,0,1,10,25
soloclap,2,24,17,7,10,0,0,1,10,25
squashbelly,1,24,14,10,4,6,0,1,10,25
ariki45,2,23,15,8,7,2,2,2,9,25
alienwithlaptop,1,24,15,9,6,3,1,1,9,25
BabyEddieConrad,1,24,13,11,2,7,1,1,9,25
BassFlux,1,25,17,8,9,0,1,0,9,25
Blaaamo,1,25,17,8,9,0,1,0,9,25
caliboardbum,1,24,14,10,4,5,1,1,9,25
Cut_Throat_Avenue,1,25,17,8,9,0,1,0,9,25
djdouken,1,24,15,9,6,3,1,1,9,25
ireposttopposts,1,24,15,9,6,3,1,1,9,25
mowing,1,25,17,8,9,0,1,0,9,25
Mramey51,1,24,14,10,4,5,1,1,9,25
NapoleonVaginamite,1,24,15,9,6,3,1,1,9,25
odnacs,1,24,15,9,6,3,1,1,9,25
RedGT2033,1,24,14,10,4,5,1,1,9,25
rocket1998,1,24,15,9,6,3,1,1,9,25
Seanthesheeep,1,24,13,11,2,7,1,1,9,25
state08,1,25,17,8,9,0,1,0,9,25
SubatomicSeahorse,2,23,16,7,9,0,1,2,9,25
tmoney34,1,25,17,8,9,0,1,0,9,25
ChanteBowen,1,24,13,11,2,7,0,1,9,25
kartikkp,1,24,13,11,2,7,0,1,9,25
keefers26,1,24,15,9,6,3,0,1,9,25
TheRaggedQueen,1,24,14,10,4,5,0,1,9,25
_L0g1k_,1,24,16,8,8,0,1,1,8,25
atodaso,1,24,14,10,4,4,1,1,8,25
awesomefilleddonut,1,24,15,9,6,2,1,1,8,25
Boboldeareia,1,24,14,10,4,4,1,1,8,25
bunnyears0997,1,24,16,8,8,0,1,1,8,25
damnsun,1,24,16,8,8,0,1,1,8,25
DickPecker,1,24,15,9,6,2,1,1,8,25
DieEierVonTool,1,24,16,8,8,0,1,1,8,25
Epitome_Of_Awkward,1,24,15,9,6,2,1,1,8,25
FalconPunch1011,1,24,16,8,8,0,1,1,8,25
Glider5175,1,24,15,9,6,2,1,1,8,25
Grammar-Hammer,1,24,15,9,6,2,1,1,8,25
grendel9191,1,24,16,8,8,0,1,1,8,25
InS4NeFIST,1,24,16,8,8,0,1,1,8,25
jbrown88,1,24,14,10,4,4,1,1,8,25
majourrager223,1,24,16,8,8,0,1,1,8,25
nighttwolf93,1,24,15,9,6,2,1,1,8,25
Ohiimthatguy,1,24,16,8,8,0,1,1,8,25
panintegral,1,24,16,8,8,0,1,1,8,25
patsox64,1,24,16,8,8,0,1,1,8,25
phizzleout,1,24,16,8,8,0,1,1,8,25
pvtmichaeljcaboose,1,24,16,8,8,0,1,1,8,25
rsmiley13,1,24,14,10,4,4,1,1,8,25
s_shaw,1,24,15,9,6,2,1,1,8,25
ssSerendipityss,1,24,16,8,8,0,1,1,8,25
sz1,1,24,16,8,8,0,1,1,8,25
ydonchablome,1,24,15,9,6,2,1,1,8,25
Youboremeh,1,24,15,9,6,2,1,1,8,25
zitronic,1,24,15,9,6,2,1,1,8,25
Bollski,1,24,16,8,8,0,0,1,8,25
Freddie_Freaker,1,24,13,11,2,6,0,1,8,25
gc0617,1,24,16,8,8,0,0,1,8,25
hbomb485,1,24,16,8,8,0,0,1,8,25
jbean88,1,24,15,9,6,2,0,1,8,25
SimianControl,1,24,15,9,6,2,0,1,8,25
sortofSufi,1,24,14,10,4,4,0,1,8,25
wachiga,1,24,15,9,6,2,0,1,8,25
xXxPWNography,2,23,11,12,-1,8,2,2,7,25
Ahamp22,1,25,16,9,7,0,1,0,7,25
bonscottsdick,1,24,10,14,-4,11,1,1,7,25
ExtraPlus,1,24,14,10,4,3,1,1,7,25
Lupawolf,1,24,13,11,2,5,1,1,7,25
nismo1990,1,24,14,10,4,3,1,1,7,25
Puk3ify,1,24,14,10,4,3,1,1,7,25
rachface636,2,23,14,9,5,2,1,2,7,25
witch1329,1,24,14,10,4,3,1,1,7,25
GRamos14,1,24,14,10,4,3,0,1,7,25
trollingisfun,1,24,12,12,0,7,0,1,7,25
Isunova,2,23,13,10,3,3,2,2,6,25
aclotus,2,24,15,9,6,0,1,1,6,25
bronynumber606,1,24,14,10,4,2,1,1,6,25
DanteShepherd,1,24,13,11,2,4,1,1,6,25
defprd,1,24,14,10,4,2,1,1,6,25
Glitchsbrew,1,24,15,9,6,0,1,1,6,25
GODDAMNFOOL,1,24,15,9,6,0,1,1,6,25
hnilsen,1,24,12,12,0,6,1,1,6,25
I_Has_Internets,1,24,14,10,4,2,1,1,6,25
iCapture,1,24,12,12,0,6,1,1,6,25
iLLyNoiZe,1,24,15,9,6,0,1,1,6,25
iOnlyHaveOnePicture,1,24,14,10,4,2,1,1,6,25
Jmoo27,1,24,15,9,6,0,1,1,6,25
LostSoles,1,24,14,10,4,2,1,1,6,25
McDerface,1,24,15,9,6,0,1,1,6,25
melinabobeena,1,24,15,9,6,0,1,1,6,25
Mxxi,1,24,15,9,6,0,1,1,6,25
Poptorts,1,24,15,9,6,0,1,1,6,25
rawson,1,24,15,9,6,0,1,1,6,25
ThatGuyHughesy,1,24,15,9,6,0,1,1,6,25
The_Endocy,1,24,14,10,4,2,1,1,6,25
TisJess,1,24,15,9,6,0,1,1,6,25
Tristian666,1,24,14,10,4,2,1,1,6,25
UKMuffins,1,24,14,10,4,2,1,1,6,25
wsssabin,1,24,13,11,2,4,1,1,6,25
AlamosBasement,1,24,14,10,4,2,0,1,6,25
bazarte,1,24,15,9,6,0,0,1,6,25
Deja_Entendu3698,1,24,15,9,6,0,0,1,6,25
DrMcGibblets,1,24,14,10,4,2,0,1,6,25
JuggsGotchya,1,24,14,10,4,2,0,1,6,25
tehallie,1,24,13,11,2,4,0,1,6,25
unrehabed,1,24,15,9,6,0,0,1,6,25
VulcanRyu07,1,24,15,9,6,0,0,1,6,25
13_0_0_0_0,1,24,13,11,2,3,1,1,5,25
elextech3,1,24,13,11,2,3,1,1,5,25
eroy83,1,25,15,10,5,0,1,0,5,25
Gannaramma,1,24,13,11,2,3,1,1,5,25
SAAWKS,1,24,13,11,2,3,1,1,5,25
Vesha,1,24,13,11,2,3,1,1,5,25
quinn_drummer,1,24,13,11,2,3,0,1,5,25
xMunkusx,3,22,13,9,4,0,3,3,4,25
darthjammer224,3,23,12,11,1,3,2,2,4,25
Assasassasa,1,24,14,10,4,0,1,1,4,25
Auzie,1,24,13,11,2,2,1,1,4,25
BokeASmole34,1,24,14,10,4,0,1,1,4,25
dabigbone,1,24,14,10,4,0,1,1,4,25
dahbrew,1,24,14,10,4,0,1,1,4,25
degenerate_imbecile,1,24,13,11,2,2,1,1,4,25
devilsnake874,1,24,14,10,4,0,1,1,4,25
Disloyalsafe,1,24,13,11,2,2,1,1,4,25
DrMcHorrible97,1,24,13,11,2,2,1,1,4,25
enzo275,1,24,14,10,4,0,1,1,4,25
eriverside,1,24,14,10,4,0,1,1,4,25
Gilesistkrieg,1,24,13,11,2,2,1,1,4,25
Ikeddit,1,24,14,10,4,0,1,1,4,25
Insatiabull,1,24,13,11,2,2,1,1,4,25
IxuntouchblexI,1,24,14,10,4,0,1,1,4,25
Jdavis970,1,24,9,15,-6,10,1,1,4,25
nickthecreator,1,24,12,12,0,4,1,1,4,25
Nupvote,1,24,14,10,4,0,1,1,4,25
oldschoolsnipa,1,24,13,11,2,2,1,1,4,25
p_k,1,24,12,12,0,4,1,1,4,25
QuoteOfTheHour,1,24,13,11,2,2,1,1,4,25
rang45,1,24,14,10,4,0,1,1,4,25
Rockytriton,2,23,11,12,-1,5,1,2,4,25
shutuphooker,1,24,14,10,4,0,1,1,4,25
TheWienerBandit,1,24,14,10,4,0,1,1,4,25
TurtleJuice958,1,24,14,10,4,0,1,1,4,25
txking12,2,24,14,10,4,0,1,1,4,25
badderrus,1,24,13,11,2,2,0,1,4,25
flower_in_my_hair,1,24,14,10,4,0,0,1,4,25
Lady-SilverWolf,1,24,14,10,4,0,0,1,4,25
mrlr,1,24,14,10,4,0,0,1,4,25
my_nan_is_boss,1,24,13,11,2,2,0,1,4,25
xcruzi,1,24,13,11,2,2,0,1,4,25
norse1977,2,23,12,11,1,2,2,2,3,25
Omendes,2,23,12,11,1,2,2,2,3,25
CLIV2721,1,24,12,12,0,3,1,1,3,25
excynimphica,2,23,13,10,3,0,1,2,3,25
singinggurl,1,24,11,13,-2,5,1,1,3,25
smurfette19,1,24,12,12,0,3,1,1,3,25
whatthecaptcha,1,24,10,14,-4,7,1,1,3,25
rosepill,1,24,12,12,0,3,0,1,3,25
DJ_Spock,2,24,9,15,-6,8,2,1,2,25
2elevated,1,24,12,12,0,2,1,1,2,25
armrha,1,24,11,13,-2,4,1,1,2,25
Bank_Gothic,1,24,13,11,2,0,1,1,2,25
Bizzynizzle,1,24,13,11,2,0,1,1,2,25
bleedthenutshell,1,24,13,11,2,0,1,1,2,25
dcorman,1,24,13,11,2,0,1,1,2,25
glotsbitch,1,24,13,11,2,0,1,1,2,25
Hardy045,1,24,13,11,2,0,1,1,2,25
idiotsmile,1,24,13,11,2,0,1,1,2,25
Johnald,1,24,11,13,-2,4,1,1,2,25
lynnifer231,1,24,13,11,2,0,1,1,2,25
mangotoes012,1,24,13,11,2,0,1,1,2,25
mcfowns,1,24,11,13,-2,4,1,1,2,25
mindspread,1,24,13,11,2,0,1,1,2,25
nerdasaurous,1,24,12,12,0,2,1,1,2,25
retuw,1,24,11,13,-2,4,1,1,2,25
RickyFromVegas,1,24,13,11,2,0,1,1,2,25
RollingGreen,1,24,13,11,2,0,1,1,2,25
rtgafford1995,1,24,12,12,0,2,1,1,2,25
ShitBeCrazy,1,24,13,11,2,0,1,1,2,25
Snoozinmas,1,24,13,11,2,0,1,1,2,25
tkh0812,1,24,13,11,2,0,1,1,2,25
Topalope,1,24,13,11,2,0,1,1,2,25
vrscdx07,1,24,11,13,-2,4,1,1,2,25
Vulpis,1,24,13,11,2,0,1,1,2,25
ARoguePumpkin,1,24,11,13,-2,4,0,1,2,25
ComicInTraining,1,24,13,11,2,0,0,1,2,25
earthwormy,1,24,13,11,2,0,0,1,2,25
fishking92,1,24,13,11,2,0,0,1,2,25
jasminelacy,1,24,13,11,2,0,0,1,2,25
Guytwo,2,23,12,11,1,0,2,2,1,25
heybrandon,2,23,12,11,1,0,2,2,1,25
Necromimetic,2,23,12,11,1,0,2,2,1,25
fekalnik,1,24,11,13,-2,3,1,1,1,25
IrritatedRuskie,1,25,10,15,-5,6,1,0,1,25
jesskaleach,1,25,13,12,1,0,1,0,1,25
midnitefox,1,24,9,15,-6,7,1,1,1,25
ry21,1,24,10,14,-4,5,1,1,1,25
TheGsus,1,24,10,14,-4,5,1,1,1,25
Vxindy,2,23,11,12,-1,2,1,2,1,25
theirishnarwhal,2,23,12,11,1,0,0,2,1,25
corruptedsaveddata,3,22,11,11,0,0,2,3,0,25
Draken693,1,24,12,12,0,0,1,1,0,25
dusibit,1,24,12,12,0,0,1,1,0,25
etfp,1,24,11,13,-2,2,1,1,0,25
evuldave,1,24,12,12,0,0,1,1,0,25
hunter96,2,23,8,15,-7,7,1,2,0,25
MaintainSC,1,24,12,12,0,0,1,1,0,25
ManWithASquareHead,1,24,12,12,0,0,1,1,0,25
masterofmeme,1,24,12,12,0,0,1,1,0,25
mcavinud,1,24,11,13,-2,2,1,1,0,25
meatwad1987,1,24,12,12,0,0,1,1,0,25
msaballos219,1,24,12,12,0,0,1,1,0,25
NorseWinter,1,24,12,12,0,0,1,1,0,25
RAMPAGINGINCOMPETENC,1,24,12,12,0,0,1,1,0,25
RebelPro,1,24,10,14,-4,4,1,1,0,25
redditor658,1,24,12,12,0,0,1,1,0,25
slowcoach7,1,24,12,12,0,0,1,1,0,25
Sph1nx,1,24,12,12,0,0,1,1,0,25
SushiNazi,1,24,12,12,0,0,1,1,0,25
taterjones,1,24,9,15,-6,6,1,1,0,25
WhyAreYouReadingThiz,1,24,12,12,0,0,1,1,0,25
Activee77,1,24,9,15,-6,6,0,1,0,25
beachtoast,1,24,11,13,-2,2,0,1,0,25
Mafea,2,23,11,12,-1,0,2,2,-1,25
treverhaas,2,23,10,13,-3,2,2,2,-1,25
jasonboom,2,23,11,12,-1,0,1,2,-1,25
jbaldwinydg,1,25,10,15,-5,4,1,0,-1,25
Jessealt1234,2,23,11,12,-1,0,1,2,-1,25
neptyr,1,24,10,14,-4,3,1,1,-1,25
pzor,1,24,9,15,-6,5,1,1,-1,25
SirSnipeZeLoT,1,24,10,14,-4,3,1,1,-1,25
vik682,2,23,11,12,-1,0,1,2,-1,25
Peter_potumas,1,24,10,14,-4,3,0,1,-1,25
wumblr,1,24,9,15,-6,5,0,1,-1,25
brialeigh,1,24,11,13,-2,0,1,1,-2,25
enpoudresoluble,1,24,11,13,-2,0,1,1,-2,25
exo10,1,24,10,14,-4,2,1,1,-2,25
GioPiccinini,1,24,11,13,-2,0,1,1,-2,25
IslaNubla,1,24,11,13,-2,0,1,1,-2,25
Kortland12,1,24,9,15,-6,4,1,1,-2,25
makastoo,1,24,10,14,-4,2,1,1,-2,25
Notezee,1,24,11,13,-2,0,1,1,-2,25
PuntCunisher,1,24,10,14,-4,2,1,1,-2,25
ReesesForBreakfast,1,24,10,14,-4,2,1,1,-2,25
Savoie,1,25,9,16,-7,5,1,0,-2,25
skipmadrid,1,24,11,13,-2,0,1,1,-2,25
youangrybro,1,24,11,13,-2,0,1,1,-2,25
ADJLad,1,24,10,14,-4,2,0,1,-2,25
Daniel_Laixer,1,24,11,13,-2,0,0,1,-2,25
minimania21,1,24,11,13,-2,0,0,1,-2,25
noooobie,1,24,11,13,-2,0,0,1,-2,25
ThatGuyIn7a,1,24,9,15,-6,4,0,1,-2,25
Vslacha,1,24,11,13,-2,0,0,1,-2,25
Deadace1,1,24,9,15,-6,3,1,1,-3,25
MissGingerAle,1,24,9,15,-6,3,1,1,-3,25
ViewSonik,1,24,8,16,-8,5,1,1,-3,25
AK47Blueberry,1,24,10,14,-4,0,1,1,-4,25
amster105,1,24,10,14,-4,0,1,1,-4,25
anonymous1am,1,24,10,14,-4,0,1,1,-4,25
BobtheMidgetSquirrel,1,24,10,14,-4,0,1,1,-4,25
cclm55,1,24,9,15,-6,2,1,1,-4,25
Icommanduall,1,24,10,14,-4,0,1,1,-4,25
lilsleazzzy,1,24,9,15,-6,2,1,1,-4,25
lockerdude,1,24,9,15,-6,2,1,1,-4,25
MogusMaximus,1,24,10,14,-4,0,1,1,-4,25
Scandic_Viking,1,24,10,14,-4,0,1,1,-4,25
ScruffMacGruff,1,24,10,14,-4,0,1,1,-4,25
strtolower,1,24,10,14,-4,0,1,1,-4,25
Teckel22,1,24,10,14,-4,0,1,1,-4,25
TheBiggerDerp,1,24,10,14,-4,0,1,1,-4,25
Thrashertom,1,24,9,15,-6,2,1,1,-4,25
TripleRX,1,24,10,14,-4,0,1,1,-4,25
tunarulz,1,24,10,14,-4,0,1,1,-4,25
benchplayer23,1,24,10,14,-4,0,0,1,-4,25
BuckToothedCobra,2,23,8,15,-7,3,0,2,-4,25
Pringeldude,1,24,10,14,-4,0,0,1,-4,25
Vitharr,1,24,9,15,-6,2,0,1,-4,25
jdund117,1,25,10,15,-5,0,1,0,-5,25
JTown91,1,24,8,16,-8,3,1,1,-5,25
THEhillsHAVEaids,1,24,7,17,-10,5,1,1,-5,25
jonthebastard,2,23,8,15,-7,2,0,2,-5,25
Cool_Guy13,1,24,8,16,-8,2,1,1,-6,25
cusoman,1,24,9,15,-6,0,1,1,-6,25
Droatax,1,24,9,15,-6,0,1,1,-6,25
Enjoiissweet,1,24,9,15,-6,0,1,1,-6,25
eric23432,1,24,9,15,-6,0,1,1,-6,25
icky_icky_icky_ptang,1,24,9,15,-6,0,1,1,-6,25
marmaduke424,1,24,8,16,-8,2,1,1,-6,25
randomness9398,1,24,9,15,-6,0,1,1,-6,25
shadow_ggf,1,24,9,15,-6,0,1,1,-6,25
spaceman_zero,1,24,9,15,-6,0,1,1,-6,25
zubie_wanders,1,24,9,15,-6,0,1,1,-6,25
12justin12,2,24,9,15,-6,0,0,1,-6,25
Blarticus,1,24,9,15,-6,0,0,1,-6,25
gbecks13,1,24,9,15,-6,0,0,1,-6,25
Ratbutcher,1,24,9,15,-6,0,0,1,-6,25
insanelyloudclapper,1,24,7,17,-10,3,1,1,-7,25
teamdelicious,1,25,9,16,-7,0,1,0,-7,25
whyamihere21,1,25,9,16,-7,0,1,0,-7,25
couch_asparagus,1,24,8,16,-8,0,1,1,-8,25
Culinarygrad12,1,24,7,17,-10,2,1,1,-8,25
JackShep,1,24,8,16,-8,0,1,1,-8,25
Rumpscallion,1,24,8,16,-8,0,1,1,-8,25
Totomotion,2,23,5,18,-13,4,2,2,-9,25
xIHIEIRIOx,2,23,7,16,-9,0,2,2,-9,25
cheezitmonster,1,24,6,18,-12,3,1,1,-9,25
upyourjuicebox,2,23,7,16,-9,0,1,2,-9,25
Revanx17,2,23,7,16,-9,0,0,2,-9,25
BlackMacGyver,1,24,7,17,-10,0,1,1,-10,25
g00dj0b,1,24,7,17,-10,0,1,1,-10,25
Kruezritter,2,24,7,17,-10,0,0,1,-10,25
YouNevaReddit,2,25,6,19,-13,3,0,0,-10,25
PasswordIsNOTHamster,1,24,6,18,-12,0,1,1,-12,25
wolfman975,1,24,5,19,-14,2,1,1,-12,25
JDPK77,1,24,3,21,-18,0,1,1,-18,25
samcornwell,1,23,11,12,-1,36,1,1,35,24
PR3CiSiON,2,22,18,4,14,14,0,2,28,24
drednaught,1,23,23,0,23,4,1,1,27,24
Koikirai,1,24,19,5,14,13,1,0,27,24
workAcut,1,24,21,3,18,9,1,0,27,24
HEHATEME22,1,23,20,3,17,8,1,1,25,24
Shigaba,1,24,18,6,12,13,1,0,25,24
archetype707,1,23,17,6,11,13,1,1,24,24
falalarry,1,24,20,4,16,7,1,0,23,24
Flyinmudman,1,24,21,3,18,5,1,0,23,24
ImSoDank,1,23,21,2,19,4,1,1,23,24
Zawkon,1,23,21,2,19,4,1,1,23,24
anotherothername,1,23,22,1,21,2,0,1,23,24
Stands_w_Fist,1,23,20,3,17,6,0,1,23,24
xtr3m,1,23,23,0,23,0,0,1,23,24
aimhelix,1,24,21,3,18,4,1,0,22,24
moultano,1,23,19,4,15,7,1,1,22,24
pilnock,1,23,21,2,19,3,1,1,22,24
practicalize,1,24,22,2,20,2,1,0,22,24
CanesHockey89,1,23,18,5,13,9,0,1,22,24
iSqueezeBunnies,2,22,18,4,14,8,0,2,22,24
uhhh_Doodle,2,22,20,2,18,3,2,2,21,24
DanStl314,1,23,21,2,19,2,1,1,21,24
immolation,1,23,19,4,15,6,1,1,21,24
inquilinekea,1,23,22,1,21,0,1,1,21,24
logicspock,1,23,22,1,21,0,1,1,21,24
mynamejesse1334,1,23,22,1,21,0,1,1,21,24
myopinionstinks,1,23,21,2,19,2,1,1,21,24
slayeromen,1,23,18,5,13,8,1,1,21,24
VoiceofLou,1,23,22,1,21,0,0,1,21,24
crownish,1,23,15,8,7,13,1,1,20,24
DeliriousDino,1,23,20,3,17,3,1,1,20,24
juliet111234,1,23,16,7,9,11,1,1,20,24
ndecuzzi,1,23,16,7,9,11,1,1,20,24
Tired_of_this,1,24,19,5,14,6,1,0,20,24
TaterSaladDelta,1,23,18,5,13,7,0,1,20,24
Gonza200,1,24,19,5,14,5,1,0,19,24
Hamelin121,1,23,19,4,15,4,1,1,19,24
MinkyBoodle,1,24,19,5,14,5,1,0,19,24
moonbaseboots,1,24,20,4,16,3,1,0,19,24
PaperThoughts,1,24,19,5,14,5,1,0,19,24
shadow_the_cat,1,23,19,4,15,4,1,1,19,24
tcrandall2,1,24,20,4,16,3,1,0,19,24
TemptedByTrolling,1,23,14,9,5,14,1,1,19,24
thisiswhatsinmybrain,1,23,20,3,17,2,1,1,19,24
lovemenude,1,23,20,3,17,2,0,1,19,24
LegendaryRav,2,22,18,4,14,4,2,2,18,24
Buce_Wee,1,24,19,5,14,4,1,0,18,24
kamikazeX,1,23,19,4,15,3,1,1,18,24
mazakris,1,24,19,5,14,4,1,0,18,24
MusclesMcThunderbuff,1,24,21,3,18,0,1,0,18,24
samo21,1,24,21,3,18,0,1,0,18,24
take-dat-wit-u,1,23,19,4,15,3,1,1,18,24
Tr1ggerhappy07,2,24,20,4,16,2,1,0,18,24
TSpange,1,23,18,5,13,5,1,1,18,24
onionkimm,1,23,19,4,15,3,0,1,18,24
acceptableusername,1,23,20,3,17,0,1,1,17,24
ajaone,1,23,20,3,17,0,1,1,17,24
Beardneck_,1,24,18,6,12,5,1,0,17,24
BradleyB1,1,23,20,3,17,0,1,1,17,24
broadcloak,1,23,20,3,17,0,1,1,17,24
carlsnakeston,1,23,18,5,13,4,1,1,17,24
Cuntosaurus,1,23,19,4,15,2,1,1,17,24
elegantmonkey,1,23,15,8,7,10,1,1,17,24
Kitty_dog,1,23,18,5,13,4,1,1,17,24
LoveSarahElizabeth,1,23,20,3,17,0,1,1,17,24
montyjr,1,23,18,5,13,4,1,1,17,24
r3volc,1,23,20,3,17,0,1,1,17,24
seth_k,1,23,19,4,15,2,1,1,17,24
slothzen,1,23,19,4,15,2,1,1,17,24
Braineater2448,1,23,19,4,15,2,0,1,17,24
CaifeGaelach,1,23,18,5,13,4,0,1,17,24
MunfMunf,1,23,16,7,9,8,0,1,17,24
PeanutButterAstroguy,1,23,19,4,15,2,0,1,17,24
RageTheElephant,1,23,19,4,15,2,0,1,17,24
Aetheer,1,24,20,4,16,0,1,0,16,24
anorangeclockwork,1,23,17,6,11,5,1,1,16,24
duppyQ,1,23,14,9,5,11,1,1,16,24
Ktsea,1,23,15,8,7,9,1,1,16,24
MollyPocket,1,24,20,4,16,0,1,0,16,24
PapasMoustache,1,23,17,6,11,5,1,1,16,24
stoopidmonstr,1,23,18,5,13,3,1,1,16,24
TheFrancais,1,24,20,4,16,0,1,0,16,24
Veggieleezy,1,23,18,5,13,3,1,1,16,24
wolfikins,1,23,17,6,11,5,1,1,16,24
zanthany,1,24,20,4,16,0,1,0,16,24
No_More_Names,2,22,16,6,10,5,2,2,15,24
brittitittitti,1,23,19,4,15,0,1,1,15,24
deemahh,1,23,19,4,15,0,1,1,15,24
deluyxe,1,23,17,6,11,4,1,1,15,24
donovasj,1,23,18,5,13,2,1,1,15,24
dvdov,1,23,17,6,11,4,1,1,15,24
JClanton,1,23,19,4,15,0,1,1,15,24
JelloLegs,1,23,17,6,11,4,1,1,15,24
jtkirk33,1,23,19,4,15,0,1,1,15,24
lil_azzhole,1,23,19,4,15,0,1,1,15,24
lizabisky,1,23,19,4,15,0,1,1,15,24
omgitskevin,1,23,19,4,15,0,1,1,15,24
PreauxChoice,1,23,18,5,13,2,1,1,15,24
richie_m_nixon,1,23,19,4,15,0,1,1,15,24
sausagelady,1,23,19,4,15,0,1,1,15,24
ShankYouWithGravy,1,23,18,5,13,2,1,1,15,24
smh89,1,23,18,5,13,2,1,1,15,24
ThatSnazzyGuy,1,23,19,4,15,0,1,1,15,24
turtlecopter,1,23,18,5,13,2,1,1,15,24
xkaiserxremx,1,23,19,4,15,0,1,1,15,24
xzCRASHzx,1,23,18,5,13,2,1,1,15,24
canadianbakeon,1,23,19,4,15,0,0,1,15,24
Dat_Laughter,1,23,19,4,15,0,0,1,15,24
purpleboobs,1,23,13,10,3,12,0,1,15,24
rhessler,2,22,13,9,4,10,2,2,14,24
c0ntra7,1,24,18,6,12,2,1,0,14,24
darko1984,1,23,17,6,11,3,1,1,14,24
killerpenguins12,1,23,17,6,11,3,1,1,14,24
Lucullan,1,23,17,6,11,3,1,1,14,24
OhHeyThereBuddy,1,24,19,5,14,0,1,0,14,24
velolziraptor,1,23,16,7,9,5,1,1,14,24
Authsauce,1,23,16,7,9,5,0,1,14,24
COSIC,1,23,16,7,9,5,0,1,14,24
gloone,1,23,17,6,11,3,0,1,14,24
HasThisBeenDone,1,23,14,9,5,9,0,1,14,24
ringadingdang,1,23,17,6,11,3,0,1,14,24
UrgeToKill,1,23,17,6,11,3,0,1,14,24
Wyre,1,23,17,6,11,3,0,1,14,24
0zz0,1,23,17,6,11,2,1,1,13,24
Airazz,2,22,15,7,8,5,1,2,13,24
amonrule,1,23,18,5,13,0,1,1,13,24
avadiax,1,23,18,5,13,0,1,1,13,24
AYellowFix,1,23,18,5,13,0,1,1,13,24
captain_audio,1,23,18,5,13,0,1,1,13,24
commiPANDA,1,23,18,5,13,0,1,1,13,24
copperfinger,1,23,17,6,11,2,1,1,13,24
danth,1,23,17,6,11,2,1,1,13,24
DaveIrish,1,23,18,5,13,0,1,1,13,24
expert_at_SCIENCE,1,23,18,5,13,0,1,1,13,24
hookp,1,23,16,7,9,4,1,1,13,24
htheo157,1,23,18,5,13,0,1,1,13,24
Jharkov,1,23,16,7,9,4,1,1,13,24
jjthedragon,1,23,16,7,9,4,1,1,13,24
Jofflic,1,23,18,5,13,0,1,1,13,24
Left_Klok,1,23,16,7,9,4,1,1,13,24
loveledeathnote,1,23,16,7,9,4,1,1,13,24
Ludica,1,23,18,5,13,0,1,1,13,24
MagickGurl,1,23,16,7,9,4,1,1,13,24
Matazz,1,23,16,7,9,4,1,1,13,24
moonshine_fox,1,23,18,5,13,0,1,1,13,24
no_face,1,23,16,7,9,4,1,1,13,24
osik,1,23,18,5,13,0,1,1,13,24
photoknut,1,23,17,6,11,2,1,1,13,24
reposed,1,23,16,7,9,4,1,1,13,24
ryanpf23,1,23,17,6,11,2,1,1,13,24
SamGanji,1,23,15,8,7,6,1,1,13,24
Shaboomafoo,1,23,18,5,13,0,1,1,13,24
soShoh,1,23,18,5,13,0,1,1,13,24
Squeak_Scolari,1,23,17,6,11,2,1,1,13,24
steventheBAU5,1,23,18,5,13,0,1,1,13,24
Trevizo_R,1,23,16,7,9,4,1,1,13,24
tuatbique,1,23,18,5,13,0,1,1,13,24
Bagelbaker,1,23,18,5,13,0,0,1,13,24
caligrl827,1,23,18,5,13,0,0,1,13,24
IAMAcleverguy,1,23,16,7,9,4,0,1,13,24
OttoNorse,1,23,18,5,13,0,0,1,13,24
radchad,1,23,18,5,13,0,0,1,13,24
Stretchy_Treats,1,23,18,5,13,0,0,1,13,24
Alexdmb,1,24,18,6,12,0,1,0,12,24
brunq2,2,22,16,6,10,2,1,2,12,24
datsmyjuice,1,24,18,6,12,0,1,0,12,24
GrannyBacon81,1,24,17,7,10,2,1,0,12,24
have_agreat_day,1,23,16,7,9,3,1,1,12,24
I_am_not_sad,1,23,15,8,7,5,1,1,12,24
jaymev,1,24,18,6,12,0,1,0,12,24
lattrommi,1,23,16,7,9,3,1,1,12,24
lwlkr,1,23,14,9,5,7,1,1,12,24
n0la,2,23,12,11,1,11,1,1,12,24
skinheaddrone,2,22,16,6,10,2,1,2,12,24
tgiphil18,1,23,16,7,9,3,1,1,12,24
toddriffic,1,24,18,6,12,0,1,0,12,24
Doxep,1,23,15,8,7,5,0,1,12,24
adale24,1,23,17,6,11,0,1,1,11,24
ahherpderp,1,23,17,6,11,0,1,1,11,24
alesknot44,1,23,17,6,11,0,1,1,11,24
Authentik,1,23,17,6,11,0,1,1,11,24
bancroft13,1,23,16,7,9,2,1,1,11,24
Basuro084,1,23,13,10,3,8,1,1,11,24
BeingABestBud,1,23,17,6,11,0,1,1,11,24
Charlie_Marrow,1,23,14,9,5,6,1,1,11,24
crazyjohnson,1,23,17,6,11,0,1,1,11,24
CycoFiend13,1,23,16,7,9,2,1,1,11,24
DadosBladesRising,1,23,17,6,11,0,1,1,11,24
evil_bit,1,23,17,6,11,0,1,1,11,24
explains_shit,1,23,17,6,11,0,1,1,11,24
eyyochen,1,23,16,7,9,2,1,1,11,24
FrankFrankson,1,23,17,6,11,0,1,1,11,24
guutz,1,23,17,6,11,0,1,1,11,24
Hotwir3,1,23,16,7,9,2,1,1,11,24
kavemandave,1,23,16,7,9,2,1,1,11,24
KevYuuuu,1,23,17,6,11,0,1,1,11,24
LilWillly,1,23,16,7,9,2,1,1,11,24
MBhustler,1,23,17,6,11,0,1,1,11,24
miamihappy,1,23,17,6,11,0,1,1,11,24
Mister_Jane_Joe,1,23,17,6,11,0,1,1,11,24
mon_mon,1,23,13,10,3,8,1,1,11,24
no_left_shoe,1,23,17,6,11,0,1,1,11,24
poo_in_mah_ass,1,23,17,6,11,0,1,1,11,24
Pretzel_Thirst,1,23,17,6,11,0,1,1,11,24
raethe,1,23,17,6,11,0,1,1,11,24
re_no,1,23,16,7,9,2,1,1,11,24
rst3r,1,23,17,6,11,0,1,1,11,24
sig_kill,1,23,16,7,9,2,1,1,11,24
Simpl_y_fab,1,23,17,6,11,0,1,1,11,24
Siphari,1,23,14,9,5,6,1,1,11,24
table4chairs,1,23,13,10,3,8,1,1,11,24
thesomedude777,1,23,17,6,11,0,1,1,11,24
usageaster,1,23,13,10,3,8,1,1,11,24
Violettx321,1,23,17,6,11,0,1,1,11,24
Waste_of_Soup,1,23,17,6,11,0,1,1,11,24
yournotthinking,1,23,17,6,11,0,1,1,11,24
Zalzath,1,23,17,6,11,0,1,1,11,24
buffalopoop,1,23,17,6,11,0,0,1,11,24
FrankDoberman,1,23,17,6,11,0,0,1,11,24
jaynap1,1,23,17,6,11,0,0,1,11,24
keeblerelf557,1,23,17,6,11,0,0,1,11,24
Michelanjello,1,23,17,6,11,0,0,1,11,24
thestrangeone2010,1,23,17,6,11,0,0,1,11,24
YouSaidADumbThing,1,24,10,14,-4,15,0,0,11,24
zippyjon,1,23,17,6,11,0,0,1,11,24
Amaraziz,2,22,14,8,6,4,1,2,10,24
Andre7723,1,24,17,7,10,0,1,0,10,24
CherryNipples,1,23,15,8,7,3,1,1,10,24
demo786,1,23,14,9,5,5,1,1,10,24
drchris498,1,23,13,10,3,7,1,1,10,24
eye_patch_willy,1,23,14,9,5,5,1,1,10,24
fiveironknight,1,24,17,7,10,0,1,0,10,24
henryhenriquez,1,24,17,7,10,0,1,0,10,24
jc8444,1,23,15,8,7,3,1,1,10,24
ManBearWaffle,1,24,17,7,10,0,1,0,10,24
piss_artist,1,23,12,11,1,9,1,1,10,24
purekarbolyn,1,23,15,8,7,3,1,1,10,24
Silvire,1,23,15,8,7,3,1,1,10,24
superflyer,1,23,15,8,7,3,1,1,10,24
Swindlesmith,1,23,15,8,7,3,1,1,10,24
Valrek_Machines,1,23,15,8,7,3,1,1,10,24
A1R80RN3,1,23,15,8,7,3,0,1,10,24
hellismyhome,1,23,13,10,3,7,0,1,10,24
adelaidejewel,1,23,16,7,9,0,1,1,9,24
astrolux86,1,23,16,7,9,0,1,1,9,24
boss69,1,23,15,8,7,2,1,1,9,24
bus_gus,1,23,16,7,9,0,1,1,9,24
CharlieCharlieChuck,1,23,16,7,9,0,1,1,9,24
derpaliciousness,1,23,16,7,9,0,1,1,9,24
EntingFantastic,2,22,14,8,6,3,1,2,9,24
Exus9,1,23,15,8,7,2,1,1,9,24
FiveBombs,1,23,16,7,9,0,1,1,9,24
halebale,1,23,16,7,9,0,1,1,9,24
iamnotjewish,1,23,16,7,9,0,1,1,9,24
Ihearcolor,1,23,14,9,5,4,1,1,9,24
ill_eat_it,1,23,16,7,9,0,1,1,9,24
Jishkah,1,23,16,7,9,0,1,1,9,24
ksheidENT,1,23,16,7,9,0,1,1,9,24
LiberatedClown,1,23,15,8,7,2,1,1,9,24
mandalea,1,23,13,10,3,6,1,1,9,24
miffipuffi,1,23,15,8,7,2,1,1,9,24
monkeypro,1,23,16,7,9,0,1,1,9,24
mozartwasamason,1,23,16,7,9,0,1,1,9,24
patthetree,1,23,15,8,7,2,1,1,9,24
PavtheSav,1,23,16,7,9,0,1,1,9,24
Reddit-Credit,1,23,16,7,9,0,1,1,9,24
RocketJohn5,2,23,14,9,5,4,1,1,9,24
Siege117,1,23,15,8,7,2,1,1,9,24
TeddyJamesMusic,1,23,15,8,7,2,1,1,9,24
Troll_Sauce27,1,23,15,8,7,2,1,1,9,24
whereitsatftw,1,23,16,7,9,0,1,1,9,24
will042082,1,23,13,10,3,6,1,1,9,24
FuckGrammar,1,23,16,7,9,0,0,1,9,24
jackfogel,1,23,14,9,5,4,0,1,9,24
killingo990,1,23,16,7,9,0,0,1,9,24
Moovlin,1,23,16,7,9,0,0,1,9,24
PsychoticMuffin,1,23,14,9,5,4,0,1,9,24
QuadroWho,1,23,15,8,7,2,0,1,9,24
The_blue_shark,1,23,15,8,7,2,0,1,9,24
WhoYouCallinTurkey,1,23,16,7,9,0,0,1,9,24
Deerassassin,2,22,15,7,8,0,2,2,8,24
brambooo,1,24,16,8,8,0,1,0,8,24
desi_fubu,1,23,14,9,5,3,1,1,8,24
Inlakeshh,1,23,14,9,5,3,1,1,8,24
Moose_o,1,23,13,10,3,5,1,1,8,24
NozomiTakeda,1,24,15,9,6,2,1,0,8,24
OneYearLaterz,1,23,13,10,3,5,1,1,8,24
Rframpton,1,23,14,9,5,3,1,1,8,24
thorrad,1,23,14,9,5,3,1,1,8,24
tobydb,1,23,14,9,5,3,1,1,8,24
TwingTwang,1,23,13,10,3,5,1,1,8,24
Unforgiven13,1,23,14,9,5,3,1,1,8,24
flawed-less,1,23,14,9,5,3,0,1,8,24
MySpooniz2biG,1,23,14,9,5,3,0,1,8,24
UrShiningDesire,2,23,13,10,3,5,0,1,8,24
charlesvondoom,2,22,13,9,4,3,2,2,7,24
doctorunk,2,23,15,8,7,0,2,1,7,24
the_cake_is_a_pie_,2,22,12,10,2,5,2,2,7,24
Captchca_ca_KA,1,23,13,10,3,4,1,1,7,24
DankTysh420,1,23,14,9,5,2,1,1,7,24
david_palmer,1,23,15,8,7,0,1,1,7,24
Donkey-boner,1,23,15,8,7,0,1,1,7,24
Dr2thDK,1,23,15,8,7,0,1,1,7,24
evansgirl,1,23,14,9,5,2,1,1,7,24
GunnarStahl,1,23,15,8,7,0,1,1,7,24
hooked_on_reddit,1,23,15,8,7,0,1,1,7,24
jaskamiin,1,23,15,8,7,0,1,1,7,24
JeffdaChef33,1,23,15,8,7,0,1,1,7,24
krietz,1,23,15,8,7,0,1,1,7,24
Kronoshima,1,23,15,8,7,0,1,1,7,24
MagnusPaajarvi,1,23,15,8,7,0,1,1,7,24
Master_mind_,1,23,14,9,5,2,1,1,7,24
mewseymewbobble,1,23,15,8,7,0,1,1,7,24
Mikstache,1,23,15,8,7,0,1,1,7,24
Ms_SBLDG,1,23,14,9,5,2,1,1,7,24
prim3y,1,23,14,9,5,2,1,1,7,24
SexxSyrup,1,23,15,8,7,0,1,1,7,24
smguy101,1,23,15,8,7,0,1,1,7,24
soomuchpie,1,23,15,8,7,0,1,1,7,24
thanichols23,1,23,15,8,7,0,1,1,7,24
Timsbump69,1,23,14,9,5,2,1,1,7,24
Bloodworthy309,1,23,15,8,7,0,0,1,7,24
BoscoSticks,1,23,12,11,1,6,0,1,7,24
Darkzygma,1,23,14,9,5,2,0,1,7,24
fukc_you,1,23,14,9,5,2,0,1,7,24
hosj321,1,23,14,9,5,2,0,1,7,24
Kanye_Sagan,1,23,13,10,3,4,0,1,7,24
kylexandrew,1,23,15,8,7,0,0,1,7,24
nman649,1,23,13,10,3,4,0,1,7,24
RadiantDark,1,23,15,8,7,0,0,1,7,24
veronica_mars,1,23,14,9,5,2,0,1,7,24
Plippet,2,22,13,9,4,2,2,2,6,24
poply,2,22,14,8,6,0,2,2,6,24
SamWise050,2,22,12,10,2,4,2,2,6,24
elreyleon990,1,23,13,10,3,3,1,1,6,24
HanZ408,1,23,11,12,-1,7,1,1,6,24
I_am_a_Baus,1,23,13,10,3,3,1,1,6,24
imafaggotlol,1,23,13,10,3,3,1,1,6,24
Karsone,1,24,15,9,6,0,1,0,6,24
laxpresidente,1,23,13,10,3,3,1,1,6,24
Mommaween,2,22,13,9,4,2,1,2,6,24
NotReallyARaptorYet,1,23,13,10,3,3,1,1,6,24
Pieguyda1st,1,23,13,10,3,3,1,1,6,24
plauge5,1,23,13,10,3,3,1,1,6,24
stratovolcano,1,23,11,12,-1,7,1,1,6,24
1q3e5t7u9o,1,23,13,10,3,3,0,1,6,24
weekendshiftjob,1,23,12,11,1,5,0,1,6,24
awesomesuperballs,1,23,14,9,5,0,1,1,5,24
belenbutt,1,23,13,10,3,2,1,1,5,24
berkeleyKM,1,23,14,9,5,0,1,1,5,24
bjarso,1,23,14,9,5,0,1,1,5,24
c_tsmith,1,23,13,10,3,2,1,1,5,24
CH33ZyPANTS,1,23,14,9,5,0,1,1,5,24
Cheesecaked,1,23,14,9,5,0,1,1,5,24
DestroyAllWhoShow,1,23,14,9,5,0,1,1,5,24
diseased_cereal,1,23,13,10,3,2,1,1,5,24
eastwowest,1,23,14,9,5,0,1,1,5,24
emblem22,1,23,13,10,3,2,1,1,5,24
Firemaniac,1,23,14,9,5,0,1,1,5,24
jacktheripper24,1,23,14,9,5,0,1,1,5,24
jul_E_B,1,23,14,9,5,0,1,1,5,24
kindbudz,1,23,14,9,5,0,1,1,5,24
Krypt0night,1,23,14,9,5,0,1,1,5,24
kurosakura,1,23,14,9,5,0,1,1,5,24
Mcdufflestuff,1,23,13,10,3,2,1,1,5,24
Mconway5476,1,23,13,10,3,2,1,1,5,24
Mobby_Costas,1,23,14,9,5,0,1,1,5,24
PoisonStrudel,1,23,12,11,1,4,1,1,5,24
robotaylor,1,23,14,9,5,0,1,1,5,24
RussianRushNRobot,1,23,14,9,5,0,1,1,5,24
thatEEguy,1,23,14,9,5,0,1,1,5,24
yashiwashi,1,23,12,11,1,4,1,1,5,24
Brainsailor,1,23,14,9,5,0,0,1,5,24
Crono30067,1,23,14,9,5,0,0,1,5,24
DJZephyrEPR,1,23,14,9,5,0,0,1,5,24
Donger69,1,23,14,9,5,0,0,1,5,24
ironbeast308,1,23,14,9,5,0,0,1,5,24
Jolly_Poster_Guy,1,23,13,10,3,2,0,1,5,24
Paulmer,1,23,14,9,5,0,0,1,5,24
Schnaars,1,23,13,10,3,2,0,1,5,24
tiggeryumyum,1,23,13,10,3,2,0,1,5,24
Wista,1,23,12,11,1,4,0,1,5,24
yourmumsface,1,23,14,9,5,0,0,1,5,24
commander-crook,2,22,13,9,4,0,2,2,4,24
Iamawesomeyesiam,2,22,13,9,4,0,2,2,4,24
LukeDeeZe,2,22,11,11,0,4,2,2,4,24
nick1689,2,22,13,9,4,0,2,2,4,24
paix_agaric,2,22,13,9,4,0,2,2,4,24
410LaxMD,1,24,14,10,4,0,1,0,4,24
cnickya,1,24,14,10,4,0,1,0,4,24
EroticFalcon,1,23,8,15,-7,11,1,1,4,24
gmoney411,1,23,12,11,1,3,1,1,4,24
lazy_assassin,2,22,13,9,4,0,1,2,4,24
NegativeGhostrider,1,23,11,12,-1,5,1,1,4,24
themauwinator,2,22,13,9,4,0,1,2,4,24
villyboi,1,23,12,11,1,3,1,1,4,24
jgiesea,2,22,12,10,2,2,0,2,4,24
minecraftderp,1,23,9,14,-5,9,0,1,4,24
mirandacw,1,23,12,11,1,3,0,1,4,24
Epicjo,2,23,12,11,1,2,2,1,3,24
franick1987,2,23,10,13,-3,6,2,1,3,24
Arma104,1,23,13,10,3,0,1,1,3,24
BKRose,1,23,13,10,3,0,1,1,3,24
CmonTouchIt,1,23,13,10,3,0,1,1,3,24
coolfacts,1,23,13,10,3,0,1,1,3,24
Doodiemaker,1,23,12,11,1,2,1,1,3,24
enjoys_doing_stuff,1,23,13,10,3,0,1,1,3,24
-Falseconvoy-,1,23,13,10,3,0,1,1,3,24
hinklefinkledinkledo,1,23,13,10,3,0,1,1,3,24
HuynhAllDay,1,23,13,10,3,0,1,1,3,24
KevinCupcakes,2,23,13,10,3,0,1,1,3,24
lantrohk,1,23,13,10,3,0,1,1,3,24
Miatt998,1,23,13,10,3,0,1,1,3,24
Narwaana,1,23,11,12,-1,4,1,1,3,24
NOOMnom,1,23,9,14,-5,8,1,1,3,24
penguin_boy,1,23,13,10,3,0,1,1,3,24
princdarknes,1,23,13,10,3,0,1,1,3,24
Rustyuoi,1,23,13,10,3,0,1,1,3,24
ShamefulIAm,1,23,13,10,3,0,1,1,3,24
skipperjohnn,1,23,12,11,1,2,1,1,3,24
TheClashBat,1,23,12,11,1,2,1,1,3,24
Tophaticus,1,23,13,10,3,0,1,1,3,24
troublesomeness,1,23,13,10,3,0,1,1,3,24
xkirby26x,1,23,12,11,1,2,1,1,3,24
z0mb7,1,23,13,10,3,0,1,1,3,24
bnoru,1,23,13,10,3,0,0,1,3,24
Dark_Nightwing,1,23,13,10,3,0,0,1,3,24
DeSirkTheDeeJay,1,23,13,10,3,0,0,1,3,24
Gloria1008,1,23,13,10,3,0,0,1,3,24
grendel756,1,23,13,10,3,0,0,1,3,24
karmakazze,1,23,13,10,3,0,0,1,3,24
MePaul123,1,23,13,10,3,0,0,1,3,24
oficer_drty_npls,1,23,13,10,3,0,0,1,3,24
ohhaiderre,1,23,13,10,3,0,0,1,3,24
PHILKLINE,1,23,13,10,3,0,0,1,3,24
ZiggyManSaad,1,23,11,12,-1,4,0,1,3,24
Cronoistight,2,22,12,10,2,0,2,2,2,24
ThePeoplesChulick,3,22,12,10,2,0,2,2,2,24
aldude3,1,23,11,12,-1,3,1,1,2,24
jhonof,1,23,11,12,-1,3,1,1,2,24
klekowski,1,23,10,13,-3,5,1,1,2,24
MrsMysterious,1,23,11,12,-1,3,1,1,2,24
st3ph4n13_dr34m,1,23,11,12,-1,3,1,1,2,24
x5u8z3r0x,1,23,11,12,-1,3,1,1,2,24
audtheotter,1,23,10,13,-3,5,0,1,2,24
fearachieved,1,23,11,12,-1,3,0,1,2,24
Zanderkc,2,22,12,10,2,0,0,2,2,24
AustinSHend,1,23,12,11,1,0,1,1,1,24
boo_boo_kitty,1,23,10,13,-3,4,1,1,1,24
Botunda,1,23,12,11,1,0,1,1,1,24
delightful_sunset,1,23,12,11,1,0,1,1,1,24
eilerj2,1,23,11,12,-1,2,1,1,1,24
emmaleigh428,1,23,10,13,-3,4,1,1,1,24
ickler,1,23,11,12,-1,2,1,1,1,24
LazyGamingHQ,1,23,11,12,-1,2,1,1,1,24
lotigid,1,23,12,11,1,0,1,1,1,24
manstarchester,1,23,12,11,1,0,1,1,1,24
megustaPRO,1,23,11,12,-1,2,1,1,1,24
mowens87,1,23,12,11,1,0,1,1,1,24
neilburd,1,23,10,13,-3,4,1,1,1,24
nr2j,1,23,12,11,1,0,1,1,1,24
Ottetal,1,23,12,11,1,0,1,1,1,24
penispurse,1,23,12,11,1,0,1,1,1,24
RustyWaffle,1,23,12,11,1,0,1,1,1,24
TacoRalf,1,23,10,13,-3,4,1,1,1,24
tendoman,1,23,12,11,1,0,1,1,1,24
The_Dee,1,23,9,14,-5,6,1,1,1,24
Trifax,1,23,12,11,1,0,1,1,1,24
UltraComando,1,23,12,11,1,0,1,1,1,24
zathras227,1,23,12,11,1,0,1,1,1,24
zoraphina,1,23,11,12,-1,2,1,1,1,24
avalableusername,1,23,11,12,-1,2,0,1,1,24
Bizzaro_Murphy,1,23,11,12,-1,2,0,1,1,24
CodenameCaboose,1,23,11,12,-1,2,0,1,1,24
Dayman224,1,23,11,12,-1,2,0,1,1,24
Lukalinda,1,23,12,11,1,0,0,1,1,24
Retarded_Pony,1,23,11,12,-1,2,0,1,1,24
shortney46,1,23,12,11,1,0,0,1,1,24
jakobsorenson,2,22,11,11,0,0,2,2,0,24
jimster186,2,22,11,11,0,0,2,2,0,24
CreepyPunGuy,2,22,11,11,0,0,1,2,0,24
Event0Horizon00,2,22,10,12,-2,2,1,2,0,24
ItsThat1Dude,1,23,8,15,-7,7,1,1,0,24
kinky_boytoy,1,23,10,13,-3,3,1,1,0,24
MaxViren,1,23,9,14,-5,5,1,1,0,24
NCSU211,1,23,8,15,-7,7,1,1,0,24
Phreakhead,2,22,11,11,0,0,1,2,0,24
StillDefective,1,23,9,14,-5,5,1,1,0,24
ExperimentKarma,1,23,8,15,-7,7,0,1,0,24
tai897,1,23,9,14,-5,5,0,1,0,24
ZincHead,1,23,8,15,-7,7,0,1,0,24
the_new_leader,2,23,11,12,-1,0,2,1,-1,24
CaspianG,1,23,9,14,-5,4,1,1,-1,24
CommanderApparent,2,22,9,13,-4,3,1,2,-1,24
iFistSquirrels,1,23,9,14,-5,4,1,1,-1,24
keyring,1,23,9,14,-5,4,1,1,-1,24
MeowMixV1,1,23,11,12,-1,0,1,1,-1,24
nosenuggets54,1,23,11,12,-1,0,1,1,-1,24
originallove345,1,23,11,12,-1,0,1,1,-1,24
Purpledragons33,1,23,9,14,-5,4,1,1,-1,24
slowly_turning_sad,1,23,11,12,-1,0,1,1,-1,24
solidwolf,1,23,11,12,-1,0,1,1,-1,24
SpankyGnarkill,1,23,11,12,-1,0,1,1,-1,24
squaid28,1,23,9,14,-5,4,1,1,-1,24
StingChameleon,1,23,11,12,-1,0,1,1,-1,24
TripleVerbosity,1,23,9,14,-5,4,1,1,-1,24
WinningAllTheSports,1,23,11,12,-1,0,1,1,-1,24
x3kathleeeen,1,23,10,13,-3,2,1,1,-1,24
xkorupt,1,23,10,13,-3,2,1,1,-1,24
AbiJager,1,23,10,13,-3,2,0,1,-1,24
CaptSpaztic,1,23,11,12,-1,0,0,1,-1,24
Ducksen,1,23,11,12,-1,0,0,1,-1,24
PizzaWanker,1,23,10,13,-3,2,0,1,-1,24
Lenn0xa,2,22,10,12,-2,0,2,2,-2,24
CaptainCornflakes,1,24,11,13,-2,0,1,0,-2,24
Deadroxxx,1,23,9,14,-5,3,1,1,-2,24
ireallydolovebacon,1,24,10,14,-4,2,1,0,-2,24
LunaFairy,2,22,10,12,-2,0,1,2,-2,24
RavenWriter,1,23,9,14,-5,3,1,1,-2,24
swish420,1,23,9,14,-5,3,1,1,-2,24
KHAAAAAN_186,1,23,8,15,-7,5,0,1,-2,24
angiSGTC,1,23,9,14,-5,2,1,1,-3,24
DaisyFayBuchanan,1,23,8,15,-7,4,1,1,-3,24
daoneisback,1,23,10,13,-3,0,1,1,-3,24
DGSTEE,1,23,10,13,-3,0,1,1,-3,24
dice145,1,23,9,14,-5,2,1,1,-3,24
Dragoman44,1,23,10,13,-3,0,1,1,-3,24
dvg360,1,23,10,13,-3,0,1,1,-3,24
ebaydan777,1,23,9,14,-5,2,1,1,-3,24
erosharcos,1,23,8,15,-7,4,1,1,-3,24
foxygrandpa,1,23,10,13,-3,0,1,1,-3,24
HipsterSlendy,1,23,9,14,-5,2,1,1,-3,24
jacobshlong,1,23,10,13,-3,0,1,1,-3,24
JayTbo,1,23,10,13,-3,0,1,1,-3,24
lookforthesun,1,23,10,13,-3,0,1,1,-3,24
Mac6ruber,1,23,8,15,-7,4,1,1,-3,24
pushthecharacterlimi,1,23,10,13,-3,0,1,1,-3,24
ricemilk,1,23,10,13,-3,0,1,1,-3,24
shadow_link08,1,23,10,13,-3,0,1,1,-3,24
sharifpudding,1,23,7,16,-9,6,1,1,-3,24
sunnybeach3,1,23,10,13,-3,0,1,1,-3,24
TheMiscRenMan,1,23,9,14,-5,2,1,1,-3,24
ChrisYaNeighbor,1,23,10,13,-3,0,0,1,-3,24
erectified,1,23,10,13,-3,0,0,1,-3,24
Hey_you3,1,23,7,16,-9,6,0,1,-3,24
Scarahhh,2,23,10,13,-3,0,0,1,-3,24
10AMauto,1,24,10,14,-4,0,1,0,-4,24
CRAVEN_MOREHEAD,2,22,8,14,-6,2,1,2,-4,24
critical_ninja,1,24,10,14,-4,0,1,0,-4,24
JustDoItLater,1,23,8,15,-7,3,1,1,-4,24
moviefreak11,1,23,8,15,-7,3,1,1,-4,24
thug435,1,23,7,16,-9,5,1,1,-4,24
kielmaru,1,23,7,16,-9,5,0,1,-4,24
AgentExemplary,1,23,9,14,-5,0,1,1,-5,24
beardofjamesharden,1,23,9,14,-5,0,1,1,-5,24
billymcgee,1,23,9,14,-5,0,1,1,-5,24
capt_yesterday,1,23,8,15,-7,2,1,1,-5,24
casepot,1,23,8,15,-7,2,1,1,-5,24
Catdoglliw,1,23,5,18,-13,8,1,1,-5,24
Chailis,1,23,9,14,-5,0,1,1,-5,24
DistractedEz,1,23,9,14,-5,0,1,1,-5,24
FunTimeJake,1,23,9,14,-5,0,1,1,-5,24
GIFwars,1,23,9,14,-5,0,1,1,-5,24
Grubster11,1,23,9,14,-5,0,1,1,-5,24
Jay18001,1,23,9,14,-5,0,1,1,-5,24
megadeth456,1,23,9,14,-5,0,1,1,-5,24
nick3501s,1,23,8,15,-7,2,1,1,-5,24
pjgamer77,1,23,9,14,-5,0,1,1,-5,24
Potato_level_9001,1,23,9,14,-5,0,1,1,-5,24
spm201,1,23,9,14,-5,0,1,1,-5,24
SteezeMcFly,1,23,9,14,-5,0,1,1,-5,24
Subiyres,1,23,9,14,-5,0,1,1,-5,24
technotoad,1,23,7,16,-9,4,1,1,-5,24
teengohandbz,1,23,9,14,-5,0,1,1,-5,24
ThatScumbag,1,23,9,14,-5,0,1,1,-5,24
ZHaDoom,1,23,9,14,-5,0,1,1,-5,24
3sevens,1,23,8,15,-7,2,0,1,-5,24
danielletheboss,1,23,9,14,-5,0,0,1,-5,24
snowflakehaswag,1,23,9,14,-5,0,0,1,-5,24
50sheckles,2,22,8,14,-6,0,2,2,-6,24
clutch-ryno,2,22,8,14,-6,0,2,2,-6,24
asianlikerice,1,23,7,16,-9,3,1,1,-6,24
Bhain,1,24,9,15,-6,0,1,0,-6,24
ConTheSendInk,1,23,7,16,-9,3,1,1,-6,24
kar41896,1,23,6,17,-11,5,1,1,-6,24
whydontya,3,21,6,15,-9,2,2,3,-7,24
CosmicNipples,1,23,8,15,-7,0,1,1,-7,24
fligan,1,23,8,15,-7,0,1,1,-7,24
HBKistler,1,23,8,15,-7,0,1,1,-7,24
KpopJifs,1,23,7,16,-9,2,1,1,-7,24
LibertarianGuy,1,23,8,15,-7,0,1,1,-7,24
MikeB1917,1,23,8,15,-7,0,1,1,-7,24
QcMat,1,23,8,15,-7,0,1,1,-7,24
RiouG,1,23,8,15,-7,0,1,1,-7,24
Stalhound,1,23,8,15,-7,0,1,1,-7,24
supersaiyanmonkey,1,23,8,15,-7,0,1,1,-7,24
tw1010011010,1,23,7,16,-9,2,1,1,-7,24
umdiddly,2,23,8,15,-7,0,1,1,-7,24
Wishyfishy12,1,23,8,15,-7,0,1,1,-7,24
arandomsniper4,1,23,7,16,-9,0,1,1,-9,24
BeastOfTheEast78,1,23,7,16,-9,0,1,1,-9,24
FAKE_STORY_REPOST,1,23,7,16,-9,0,1,1,-9,24
mccreac123,1,23,7,16,-9,0,1,1,-9,24
nickbob18,1,23,7,16,-9,0,1,1,-9,24
lilvoice32,1,23,7,16,-9,0,0,1,-9,24
Not_Reddit_Famous,1,23,7,16,-9,0,0,1,-9,24
tydiscloud,2,22,6,16,-10,0,2,2,-10,24
Marmarpop,1,23,6,17,-11,0,1,1,-11,24
Sassyrabbit,1,23,6,17,-11,0,1,1,-11,24
theboybuck,1,23,21,2,19,21,1,0,40,23
OfferaLink,1,22,21,1,20,8,1,1,28,23
kasmith2020,1,22,16,6,10,17,1,1,27,23
vaan258,1,23,18,5,13,13,1,0,26,23
optinet101,1,22,21,1,20,5,1,1,25,23
samistahpp,1,22,22,0,22,3,1,1,25,23
carpet99,1,23,21,2,19,5,1,0,24,23
uberced,1,22,22,0,22,2,0,1,24,23
datarelease,1,23,18,5,13,10,1,0,23,23
element3media,1,22,16,6,10,13,1,1,23,23
JSBUCK,1,22,18,4,14,9,1,1,23,23
cpumatt,1,22,16,6,10,12,1,1,22,23
e_o,1,23,20,3,17,5,1,0,22,23
jseever,1,22,21,1,20,2,1,1,22,23
mcaissy,1,22,22,0,22,0,0,1,22,23
punkandkittens,1,22,22,0,22,0,0,1,22,23
White0ut,1,22,21,1,20,2,0,1,22,23
bigmac9787,1,22,19,3,16,5,1,1,21,23
candytime9,1,23,19,4,15,6,1,0,21,23
supermeerkat,1,22,15,7,8,13,1,1,21,23
77bc,1,23,20,3,17,3,1,0,20,23
arabdoc,1,22,20,2,18,2,1,1,20,23
ch4nch4n,1,22,17,5,12,8,1,1,20,23
elmstreeter,1,23,18,5,13,7,1,0,20,23
huglife4life,1,22,17,5,12,8,1,1,20,23
sfs40,1,22,17,5,12,8,1,1,20,23
hanamichitensai,1,22,19,3,16,4,0,1,20,23
LaserBeamPewPew,1,22,21,1,20,0,0,1,20,23
nittick,1,22,21,1,20,0,0,1,20,23
stealthcreeper,1,22,21,1,20,0,0,1,20,23
aronh1,1,22,19,3,16,3,1,1,19,23
cononor,1,22,18,4,14,5,1,1,19,23
paradoxiq,1,22,19,3,16,3,1,1,19,23
sexyfacesandnarwhals,1,22,19,3,16,3,1,1,19,23
Surrender_monkey21,1,22,17,5,12,7,1,1,19,23
tswillcox,1,23,20,3,17,2,1,0,19,23
wet181,1,23,21,2,19,0,1,0,19,23
Jaguartactics,2,21,18,3,15,4,0,2,19,23
BudLightLimeForLife,1,22,19,3,16,2,1,1,18,23
dontbandy,1,22,17,5,12,6,1,1,18,23
FlamingFreedom,1,22,13,9,4,14,1,1,18,23
hotboxpizza,1,22,20,2,18,0,1,1,18,23
JustTheWife,1,23,18,5,13,5,1,0,18,23
mreemreeyo,1,22,20,2,18,0,1,1,18,23
rock9y,1,22,20,2,18,0,1,1,18,23
simpsun728,1,22,20,2,18,0,1,1,18,23
T-Bubs,1,22,20,2,18,0,1,1,18,23
tolu125,1,22,20,2,18,0,1,1,18,23
andischreff,1,22,14,8,6,12,0,1,18,23
Light_The_Fire,1,22,18,4,14,4,0,1,18,23
droptune,1,22,17,5,12,5,1,1,17,23
JacksonHannan,1,22,15,7,8,9,1,1,17,23
Justaboredguy,1,23,17,6,11,6,1,0,17,23
Lightfooot,1,23,19,4,15,2,1,0,17,23
malcontented,1,22,18,4,14,3,1,1,17,23
poop12,1,22,18,4,14,3,1,1,17,23
ShartInMyTartan,1,22,12,10,2,15,1,1,17,23
TheNewspaper,1,23,20,3,17,0,1,0,17,23
pocock,1,22,17,5,12,5,0,1,17,23
active_transport,1,22,19,3,16,0,1,1,16,23
Cardsfan1539,1,22,17,5,12,4,1,1,16,23
Cewkies,1,22,19,3,16,0,1,1,16,23
Colinfucius,1,22,18,4,14,2,1,1,16,23
Etheus,1,22,19,3,16,0,1,1,16,23
Jontseg,1,22,17,5,12,4,1,1,16,23
Mahogany_God,1,22,19,3,16,0,1,1,16,23
Only_Breakfastfoods,1,22,17,5,12,4,1,1,16,23
Praise_the_boognish,1,22,17,5,12,4,1,1,16,23
SchruteBuck,1,22,19,3,16,0,1,1,16,23
superzebra14,1,22,19,3,16,0,1,1,16,23
Th1rt3en,1,23,18,5,13,3,1,0,16,23
The_PiedPiper,1,22,19,3,16,0,1,1,16,23
the_smanger,1,22,19,3,16,0,1,1,16,23
zombienoms,1,22,18,4,14,2,1,1,16,23
GangsterMail,1,22,19,3,16,0,0,1,16,23
-HackThePlanet-,1,22,19,3,16,0,0,1,16,23
myhairisjesus,1,22,15,7,8,8,0,1,16,23
welldascoo,1,22,17,5,12,4,0,1,16,23
BigNeek,2,21,15,6,9,6,2,2,15,23
Cappy95,1,22,14,8,6,9,1,1,15,23
Clown_Of_God,1,22,17,5,12,3,1,1,15,23
cooneyes,1,23,18,5,13,2,1,0,15,23
Dragonfire138,1,22,17,5,12,3,1,1,15,23
everything_regretted,1,22,17,5,12,3,1,1,15,23
jumpstart02,1,22,17,5,12,3,1,1,15,23
mcl768,1,23,19,4,15,0,1,0,15,23
p_morrow72,1,22,17,5,12,3,1,1,15,23
theartofrolling,1,23,18,5,13,2,1,0,15,23
trishthemaindish,1,22,16,6,10,5,1,1,15,23
Vykee,1,22,17,5,12,3,1,1,15,23
ZedsBread,1,22,14,8,6,9,1,1,15,23
zuperpretty,1,23,18,5,13,2,1,0,15,23
ElGringoMojado,2,23,17,6,11,4,0,0,15,23
fire4,1,22,15,7,8,7,0,1,15,23
Madbao,1,22,17,5,12,3,0,1,15,23
ameilius,1,22,15,7,8,6,1,1,14,23
ananaskiller,1,22,18,4,14,0,1,1,14,23
D00b,1,22,17,5,12,2,1,1,14,23
DownVotesAllCats,1,22,18,4,14,0,1,1,14,23
ehhddie,1,22,18,4,14,0,1,1,14,23
firstsnowfall,1,22,17,5,12,2,1,1,14,23
jonnygc8,1,22,18,4,14,0,1,1,14,23
KittenClaws,1,22,18,4,14,0,1,1,14,23
LAHAROFDEATH,1,22,18,4,14,0,1,1,14,23
MouthingOff,1,23,17,6,11,3,1,0,14,23
MR_JERK,1,22,17,5,12,2,1,1,14,23
mustard_tits,1,22,18,4,14,0,1,1,14,23
salsasymphony,1,22,18,4,14,0,1,1,14,23
spicynachos23,1,22,18,4,14,0,1,1,14,23
sufficientlyadvanced,1,22,18,4,14,0,1,1,14,23
terpbaby222,1,22,15,7,8,6,1,1,14,23
Thnito_Kyrios,1,22,18,4,14,0,1,1,14,23
TooWonToo,1,22,17,5,12,2,1,1,14,23
VonSchmallHausen,1,22,18,4,14,0,1,1,14,23
WaterGun19,1,22,15,7,8,6,1,1,14,23
Xelios123,1,22,17,5,12,2,1,1,14,23
charismo,1,22,14,8,6,8,0,1,14,23
creepyloser,1,22,18,4,14,0,0,1,14,23
nostateofmind,1,22,18,4,14,0,0,1,14,23
xostormystormsox,1,22,17,5,12,2,0,1,14,23
AccrualGamer,1,23,18,5,13,0,1,0,13,23
cradleshockr,2,21,17,4,13,0,1,2,13,23
freshyoungman,1,22,14,8,6,7,1,1,13,23
gdwcifan,1,22,16,6,10,3,1,1,13,23
Great_Gig_In_The_Sky,1,22,16,6,10,3,1,1,13,23
hashgecko,1,23,17,6,11,2,1,0,13,23
jswtf14,1,22,16,6,10,3,1,1,13,23
kinggimped,1,23,17,6,11,2,1,0,13,23
korbor,1,22,16,6,10,3,1,1,13,23
mgraham2,1,22,16,6,10,3,1,1,13,23
PerceptionShift,2,21,17,4,13,0,1,2,13,23
RandomHerosan,1,22,15,7,8,5,1,1,13,23
Siellus,1,22,16,6,10,3,1,1,13,23
thebrandon,1,22,16,6,10,3,1,1,13,23
zwrench,1,22,16,6,10,3,1,1,13,23
Madmosh,2,21,17,4,13,0,0,2,13,23
AnnieBlu3,1,22,17,5,12,0,1,1,12,23
bbbaaaddd,1,22,17,5,12,0,1,1,12,23
birtydurger,1,22,16,6,10,2,1,1,12,23
Bokin0,1,22,16,6,10,2,1,1,12,23
breadmaker207,1,22,17,5,12,0,1,1,12,23
brynms,1,22,17,5,12,0,1,1,12,23
Bspicer,1,22,17,5,12,0,1,1,12,23
chronolis,1,22,16,6,10,2,1,1,12,23
cpm619,1,22,16,6,10,2,1,1,12,23
crueltruth,1,22,15,7,8,4,1,1,12,23
cuntmuffin69,1,22,17,5,12,0,1,1,12,23
djkrev,1,22,17,5,12,0,1,1,12,23
dysfoundation,1,22,15,7,8,4,1,1,12,23
inumanus,1,22,17,5,12,0,1,1,12,23
Jimbobmij,1,22,17,5,12,0,1,1,12,23
justpaper,1,22,17,5,12,0,1,1,12,23
KEIS_,1,22,16,6,10,2,1,1,12,23
KenParmesan,1,22,17,5,12,0,1,1,12,23
legaren,1,23,16,7,9,3,1,0,12,23
look_on_my_work,1,22,15,7,8,4,1,1,12,23
mr_bighead,1,22,17,5,12,0,1,1,12,23
nerbo,1,22,16,6,10,2,1,1,12,23
NMcAdams,1,22,17,5,12,0,1,1,12,23
pawlesome,1,22,17,5,12,0,1,1,12,23
Phoenix2700,1,22,17,5,12,0,1,1,12,23
pinkylemonade,1,22,16,6,10,2,1,1,12,23
Pizzabagels_01,1,22,16,6,10,2,1,1,12,23
redfishdave,1,22,16,6,10,2,1,1,12,23
shamboozy,1,22,17,5,12,0,1,1,12,23
sta4,1,22,17,5,12,0,1,1,12,23
tonybiviano,1,22,16,6,10,2,1,1,12,23
walt333,1,22,17,5,12,0,1,1,12,23
wavedelsh,1,22,17,5,12,0,1,1,12,23
Zhho,1,22,17,5,12,0,1,1,12,23
dickfever,1,22,17,5,12,0,0,1,12,23
DrinkLiquidSnake,1,22,17,5,12,0,0,1,12,23
ichilllonhoth,1,22,15,7,8,4,0,1,12,23
killingcarrieoakey,1,22,17,5,12,0,0,1,12,23
MagicBox101,2,22,13,9,4,8,0,1,12,23
that1nigerian,1,22,16,6,10,2,0,1,12,23
whiteboy13,1,22,13,9,4,8,0,1,12,23
ackthbbft,1,22,15,7,8,3,1,1,11,23
Anderduds,1,22,13,9,4,7,1,1,11,23
djcowgirl82,1,23,15,8,7,4,1,0,11,23
effervescing_elephan,1,23,17,6,11,0,1,0,11,23
elegantlydisheveled,1,22,15,7,8,3,1,1,11,23
fuckupdog,1,22,15,7,8,3,1,1,11,23
hargikas,1,22,15,7,8,3,1,1,11,23
Legendary_Linux,1,23,16,7,9,2,1,0,11,23
MeGustaMiRaggae,1,22,15,7,8,3,1,1,11,23
NotSoGoodAtPhotoshop,2,21,15,6,9,2,1,2,11,23
perscepter,1,22,15,7,8,3,1,1,11,23
severelyunderwhelmed,1,22,14,8,6,5,1,1,11,23
TheCrabNicholson,1,23,17,6,11,0,1,0,11,23
ThisWontFrontPage,1,22,13,9,4,7,1,1,11,23
Xenc,1,22,15,7,8,3,1,1,11,23
Insane_Overload,1,22,15,7,8,3,0,1,11,23
_NOT_AGAIN_,1,22,16,6,10,0,1,1,10,23
adubftw,3,23,14,9,5,5,1,0,10,23
AfroLion,1,22,16,6,10,0,1,1,10,23
AK_Toking,1,22,16,6,10,0,1,1,10,23
armstrongmrvids,1,22,16,6,10,0,1,1,10,23
ashineramerican,1,22,16,6,10,0,1,1,10,23
barabOLYA,1,22,16,6,10,0,1,1,10,23
BenAdaephonDelat,1,22,16,6,10,0,1,1,10,23
Dookz,1,22,13,9,4,6,1,1,10,23
DrunkandIrrational,1,22,15,7,8,2,1,1,10,23
Dukeman365,1,22,16,6,10,0,1,1,10,23
Dwaesq,1,22,14,8,6,4,1,1,10,23
Famous87,1,22,16,6,10,0,1,1,10,23
fatfreecandy,1,22,16,6,10,0,1,1,10,23
Fowwest,1,22,13,9,4,6,1,1,10,23
H_Badger,1,22,15,7,8,2,1,1,10,23
hollaatchyaboi,1,22,16,6,10,0,1,1,10,23
InYourUterus,1,22,16,6,10,0,1,1,10,23
joeepoee,1,22,15,7,8,2,1,1,10,23
johnmedgla,1,22,16,6,10,0,1,1,10,23
JoshuaLyman,1,22,16,6,10,0,1,1,10,23
Kaizer_Soze,1,22,16,6,10,0,1,1,10,23
kschiman,1,22,16,6,10,0,1,1,10,23
mirps,1,22,15,7,8,2,1,1,10,23
musicwh0re_x,1,22,16,6,10,0,1,1,10,23
Naavi,1,22,16,6,10,0,1,1,10,23
Pistoffpolock,1,22,16,6,10,0,1,1,10,23
rhommel,1,22,13,9,4,6,1,1,10,23
rocknrollguy19,1,22,13,9,4,6,1,1,10,23
RoshoFTMFW,1,23,15,8,7,3,1,0,10,23
rsm3544,1,22,16,6,10,0,1,1,10,23
Sir_Hilarious,1,22,16,6,10,0,1,1,10,23
Spooky-ball,1,22,11,11,0,10,1,1,10,23
susiealvarado0,1,22,16,6,10,0,1,1,10,23
thepriceofcucumbers,1,22,16,6,10,0,1,1,10,23
travman25,1,22,16,6,10,0,1,1,10,23
ujemvi,1,22,12,10,2,8,1,1,10,23
Awenissaa97,1,22,14,8,6,4,0,1,10,23
hoomee6,1,22,13,9,4,6,0,1,10,23
lambr0ast,1,22,16,6,10,0,0,1,10,23
mantis_tobogon,1,22,15,7,8,2,0,1,10,23
mhoff28,1,22,14,8,6,4,0,1,10,23
sonny2flybosco,1,22,15,7,8,2,0,1,10,23
Atrocityyy,2,21,11,10,1,8,2,2,9,23
angelruiz_,1,22,14,8,6,3,1,1,9,23
demstangs,1,23,16,7,9,0,1,0,9,23
Gitmaw888,1,22,14,8,6,3,1,1,9,23
JakeBaked,1,22,13,9,4,5,1,1,9,23
mrulle,1,23,16,7,9,0,1,0,9,23
nathanb065,1,22,13,9,4,5,1,1,9,23
njgeek,1,22,14,8,6,3,1,1,9,23
rawrrrrzilla,1,23,16,7,9,0,1,0,9,23
skiingperson1,1,22,14,8,6,3,1,1,9,23
sutmy,1,23,15,8,7,2,1,0,9,23
Thad0ct0r,1,22,14,8,6,3,1,1,9,23
treebeard189,1,23,16,7,9,0,1,0,9,23
ItchyLemon,1,22,13,9,4,5,0,1,9,23
jjluke,1,22,14,8,6,3,0,1,9,23
LaserBoobs,1,22,13,9,4,5,0,1,9,23
thesaunders,1,22,14,8,6,3,0,1,9,23
Turpinator17,2,21,13,8,5,3,2,2,8,23
AboveTheRadar,1,22,14,8,6,2,1,1,8,23
Addpops,1,22,14,8,6,2,1,1,8,23
Ariedonus,1,22,15,7,8,0,1,1,8,23
BaconSoul,1,22,15,7,8,0,1,1,8,23
CanadianDaveDave,1,22,13,9,4,4,1,1,8,23
CAPTJTK,1,22,14,8,6,2,1,1,8,23
cebols,1,22,15,7,8,0,1,1,8,23
ConfusedCaucasian,1,22,15,7,8,0,1,1,8,23
Craxus,1,22,14,8,6,2,1,1,8,23
Cyle_099,1,22,13,9,4,4,1,1,8,23
Defrostmode,1,23,14,9,5,3,1,0,8,23
DingoDance,1,22,13,9,4,4,1,1,8,23
elmoshotdate,1,22,14,8,6,2,1,1,8,23
freax_mcgeeks,1,22,15,7,8,0,1,1,8,23
iamcommenting,1,22,15,7,8,0,1,1,8,23
ideabook3,1,22,15,7,8,0,1,1,8,23
jessilee77,1,22,15,7,8,0,1,1,8,23
jmlives27,1,22,13,9,4,4,1,1,8,23
mandarkDL,1,22,15,7,8,0,1,1,8,23
markymojoe,1,22,15,7,8,0,1,1,8,23
mblandnc,1,22,10,12,-2,10,1,1,8,23
Pyr0manc3r,1,22,15,7,8,0,1,1,8,23
sake195,2,22,15,7,8,0,1,1,8,23
smitty3080,1,22,15,7,8,0,1,1,8,23
SomeRandomAmerican,1,22,15,7,8,0,1,1,8,23
SoulessPuppet,2,22,15,7,8,0,1,1,8,23
spud159,1,22,15,7,8,0,1,1,8,23
StealthySquirl,1,22,15,7,8,0,1,1,8,23
thefragi1e,1,22,15,7,8,0,1,1,8,23
thestralcore,1,22,13,9,4,4,1,1,8,23
tomswartz07,1,22,15,7,8,0,1,1,8,23
UndeadQuadruped,1,22,15,7,8,0,1,1,8,23
whyumadDOUGH,1,22,15,7,8,0,1,1,8,23
YodaBrains187,1,22,15,7,8,0,1,1,8,23
AdamDe27,1,22,15,7,8,0,0,1,8,23
Boogiebear22,1,22,11,11,0,8,0,1,8,23
captaingregs,1,22,15,7,8,0,0,1,8,23
Duallity,1,22,15,7,8,0,0,1,8,23
FrenchQuaker,1,22,15,7,8,0,0,1,8,23
jasonallthetime,2,22,15,7,8,0,0,1,8,23
Lionydus,1,22,14,8,6,2,0,1,8,23
Mr800ftw,2,21,13,8,5,3,0,2,8,23
MXWRNR,1,22,15,7,8,0,0,1,8,23
Patater,1,22,15,7,8,0,0,1,8,23
ImSofaKingWeToddit,1,22,12,10,2,5,1,1,7,23
mariloupan,2,21,14,7,7,0,1,2,7,23
NeonFights,1,22,12,10,2,5,1,1,7,23
redheadatheist,2,21,12,9,3,4,1,2,7,23
Shaleensinha88,1,22,13,9,4,3,1,1,7,23
soterescon,1,22,12,10,2,5,1,1,7,23
TexasTechRaider,1,22,13,9,4,3,1,1,7,23
thaztrain35,1,22,13,9,4,3,1,1,7,23
fastflask,1,22,11,11,0,7,0,1,7,23
joanrea,1,22,13,9,4,3,0,1,7,23
baconboy007,1,22,12,10,2,4,1,1,6,23
Caputop,1,22,14,8,6,0,1,1,6,23
CastYourBread,1,22,14,8,6,0,1,1,6,23
Clatz,1,22,12,10,2,4,1,1,6,23
Dropbear81,1,22,12,10,2,4,1,1,6,23
everyoneclapnow,1,22,13,9,4,2,1,1,6,23
Firehippo782,1,22,14,8,6,0,1,1,6,23
Greebs,1,22,14,8,6,0,1,1,6,23
gregxr,2,21,11,10,1,5,1,2,6,23
hamhaxx,1,22,14,8,6,0,1,1,6,23
justsomeguy_youknow,1,22,12,10,2,4,1,1,6,23
KDeg,1,22,11,11,0,6,1,1,6,23
keeferc,1,22,14,8,6,0,1,1,6,23
kupo234,1,22,14,8,6,0,1,1,6,23
Lennonlady420,1,22,12,10,2,4,1,1,6,23
Linkfan197,1,22,14,8,6,0,1,1,6,23
MooingTricycle,1,22,13,9,4,2,1,1,6,23
mylerdude,1,22,13,9,4,2,1,1,6,23
MyNewPants,1,22,14,8,6,0,1,1,6,23
NamelessPurity,1,22,14,8,6,0,1,1,6,23
p00chez,1,22,13,9,4,2,1,1,6,23
rogugu,1,22,13,9,4,2,1,1,6,23
ronan88,1,22,12,10,2,4,1,1,6,23
shorty_mc_shorterson,1,22,14,8,6,0,1,1,6,23
sleepy_karma,1,22,14,8,6,0,1,1,6,23
TheBraumBomber,1,22,13,9,4,2,1,1,6,23
7H3V1RU5,1,22,13,9,4,2,0,1,6,23
bro_b1_kenobi,1,22,13,9,4,2,0,1,6,23
DoTheToffeeDance,1,22,13,9,4,2,0,1,6,23
MissInkFTW,1,22,13,9,4,2,0,1,6,23
Onlysaynipples,1,22,14,8,6,0,0,1,6,23
specialokay,1,22,14,8,6,0,0,1,6,23
Wartrider,1,22,14,8,6,0,0,1,6,23
caizzz,2,21,13,8,5,0,2,2,5,23
UnconnectdeaD,2,21,12,9,3,2,2,2,5,23
facetothedawn,2,21,13,8,5,0,1,2,5,23
fitnutz,1,22,12,10,2,3,1,1,5,23
glb950,2,21,13,8,5,0,1,2,5,23
Rauol_Duke,1,22,10,12,-2,7,1,1,5,23
Travie6492,2,21,13,8,5,0,1,2,5,23
2icharlie,2,21,13,8,5,0,0,2,5,23
ISKEELE,1,22,8,14,-6,11,0,1,5,23
licopter,1,22,10,12,-2,7,0,1,5,23
somuchh,1,22,10,12,-2,7,0,1,5,23
abucketofpuppies,1,22,13,9,4,0,1,1,4,23
BiteItYouScum,1,22,13,9,4,0,1,1,4,23
briankwok,1,22,12,10,2,2,1,1,4,23
cameratoo,1,22,12,10,2,2,1,1,4,23
dasbearjew,1,22,12,10,2,2,1,1,4,23
Deinos_Mousike,1,22,12,10,2,2,1,1,4,23
Del_lobo,1,22,12,10,2,2,1,1,4,23
Deotilop,1,22,12,10,2,2,1,1,4,23
Derpter_Who,1,22,12,10,2,2,1,1,4,23
EnterFaster,1,22,12,10,2,2,1,1,4,23
faceplanted,1,22,12,10,2,2,1,1,4,23
fintel,1,22,13,9,4,0,1,1,4,23
Hammertime1503,1,22,12,10,2,2,1,1,4,23
heavy_glow,1,22,13,9,4,0,1,1,4,23
i_are_pant,1,22,12,10,2,2,1,1,4,23
IronMikeT,1,22,12,10,2,2,1,1,4,23
joshuapepoli,1,22,13,9,4,0,1,1,4,23
Kaszt,1,22,13,9,4,0,1,1,4,23
KIN6P1N,1,22,12,10,2,2,1,1,4,23
Madvillains,1,22,13,9,4,0,1,1,4,23
MrSatch,1,22,13,9,4,0,1,1,4,23
nrepay,1,22,13,9,4,0,1,1,4,23
nzboy123,1,22,13,9,4,0,1,1,4,23
onlynameavailable,1,22,12,10,2,2,1,1,4,23
ron_redditor,1,22,13,9,4,0,1,1,4,23
SmallAfricanTribe,1,22,12,10,2,2,1,1,4,23
sofancy212,1,22,12,10,2,2,1,1,4,23
codih,1,22,13,9,4,0,0,1,4,23
FusRoDont,1,22,13,9,4,0,0,1,4,23
gr33km3ist3r,1,22,12,10,2,2,0,1,4,23
handtodickcombat,1,22,13,9,4,0,0,1,4,23
I-B-TROLLIN,1,22,13,9,4,0,0,1,4,23
madametrogdor,1,22,13,9,4,0,0,1,4,23
mega-dude__,1,22,13,9,4,0,0,1,4,23
mepineapple44,1,22,13,9,4,0,0,1,4,23
modernart87,1,22,13,9,4,0,0,1,4,23
RageOfNarwhals,1,22,13,9,4,0,0,1,4,23
saobi,1,22,10,12,-2,6,0,1,4,23
Tee-Jay,1,22,13,9,4,0,0,1,4,23
tim_fitz92,1,22,13,9,4,0,0,1,4,23
xmichellemarie,1,22,13,9,4,0,0,1,4,23
hillioo,2,21,12,9,3,0,2,2,3,23
snapesnapeseverus,2,21,12,9,3,0,2,2,3,23
volstedgridban,2,22,10,12,-2,5,2,1,3,23
2016066,1,22,11,11,0,3,1,1,3,23
andinator456,1,22,9,13,-4,7,1,1,3,23
FatMansPants,1,22,8,14,-6,9,1,1,3,23
frigginhumid,1,22,11,11,0,3,1,1,3,23
Ironicability,1,22,9,13,-4,7,1,1,3,23
nu1stunna,1,22,11,11,0,3,1,1,3,23
rapewizard,1,22,10,12,-2,5,1,1,3,23
Cec_09,1,22,11,11,0,3,0,1,3,23
ffmrj,2,21,9,12,-3,6,0,2,3,23
Homer69,1,22,9,13,-4,7,0,1,3,23
kmcbride,1,22,11,11,0,3,0,1,3,23
maybe15,1,22,10,12,-2,5,0,1,3,23
17mrman,1,22,11,11,0,2,1,1,2,23
aishataj,1,22,12,10,2,0,1,1,2,23
aklreaxmer,1,22,12,10,2,0,1,1,2,23
anickles,1,22,11,11,0,2,1,1,2,23
basementgnome,1,22,11,11,0,2,1,1,2,23
biglet,1,22,12,10,2,0,1,1,2,23
bluemanvan,1,22,12,10,2,0,1,1,2,23
CHEWBACCAPUBES,1,22,12,10,2,0,1,1,2,23
chubbypenguins,1,22,12,10,2,0,1,1,2,23
Dradshire,1,22,12,10,2,0,1,1,2,23
F0RTUN3,1,22,8,14,-6,8,1,1,2,23
fishandguests,1,22,12,10,2,0,1,1,2,23
GiantPackageGuy,1,22,12,10,2,0,1,1,2,23
HermanCainSandy,1,22,12,10,2,0,1,1,2,23
heroeswearheadphones,1,22,12,10,2,0,1,1,2,23
iNeverWannaActMyAge,1,22,12,10,2,0,1,1,2,23
killerlog,1,22,12,10,2,0,1,1,2,23
Maniac523,1,22,12,10,2,0,1,1,2,23
mullins_953,1,22,12,10,2,0,1,1,2,23
multifricke,1,22,9,13,-4,6,1,1,2,23
pabloescobarlox,1,22,11,11,0,2,1,1,2,23
Planehater,1,22,12,10,2,0,1,1,2,23
ProjectA1xx,1,22,12,10,2,0,1,1,2,23
Rettsuo,1,22,12,10,2,0,1,1,2,23
SayHuWhaaaaat,1,22,12,10,2,0,1,1,2,23
snap2,1,22,12,10,2,0,1,1,2,23
Sodium_Rising,1,22,11,11,0,2,1,1,2,23
t3mp0rary,1,22,12,10,2,0,1,1,2,23
Tasteslikeshit,1,22,12,10,2,0,1,1,2,23
Tigerb4lls,1,22,12,10,2,0,1,1,2,23
Trualiah,1,22,12,10,2,0,1,1,2,23
UrbanRapture,1,22,12,10,2,0,1,1,2,23
Burtonboy96,1,22,10,12,-2,4,0,1,2,23
Caper94,1,22,11,11,0,2,0,1,2,23
PolestarX,1,22,12,10,2,0,0,1,2,23
raygun27,1,22,12,10,2,0,0,1,2,23
Savantism,1,22,12,10,2,0,0,1,2,23
SirSmokesAlott,1,22,12,10,2,0,0,1,2,23
wtfisaMOWGLI,1,22,10,12,-2,4,0,1,2,23
Emzy150,2,21,11,10,1,0,2,2,1,23
Kontkrummel,2,21,11,10,1,0,2,2,1,23
BandGeek4Life,1,22,9,13,-4,5,1,1,1,23
broey2k,1,22,10,12,-2,3,1,1,1,23
insomattack,1,22,9,13,-4,5,1,1,1,23
Jemiinii,1,23,12,11,1,0,1,0,1,23
Spamicles,1,23,12,11,1,0,1,0,1,23
WildSinatra,1,22,10,12,-2,3,0,1,1,23
_zarathustra,1,22,11,11,0,0,1,1,0,23
aknutty,1,22,10,12,-2,2,1,1,0,23
alternate_reality,1,23,10,13,-3,3,1,0,0,23
Badasswind,1,22,11,11,0,0,1,1,0,23
barcelonaKIZ,1,22,11,11,0,0,1,1,0,23
Brink250,1,22,11,11,0,0,1,1,0,23
chapmanbl,1,22,9,13,-4,4,1,1,0,23
epel,1,22,10,12,-2,2,1,1,0,23
Funkylaxmonkey,1,22,11,11,0,0,1,1,0,23
geedub11,1,22,10,12,-2,2,1,1,0,23
JamesRachels,1,22,11,11,0,0,1,1,0,23
joao_franco,1,22,10,12,-2,2,1,1,0,23
joshoutloud,1,22,9,13,-4,4,1,1,0,23
JulianArmandos,1,22,9,13,-4,4,1,1,0,23
leif777,1,22,10,12,-2,2,1,1,0,23
malikb979,1,22,11,11,0,0,1,1,0,23
Melele,1,22,11,11,0,0,1,1,0,23
Naggy,1,22,9,13,-4,4,1,1,0,23
papagio,1,22,11,11,0,0,1,1,0,23
renegade_forks_,2,22,11,11,0,0,1,1,0,23
shitler420,1,22,11,11,0,0,1,1,0,23
sjerome,1,22,11,11,0,0,1,1,0,23
tard24,1,22,9,13,-4,4,1,1,0,23
Tbowlin,1,22,11,11,0,0,1,1,0,23
tidytracks,1,22,11,11,0,0,1,1,0,23
tinkatiza,1,23,10,13,-3,3,1,0,0,23
xKovu,1,22,11,11,0,0,1,1,0,23
amesseck,1,22,11,11,0,0,0,1,0,23
cortana,1,22,10,12,-2,2,0,1,0,23
JoelioDaKing,1,22,11,11,0,0,0,1,0,23
junkiewithoutacause,1,22,11,11,0,0,0,1,0,23
maxakraken,1,22,11,11,0,0,0,1,0,23
unsoughtzach,1,22,11,11,0,0,0,1,0,23
Wifeyhero,1,22,11,11,0,0,0,1,0,23
darksharkmark,2,21,10,11,-1,0,2,2,-1,23
IT_Derp,2,21,8,13,-5,4,2,2,-1,23
spyder8108,2,22,9,13,-4,3,2,1,-1,23
aWildCactuar,1,22,8,14,-6,5,1,1,-1,23
bogart1,1,22,9,13,-4,3,1,1,-1,23
johnnie123,1,22,8,14,-6,5,1,1,-1,23
kaybe,1,22,9,13,-4,3,1,1,-1,23
MTVJason,1,22,9,13,-4,3,1,1,-1,23
Neonstorm,2,21,9,12,-3,2,1,2,-1,23
pwoolcoc,1,22,9,13,-4,3,1,1,-1,23
swag1999,1,22,6,16,-10,9,1,1,-1,23
biscuitsallday,1,22,9,13,-4,3,0,1,-1,23
brokenbots2,1,22,9,13,-4,3,0,1,-1,23
713420,1,22,10,12,-2,0,1,1,-2,23
AndythemanAK,1,22,9,13,-4,2,1,1,-2,23
Batman_Backflip,1,22,9,13,-4,2,1,1,-2,23
Behindtheline,1,22,9,13,-4,2,1,1,-2,23
camrellimchronicles,1,22,9,13,-4,2,1,1,-2,23
DukeofLizards,1,22,10,12,-2,0,1,1,-2,23
Grubbyslippers,1,22,10,12,-2,0,1,1,-2,23
hawb4,1,22,9,13,-4,2,1,1,-2,23
HeyLeo,1,22,10,12,-2,0,1,1,-2,23
hungovercaveman,1,22,9,13,-4,2,1,1,-2,23
JakeGiovanni,1,22,10,12,-2,0,1,1,-2,23
jobmarketproblems,1,22,10,12,-2,0,1,1,-2,23
LappyMcBride,1,22,10,12,-2,0,1,1,-2,23
laurenilyse,1,22,9,13,-4,2,1,1,-2,23
Leotix,1,22,9,13,-4,2,1,1,-2,23
lionsoc8,1,22,9,13,-4,2,1,1,-2,23
metromachine,1,22,9,13,-4,2,1,1,-2,23
Midgetforsale,1,22,10,12,-2,0,1,1,-2,23
Naez,1,22,10,12,-2,0,1,1,-2,23
olaq,1,22,10,12,-2,0,1,1,-2,23
phoenix__,1,22,9,13,-4,2,1,1,-2,23
Piney630,1,22,10,12,-2,0,1,1,-2,23
Spektrum917,1,22,9,13,-4,2,1,1,-2,23
Stranger_Paradox,1,22,8,14,-6,4,1,1,-2,23
the1guyuknow,2,22,10,12,-2,0,1,1,-2,23
UmadBro1993,1,22,9,13,-4,2,1,1,-2,23
wolfsayslunchtime,1,22,10,12,-2,0,1,1,-2,23
xbsd,1,22,10,12,-2,0,1,1,-2,23
yesitsarepost,1,22,10,12,-2,0,1,1,-2,23
CampsMcTryhard,1,22,10,12,-2,0,0,1,-2,23
Force_Majeure,1,22,10,12,-2,0,0,1,-2,23
Gearking,1,22,10,12,-2,0,0,1,-2,23
HoLeeSchit,1,22,8,14,-6,4,0,1,-2,23
MattyDred1,1,22,9,13,-4,2,0,1,-2,23
ouob,1,22,9,13,-4,2,0,1,-2,23
pepsihatman,1,22,5,17,-12,10,0,1,-2,23
pumabrand90,1,22,10,12,-2,0,0,1,-2,23
TaylorNHicks,2,21,8,13,-5,3,0,2,-2,23
the1haven,1,22,9,13,-4,2,0,1,-2,23
yoyoballer,1,22,10,12,-2,0,0,1,-2,23
budpickens,1,22,8,14,-6,3,1,1,-3,23
dakydaky,1,22,8,14,-6,3,1,1,-3,23
hedorah3,1,22,8,14,-6,3,1,1,-3,23
krazyfreak123,2,21,9,12,-3,0,1,2,-3,23
presser84,2,21,9,12,-3,0,1,2,-3,23
Yesnoalright,1,23,9,14,-5,2,1,0,-3,23
Klown102,1,22,8,14,-6,3,0,1,-3,23
rderekp,1,22,7,15,-8,5,0,1,-3,23
jadet345,2,22,9,13,-4,0,2,1,-4,23
Arcius,1,22,8,14,-6,2,1,1,-4,23
compricatedpran,1,23,8,15,-7,3,1,0,-4,23
Diproclaminious,1,22,9,13,-4,0,1,1,-4,23
Drujeful,1,22,9,13,-4,0,1,1,-4,23
FNT420,1,22,9,13,-4,0,1,1,-4,23
fuddikiller,1,22,8,14,-6,2,1,1,-4,23
Goryouz,1,22,9,13,-4,0,1,1,-4,23
Horsmark,2,22,8,14,-6,2,1,1,-4,23
ianwin4,1,22,9,13,-4,0,1,1,-4,23
kjGoBlue,1,22,9,13,-4,0,1,1,-4,23
Korbkid,1,22,9,13,-4,0,1,1,-4,23
mindoutrage,1,22,8,14,-6,2,1,1,-4,23
Mookie_T,1,22,9,13,-4,0,1,1,-4,23
P1MPNAM3DSL1CKBACK,1,22,9,13,-4,0,1,1,-4,23
saggy_potato_sack,1,22,8,14,-6,2,1,1,-4,23
sanslife,1,22,9,13,-4,0,1,1,-4,23
TATERPRO,1,22,9,13,-4,0,1,1,-4,23
thapopjackson,1,22,9,13,-4,0,1,1,-4,23
thelionwalker12,1,22,9,13,-4,0,1,1,-4,23
Thundernut,1,22,9,13,-4,0,1,1,-4,23
urgeius,1,22,8,14,-6,2,1,1,-4,23
ZoaringMan,1,22,9,13,-4,0,1,1,-4,23
andreas8xen,1,22,9,13,-4,0,0,1,-4,23
Davido85_,1,22,8,14,-6,2,0,1,-4,23
DrKellyD,1,22,9,13,-4,0,0,1,-4,23
hungcucumber,1,22,8,14,-6,2,0,1,-4,23
janoskinugget,1,22,8,14,-6,2,0,1,-4,23
Mr_Zarika,1,22,8,14,-6,2,0,1,-4,23
SlenderMan178,1,22,8,14,-6,2,0,1,-4,23
wade0212,1,22,9,13,-4,0,0,1,-4,23
5George9,2,21,8,13,-5,0,2,2,-5,23
Forfuckssakes,1,22,7,15,-8,3,1,1,-5,23
heisnothere,1,23,8,15,-7,2,1,0,-5,23
plerer,1,22,7,15,-8,3,1,1,-5,23
ZordonFreeman,1,22,6,16,-10,5,1,1,-5,23
mlbawler,2,21,7,14,-7,2,0,2,-5,23
BAATTTMAN,1,22,8,14,-6,0,1,1,-6,23
BaconIsBacon,1,22,8,14,-6,0,1,1,-6,23
bandit614,1,22,8,14,-6,0,1,1,-6,23
Buhandi,1,22,8,14,-6,0,1,1,-6,23
crazymuffin147,1,22,8,14,-6,0,1,1,-6,23
denne,1,22,8,14,-6,0,1,1,-6,23
godmoderage,1,22,8,14,-6,0,1,1,-6,23
greyshadow_7,1,22,8,14,-6,0,1,1,-6,23
i_yurt_on_your_face,1,22,8,14,-6,0,1,1,-6,23
Joe318,1,22,8,14,-6,0,1,1,-6,23
Johnlewisiv,1,22,8,14,-6,0,1,1,-6,23
johnlucasmck,1,22,7,15,-8,2,1,1,-6,23
KaylaAnne,1,22,8,14,-6,0,1,1,-6,23
REDDlTOR-,1,22,8,14,-6,0,1,1,-6,23
shmellyeggs,1,22,8,14,-6,0,1,1,-6,23
smitty010493,1,22,8,14,-6,0,1,1,-6,23
soapman5,1,22,8,14,-6,0,1,1,-6,23
Tgamer628,1,23,7,16,-9,3,1,0,-6,23
uncalledfour,1,22,8,14,-6,0,1,1,-6,23
AJMcCoy612,1,22,8,14,-6,0,0,1,-6,23
bryceinrice10,1,22,8,14,-6,0,0,1,-6,23
code9100,1,22,8,14,-6,0,0,1,-6,23
A_1337_Canadian,2,21,7,14,-7,0,2,2,-7,23
alottabit,1,22,4,18,-14,7,1,1,-7,23
FloppyPenguin,2,21,7,14,-7,0,1,2,-7,23
I_WILL_MURDER_YOU,1,22,6,16,-10,3,1,1,-7,23
SyberianPlatypus,2,21,6,15,-9,2,1,2,-7,23
allthetimeatIT,1,22,7,15,-8,0,1,1,-8,23
hyperbust4,1,22,7,15,-8,0,1,1,-8,23
nygreenmachine,1,22,7,15,-8,0,1,1,-8,23
Soppa,1,22,7,15,-8,0,1,1,-8,23
Baconaise,2,21,5,16,-11,2,1,2,-9,23
undercutting_zane,1,22,5,17,-12,3,1,1,-9,23
budperson,1,22,6,16,-10,0,1,1,-10,23
crazyawsomeguy,1,22,6,16,-10,0,1,1,-10,23
Nurver,1,22,6,16,-10,0,0,1,-10,23
ksetkset,1,22,3,19,-16,3,1,1,-13,23
Mattjhagen,1,22,3,19,-16,3,0,1,-13,23
Arrowtothele,1,22,4,18,-14,0,0,1,-14,23
mintberrycrunch88,1,22,16,6,10,16,1,0,26,22
NoamCosby,1,21,18,3,15,11,0,1,26,22
d_kism,1,22,16,6,10,15,1,0,25,22
hexprocess,1,21,20,1,19,5,1,1,24,22
holley3020,1,21,19,2,17,7,1,1,24,22
johninbigd,1,22,18,4,14,10,1,0,24,22
wantstobang,1,21,18,3,15,9,1,1,24,22
TheIllogical,1,21,20,1,19,4,1,1,23,22
ypvs12345,1,21,17,4,13,10,1,1,23,22
Dorsal_Fin,1,21,20,1,19,3,1,1,22,22
limehacker,1,21,19,2,17,5,1,1,22,22
pewpewlasershark,1,21,17,4,13,9,1,1,22,22
AwkwardDev,1,22,20,2,18,3,1,0,21,22
jjalert,1,22,20,2,18,3,1,0,21,22
lost_tweaker,1,21,20,1,19,2,1,1,21,22
skafool,1,21,9,12,-3,24,1,1,21,22
CrazyDmarco,1,21,18,3,15,6,0,1,21,22
GoldenOctopus,1,21,18,3,15,6,0,1,21,22
dandyandyy,1,21,14,7,7,13,1,1,20,22
DaveyGaga,1,22,20,2,18,2,1,0,20,22
lildouce,1,21,15,6,9,11,1,1,20,22
mrtacoman24,1,21,19,2,17,3,1,1,20,22
Famicomrade,1,21,16,5,11,9,0,1,20,22
kongchar,1,21,19,2,17,3,0,1,20,22
Completely_Sane22,1,21,20,1,19,0,1,1,19,22
davidfalconer,1,21,19,2,17,2,1,1,19,22
diz75,1,21,18,3,15,4,1,1,19,22
Flashback_Grandad,1,21,20,1,19,0,1,1,19,22
Insomic,1,21,19,2,17,2,1,1,19,22
lemonadegame,1,21,16,5,11,8,1,1,19,22
Llamalover42,1,21,19,2,17,2,1,1,19,22
Maxterchief99,1,21,17,4,13,6,0,1,19,22
Bloedvlek,1,21,17,4,13,5,1,1,18,22
depayen9,1,21,17,4,13,5,1,1,18,22
murtyjones,1,21,17,4,13,5,1,1,18,22
PALIN_SARAH,1,21,18,3,15,3,1,1,18,22
simplygreg,1,21,18,3,15,3,1,1,18,22
Kinzuq,1,21,12,9,3,15,0,1,18,22
A_Monocle_For_Sauron,1,21,19,2,17,0,1,1,17,22
Actionman1995,1,21,18,3,15,2,1,1,17,22
asdfasdfballlzzzzz,1,21,19,2,17,0,1,1,17,22
Broitselectric,1,21,18,3,15,2,1,1,17,22
OccasionalWinner,1,21,19,2,17,0,1,1,17,22
Super_EMAS,1,21,15,6,9,8,1,1,17,22
typesTHIS,1,21,17,4,13,4,1,1,17,22
UbuntCake,1,21,18,3,15,2,1,1,17,22
xLittleP,1,21,19,2,17,0,1,1,17,22
Zeise,1,21,17,4,13,4,1,1,17,22
bawaga,1,21,19,2,17,0,0,1,17,22
PotarLagSwagg,1,21,18,3,15,2,0,1,17,22
skidmorez,1,21,16,5,11,6,0,1,17,22
Cougarlax15,1,22,19,3,16,0,1,0,16,22
element11x,1,22,18,4,14,2,1,0,16,22
Funology,2,20,15,5,10,6,1,2,16,22
GallifreyanRavenclaw,1,22,18,4,14,2,1,0,16,22
Grimwold2,1,21,17,4,13,3,1,1,16,22
Lunchbox0329,1,21,17,4,13,3,1,1,16,22
OutsideOfTheBox,1,21,17,4,13,3,1,1,16,22
pryzefighter,1,22,18,4,14,2,1,0,16,22
pseudostraw,1,22,17,5,12,4,1,0,16,22
reposter23,1,21,17,4,13,3,1,1,16,22
Syrtees,1,22,19,3,16,0,1,0,16,22
wakemenot,1,21,17,4,13,3,1,1,16,22
ivy_green,2,20,18,2,16,0,0,2,16,22
AdmiralEO,1,21,18,3,15,0,1,1,15,22
alphaterminus,1,22,17,5,12,3,1,0,15,22
babyshambler,1,21,18,3,15,0,1,1,15,22
curious_albatross,1,21,17,4,13,2,1,1,15,22
Darwinning,1,21,18,3,15,0,1,1,15,22
Dirty_Smirch,1,21,18,3,15,0,1,1,15,22
Exit82,1,21,18,3,15,0,1,1,15,22
GINGER_ALLEY,1,21,17,4,13,2,1,1,15,22
iceman78772,1,21,18,3,15,0,1,1,15,22
iElectricLewis,1,21,18,3,15,0,1,1,15,22
Joetheho,1,21,16,5,11,4,1,1,15,22
KMoneyThunder,1,21,16,5,11,4,1,1,15,22
mansourrr,1,21,14,7,7,8,1,1,15,22
marioismissing,1,21,17,4,13,2,1,1,15,22
meretricix,1,21,18,3,15,0,1,1,15,22
momentum77,1,21,17,4,13,2,1,1,15,22
mtm6,1,21,18,3,15,0,1,1,15,22
Owarn,1,21,18,3,15,0,1,1,15,22
santeotweirtur,1,21,18,3,15,0,1,1,15,22
thebrewcrew82,1,21,11,10,1,14,1,1,15,22
Upvote_and_Conquer,1,21,15,6,9,6,1,1,15,22
Wyatt_Jordan,1,21,17,4,13,2,1,1,15,22
xdrtb,1,21,18,3,15,0,1,1,15,22
xeightx,1,21,18,3,15,0,1,1,15,22
yomatz,1,21,17,4,13,2,1,1,15,22
bun32,1,21,17,4,13,2,0,1,15,22
I_am_hacked,1,21,18,3,15,0,0,1,15,22
i8olota,1,21,18,3,15,0,0,1,15,22
JustFerTis,1,21,15,6,9,6,0,1,15,22
ahuck71,1,22,16,6,10,4,1,0,14,22
ATCQ,1,21,16,5,11,3,1,1,14,22
c4-sandwich,1,21,16,5,11,3,1,1,14,22
chad420,1,21,16,5,11,3,1,1,14,22
Fraktul,1,21,16,5,11,3,1,1,14,22
johnnywash1,1,22,18,4,14,0,1,0,14,22
kaerlek_,1,21,15,6,9,5,1,1,14,22
Liquidcement,1,22,16,6,10,4,1,0,14,22
mcshea89,1,22,18,4,14,0,1,0,14,22
one,1,22,15,7,8,6,1,0,14,22
Recognition101,1,22,18,4,14,0,1,0,14,22
shadowman3001,1,22,18,4,14,0,1,0,14,22
shockaa,1,21,15,6,9,5,1,1,14,22
steelerman82,1,21,16,5,11,3,1,1,14,22
the_rad_baron,1,21,15,6,9,5,1,1,14,22
BobbyOShea,1,21,16,5,11,3,0,1,14,22
cap1n,1,21,16,5,11,3,0,1,14,22
kobe16830,1,21,15,6,9,5,0,1,14,22
roare,1,21,16,5,11,3,0,1,14,22
amylk12,1,21,17,4,13,0,1,1,13,22
andrewsg97,1,21,15,6,9,4,1,1,13,22
bannd14,1,21,17,4,13,0,1,1,13,22
Boss_Butterflyer,1,21,17,4,13,0,1,1,13,22
cherryblossomsandtea,1,21,17,4,13,0,1,1,13,22
Constantly_Wired,1,21,15,6,9,4,1,1,13,22
cypriss,1,21,16,5,11,2,1,1,13,22
DocJ2786,1,21,17,4,13,0,1,1,13,22
Freak_Metal,1,21,16,5,11,2,1,1,13,22
hedney3,1,21,17,4,13,0,1,1,13,22
inc_mplete,1,21,17,4,13,0,1,1,13,22
libradude99,1,21,17,4,13,0,1,1,13,22
Lvl100speech,1,22,16,6,10,3,1,0,13,22
MisterDude499,1,21,17,4,13,0,1,1,13,22
nattyb79,1,21,17,4,13,0,1,1,13,22
pursi,1,21,16,5,11,2,1,1,13,22
rickimatsu,1,21,17,4,13,0,1,1,13,22
Star-ucker,1,21,15,6,9,4,1,1,13,22
SwaggerMaster,1,21,17,4,13,0,1,1,13,22
TheKaun,1,21,17,4,13,0,1,1,13,22
Whtnoiz,1,21,17,4,13,0,1,1,13,22
wwwebfreak,1,21,17,4,13,0,1,1,13,22
CaptainFalcon206,1,21,15,6,9,4,0,1,13,22
Hexxas,1,21,17,4,13,0,0,1,13,22
inafishbowl,1,21,17,4,13,0,0,1,13,22
Liv182,1,21,17,4,13,0,0,1,13,22
pueptypants,1,21,17,4,13,0,0,1,13,22
ramona-ramones,1,21,17,4,13,0,0,1,13,22
TwoPlanksPrevail,1,21,17,4,13,0,0,1,13,22
baaceleste,1,21,15,6,9,3,1,1,12,22
Canidium,1,21,15,6,9,3,1,1,12,22
cluelesspuma,1,21,14,7,7,5,1,1,12,22
frankdude2,1,21,13,8,5,7,1,1,12,22
Gullible_Skeptic,1,21,14,7,7,5,1,1,12,22
papayademente,1,22,15,7,8,4,1,0,12,22
rayrayuva,1,22,17,5,12,0,1,0,12,22
Rykoz,1,21,15,6,9,3,1,1,12,22
Scatman_Crothers,1,22,16,6,10,2,1,0,12,22
steenacakez,1,22,14,8,6,6,1,0,12,22
d34dc0d3,1,21,14,7,7,5,0,1,12,22
DoubtfulOfAll,1,21,15,6,9,3,0,1,12,22
kardon16,1,21,15,6,9,3,0,1,12,22
angry_dave,1,21,16,5,11,0,1,1,11,22
Ayatollaq,1,21,16,5,11,0,1,1,11,22
birds_o_paradise,1,21,16,5,11,0,1,1,11,22
bjornson,1,21,13,8,5,6,1,1,11,22
BlackCatNumber13,1,21,16,5,11,0,1,1,11,22
blinx484,1,21,16,5,11,0,1,1,11,22
boonecountyninja,1,21,16,5,11,0,1,1,11,22
BrokenFish,1,21,16,5,11,0,1,1,11,22
byebyedoggie,1,21,15,6,9,2,1,1,11,22
crustty,1,21,15,6,9,2,1,1,11,22
Cryptophagist,1,21,16,5,11,0,1,1,11,22
DB_Gordon,1,21,16,5,11,0,1,1,11,22
denasaur1rawr,1,21,15,6,9,2,1,1,11,22
EatalltheBacon,1,21,15,6,9,2,1,1,11,22
fizzgig1,1,21,14,7,7,4,1,1,11,22
FthrJACK,1,21,15,6,9,2,1,1,11,22
Funkbot101,1,21,16,5,11,0,1,1,11,22
I_RAPE_YOUR_CHILDREN,2,20,13,7,6,5,1,2,11,22
iLikebigPayloads,1,21,16,5,11,0,1,1,11,22
ItIsWhatItls,1,21,16,5,11,0,1,1,11,22
jasminemilktea,1,21,16,5,11,0,1,1,11,22
ksdfsfs,1,21,15,6,9,2,1,1,11,22
Kueff_Tastic,1,21,15,6,9,2,1,1,11,22
lm1537,1,21,16,5,11,0,1,1,11,22
nattyslayer,1,21,16,5,11,0,1,1,11,22
photobynick,1,21,16,5,11,0,1,1,11,22
Randomxenomorph,1,21,16,5,11,0,1,1,11,22
real_eggs,1,21,15,6,9,2,1,1,11,22
ROBZY,1,21,15,6,9,2,1,1,11,22
rundle66,1,21,14,7,7,4,1,1,11,22
SoRedditHello,1,21,15,6,9,2,1,1,11,22
SpaceOdysseus,1,21,16,5,11,0,1,1,11,22
startxxinsanity,1,21,15,6,9,2,1,1,11,22
stayhome,1,21,16,5,11,0,1,1,11,22
Suddenly_Something,1,21,15,6,9,2,1,1,11,22
TheLostBro,1,21,16,5,11,0,1,1,11,22
thetylanol,1,21,15,6,9,2,1,1,11,22
thevideoclown,1,21,16,5,11,0,1,1,11,22
thewhiteranger19,1,21,16,5,11,0,1,1,11,22
vanilla44028,1,21,14,7,7,4,1,1,11,22
WerdNord,1,21,14,7,7,4,1,1,11,22
wulfgang,1,22,15,7,8,3,1,0,11,22
xXSHORTYXx4444,1,21,16,5,11,0,1,1,11,22
DerekMikowski,1,21,16,5,11,0,0,1,11,22
jlotz123,1,21,14,7,7,4,0,1,11,22
kit-katfactory,1,21,15,6,9,2,0,1,11,22
metalhoernchen,1,21,14,7,7,4,0,1,11,22
tamnoswal,1,21,16,5,11,0,0,1,11,22
Vwhdfd,1,21,16,5,11,0,0,1,11,22
xsystem1,1,21,15,6,9,2,0,1,11,22
demonicsoap,2,20,15,5,10,0,2,2,10,22
doesnt_give_upvotes,2,20,15,5,10,0,2,2,10,22
AllNew2012,1,21,14,7,7,3,1,1,10,22
beats-it-hard,1,21,13,8,5,5,1,1,10,22
blackberryguru,1,21,14,7,7,3,1,1,10,22
Clairdassian,1,22,14,8,6,4,1,0,10,22
EsperOmni,1,21,14,7,7,3,1,1,10,22
ethertrace,1,21,14,7,7,3,1,1,10,22
Honeybarbecue,1,22,15,7,8,2,1,0,10,22
IzzyFeelsUneasy,1,21,14,7,7,3,1,1,10,22
Jamesbondlulu,1,21,14,7,7,3,1,1,10,22
SpeedyCracker,1,21,13,8,5,5,1,1,10,22
stoparguing59634,1,21,8,13,-5,15,1,1,10,22
trottsky,1,22,16,6,10,0,1,0,10,22
trumpetplayah,1,21,14,7,7,3,1,1,10,22
deez_nuuts69,2,20,15,5,10,0,0,2,10,22
Guano_Loco,1,21,14,7,7,3,0,1,10,22
Whovian178,1,21,14,7,7,3,0,1,10,22
101744,1,21,13,8,5,4,1,1,9,22
337601,1,21,15,6,9,0,1,1,9,22
amandacgordon,1,21,13,8,5,4,1,1,9,22
Aryanenzo,1,21,15,6,9,0,1,1,9,22
bang_Noir,1,21,14,7,7,2,1,1,9,22
bithcplease,1,21,14,7,7,2,1,1,9,22
bryandugan,1,21,15,6,9,0,1,1,9,22
clafleur611,1,21,15,6,9,0,1,1,9,22
DDESTRUCTOTRON,1,21,12,9,3,6,1,1,9,22
Delvein2,1,21,15,6,9,0,1,1,9,22
DigitalLD,1,21,15,6,9,0,1,1,9,22
domzta,1,21,15,6,9,0,1,1,9,22
dragonandthegeorge,1,21,14,7,7,2,1,1,9,22
DTRobertson,1,21,13,8,5,4,1,1,9,22
Erkoe,1,21,15,6,9,0,1,1,9,22
FAPmakesmeaSAP,1,21,15,6,9,0,1,1,9,22
Fuzzymuzzy,1,21,14,7,7,2,1,1,9,22
galindafiedify,1,21,13,8,5,4,1,1,9,22
Gegga,1,21,14,7,7,2,1,1,9,22
GreenDude95,1,21,12,9,3,6,1,1,9,22
greggram,1,21,15,6,9,0,1,1,9,22
hellothereamber,1,21,15,6,9,0,1,1,9,22
hitmanabn,1,21,14,7,7,2,1,1,9,22
illegaomonkeybutt,1,21,12,9,3,6,1,1,9,22
intenselikecamping,1,21,15,6,9,0,1,1,9,22
joslizen,1,21,13,8,5,4,1,1,9,22
K___reddit,1,21,15,6,9,0,1,1,9,22
leanmeanbean,1,21,15,6,9,0,1,1,9,22
lefayad1991,1,21,12,9,3,6,1,1,9,22
maddwoman2,1,21,15,6,9,0,1,1,9,22
MajorWinters06,1,21,15,6,9,0,1,1,9,22
mitchg01,1,21,15,6,9,0,1,1,9,22
mk87,1,21,13,8,5,4,1,1,9,22
morekarmathanedlund,1,21,14,7,7,2,1,1,9,22
nabbyy,1,21,14,7,7,2,1,1,9,22
psyyc,1,21,14,7,7,2,1,1,9,22
Quaytsar,1,21,13,8,5,4,1,1,9,22
Rae7,1,21,15,6,9,0,1,1,9,22
sererjergs,1,21,14,7,7,2,1,1,9,22
Siggy778,1,21,15,6,9,0,1,1,9,22
Stevake,1,21,15,6,9,0,1,1,9,22
thekokirikid,1,21,14,7,7,2,1,1,9,22
thesearchforanswer,1,21,15,6,9,0,1,1,9,22
xAIXIONx,1,21,15,6,9,0,1,1,9,22
XSingOutLoudX,1,21,15,6,9,0,1,1,9,22
xxmuncsterxx,1,21,13,8,5,4,1,1,9,22
1stOnRt1,1,21,15,6,9,0,0,1,9,22
IggySeeker,1,21,15,6,9,0,0,1,9,22
Loltation,1,21,15,6,9,0,0,1,9,22
redditaddict5,1,21,14,7,7,2,0,1,9,22
spacefighterx,1,21,13,8,5,4,0,1,9,22
sunshiineeegal,1,21,15,6,9,0,0,1,9,22
xsmartx,1,21,14,7,7,2,0,1,9,22
baconandpotatoes,2,20,12,8,4,4,2,2,8,22
IdidItForTehLulz,2,20,10,10,0,8,2,2,8,22
AcidOctopus,1,22,15,7,8,0,1,0,8,22
Alacritous,1,22,15,7,8,0,1,0,8,22
Alyeska,1,21,13,8,5,3,1,1,8,22
bacongobbler,1,22,15,7,8,0,1,0,8,22
evergreen_doe,1,21,9,12,-3,11,1,1,8,22
Gamefreak808,1,21,12,9,3,5,1,1,8,22
Gaywallet,1,21,13,8,5,3,1,1,8,22
INVAILD_USERNAME,1,21,13,8,5,3,1,1,8,22
ownageman125,1,21,13,8,5,3,1,1,8,22
PieSupply,1,21,12,9,3,5,1,1,8,22
PooBrain,1,21,13,8,5,3,1,1,8,22
SniffSomeBrocaine,1,21,8,13,-5,13,1,1,8,22
thelovetheydeserve,1,22,15,7,8,0,1,0,8,22
Afraid2blink,1,21,12,9,3,5,0,1,8,22
mikedeestro,1,21,13,8,5,3,0,1,8,22
ridgecos,1,21,13,8,5,3,0,1,8,22
babybalugawhale,1,21,13,8,5,2,1,1,7,22
Callate_La_Boca,1,21,14,7,7,0,1,1,7,22
cheebnrun,1,21,14,7,7,0,1,1,7,22
conman_127,1,21,14,7,7,0,1,1,7,22
COP3,1,21,11,10,1,6,1,1,7,22
DapperDerpy,1,21,14,7,7,0,1,1,7,22
Deathbymoshing,1,21,14,7,7,0,1,1,7,22
elizajackson,1,21,14,7,7,0,1,1,7,22
Epithemus,1,22,13,9,4,3,1,0,7,22
grove93,1,21,13,8,5,2,1,1,7,22
iambookus,1,21,9,12,-3,10,1,1,7,22
jbvortex99,1,21,14,7,7,0,1,1,7,22
lulwut93,1,21,12,9,3,4,1,1,7,22
LupusSpiritus,1,21,14,7,7,0,1,1,7,22
MrBrightside39,1,21,12,9,3,4,1,1,7,22
mrkangaroo54,1,21,14,7,7,0,1,1,7,22
mrspanky12,1,21,14,7,7,0,1,1,7,22
no_numbers_in_name,1,21,14,7,7,0,1,1,7,22
pumas1408,1,21,14,7,7,0,1,1,7,22
Pumpkin2110,1,21,13,8,5,2,1,1,7,22
roverr,1,21,12,9,3,4,1,1,7,22
siketeach,1,21,14,7,7,0,1,1,7,22
Simdilla,1,21,14,7,7,0,1,1,7,22
soncogled,1,21,13,8,5,2,1,1,7,22
splishsplashsplish,1,21,14,7,7,0,1,1,7,22
steady_there,1,21,13,8,5,2,1,1,7,22
TheDazarooney,1,21,14,7,7,0,1,1,7,22
VZW_Matt,1,21,14,7,7,0,1,1,7,22
westcountryboy,1,21,14,7,7,0,1,1,7,22
whatfolly,1,21,13,8,5,2,1,1,7,22
zeexik,1,21,14,7,7,0,1,1,7,22
ABSTRACTlegend,1,21,13,8,5,2,0,1,7,22
icanfeelyourheart,1,21,13,8,5,2,0,1,7,22
joeytshirt,1,21,14,7,7,0,0,1,7,22
oljames,2,21,14,7,7,0,0,1,7,22
Rainbowtango,1,21,14,7,7,0,0,1,7,22
Wolven49,1,21,14,7,7,0,0,1,7,22
natostrike,2,20,11,9,2,4,2,2,6,22
Cerberus73,1,21,12,9,3,3,1,1,6,22
GuiltySarcasm,1,21,9,12,-3,9,1,1,6,22
hefftastic,1,21,8,13,-5,11,1,1,6,22
ketfrigg,1,21,12,9,3,3,1,1,6,22
martinasaurus,1,21,12,9,3,3,1,1,6,22
Mt_Vesuvius,1,21,12,9,3,3,1,1,6,22
NoImNotFamous,1,22,14,8,6,0,1,0,6,22
pandapoopsie,2,20,13,7,6,0,1,2,6,22
Paradiddley,1,21,12,9,3,3,1,1,6,22
hnrblockflow,1,21,12,9,3,3,0,1,6,22
jack_strong,1,21,12,9,3,3,0,1,6,22
jaydee81,2,20,9,11,-2,8,0,2,6,22
joaoao,1,21,12,9,3,3,0,1,6,22
spaarky32,1,21,12,9,3,3,0,1,6,22
therealbigsean,1,21,12,9,3,3,0,1,6,22
Cservantes,2,21,13,8,5,0,2,1,5,22
ahedderly,1,21,13,8,5,0,1,1,5,22
arhansen2008,1,21,13,8,5,0,1,1,5,22
ChibbleChobbles,2,20,10,10,0,5,1,2,5,22
Clickwerk,1,21,13,8,5,0,1,1,5,22
clubparty44,1,21,13,8,5,0,1,1,5,22
davidwallace,1,21,13,8,5,0,1,1,5,22
deathraygun,1,21,12,9,3,2,1,1,5,22
feelmybisex,1,21,13,8,5,0,1,1,5,22
GingerGrapes,1,21,12,9,3,2,1,1,5,22
Gnomenads,1,21,13,8,5,0,1,1,5,22
GrimLePun,1,21,13,8,5,0,1,1,5,22
hazzalufc,1,21,13,8,5,0,1,1,5,22
HooBeeII,1,21,12,9,3,2,1,1,5,22
IM_SHY_HERES_MY_ANUS,1,21,13,8,5,0,1,1,5,22
JoeValley10,1,21,12,9,3,2,1,1,5,22
JohnnyLunchbox,1,21,13,8,5,0,1,1,5,22
jordanicans,1,21,13,8,5,0,1,1,5,22
Kookamunga21,1,21,12,9,3,2,1,1,5,22
ladyboneradvocate,1,21,13,8,5,0,1,1,5,22
lavawarrior,1,21,13,8,5,0,1,1,5,22
marijan2,1,21,7,14,-7,12,1,1,5,22
McGoohans_Blues,1,21,13,8,5,0,1,1,5,22
militarymarine,1,21,13,8,5,0,1,1,5,22
MisundrstdAsshole,1,21,13,8,5,0,1,1,5,22
Mysterious_X,1,21,13,8,5,0,1,1,5,22
NamelessMIA,2,21,13,8,5,0,1,1,5,22
NIGGER_DICK_COCK,1,21,12,9,3,2,1,1,5,22
pizza_4_one,1,21,12,9,3,2,1,1,5,22
QuindianaJones,1,21,12,9,3,2,1,1,5,22
RhettS,1,21,12,9,3,2,1,1,5,22
ronrron,1,21,11,10,1,4,1,1,5,22
SaxSalute,1,21,13,8,5,0,1,1,5,22
soggyfritter,1,21,13,8,5,0,1,1,5,22
The_Grand_Jester,1,21,13,8,5,0,1,1,5,22
The_Maf,1,21,13,8,5,0,1,1,5,22
the_mastubatorium,1,21,11,10,1,4,1,1,5,22
The_Sugar_Rush,1,21,13,8,5,0,1,1,5,22
theshawsinator,1,21,13,8,5,0,1,1,5,22
trevorturtle,1,21,13,8,5,0,1,1,5,22
vegan1,1,21,12,9,3,2,1,1,5,22
vicktor3,1,21,12,9,3,2,1,1,5,22
WhyIsntMyNameFunny,1,21,13,8,5,0,1,1,5,22
Worchester_St,1,21,13,8,5,0,1,1,5,22
Zombie_DooDoo,1,21,12,9,3,2,1,1,5,22
Blumpkin46,1,21,12,9,3,2,0,1,5,22
BoopysRevenge,1,21,13,8,5,0,0,1,5,22
DeaditeQueen,1,21,13,8,5,0,0,1,5,22
Falwas,1,21,13,8,5,0,0,1,5,22
gimmebeer,1,21,12,9,3,2,0,1,5,22
GoatLlama,1,21,12,9,3,2,0,1,5,22
h1p1n3,1,21,12,9,3,2,0,1,5,22
Marduk96,1,21,12,9,3,2,0,1,5,22
TheRedditSurvivalist,1,21,10,11,-1,6,0,1,5,22
dbc23,2,20,12,8,4,0,2,2,4,22
Hammerwinn,2,20,12,8,4,0,2,2,4,22
raging_unicorn351,2,20,12,8,4,0,2,2,4,22
shadyconcepts,2,20,12,8,4,0,2,2,4,22
Xanpulo,2,20,12,8,4,0,2,2,4,22
Adv3ntNightmare,1,22,13,9,4,0,1,0,4,22
albundy12345,1,21,10,11,-1,5,1,1,4,22
CptRibz,1,22,12,10,2,2,1,0,4,22
GilmoreHappy,1,21,10,11,-1,5,1,1,4,22
ItsYoru,1,21,11,10,1,3,1,1,4,22
pr1nt_r,2,22,12,10,2,2,1,0,4,22
rpdexter01,1,21,10,11,-1,5,1,1,4,22
snutr,1,21,11,10,1,3,1,1,4,22
striker2_2,2,20,12,8,4,0,1,2,4,22
Tecball,1,21,10,11,-1,5,1,1,4,22
absurdapple,1,21,11,10,1,3,0,1,4,22
kiranpgeorge,1,21,11,10,1,3,0,1,4,22
luigivampa,1,21,11,10,1,3,0,1,4,22
Matte_Black,1,21,11,10,1,3,0,1,4,22
themilkywayfarer,1,21,9,12,-3,7,0,1,4,22
wistros6,2,20,12,8,4,0,0,2,4,22
xtasykelf,2,21,11,10,1,3,0,1,4,22
AyleiDaedra,2,21,12,9,3,0,2,1,3,22
0liv3,1,21,12,9,3,0,1,1,3,22
3dfishface,1,21,11,10,1,2,1,1,3,22
AJER_AJER,1,21,12,9,3,0,1,1,3,22
alkoholik,1,21,12,9,3,0,1,1,3,22
Anarchist-Cat-Owner,1,21,12,9,3,0,1,1,3,22
apollocre,1,21,12,9,3,0,1,1,3,22
AzianBoi217,1,21,12,9,3,0,1,1,3,22
berchtold,1,21,12,9,3,0,1,1,3,22
Cjmgolfwang,1,21,12,9,3,0,1,1,3,22
Cuddlestomped,1,21,12,9,3,0,1,1,3,22
CUNT_FUCKER69,1,21,12,9,3,0,1,1,3,22
Cunt-Dracula,1,21,12,9,3,0,1,1,3,22
fuckyounoggers,1,21,12,9,3,0,1,1,3,22
goff104,1,21,12,9,3,0,1,1,3,22
Hballer9876,1,21,12,9,3,0,1,1,3,22
hpes,1,21,12,9,3,0,1,1,3,22
Jazzspasm,1,22,9,13,-4,7,1,0,3,22
jng5150,1,21,12,9,3,0,1,1,3,22
justsomecuban,1,21,12,9,3,0,1,1,3,22
LiteRobot,1,21,12,9,3,0,1,1,3,22
mocosoft,1,21,11,10,1,2,1,1,3,22
MyBearHands,1,21,11,10,1,2,1,1,3,22
nuggstein,1,21,12,9,3,0,1,1,3,22
PosterNutbag100,1,21,11,10,1,2,1,1,3,22
purgarus,1,21,11,10,1,2,1,1,3,22
S3anxcore,1,21,12,9,3,0,1,1,3,22
SirH3nry,1,21,12,9,3,0,1,1,3,22
soundhaudegen,1,21,9,12,-3,6,1,1,3,22
tot_tot_tot,1,21,11,10,1,2,1,1,3,22
TribalTea,1,21,12,9,3,0,1,1,3,22
vanderlinden,1,21,10,11,-1,4,1,1,3,22
akiradubstep,1,21,12,9,3,0,0,1,3,22
Colonel_Tuxedo,1,21,10,11,-1,4,0,1,3,22
DIEESASTERR,1,21,11,10,1,2,0,1,3,22
JohnskynKantilever,1,21,12,9,3,0,0,1,3,22
kobooold,1,21,12,9,3,0,0,1,3,22
no_heroes,1,21,12,9,3,0,0,1,3,22
StocktonK13,1,21,11,10,1,2,0,1,3,22
coolpics22,2,20,8,12,-4,6,2,2,2,22
Nahtan,2,20,11,9,2,0,2,2,2,22
clockworkblk,1,21,10,11,-1,3,1,1,2,22
gibnihtmus,1,21,10,11,-1,3,1,1,2,22
isenorcj,2,21,10,11,-1,3,1,1,2,22
jvisme,1,21,10,11,-1,3,1,1,2,22
Kylon138,1,21,8,13,-5,7,1,1,2,22
luger316,1,21,10,11,-1,3,1,1,2,22
McFro,1,21,8,13,-5,7,1,1,2,22
TiaAlyssa11,1,22,12,10,2,0,1,0,2,22
Tinysauce,1,22,11,11,0,2,1,0,2,22
ConallSharkey,1,21,10,11,-1,3,0,1,2,22
devonboullion,1,21,7,14,-7,9,0,1,2,22
Tonkatheturtle,2,21,10,11,-1,3,0,1,2,22
Tr0101,1,21,10,11,-1,3,0,1,2,22
krazykid586,2,20,9,11,-2,3,2,2,1,22
8873strewn,1,21,8,13,-5,6,1,1,1,22
apauled,1,21,11,10,1,0,1,1,1,22
badoil_49,1,21,11,10,1,0,1,1,1,22
beesbees,1,21,11,10,1,0,1,1,1,22
Berg1098,1,21,11,10,1,0,1,1,1,22
BootyPounder,1,21,11,10,1,0,1,1,1,22
dyonus,1,21,10,11,-1,2,1,1,1,22
heidi1989,1,21,11,10,1,0,1,1,1,22
Inovlid,1,21,11,10,1,0,1,1,1,22
kdawg412,1,21,10,11,-1,2,1,1,1,22
linkinpark18280,1,21,10,11,-1,2,1,1,1,22
Narwhal_gusta,1,21,11,10,1,0,1,1,1,22
Ohsofly707,1,21,10,11,-1,2,1,1,1,22
Pioneer4ik,1,21,11,10,1,0,1,1,1,22
Slugmeister,1,21,11,10,1,0,1,1,1,22
speednugget,1,21,11,10,1,0,1,1,1,22
TheTalkingFist,1,21,10,11,-1,2,1,1,1,22
TosinAbasi,1,21,11,10,1,0,1,1,1,22
websyndicate,1,21,11,10,1,0,1,1,1,22
whosdadog,1,21,11,10,1,0,1,1,1,22
casual__t,1,21,11,10,1,0,0,1,1,22
Dadaywalka,1,21,11,10,1,0,0,1,1,22
NewYorkCityGal,1,21,9,12,-3,4,0,1,1,22
Ramrod312,1,21,8,13,-5,6,0,1,1,22
thunderstruck87,1,21,10,11,-1,2,0,1,1,22
wackberrymd,1,21,11,10,1,0,0,1,1,22
zombiwulf,1,21,10,11,-1,2,0,1,1,22
daiev,2,20,9,11,-2,2,2,2,0,22
uwanteetgewd,2,20,10,10,0,0,2,2,0,22
Zoranius,2,20,10,10,0,0,2,2,0,22
Aalmquist,1,22,10,12,-2,2,1,0,0,22
cartoonking,1,22,11,11,0,0,1,0,0,22
cavalierau,1,21,9,12,-3,3,1,1,0,22
cdjcon,1,21,9,12,-3,3,1,1,0,22
Forchetti,1,21,8,13,-5,5,1,1,0,22
RageComiker,1,21,9,12,-3,3,1,1,0,22
sonofferguss,1,21,9,12,-3,3,1,1,0,22
thenotoriousbtb,2,20,10,10,0,0,1,2,0,22
tommdp2,1,22,10,12,-2,2,1,0,0,22
joe128687,1,21,9,12,-3,3,0,1,0,22
lewisvincent,1,21,9,12,-3,3,0,1,0,22
AlwaysTryingtooHard,1,21,10,11,-1,0,1,1,-1,22
Big_Fish79,1,21,10,11,-1,0,1,1,-1,22
bop26,1,21,9,12,-3,2,1,1,-1,22
cheethuthchrith,1,21,9,12,-3,2,1,1,-1,22
ChimeraBurglar,1,21,8,13,-5,4,1,1,-1,22
Choccookie,1,21,10,11,-1,0,1,1,-1,22
ClaytnEetsBaykn,1,21,8,13,-5,4,1,1,-1,22
darthvader666uk,2,20,8,12,-4,3,1,2,-1,22
draney5,1,21,9,12,-3,2,1,1,-1,22
Elitekitty,1,21,10,11,-1,0,1,1,-1,22
greeneyedguru,1,21,10,11,-1,0,1,1,-1,22
Gregaforce7,1,21,10,11,-1,0,1,1,-1,22
GuyWithTheBowtie,1,21,9,12,-3,2,1,1,-1,22
ikma,1,21,9,12,-3,2,1,1,-1,22
Isak9,1,21,10,11,-1,0,1,1,-1,22
iTwiiXx_xI,1,21,9,12,-3,2,1,1,-1,22
Jonahb360,1,21,10,11,-1,0,1,1,-1,22
J-Sluit,1,21,10,11,-1,0,1,1,-1,22
lettieasaurus,1,21,10,11,-1,0,1,1,-1,22
Lupinefiasco,1,21,10,11,-1,0,1,1,-1,22
M0ng01987,1,21,10,11,-1,0,1,1,-1,22
maxinesun,1,21,10,11,-1,0,1,1,-1,22
Mdanese,1,21,9,12,-3,2,1,1,-1,22
No0sle3pJunk1e,1,21,8,13,-5,4,1,1,-1,22
PeenTang,1,21,9,12,-3,2,1,1,-1,22
potatoface123,1,21,9,12,-3,2,1,1,-1,22
RamblesTheGoat,1,21,8,13,-5,4,1,1,-1,22
raversecycle,1,21,10,11,-1,0,1,1,-1,22
samusarans,1,21,10,11,-1,0,1,1,-1,22
shortguy014,1,21,8,13,-5,4,1,1,-1,22
skillstime,1,21,10,11,-1,0,1,1,-1,22
Ttocs_is_Awe,1,21,9,12,-3,2,1,1,-1,22
TwistInThePlot,1,21,9,12,-3,2,1,1,-1,22
un1de,1,21,9,12,-3,2,1,1,-1,22
Zigger_Man,1,21,10,11,-1,0,1,1,-1,22
Aznb01p,1,21,10,11,-1,0,0,1,-1,22
Delaneyloes,1,21,9,12,-3,2,0,1,-1,22
DightCeaux,1,21,9,12,-3,2,0,1,-1,22
es2pido,1,21,7,14,-7,6,0,1,-1,22
LowFatCheeze,1,21,8,13,-5,4,0,1,-1,22
lugubriousmoron,1,21,10,11,-1,0,0,1,-1,22
MadeInDeutschland,1,21,10,11,-1,0,0,1,-1,22
NickDanger57,1,21,8,13,-5,4,0,1,-1,22
pneumaticMoose,1,21,9,12,-3,2,0,1,-1,22
sacredsock,1,21,10,11,-1,0,0,1,-1,22
speedfreek16,1,21,9,12,-3,2,0,1,-1,22
Stahrr_Von_Scythe,1,21,10,11,-1,0,0,1,-1,22
ThaDeadGuy,1,21,10,11,-1,0,0,1,-1,22
thedudeontheinternet,1,21,10,11,-1,0,0,1,-1,22
wickydooda,1,21,10,11,-1,0,0,1,-1,22
daddyfatstacks,2,20,9,11,-2,0,2,2,-2,22
Azrael51,1,21,7,14,-7,5,1,1,-2,22
BlasticPeach,1,21,8,13,-5,3,1,1,-2,22
boldbird99,2,20,9,11,-2,0,1,2,-2,22
Calvarezz,1,21,8,13,-5,3,1,1,-2,22
emperor887,1,21,8,13,-5,3,1,1,-2,22
ethos2005,1,21,8,13,-5,3,1,1,-2,22
koolkows,1,21,8,13,-5,3,1,1,-2,22
LastPachyderm,1,21,8,13,-5,3,1,1,-2,22
manners33,1,21,7,14,-7,5,1,1,-2,22
mikietwister,1,21,8,13,-5,3,1,1,-2,22
Mrderpherpington,2,20,9,11,-2,0,1,2,-2,22
PDerp,1,21,8,13,-5,3,1,1,-2,22
soggy_cereal,1,21,8,13,-5,3,1,1,-2,22
SPectrXX,1,21,8,13,-5,3,1,1,-2,22
ssavitsky,1,21,8,13,-5,3,1,1,-2,22
three_people,1,22,10,12,-2,0,1,0,-2,22
Brutebits67,2,20,9,11,-2,0,0,2,-2,22
bluejade89,1,21,8,13,-5,2,1,1,-3,22
ceelander,1,21,9,12,-3,0,1,1,-3,22
ChubbyGirlsPmMe,1,21,9,12,-3,0,1,1,-3,22
cryssll,1,21,7,14,-7,4,1,1,-3,22
DannoNineLives,1,21,9,12,-3,0,1,1,-3,22
DerangedPickle,1,21,8,13,-5,2,1,1,-3,22
Gredditor,2,21,7,14,-7,4,1,1,-3,22
imhostfu,1,21,9,12,-3,0,1,1,-3,22
Inessia,1,21,9,12,-3,0,1,1,-3,22
JellyDonutz,1,21,9,12,-3,0,1,1,-3,22
jwcummings2004,1,21,7,14,-7,4,1,1,-3,22
kaiyov,1,21,8,13,-5,2,1,1,-3,22
kbyyru,1,21,8,13,-5,2,1,1,-3,22
Khbelov,1,21,9,12,-3,0,1,1,-3,22
kingbrandon45,1,21,9,12,-3,0,1,1,-3,22
MrTonee,1,21,8,13,-5,2,1,1,-3,22
nxavier22,1,21,8,13,-5,2,1,1,-3,22
pearldrip,1,21,8,13,-5,2,1,1,-3,22
porkchopsandwichesss,1,21,9,12,-3,0,1,1,-3,22
psych3040,1,21,9,12,-3,0,1,1,-3,22
renegade,1,21,8,13,-5,2,1,1,-3,22
rohanic,1,21,9,12,-3,0,1,1,-3,22
Sir2nv,1,21,9,12,-3,0,1,1,-3,22
SMDeath69,1,21,7,14,-7,4,1,1,-3,22
Sozin91,1,21,9,12,-3,0,1,1,-3,22
TeddyBearMakeUp,1,21,9,12,-3,0,1,1,-3,22
tromkaf,1,21,9,12,-3,0,1,1,-3,22
twistedreflection,1,21,9,12,-3,0,1,1,-3,22
whaiwhut,1,21,8,13,-5,2,1,1,-3,22
Worldliner,1,21,9,12,-3,0,1,1,-3,22
colester,1,21,9,12,-3,0,0,1,-3,22
CRACK_TO_THE_SUTURE,1,21,9,12,-3,0,0,1,-3,22
harry_deepwood,1,21,7,14,-7,4,0,1,-3,22
idahank,1,21,7,14,-7,4,0,1,-3,22
InfiniteDigression,1,21,9,12,-3,0,0,1,-3,22
jsuplat,1,21,8,13,-5,2,0,1,-3,22
rarejule6942,1,21,8,13,-5,2,0,1,-3,22
spinabomb,1,21,9,12,-3,0,0,1,-3,22
Patooooo,2,20,8,12,-4,0,2,2,-4,22
BadgerGecko,1,21,7,14,-7,3,1,1,-4,22
iparkcars,1,22,9,13,-4,0,1,0,-4,22
redcgseries123,1,21,7,14,-7,3,1,1,-4,22
redhotkiwi3,1,21,7,14,-7,3,1,1,-4,22
StarTrekCupcake,1,21,7,14,-7,3,1,1,-4,22
SuperSimpleStuff,1,21,6,15,-9,5,0,1,-4,22
zodac01,2,20,8,12,-4,0,0,2,-4,22
A_Stray_Throwaway,1,21,8,13,-5,0,1,1,-5,22
Abramighty,1,21,8,13,-5,0,1,1,-5,22
aidan878,1,21,8,13,-5,0,1,1,-5,22
Airplane_Mode,1,21,8,13,-5,0,1,1,-5,22
BradStar879,1,21,8,13,-5,0,1,1,-5,22
CrescentMethod,1,21,7,14,-7,2,1,1,-5,22
detry322,1,21,7,14,-7,2,1,1,-5,22
Durp676,1,21,7,14,-7,2,1,1,-5,22
Eltonbrand,1,21,8,13,-5,0,1,1,-5,22
funmaker0206,1,21,8,13,-5,0,1,1,-5,22
Garphin,1,21,8,13,-5,0,1,1,-5,22
go_betty_go,1,21,8,13,-5,0,1,1,-5,22
Grwl,1,21,7,14,-7,2,1,1,-5,22
joeyignorant,1,21,8,13,-5,0,1,1,-5,22
johkonut,1,21,8,13,-5,0,1,1,-5,22
katiebug22,1,21,8,13,-5,0,1,1,-5,22
Keldeo,1,21,8,13,-5,0,1,1,-5,22
LetsGetMystical,1,21,7,14,-7,2,1,1,-5,22
Lolgotchabitch,1,21,8,13,-5,0,1,1,-5,22
MooManMcMicr,1,21,6,15,-9,4,1,1,-5,22
orangelantern,1,21,8,13,-5,0,1,1,-5,22
Raga81,1,21,8,13,-5,0,1,1,-5,22
rdelaney89,1,21,8,13,-5,0,1,1,-5,22
rinkidinkidoo,1,21,5,16,-11,6,1,1,-5,22
sillylincon,1,21,8,13,-5,0,1,1,-5,22
taconipples,1,21,8,13,-5,0,1,1,-5,22
thatweirdkid17,1,21,8,13,-5,0,1,1,-5,22
triple_imposter,1,21,8,13,-5,0,1,1,-5,22
Tropie,1,21,8,13,-5,0,1,1,-5,22
U21976,1,21,7,14,-7,2,1,1,-5,22
WhyDontHobos,1,21,6,15,-9,4,1,1,-5,22
aec694,1,21,7,14,-7,2,0,1,-5,22
dbbo,1,21,8,13,-5,0,0,1,-5,22
fluffyButtons,1,21,8,13,-5,0,0,1,-5,22
kitskats,1,21,8,13,-5,0,0,1,-5,22
opoq,1,21,8,13,-5,0,0,1,-5,22
rannie_pophe,1,21,8,13,-5,0,0,1,-5,22
TheRealNiall,2,20,7,13,-6,0,2,2,-6,22
deniskoch,1,21,6,15,-9,3,1,1,-6,22
smelly_beans,2,20,6,14,-8,2,1,2,-6,22
stoatyboy,2,20,7,13,-6,0,1,2,-6,22
suckmyjesus,2,20,7,13,-6,0,1,2,-6,22
adibahasan,1,21,7,14,-7,0,1,1,-7,22
aussieboy20,1,21,7,14,-7,0,1,1,-7,22
Cantwaitforbacon,1,21,7,14,-7,0,1,1,-7,22
daboss321,1,21,7,14,-7,0,1,1,-7,22
Firekingpro,1,21,7,14,-7,0,1,1,-7,22
Gnile18,1,21,7,14,-7,0,1,1,-7,22
hoodrich1,1,21,7,14,-7,0,1,1,-7,22
isaacw101,1,21,7,14,-7,0,1,1,-7,22
Mr_M_Burns,1,21,7,14,-7,0,1,1,-7,22
ptownyup,1,21,7,14,-7,0,1,1,-7,22
punderful,1,21,7,14,-7,0,1,1,-7,22
Re-Invention,1,21,7,14,-7,0,1,1,-7,22
Rizrizzo,1,21,7,14,-7,0,1,1,-7,22
SavageBrotherRob,1,21,7,14,-7,0,1,1,-7,22
selventime,1,21,6,15,-9,2,1,1,-7,22
slowwburnn,1,21,7,14,-7,0,1,1,-7,22
Smokey95,1,21,7,14,-7,0,1,1,-7,22
st8rubbish,1,21,7,14,-7,0,1,1,-7,22
tasty_ass_fur,1,21,7,14,-7,0,1,1,-7,22
Trenticle,1,21,7,14,-7,0,1,1,-7,22
another-thing,1,21,7,14,-7,0,0,1,-7,22
ReplyYouDidntExpect,1,21,7,14,-7,0,0,1,-7,22
skenmy,1,21,7,14,-7,0,0,1,-7,22
SurpriseButtSexer,1,21,7,14,-7,0,0,1,-7,22
tcm1192,1,21,7,14,-7,0,0,1,-7,22
pdaddylepoids,1,21,4,17,-13,5,1,1,-8,22
reLAXnDrew,1,21,4,17,-13,5,1,1,-8,22
atc_like_a_boss,1,21,6,15,-9,0,1,1,-9,22
awesomedude123,1,21,6,15,-9,0,1,1,-9,22
bewareofdware,1,21,6,15,-9,0,1,1,-9,22
BloomsburyHotel,1,21,5,16,-11,2,1,1,-9,22
elmocheapshot,1,21,6,15,-9,0,1,1,-9,22
budgell15,1,21,6,15,-9,0,0,1,-9,22
chesterrr,1,21,6,15,-9,0,0,1,-9,22
Anklebreakers22,1,21,5,16,-11,0,1,1,-11,22
cheapinvite1,1,21,5,16,-11,0,1,1,-11,22
wiiman124,1,21,5,16,-11,0,1,1,-11,22
I3P,1,21,4,17,-13,2,0,1,-11,22
A_Hairy_Wizard,1,22,5,17,-12,0,1,0,-12,22
passwordrememberfail,1,21,4,17,-13,0,1,1,-13,22
cowgal,1,21,4,17,-13,0,0,1,-13,22
nakedpickle,1,22,3,19,-16,2,1,0,-14,22
InexperiencedLuthier,1,21,3,18,-15,0,1,1,-15,22
JamesGiannaros,1,21,2,19,-17,0,0,1,-17,22
transfatfree,1,20,14,6,8,20,1,1,28,21
joshb22,1,21,15,6,9,18,1,0,27,21
cereal_kill3r,1,20,19,1,18,7,1,1,25,21
ward_152,1,21,18,3,15,10,1,0,25,21
adkhiker137,1,20,18,2,16,8,1,1,24,21
spiderbat,1,21,19,2,17,6,1,0,23,21
Hala92,1,20,20,0,20,2,1,1,22,21
Of_Rhythm,1,20,19,1,18,4,0,1,22,21
aceofspades0707,1,20,18,2,16,4,1,1,20,21
Christherob,1,20,19,1,18,2,1,1,20,21
mother_of_gusta,1,20,14,6,8,12,1,1,20,21
mswabs,1,20,20,0,20,0,1,1,20,21
nsway,1,20,19,1,18,2,1,1,20,21
SeniorTinyMarbles,1,21,16,5,11,9,1,0,20,21
thedudeltl,1,20,19,1,18,2,1,1,20,21
1469,1,20,15,5,10,10,0,1,20,21
Sparxx25,1,20,19,1,18,2,0,1,20,21
TofuxCake,1,20,19,1,18,2,0,1,20,21
engineeringENT,1,20,18,2,16,3,1,1,19,21
kattyfbrannon,1,21,19,2,17,2,1,0,19,21
redhottamale,1,20,18,2,16,3,1,1,19,21
WeirdFishes31,1,20,17,3,14,5,1,1,19,21
bernardo14,1,20,18,2,16,3,0,1,19,21
Q149851,1,20,18,2,16,3,0,1,19,21
Calipornia,1,21,9,12,-3,21,1,0,18,21
ChrisLinen,1,20,19,1,18,0,1,1,18,21
freyabird17,1,20,17,3,14,4,1,1,18,21
hatTiper,1,20,19,1,18,0,1,1,18,21
impl0,1,20,19,1,18,0,1,1,18,21
rawtfulawlz,1,20,16,4,12,6,1,1,18,21
SevereMigraine,1,20,17,3,14,4,1,1,18,21
TimeToPartyDA,2,20,17,3,14,4,1,1,18,21
unifiedac,1,21,15,6,9,9,1,0,18,21
Cordereyes,1,20,13,7,6,12,0,1,18,21
no_420_is_my_bday,1,20,18,2,16,2,0,1,18,21
_-AJ-_,1,21,19,2,17,0,1,0,17,21
CadBane,1,21,19,2,17,0,1,0,17,21
candiekane,2,19,18,1,17,0,1,2,17,21
njvd,1,20,16,4,12,5,1,1,17,21
thst1003,1,20,16,4,12,5,1,1,17,21
ZEFninja,1,20,17,3,14,3,1,1,17,21
jinklmun,1,20,17,3,14,3,0,1,17,21
tbrehm,2,19,16,3,13,3,2,2,16,21
anttyk47,1,20,18,2,16,0,1,1,16,21
Areat,1,20,16,4,12,4,1,1,16,21
bokiolare,1,20,18,2,16,0,1,1,16,21
giant_clam,1,20,15,5,10,6,1,1,16,21
halcyon209,1,20,18,2,16,0,1,1,16,21
kapitankhazi,1,20,17,3,14,2,1,1,16,21
mike_b_nimble,1,21,12,9,3,13,1,0,16,21
oliverhart,1,20,18,2,16,0,1,1,16,21
panther14,1,20,17,3,14,2,1,1,16,21
project_pata,1,20,17,3,14,2,1,1,16,21
Rainbow_D_Dash,1,20,18,2,16,0,1,1,16,21
Sapes,1,20,14,6,8,8,1,1,16,21
sKyAnGeLuS,1,20,18,2,16,0,1,1,16,21
Stealyourdonkey,1,20,8,12,-4,20,1,1,16,21
Vegeta9001,1,20,18,2,16,0,1,1,16,21
Cydoodles,1,20,18,2,16,0,0,1,16,21
Dolan_Be_Trollin,1,20,18,2,16,0,0,1,16,21
expertzinfoodz,1,20,17,3,14,2,0,1,16,21
rdaga,1,20,18,2,16,0,0,1,16,21
AbsurdSax,1,20,16,4,12,3,1,1,15,21
AddictiveSoup,1,21,18,3,15,0,1,0,15,21
AnAberrantCow,1,20,16,4,12,3,1,1,15,21
General__Specific,1,20,15,5,10,5,1,1,15,21
joshuba,1,21,16,5,11,4,1,0,15,21
Need_Tree_Fiddy,1,21,18,3,15,0,1,0,15,21
qwertyqaz2314,1,20,16,4,12,3,1,1,15,21
Richie77727,1,21,18,3,15,0,1,0,15,21
tierauftier,1,21,18,3,15,0,1,0,15,21
joethomma,1,20,16,4,12,3,0,1,15,21
angryorchidi,1,20,16,4,12,2,1,1,14,21
bscotty919,1,20,17,3,14,0,1,1,14,21
colorcoded1,1,20,17,3,14,0,1,1,14,21
CylonGlitch,1,20,17,3,14,0,1,1,14,21
Daemonbomb,1,20,17,3,14,0,1,1,14,21
doctorletsche,1,20,16,4,12,2,1,1,14,21
Eurycerus,1,20,16,4,12,2,1,1,14,21
GingerSatan,1,20,16,4,12,2,1,1,14,21
Heavenlypotatoes,1,20,17,3,14,0,1,1,14,21
heliumspoon,1,20,17,3,14,0,1,1,14,21
iamislander,1,20,17,3,14,0,1,1,14,21
katey1801,1,20,16,4,12,2,1,1,14,21
loganemar,1,20,14,6,8,6,1,1,14,21
Lollylopper,1,20,17,3,14,0,1,1,14,21
mandy2846,1,20,17,3,14,0,1,1,14,21
maniaaonreddit,1,20,17,3,14,0,1,1,14,21
melefante,1,20,17,3,14,0,1,1,14,21
MisterSnazzy,1,20,15,5,10,4,1,1,14,21
Mudnart,1,20,17,3,14,0,1,1,14,21
myrealgrandparents,1,20,17,3,14,0,1,1,14,21
Ogow,1,20,17,3,14,0,1,1,14,21
probably_not_funny,1,20,17,3,14,0,1,1,14,21
r4robertwhite,1,21,16,5,11,3,1,0,14,21
Rhino887,1,20,17,3,14,0,1,1,14,21
s810,1,20,16,4,12,2,1,1,14,21
SHINYSUITMAN,1,20,15,5,10,4,1,1,14,21
sourpatchparents,1,20,16,4,12,2,1,1,14,21
Spongeroberto,1,20,17,3,14,0,1,1,14,21
SXL,1,20,17,3,14,0,1,1,14,21
thatfreaksam,1,20,17,3,14,0,1,1,14,21
The_STD_In_STUD,1,20,17,3,14,0,1,1,14,21
theamazingtarkus,1,20,15,5,10,4,1,1,14,21
thechad90000,1,20,17,3,14,0,1,1,14,21
wrerwin,1,20,17,3,14,0,1,1,14,21
xXPokemonMasterXx,1,20,17,3,14,0,1,1,14,21
yfib,1,20,16,4,12,2,1,1,14,21
Flyingphuk,1,20,15,5,10,4,0,1,14,21
mojowitchcraft,1,20,15,5,10,4,0,1,14,21
samettleman,1,20,17,3,14,0,0,1,14,21
1337-Cat,1,20,15,5,10,3,1,1,13,21
22acacia,1,21,17,4,13,0,1,0,13,21
ben559,1,21,17,4,13,0,1,0,13,21
blackbubblegum,1,21,17,4,13,0,1,0,13,21
fnordo,1,21,17,4,13,0,1,0,13,21
HyperShadow,1,20,15,5,10,3,1,1,13,21
lester_averman,1,20,14,6,8,5,1,1,13,21
moelost,1,20,15,5,10,3,1,1,13,21
mynameisaxelito,1,20,15,5,10,3,1,1,13,21
nasa1fan,1,21,17,4,13,0,1,0,13,21
Nugget_Muffins,1,20,14,6,8,5,1,1,13,21
ramsay_baggins,1,20,15,5,10,3,1,1,13,21
trevins,1,21,16,5,11,2,1,0,13,21
Tyrsyn,1,21,15,6,9,4,1,0,13,21
EinsteinWuzHere,1,20,14,6,8,5,0,1,13,21
AOIM_CubanJ,2,20,16,4,12,0,1,1,12,21
brakstone91,1,20,15,5,10,2,1,1,12,21
caspervox,1,20,14,6,8,4,1,1,12,21
ConnorFlanagan,1,20,16,4,12,0,1,1,12,21
crazychipmonk,1,20,14,6,8,4,1,1,12,21
davetbison,1,20,16,4,12,0,1,1,12,21
devolute,1,20,11,9,2,10,1,1,12,21
divor,1,20,16,4,12,0,1,1,12,21
ericsantos,1,20,14,6,8,4,1,1,12,21
erkn,1,20,16,4,12,0,1,1,12,21
ftr223jpn,1,20,16,4,12,0,1,1,12,21
Hydralli,1,20,16,4,12,0,1,1,12,21
jcam127,1,20,16,4,12,0,1,1,12,21
M1CR01D,1,20,16,4,12,0,1,1,12,21
miaomeowmiao,1,20,16,4,12,0,1,1,12,21
Mode_,1,20,14,6,8,4,1,1,12,21
MrStavanger,1,20,16,4,12,0,1,1,12,21
nathaniel44tree,1,20,16,4,12,0,1,1,12,21
not_what_it_seams,1,20,15,5,10,2,1,1,12,21
PineappleBrounie,1,20,16,4,12,0,1,1,12,21
pinoorot,1,20,16,4,12,0,1,1,12,21
RadicalBlarg,1,20,14,6,8,4,1,1,12,21
RadioMars,1,20,16,4,12,0,1,1,12,21
Reverend_Boom,1,20,16,4,12,0,1,1,12,21
rjeiu17,1,20,16,4,12,0,1,1,12,21
rockthewaves33,1,20,16,4,12,0,1,1,12,21
SKURITYYYYY,1,20,16,4,12,0,1,1,12,21
sydsyd,1,20,14,6,8,4,1,1,12,21
uzvgames,1,20,15,5,10,2,1,1,12,21
vinox,1,20,15,5,10,2,1,1,12,21
vppsintist,1,20,15,5,10,2,1,1,12,21
waitingtoexpatriate,1,20,15,5,10,2,1,1,12,21
wessiide,1,20,16,4,12,0,1,1,12,21
WisdomSnippet,1,20,16,4,12,0,1,1,12,21
abeastlyplayer,1,20,15,5,10,2,0,1,12,21
esotericobserver,1,20,16,4,12,0,0,1,12,21
mikelovesbarb,1,20,14,6,8,4,0,1,12,21
amhou,1,20,14,6,8,3,1,1,11,21
Big_Wax,1,21,16,5,11,0,1,0,11,21
biofetus,1,20,13,7,6,5,1,1,11,21
Deep_Black_Joe,1,20,14,6,8,3,1,1,11,21
Dunskap,1,20,14,6,8,3,1,1,11,21
jpjamo,1,21,16,5,11,0,1,0,11,21
mahucharn,1,21,16,5,11,0,1,0,11,21
mrdocat,1,21,16,5,11,0,1,0,11,21
peepholecircus,1,21,15,6,9,2,1,0,11,21
quieterthanbombs,1,21,15,6,9,2,1,0,11,21
sararules2,1,20,14,6,8,3,1,1,11,21
Sharkstone,1,20,13,7,6,5,1,1,11,21
snarkazm,1,20,14,6,8,3,1,1,11,21
T-REX_BONER,1,20,14,6,8,3,1,1,11,21
f141998,1,20,14,6,8,3,0,1,11,21
FIREWORKSrUS,1,20,14,6,8,3,0,1,11,21
honeydewsmooth,1,20,13,7,6,5,0,1,11,21
Juru,1,20,14,6,8,3,0,1,11,21
saucypanda,1,20,14,6,8,3,0,1,11,21
AdamSC1,1,20,15,5,10,0,1,1,10,21
bb3rica,1,20,15,5,10,0,1,1,10,21
BbrotherHill,1,20,15,5,10,0,1,1,10,21
BBSkane,1,20,15,5,10,0,1,1,10,21
bigtlilal,1,20,15,5,10,0,1,1,10,21
buboo321,1,20,14,6,8,2,1,1,10,21
charinard,1,20,14,6,8,2,1,1,10,21
elimoore22,1,20,15,5,10,0,1,1,10,21
elle_c_c,1,20,9,11,-2,12,1,1,10,21
extremelyp,1,20,13,7,6,4,1,1,10,21
Gontattoo,1,20,15,5,10,0,1,1,10,21
havebananas,1,20,15,5,10,0,1,1,10,21
ItRant4U,1,20,13,7,6,4,1,1,10,21
JohnnyRage,1,20,15,5,10,0,1,1,10,21
leburninator,1,20,15,5,10,0,1,1,10,21
legacyin123,1,20,15,5,10,0,1,1,10,21
LtPeanuts,1,20,15,5,10,0,1,1,10,21
macpride,1,20,15,5,10,0,1,1,10,21
maryummy,1,20,15,5,10,0,1,1,10,21
MEDIOCRE_PENIS,1,20,14,6,8,2,1,1,10,21
MK24KIRK,1,20,12,8,4,6,1,1,10,21
mm96bj,1,20,15,5,10,0,1,1,10,21
not_again123,1,20,13,7,6,4,1,1,10,21
plastic-superhero,1,20,8,12,-4,14,1,1,10,21
Riconot-so-suave,1,20,14,6,8,2,1,1,10,21
sawser,1,20,15,5,10,0,1,1,10,21
tech-junkie,1,20,13,7,6,4,1,1,10,21
thecreator1337,1,20,13,7,6,4,1,1,10,21
Thelittlenick,1,20,15,5,10,0,1,1,10,21
TheNorris,1,20,15,5,10,0,1,1,10,21
thePineapple-,1,20,15,5,10,0,1,1,10,21
theworstest,1,20,15,5,10,0,1,1,10,21
TylerA8,1,20,15,5,10,0,1,1,10,21
whoareyouagain,1,20,13,7,6,4,1,1,10,21
wicked_games,1,20,15,5,10,0,1,1,10,21
xxthatguyxx,1,20,15,5,10,0,1,1,10,21
yellingletters,1,20,13,7,6,4,1,1,10,21
Zerica,1,20,15,5,10,0,1,1,10,21
3rickZann,1,20,15,5,10,0,0,1,10,21
Albierio,1,20,15,5,10,0,0,1,10,21
anthem85,3,18,13,5,8,2,0,3,10,21
Fahlen,1,20,15,5,10,0,0,1,10,21
flyingcomma,1,20,15,5,10,0,0,1,10,21
krankdaddy,1,20,15,5,10,0,0,1,10,21
madlaw7,1,20,14,6,8,2,0,1,10,21
MyDaddyTaughtMeWell,1,20,15,5,10,0,0,1,10,21
patrickstanz,1,20,15,5,10,0,0,1,10,21
saffroncar,1,20,14,6,8,2,0,1,10,21
theory99,1,20,15,5,10,0,0,1,10,21
xiixserephimx,1,20,15,5,10,0,0,1,10,21
Xinam,1,20,15,5,10,0,0,1,10,21
applej00ce,2,19,13,6,7,2,1,2,9,21
Dopeaz,1,20,13,7,6,3,1,1,9,21
I_GIF_Myself,1,20,13,7,6,3,1,1,9,21
inhaleXhale420,1,20,13,7,6,3,1,1,9,21
undearius,1,20,13,7,6,3,1,1,9,21
cashley44,1,20,13,7,6,3,0,1,9,21
Ftlguy88,1,20,13,7,6,3,0,1,9,21
Steve_The_Bandit,2,19,14,5,9,0,0,2,9,21
_dirigo_,1,20,14,6,8,0,1,1,8,21
bearimir,1,20,14,6,8,0,1,1,8,21
Dean403,1,20,14,6,8,0,1,1,8,21
devicat,1,20,13,7,6,2,1,1,8,21
dnalloH5,1,20,13,7,6,2,1,1,8,21
EricSchC1fr,1,20,12,8,4,4,1,1,8,21
Farfalla,1,20,14,6,8,0,1,1,8,21
freerangetrousers,1,20,14,6,8,0,1,1,8,21
ghostiegirl,1,20,14,6,8,0,1,1,8,21
idropepics,1,20,14,6,8,0,1,1,8,21
Iim2uw,1,20,13,7,6,2,1,1,8,21
JacksConcience,1,20,14,6,8,0,1,1,8,21
jemdun14,1,20,14,6,8,0,1,1,8,21
joebastwin,1,20,12,8,4,4,1,1,8,21
Le_Jonny_41293,1,20,14,6,8,0,1,1,8,21
My_Rick,1,20,14,6,8,0,1,1,8,21
Niminimboffa,1,20,14,6,8,0,1,1,8,21
OatGerm,1,20,14,6,8,0,1,1,8,21
paulfknwalsh,1,20,14,6,8,0,1,1,8,21
philosocrapper,1,20,13,7,6,2,1,1,8,21
PuffleSnuffles,1,20,14,6,8,0,1,1,8,21
Pupmup,1,20,14,6,8,0,1,1,8,21
Reddstarrx,1,20,14,6,8,0,1,1,8,21
Rickw00d,1,20,14,6,8,0,1,1,8,21
SlickbackForShort,1,20,13,7,6,2,1,1,8,21
TheSuperSax,1,20,14,6,8,0,1,1,8,21
tobyschoonover,1,20,14,6,8,0,1,1,8,21
tomsfoolery,1,20,14,6,8,0,1,1,8,21
Velvetroses,1,20,14,6,8,0,1,1,8,21
whootang,1,20,14,6,8,0,1,1,8,21
ZechzMarquise,1,20,14,6,8,0,1,1,8,21
AnnHayes,1,20,14,6,8,0,0,1,8,21
Constantsolitary,1,20,11,9,2,6,0,1,8,21
doodlebobber,1,20,14,6,8,0,0,1,8,21
langsetm,1,20,14,6,8,0,0,1,8,21
Lyran_Outcast,1,20,14,6,8,0,0,1,8,21
mmike9896,1,20,14,6,8,0,0,1,8,21
onus111,1,20,13,7,6,2,0,1,8,21
saint_david,1,20,14,6,8,0,0,1,8,21
Simon_the_Cannibal,1,20,14,6,8,0,0,1,8,21
strobz808,1,20,14,6,8,0,0,1,8,21
bushybr0ws,2,19,12,7,5,2,2,2,7,21
Chamero,2,19,13,6,7,0,2,2,7,21
smartasshipstername,2,19,12,7,5,2,2,2,7,21
tophasaurusrex,2,19,12,7,5,2,2,2,7,21
Abbatia,1,21,14,7,7,0,1,0,7,21
Arton4,1,21,13,8,5,2,1,0,7,21
Falling-With-Style,1,20,12,8,4,3,1,1,7,21
fisher02554,2,19,11,8,3,4,1,2,7,21
kortheuerm,1,20,12,8,4,3,1,1,7,21
NeoZeroMunky,1,20,12,8,4,3,1,1,7,21
oaktown8410,1,20,10,10,0,7,1,1,7,21
RachaleB,1,20,11,9,2,5,1,1,7,21
Rainbowdashyy,1,21,14,7,7,0,1,0,7,21
reasonway,1,20,11,9,2,5,1,1,7,21
screw_on_head,1,20,12,8,4,3,1,1,7,21
tanaKa-,1,20,12,8,4,3,1,1,7,21
the3count,1,21,14,7,7,0,1,0,7,21
ubomw,1,20,10,10,0,7,1,1,7,21
yves831,1,20,12,8,4,3,1,1,7,21
ZexCo,1,21,14,7,7,0,1,0,7,21
TheBroticus42,2,19,13,6,7,0,0,2,7,21
AaronHartmann,1,20,13,7,6,0,1,1,6,21
AwesomeOrca,1,20,13,7,6,0,1,1,6,21
BaileyBabyBear,1,20,13,7,6,0,1,1,6,21
bbro872,1,20,13,7,6,0,1,1,6,21
Bick0000,1,20,12,8,4,2,1,1,6,21
BionicSammich,1,20,13,7,6,0,1,1,6,21
BoxOLuv,1,20,13,7,6,0,1,1,6,21
Bradleywyros,1,20,12,8,4,2,1,1,6,21
buffalowing,1,20,12,8,4,2,1,1,6,21
ChezzzWa,1,20,13,7,6,0,1,1,6,21
chicubs3794,1,20,12,8,4,2,1,1,6,21
Chrushd,1,20,12,8,4,2,1,1,6,21
coldpenguinnz,1,20,13,7,6,0,1,1,6,21
G1ZA413,1,20,13,7,6,0,1,1,6,21
GuolinM,1,20,11,9,2,4,1,1,6,21
Hampostic,1,20,12,8,4,2,1,1,6,21
ineedyourmotorcycle,1,20,13,7,6,0,1,1,6,21
jengerbread,1,20,12,8,4,2,1,1,6,21
jetery,1,20,12,8,4,2,1,1,6,21
Kaziel_Urelius,1,20,12,8,4,2,1,1,6,21
kdanielson,1,20,13,7,6,0,1,1,6,21
KingPillow,1,20,12,8,4,2,1,1,6,21
loves2comment,1,20,12,8,4,2,1,1,6,21
Medicham,1,20,13,7,6,0,1,1,6,21
Megustanutela,1,20,13,7,6,0,1,1,6,21
MonksWithSticks,1,20,12,8,4,2,1,1,6,21
MTGandP,1,20,12,8,4,2,1,1,6,21
mydadstongue,1,20,13,7,6,0,1,1,6,21
panda_box,1,20,13,7,6,0,1,1,6,21
pissmidget89,1,20,13,7,6,0,1,1,6,21
PROTTOZ,1,20,12,8,4,2,1,1,6,21
RageKit,1,20,13,7,6,0,1,1,6,21
sassy-andy,1,20,13,7,6,0,1,1,6,21
SleeteWayne,1,20,11,9,2,4,1,1,6,21
somecrazydude13,1,21,12,9,3,3,1,0,6,21
ssweetbacontits,1,20,11,9,2,4,1,1,6,21
tensecondtampon,1,20,9,11,-2,8,1,1,6,21
thatSTUDerer,1,20,13,7,6,0,1,1,6,21
theangryrainbow,1,20,11,9,2,4,1,1,6,21
TonyBaggaDonutz,1,20,13,7,6,0,1,1,6,21
Tyler_epp,1,20,13,7,6,0,1,1,6,21
Vonze,1,20,11,9,2,4,1,1,6,21
WarpvsWeft,1,20,12,8,4,2,1,1,6,21
weedhigh,1,20,11,9,2,4,1,1,6,21
whiteboi_bb,1,20,13,7,6,0,1,1,6,21
zamwut,1,20,13,7,6,0,1,1,6,21
abbecadabra,1,20,13,7,6,0,0,1,6,21
amathyst8,1,20,11,9,2,4,0,1,6,21
blessifer,1,20,13,7,6,0,0,1,6,21
deathril,1,20,13,7,6,0,0,1,6,21
iamfrostytom,1,20,13,7,6,0,0,1,6,21
kano91,1,20,13,7,6,0,0,1,6,21
LURKM0AR,1,20,11,9,2,4,0,1,6,21
Oakin,1,20,12,8,4,2,0,1,6,21
jackmccarver,2,19,12,7,5,0,2,2,5,21
Jzkqm,2,21,13,8,5,0,2,0,5,21
vitras,2,19,12,7,5,0,2,2,5,21
aairez,2,19,12,7,5,0,1,2,5,21
ada2138,1,21,13,8,5,0,1,0,5,21
audhumbla,1,20,11,9,2,3,1,1,5,21
barbarianbobb,1,20,10,10,0,5,1,1,5,21
CAPerez9,1,20,11,9,2,3,1,1,5,21
cinnibun,1,20,11,9,2,3,1,1,5,21
cmongler1337,1,21,13,8,5,0,1,0,5,21
Corporal_Sissypants,1,21,13,8,5,0,1,0,5,21
Hexodam,1,20,11,9,2,3,1,1,5,21
imaznumkay,1,20,11,9,2,3,1,1,5,21
IUSECAPSLOCK,1,20,11,9,2,3,1,1,5,21
justaveragegatsby,1,21,12,9,3,2,1,0,5,21
manchris,1,20,11,9,2,3,1,1,5,21
pfft_elbr,1,20,11,9,2,3,1,1,5,21
prayers4you,1,20,4,16,-12,17,1,1,5,21
TotalChuck,1,20,11,9,2,3,1,1,5,21
zVerge,1,20,11,9,2,3,1,1,5,21
cavymanz24,1,20,11,9,2,3,0,1,5,21
Chandragupta,1,20,11,9,2,3,0,1,5,21
makeit2x,1,20,11,9,2,3,0,1,5,21
DarkStarLove,2,19,6,13,-7,11,2,2,4,21
fijisoccer15,2,20,12,8,4,0,2,1,4,21
89rovi,1,20,11,9,2,2,1,1,4,21
ainen,1,20,12,8,4,0,1,1,4,21
Badassista,1,20,12,8,4,0,1,1,4,21
chutter_king,1,20,12,8,4,0,1,1,4,21
dirtymuffins23,1,20,12,8,4,0,1,1,4,21
drewfridley7,1,20,12,8,4,0,1,1,4,21
eventhorizon4096,1,20,11,9,2,2,1,1,4,21
fapfrican,1,20,12,8,4,0,1,1,4,21
FlavorousShawty,2,19,10,9,1,3,1,2,4,21
govtbovin3,1,20,12,8,4,0,1,1,4,21
hpdrifter,1,20,11,9,2,2,1,1,4,21
I_am_salad,1,20,11,9,2,2,1,1,4,21
iBS_PartyDoc,1,20,12,8,4,0,1,1,4,21
Jack8dup,1,20,12,8,4,0,1,1,4,21
jacobsimon818,1,20,12,8,4,0,1,1,4,21
javi27100,1,20,12,8,4,0,1,1,4,21
KarthusWins,1,20,11,9,2,2,1,1,4,21
kathryn98,1,20,11,9,2,2,1,1,4,21
kbman90,1,20,11,9,2,2,1,1,4,21
lemurlamb,1,20,12,8,4,0,1,1,4,21
llahlahkje,1,20,12,8,4,0,1,1,4,21
mapryan,1,20,12,8,4,0,1,1,4,21
Marinya,1,20,12,8,4,0,1,1,4,21
Mitchberg,1,20,12,8,4,0,1,1,4,21
monkbot1,1,20,12,8,4,0,1,1,4,21
MottoScotto,1,20,12,8,4,0,1,1,4,21
Nekkratal,1,20,12,8,4,0,1,1,4,21
Nightmorder,1,20,11,9,2,2,1,1,4,21
Nj_all_day,1,20,11,9,2,2,1,1,4,21
Non_Sane,1,20,12,8,4,0,1,1,4,21
NyanCatIsMyFather,1,20,11,9,2,2,1,1,4,21
orange_clock,1,20,11,9,2,2,1,1,4,21
popejustin,1,20,12,8,4,0,1,1,4,21
RitzBitzN,1,20,11,9,2,2,1,1,4,21
Ryster09,1,20,11,9,2,2,1,1,4,21
sardonicusmaxim,1,20,12,8,4,0,1,1,4,21
simpletrouserbeacon,1,20,12,8,4,0,1,1,4,21
SoonerDead,1,20,12,8,4,0,1,1,4,21
Spinal_Fap,1,20,12,8,4,0,1,1,4,21
Sshadow,1,20,12,8,4,0,1,1,4,21
steebs,1,20,12,8,4,0,1,1,4,21
tenyearstooold,1,20,12,8,4,0,1,1,4,21
thedevilsmilkman,1,20,12,8,4,0,1,1,4,21
upside_down_frown,1,20,12,8,4,0,1,1,4,21
ward_1717,1,20,12,8,4,0,1,1,4,21
Webbeh,1,20,11,9,2,2,1,1,4,21
Xenocide967,1,20,12,8,4,0,1,1,4,21
alphafain,1,20,10,10,0,4,0,1,4,21
BicthBeCool,1,20,12,8,4,0,0,1,4,21
Captain_Pineapple,1,20,12,8,4,0,0,1,4,21
Colham,1,20,11,9,2,2,0,1,4,21
DeFrank_J,1,20,11,9,2,2,0,1,4,21
hcwatson87,1,20,12,8,4,0,0,1,4,21
ISV_Damocles,1,20,12,8,4,0,0,1,4,21
kalenda,1,20,11,9,2,2,0,1,4,21
Lead_Dont_Follow,1,20,11,9,2,2,0,1,4,21
MrShellackers148,1,20,12,8,4,0,0,1,4,21
oldnewborrowedblue,1,20,12,8,4,0,0,1,4,21
RainbowDub,1,20,12,8,4,0,0,1,4,21
SirElliot,1,20,7,13,-6,10,0,1,4,21
squidge535,1,20,12,8,4,0,0,1,4,21
th3_captain,1,20,12,8,4,0,0,1,4,21
tostada73,1,20,11,9,2,2,0,1,4,21
coltonas,2,19,10,9,1,2,2,2,3,21
SuperShawnathon,2,19,11,8,3,0,2,2,3,21
bbbdddeee,1,20,10,10,0,3,1,1,3,21
CheesieOnion,1,21,11,10,1,2,1,0,3,21
ihadsexwithacorpse,1,21,12,9,3,0,1,0,3,21
maxwellmaxen,1,20,10,10,0,3,1,1,3,21
Poooooop_face,1,20,9,11,-2,5,1,1,3,21
T-bear96,1,20,10,10,0,3,1,1,3,21
Phoxorama,1,20,10,10,0,3,0,1,3,21
sjrose331,1,21,12,9,3,0,0,0,3,21
Towel-traveller,1,20,10,10,0,3,0,1,3,21
xandernator343,1,20,10,10,0,3,0,1,3,21
Drmmchick,2,20,11,9,2,0,2,1,2,21
Addisonhartford,1,20,10,10,0,2,1,1,2,21
aFilthyFish,1,20,7,13,-6,8,1,1,2,21
all_I_post_is_cats,1,20,11,9,2,0,1,1,2,21
AllShamelessReposts,1,20,11,9,2,0,1,1,2,21
BirddIsTheWordd,1,20,11,9,2,0,1,1,2,21
black_cracka,1,20,11,9,2,0,1,1,2,21
coorbs,1,20,11,9,2,0,1,1,2,21
cornballerburns,1,20,10,10,0,2,1,1,2,21
Dghadiri,1,20,11,9,2,0,1,1,2,21
Diggyd,1,20,11,9,2,0,1,1,2,21
en_passant_person,1,20,8,12,-4,6,1,1,2,21
eyethinkikn0wu,1,20,11,9,2,0,1,1,2,21
harris0n11,1,20,11,9,2,0,1,1,2,21
heythereperson123,1,20,10,10,0,2,1,1,2,21
hippiejoe,1,20,11,9,2,0,1,1,2,21
I_DID_A_GHOST_POO,1,20,10,10,0,2,1,1,2,21
ImFree123,1,20,11,9,2,0,1,1,2,21
jowofoto,1,20,11,9,2,0,1,1,2,21
justatemp5,1,20,11,9,2,0,1,1,2,21
kencrema,1,20,10,10,0,2,1,1,2,21
LemonExplosion,1,20,11,9,2,0,1,1,2,21
Max_Exploder,1,20,11,9,2,0,1,1,2,21
maximus91,1,20,9,11,-2,4,1,1,2,21
morganlogan,1,20,10,10,0,2,1,1,2,21
MrSpazziFrazzi,1,20,9,11,-2,4,1,1,2,21
MutantCupcakes,1,20,10,10,0,2,1,1,2,21
OldPeopleHateMe,1,20,11,9,2,0,1,1,2,21
OsterGuard,1,20,11,9,2,0,1,1,2,21
peavey19,1,20,11,9,2,0,1,1,2,21
Sanity_in_Moderation,1,20,11,9,2,0,1,1,2,21
sullen_ole_geezer,1,20,11,9,2,0,1,1,2,21
sunatori,1,20,11,9,2,0,1,1,2,21
TaylorTheJew123,1,20,8,12,-4,6,1,1,2,21
TheBaconMobile,1,20,10,10,0,2,1,1,2,21
Thor_Holmvik,1,20,11,9,2,0,1,1,2,21
WhiskeyDog,1,20,11,9,2,0,1,1,2,21
williamdb,1,20,8,12,-4,6,1,1,2,21
_Mr_whats_his_face,1,20,11,9,2,0,0,1,2,21
BenNasty,1,20,11,9,2,0,0,1,2,21
Calediggity,1,20,9,11,-2,4,0,1,2,21
hitlersshit,1,20,7,13,-6,8,0,1,2,21
professor-repost,1,20,11,9,2,0,0,1,2,21
seth_the_bear,1,20,11,9,2,0,0,1,2,21
this_is_war123,1,20,11,9,2,0,0,1,2,21
Wefferson,1,20,11,9,2,0,0,1,2,21
CHeeTo70,2,19,10,9,1,0,2,2,1,21
emsowns,2,19,10,9,1,0,2,2,1,21
Fxckyorkcity,2,19,10,9,1,0,2,2,1,21
-time_to_panic-,2,19,10,9,1,0,2,2,1,21
brokeassgradstudent,1,20,9,11,-2,3,1,1,1,21
dripitydropity,1,20,9,11,-2,3,1,1,1,21
dusty_boots,2,19,6,13,-7,8,1,2,1,21
secretlygaywalrus,1,20,8,12,-4,5,1,1,1,21
daylateredditor,1,20,9,11,-2,3,0,1,1,21
kala1928,2,19,8,11,-3,3,2,2,0,21
awinshel1,1,20,10,10,0,0,1,1,0,21
bba1337,1,20,8,12,-4,4,1,1,0,21
chinagreenelvis,1,20,10,10,0,0,1,1,0,21
darkmind7,1,20,10,10,0,0,1,1,0,21
EnixLHQ,2,19,7,12,-5,5,1,2,0,21
ethanderson,1,20,10,10,0,0,1,1,0,21
I_Dock,1,20,10,10,0,0,1,1,0,21
I_Literally_EatBears,1,20,10,10,0,0,1,1,0,21
i-hate-digg,1,21,8,13,-5,5,1,0,0,21
imanorca,1,20,10,10,0,0,1,1,0,21
inbetweenexams,1,20,9,11,-2,2,1,1,0,21
jrichar31,1,20,10,10,0,0,1,1,0,21
justcubes,1,20,9,11,-2,2,1,1,0,21
lifesbetterbackwards,1,20,10,10,0,0,1,1,0,21
LukeDutton378,1,20,10,10,0,0,1,1,0,21
markymark83,1,20,10,10,0,0,1,1,0,21
nickfetus,1,20,10,10,0,0,1,1,0,21
NightGolfer,1,20,8,12,-4,4,1,1,0,21
OralGape,1,20,10,10,0,0,1,1,0,21
PrincessBunyanFart,1,20,10,10,0,0,1,1,0,21
rjd808,1,20,10,10,0,0,1,1,0,21
saiyd,1,20,9,11,-2,2,1,1,0,21
shortinstature,1,20,10,10,0,0,1,1,0,21
Single_L,1,20,10,10,0,0,1,1,0,21
tenangrywookies,1,20,10,10,0,0,1,1,0,21
thechickwiththenails,1,20,8,12,-4,4,1,1,0,21
thehumblenachos,1,20,10,10,0,0,1,1,0,21
Timmy462,1,20,10,10,0,0,1,1,0,21
walom,1,20,7,13,-6,6,1,1,0,21
xlarukux,1,20,10,10,0,0,1,1,0,21
YouuuCannnnLeaveee,1,20,9,11,-2,2,1,1,0,21
abraddock,1,20,9,11,-2,2,0,1,0,21
abrohamlincoln99,1,20,9,11,-2,2,0,1,0,21
aylstockjohn,1,20,10,10,0,0,0,1,0,21
Bmtx18,1,20,10,10,0,0,0,1,0,21
cupcakeRiots,1,20,10,10,0,0,0,1,0,21
Dr_Bunsen_Burns,1,20,8,12,-4,4,0,1,0,21
KyraGrace,1,20,10,10,0,0,0,1,0,21
maxmaxweh,1,20,10,10,0,0,0,1,0,21
safety2nd,1,20,9,11,-2,2,0,1,0,21
WildHunter,1,20,10,10,0,0,0,1,0,21
zachwlewis,1,20,10,10,0,0,0,1,0,21
zapeter,1,20,10,10,0,0,0,1,0,21
gfotoxic,2,19,9,10,-1,0,2,2,-1,21
TooLongDidntRead,2,21,8,13,-5,4,2,0,-1,21
Aloss,1,21,10,11,-1,0,1,0,-1,21
Arteestic1,1,20,8,12,-4,3,1,1,-1,21
Babygurl6121,2,19,8,11,-3,2,1,2,-1,21
captaincalibos,1,20,8,12,-4,3,1,1,-1,21
djwalleee,1,20,8,12,-4,3,1,1,-1,21
FakeBitchSlut,1,20,8,12,-4,3,1,1,-1,21
s1hmo,1,21,10,11,-1,0,1,0,-1,21
Aksar0,2,21,10,11,-1,0,0,0,-1,21
Prone1,1,20,8,12,-4,3,0,1,-1,21
Zekr0m,2,19,9,10,-1,0,0,2,-1,21
FERRISBUELLER2000,2,19,6,13,-7,5,2,2,-2,21
_duncan,1,20,9,11,-2,0,1,1,-2,21
asharkey3,1,20,7,13,-6,4,1,1,-2,21
AwesomeDong,1,20,9,11,-2,0,1,1,-2,21
Billy_Ghandi,1,20,8,12,-4,2,1,1,-2,21
caesarj,1,20,9,11,-2,0,1,1,-2,21
ccman93,1,20,7,13,-6,4,1,1,-2,21
Chronomath,1,20,9,11,-2,0,1,1,-2,21
Dappersquid,1,20,9,11,-2,0,1,1,-2,21
Davidakos,1,20,7,13,-6,4,1,1,-2,21
destainmodesto,1,20,7,13,-6,4,1,1,-2,21
drc121,1,20,9,11,-2,0,1,1,-2,21
DylanCuster69,1,20,8,12,-4,2,1,1,-2,21
emilysbs,1,20,9,11,-2,0,1,1,-2,21
finalmomentum,1,20,7,13,-6,4,1,1,-2,21
gesborn27,1,20,7,13,-6,4,1,1,-2,21
heidgerken,1,20,9,11,-2,0,1,1,-2,21
Hoboshrimp,1,20,9,11,-2,0,1,1,-2,21
iliekmusik,1,20,8,12,-4,2,1,1,-2,21
insightfulspite,1,20,9,11,-2,0,1,1,-2,21
jayjay68,1,20,9,11,-2,0,1,1,-2,21
LuvCookies,1,20,8,12,-4,2,1,1,-2,21
memarianomusic,1,20,9,11,-2,0,1,1,-2,21
mopey57,1,20,9,11,-2,0,1,1,-2,21
morkoq,1,20,9,11,-2,0,1,1,-2,21
NebThron,1,20,9,11,-2,0,1,1,-2,21
PaigeWitchyWoman,1,20,9,11,-2,0,1,1,-2,21
Seiesnalli,1,20,8,12,-4,2,1,1,-2,21
Skiman123,1,20,9,11,-2,0,1,1,-2,21
sleezykeezy,1,20,9,11,-2,0,1,1,-2,21
SliNaN,1,20,9,11,-2,0,1,1,-2,21
squib4lyfe,1,20,8,12,-4,2,1,1,-2,21
Squishycat,1,20,9,11,-2,0,1,1,-2,21
trustdnb,1,20,9,11,-2,0,1,1,-2,21
uhhhhiforgot12,1,20,9,11,-2,0,1,1,-2,21
Weaponized_Dogturtle,1,20,8,12,-4,2,1,1,-2,21
welshiiieee,1,20,9,11,-2,0,1,1,-2,21
xGENTONGx,1,20,9,11,-2,0,1,1,-2,21
CanCorFTW,1,20,9,11,-2,0,0,1,-2,21
clashmedia,1,20,9,11,-2,0,0,1,-2,21
enjoithelrg,1,20,9,11,-2,0,0,1,-2,21
feLenius,1,20,8,12,-4,2,0,1,-2,21
GhostRideTheEcto1,1,20,8,12,-4,2,0,1,-2,21
highvolt,1,20,9,11,-2,0,0,1,-2,21
NLPMinecraft,1,20,9,11,-2,0,0,1,-2,21
sdeghuee,1,20,9,11,-2,0,0,1,-2,21
thereelperkins,1,20,9,11,-2,0,0,1,-2,21
XxDailyDreamxX,1,20,9,11,-2,0,0,1,-2,21
mossbergman,2,19,8,11,-3,0,2,2,-3,21
namfonos,2,19,8,11,-3,0,2,2,-3,21
chomkeyinbackyard,1,20,7,13,-6,3,1,1,-3,21
Dontforgetthecoffee,1,20,7,13,-6,3,1,1,-3,21
DubstepCheetah,1,20,7,13,-6,3,1,1,-3,21
efrfeb,1,21,6,15,-9,6,1,0,-3,21
Jconn80,1,20,6,14,-8,5,1,1,-3,21
jesusindrag,1,20,7,13,-6,3,1,1,-3,21
KidGold,1,20,7,13,-6,3,1,1,-3,21
kulaboy94,1,20,7,13,-6,3,1,1,-3,21
madder102,1,20,5,15,-10,7,1,1,-3,21
Tapionski,1,21,9,12,-3,0,1,0,-3,21
validstatement,1,21,9,12,-3,0,1,0,-3,21
vanillathunder12,1,20,7,13,-6,3,1,1,-3,21
Method909,1,20,7,13,-6,3,0,1,-3,21
cohara10,1,20,8,12,-4,0,1,1,-4,21
coldcole,1,20,7,13,-6,2,1,1,-4,21
Colonelwheel,1,20,6,14,-8,4,1,1,-4,21
DaredevilD19,1,20,8,12,-4,0,1,1,-4,21
daytonamike,1,20,8,12,-4,0,1,1,-4,21
Death_At_A_Range,1,20,8,12,-4,0,1,1,-4,21
erojordan69,1,20,6,14,-8,4,1,1,-4,21
formad12,1,20,8,12,-4,0,1,1,-4,21
Goyathlay,1,20,7,13,-6,2,1,1,-4,21
hackthefortress,1,20,8,12,-4,0,1,1,-4,21
harm0nic,1,20,7,13,-6,2,1,1,-4,21
HellsSniper,1,20,8,12,-4,0,1,1,-4,21
honoredorangatang,1,20,8,12,-4,0,1,1,-4,21
husbandfarts,1,20,8,12,-4,0,1,1,-4,21
itachi1998,1,20,7,13,-6,2,1,1,-4,21
jbenga,1,20,8,12,-4,0,1,1,-4,21
jgiraffe,1,20,8,12,-4,0,1,1,-4,21
LLCD,1,20,8,12,-4,0,1,1,-4,21
lldouglas,1,20,8,12,-4,0,1,1,-4,21
luckytree,1,20,7,13,-6,2,1,1,-4,21
majuhlazuh,1,20,8,12,-4,0,1,1,-4,21
mrsaturnjd,2,20,7,13,-6,2,1,1,-4,21
nwg123,1,20,7,13,-6,2,1,1,-4,21
off_inthe_shower,1,20,8,12,-4,0,1,1,-4,21
overloadedmonsters,1,20,7,13,-6,2,1,1,-4,21
PimpDaddySupreme,1,20,8,12,-4,0,1,1,-4,21
PoP0x,1,20,6,14,-8,4,1,1,-4,21
popemob33l,1,20,8,12,-4,0,1,1,-4,21
Qumbo,1,20,8,12,-4,0,1,1,-4,21
shroudedmoongirl,1,20,8,12,-4,0,1,1,-4,21
Splargles,1,20,8,12,-4,0,1,1,-4,21
thefalcon5110,1,20,8,12,-4,0,1,1,-4,21
thethiefstheme,1,20,7,13,-6,2,1,1,-4,21
thisisparker,1,20,6,14,-8,4,1,1,-4,21
thskid16,1,20,8,12,-4,0,1,1,-4,21
TinyTeddy93,1,20,8,12,-4,0,1,1,-4,21
tuaru,1,20,8,12,-4,0,1,1,-4,21
victini35,1,20,7,13,-6,2,1,1,-4,21
VideoVideo,1,20,8,12,-4,0,1,1,-4,21
viishrugged,1,20,8,12,-4,0,1,1,-4,21
West_Garden,1,20,8,12,-4,0,1,1,-4,21
whatthespence,1,20,8,12,-4,0,1,1,-4,21
Wilizi,1,20,8,12,-4,0,1,1,-4,21
wood_trim,1,20,8,12,-4,0,1,1,-4,21
zartcosgrove,1,20,8,12,-4,0,1,1,-4,21
immaturewalrus,1,20,8,12,-4,0,0,1,-4,21
jaico,1,20,8,12,-4,0,0,1,-4,21
lifeisrocks,1,20,8,12,-4,0,0,1,-4,21
lolrocks101,1,20,8,12,-4,0,0,1,-4,21
mcfuuuu,1,20,8,12,-4,0,0,1,-4,21
w8q,1,20,8,12,-4,0,0,1,-4,21
d0ndada,1,21,8,13,-5,0,1,0,-5,21
jojoduma,1,21,8,13,-5,0,1,0,-5,21
Lasyel,2,19,7,12,-5,0,1,2,-5,21
Proskater789,1,20,6,14,-8,3,1,1,-5,21
Arrow_to_the_knees,1,20,6,14,-8,3,0,1,-5,21
CHEEKY-KUNT,1,20,6,14,-8,3,0,1,-5,21
Blink180spew,1,20,7,13,-6,0,1,1,-6,21
boriswong,1,20,7,13,-6,0,1,1,-6,21
carnz06,1,20,7,13,-6,0,1,1,-6,21
CuteSheep,1,20,7,13,-6,0,1,1,-6,21
dagobahh,1,20,7,13,-6,0,1,1,-6,21
DrEagle,1,20,7,13,-6,0,1,1,-6,21
ewitsinmyhair,1,20,4,16,-12,6,1,1,-6,21
Fallen1092,1,20,7,13,-6,0,1,1,-6,21
G_U_Y,1,20,7,13,-6,0,1,1,-6,21
Jmshadow,1,20,7,13,-6,0,1,1,-6,21
krautm,1,20,7,13,-6,0,1,1,-6,21
liamdouglas,1,20,7,13,-6,0,1,1,-6,21
LiterallyJustReposts,1,20,7,13,-6,0,1,1,-6,21
mighymouse,1,20,7,13,-6,0,1,1,-6,21
mintrolling,1,20,7,13,-6,0,1,1,-6,21
MootBear,1,20,7,13,-6,0,1,1,-6,21
mr_understood,1,20,7,13,-6,0,1,1,-6,21
nasswar,1,20,7,13,-6,0,1,1,-6,21
nldaniel,1,20,7,13,-6,0,1,1,-6,21
pixie2pop2,1,20,6,14,-8,2,1,1,-6,21
Portgas,1,20,7,13,-6,0,1,1,-6,21
Ravage123,1,20,7,13,-6,0,1,1,-6,21
ryanmwilson,1,20,7,13,-6,0,1,1,-6,21
sheilawolf,1,20,7,13,-6,0,1,1,-6,21
SmitchNI,1,20,7,13,-6,0,1,1,-6,21
Sooperwalrus25,1,20,5,15,-10,4,1,1,-6,21
Spacecataz13,1,20,7,13,-6,0,1,1,-6,21
Squirrito,1,20,7,13,-6,0,1,1,-6,21
talanton,1,20,7,13,-6,0,1,1,-6,21
torched_platypi,1,20,7,13,-6,0,1,1,-6,21
Veebro,1,20,7,13,-6,0,1,1,-6,21
vinuash,1,20,6,14,-8,2,1,1,-6,21
WARH3ART,1,20,5,15,-10,4,1,1,-6,21
Wodashit,1,20,7,13,-6,0,1,1,-6,21
Yeskez,1,20,7,13,-6,0,1,1,-6,21
albus_the_white,2,20,7,13,-6,0,0,1,-6,21
Apollov4,1,20,7,13,-6,0,0,1,-6,21
claireypotter,1,20,7,13,-6,0,0,1,-6,21
PyroMan13,1,20,7,13,-6,0,0,1,-6,21
REkTeR,1,20,7,13,-6,0,0,1,-6,21
thatdoucher,1,20,7,13,-6,0,0,1,-6,21
j_rey253,2,19,6,13,-7,0,2,2,-7,21
amilhollin6,1,21,7,14,-7,0,1,0,-7,21
cupofworms,1,20,5,15,-10,3,1,1,-7,21
Famped,2,19,6,13,-7,0,1,2,-7,21
jayparade,1,20,5,15,-10,3,1,1,-7,21
jturkish,2,19,5,14,-9,2,1,2,-7,21
montydad5000,2,19,6,13,-7,0,0,2,-7,21
theverdadesque,1,20,5,15,-10,3,0,1,-7,21
bduboftexas,1,20,6,14,-8,0,1,1,-8,21
bhatia1996,1,20,6,14,-8,0,1,1,-8,21
cezwan,1,20,6,14,-8,0,1,1,-8,21
Esteban666,1,20,5,15,-10,2,1,1,-8,21
GuiloSinger,1,20,5,15,-10,2,1,1,-8,21
Immadino,1,20,6,14,-8,0,1,1,-8,21
jaayhee,1,20,6,14,-8,0,1,1,-8,21
LoneGunner7,1,20,5,15,-10,2,1,1,-8,21
Lucpsv96,1,20,6,14,-8,0,1,1,-8,21
MC_AFRO_MAGIC,1,20,6,14,-8,0,1,1,-8,21
melwhiteastonia,1,20,6,14,-8,0,1,1,-8,21
plutosgodfather,1,20,6,14,-8,0,1,1,-8,21
hadleygrass,1,20,5,15,-10,2,0,1,-8,21
woodscrews,1,20,5,15,-10,2,0,1,-8,21
hocket,2,19,5,14,-9,0,1,2,-9,21
mmb3,2,19,5,14,-9,0,1,2,-9,21
baylithe,1,20,4,16,-12,2,1,1,-10,21
DenominatorOfReddit,1,20,5,15,-10,0,1,1,-10,21
elliad,1,20,4,16,-12,2,1,1,-10,21
UKnowEddie,1,20,5,15,-10,0,1,1,-10,21
moodwrench,1,20,3,17,-14,3,1,1,-11,21
imnastee,1,20,4,16,-12,0,1,1,-12,21
BennyFTW,1,20,2,18,-16,3,1,1,-13,21
terdterdson,1,21,4,17,-13,0,0,0,-13,21
gleegy,1,19,5,14,-9,41,1,1,32,20
Angry_Skinny_Jeans,1,19,17,2,15,10,1,1,25,20
Shitgoose,1,20,14,6,8,15,1,0,23,20
skidoosh123,1,19,16,3,13,10,1,1,23,20
consuella99,1,20,18,2,16,6,1,0,22,20
jimCA,1,19,16,3,13,9,1,1,22,20
raleigh15,1,19,18,1,17,5,1,1,22,20
silentpat530,1,19,17,2,15,7,0,1,22,20
Spinal_Ooze,1,19,17,2,15,7,0,1,22,20
thekillingtype,1,19,19,0,19,3,0,1,22,20
TheBandoiler,1,19,19,0,19,2,1,1,21,20
B0nerpatrol,1,19,16,3,13,7,1,1,20,20
bixitande,1,20,18,2,16,4,1,0,20,20
gruntmeister,1,20,17,3,14,6,1,0,20,20
AnotherSmegHead,1,20,16,4,12,7,1,0,19,20
bilbohaggins,1,20,17,3,14,5,1,0,19,20
DrinkAndWalk,1,19,17,2,15,4,1,1,19,20
Kylix_,1,19,16,3,13,6,1,1,19,20
phoncible,1,19,18,1,17,2,1,1,19,20
Ragg0,1,19,18,1,17,2,1,1,19,20
SuperSpeedoMan,1,19,19,0,19,0,1,1,19,20
_odie,1,19,18,1,17,2,0,1,19,20
2makaw2,1,19,19,0,19,0,0,1,19,20
gman92,1,19,17,2,15,4,0,1,19,20
adl5164,1,20,19,1,18,0,1,0,18,20
bnjmv,1,20,18,2,16,2,1,0,18,20
CrownRights,1,19,16,3,13,5,1,1,18,20
donutdude246,1,20,18,2,16,2,1,0,18,20
JoshPearson_10,1,19,15,4,11,7,1,1,18,20
NeptunePirate,1,19,11,8,3,15,1,1,18,20
ChrizTheriaultt,2,18,18,0,18,0,0,2,18,20
Raylol,1,19,14,5,9,9,0,1,18,20
batteriesincluded,1,20,16,4,12,5,1,0,17,20
imkaneforever,1,19,18,1,17,0,1,1,17,20
KidoftheThird,1,20,17,3,14,3,1,0,17,20
PwnwallJackson,1,19,16,3,13,4,1,1,17,20
Remarcable,1,19,11,8,3,14,1,1,17,20
amanaboutahorse,1,19,18,1,17,0,0,1,17,20
hnuss69,1,19,15,4,11,6,0,1,17,20
Kueeny,2,19,15,4,11,6,0,1,17,20
Abh43,1,19,16,3,13,3,1,1,16,20
audiologist2016,1,19,15,4,11,5,1,1,16,20
dragonballtrees,1,20,18,2,16,0,1,0,16,20
GoVillain,1,20,18,2,16,0,1,0,16,20
Invinciblex,1,20,15,5,10,6,1,0,16,20
rdimon910,1,19,16,3,13,3,1,1,16,20
Sigulora,1,20,16,4,12,4,1,0,16,20
still_had_sex,1,19,16,3,13,3,1,1,16,20
thefantasticmrsnow,1,19,16,3,13,3,1,1,16,20
Walt_Grace,1,19,16,3,13,3,1,1,16,20
cryptical33,1,19,17,2,15,0,1,1,15,20
doctor_rocketship,1,19,17,2,15,0,1,1,15,20
hexian,1,19,15,4,11,4,1,1,15,20
NeckFace,1,19,17,2,15,0,1,1,15,20
prick_,1,19,16,3,13,2,1,1,15,20
Robobble,1,19,17,2,15,0,1,1,15,20
ruby_stone,1,19,17,2,15,0,1,1,15,20
syrent,1,19,17,2,15,0,1,1,15,20
tieranosaur,1,19,17,2,15,0,1,1,15,20
zp1012,1,19,17,2,15,0,1,1,15,20
Ethanamour,1,19,17,2,15,0,0,1,15,20
pokemon_calculator,1,19,17,2,15,0,0,1,15,20
spambi,1,19,17,2,15,0,0,1,15,20
ANAL_PLUNDERING,1,19,14,5,9,5,1,1,14,20
devinclark,1,19,15,4,11,3,1,1,14,20
FreneticAmnesic,1,19,15,4,11,3,1,1,14,20
parts_of_my_brain,1,20,16,4,12,2,1,0,14,20
pimpolho_saltitao,1,19,15,4,11,3,1,1,14,20
Retaboop,1,20,17,3,14,0,1,0,14,20
rosszombie,1,20,15,5,10,4,1,0,14,20
SonOfRageAndLuv,1,20,17,3,14,0,1,0,14,20
TheForrester7k,1,20,15,5,10,4,1,0,14,20
valkyriemissile,1,19,13,6,7,7,1,1,14,20
Kylex5005,1,19,15,4,11,3,0,1,14,20
Noobica,1,19,14,5,9,5,0,1,14,20
Texian83,1,19,13,6,7,7,0,1,14,20
_mr_Savage,1,19,15,4,11,2,1,1,13,20
Alrahil,1,19,15,4,11,2,1,1,13,20
American_Standard,2,19,16,3,13,0,1,1,13,20
Amicus_Conundrum,1,19,16,3,13,0,1,1,13,20
AndSushi,1,19,15,4,11,2,1,1,13,20
beegbee,1,19,15,4,11,2,1,1,13,20
courtney_rri,1,19,13,6,7,6,1,1,13,20
Cyclical_Universe,1,19,16,3,13,0,1,1,13,20
dismapartyface,1,19,14,5,9,4,1,1,13,20
dontshootmeimgay,1,19,16,3,13,0,1,1,13,20
Dusthunter0,1,19,15,4,11,2,1,1,13,20
GrumbleMumbles,1,19,16,3,13,0,1,1,13,20
hippogriffin,1,19,16,3,13,0,1,1,13,20
Jumpinjer,1,19,15,4,11,2,1,1,13,20
Korrugate,1,19,16,3,13,0,1,1,13,20
Leemurrr,1,19,15,4,11,2,1,1,13,20
lordbrony,1,19,15,4,11,2,1,1,13,20
majorhellbadass,1,19,16,3,13,0,1,1,13,20
mattmeister,1,19,16,3,13,0,1,1,13,20
Mr_Evangelion,1,19,16,3,13,0,1,1,13,20
pcucurullo,1,19,15,4,11,2,1,1,13,20
Rarararaaayka,1,19,16,3,13,0,1,1,13,20
screechingpandas45,1,20,15,5,10,3,1,0,13,20
Spartancarver,1,19,16,3,13,0,1,1,13,20
the_electric_gigolo,1,19,14,5,9,4,1,1,13,20
TheAbominableBJ,1,19,15,4,11,2,1,1,13,20
TheWarmInuit,1,19,16,3,13,0,1,1,13,20
TyLLy_4,1,19,16,3,13,0,1,1,13,20
UndyingFlames,1,19,16,3,13,0,1,1,13,20
Vudell,1,20,13,7,6,7,1,0,13,20
wyrdd,1,19,15,4,11,2,1,1,13,20
y2km11,1,19,16,3,13,0,1,1,13,20
yodilly,1,19,16,3,13,0,1,1,13,20
Emilyjk101,1,19,16,3,13,0,0,1,13,20
NeoShweaty,1,19,13,6,7,6,0,1,13,20
RidleyScotch,1,19,14,5,9,4,0,1,13,20
skiggitybombop,1,19,16,3,13,0,0,1,13,20
xXSJADOo,1,19,16,3,13,0,0,1,13,20
adamwilliam,1,19,11,8,3,9,1,1,12,20
Camo702,1,20,16,4,12,0,1,0,12,20
einstein92,1,19,11,8,3,9,1,1,12,20
Gleethor,1,20,15,5,10,2,1,0,12,20
menolikey,1,19,13,6,7,5,1,1,12,20
mikerowave,2,18,12,6,6,6,1,2,12,20
Sma11wood,1,19,14,5,9,3,1,1,12,20
tootallgiraffe,1,19,12,7,5,7,1,1,12,20
veryfunnyandhandsome,1,19,12,7,5,7,1,1,12,20
Irish15,2,19,13,6,7,5,0,1,12,20
joakes19,1,19,14,5,9,3,0,1,12,20
sherm7gto,1,19,14,5,9,3,0,1,12,20
CDubulous,1,19,11,8,3,8,1,1,11,20
cobracol,1,19,14,5,9,2,1,1,11,20
Czarroyalty,1,19,14,5,9,2,1,1,11,20
danielmayhem,1,19,15,4,11,0,1,1,11,20
Deydria,1,19,14,5,9,2,1,1,11,20
GASRx,1,19,12,7,5,6,1,1,11,20
giant_dwarf,1,19,15,4,11,0,1,1,11,20
Hellsludge,1,19,10,9,1,10,1,1,11,20
honkyfire,1,19,14,5,9,2,1,1,11,20
HowlingMadMurphy,1,19,15,4,11,0,1,1,11,20
iamremco,1,19,14,5,9,2,1,1,11,20
im_ylove,1,19,13,6,7,4,1,1,11,20
ImKennedy,1,19,15,4,11,0,1,1,11,20
kalowinta,1,19,15,4,11,0,1,1,11,20
kisielk,1,19,14,5,9,2,1,1,11,20
kives96,1,19,15,4,11,0,1,1,11,20
levin892,1,19,15,4,11,0,1,1,11,20
mrgrattan,1,20,14,6,8,3,1,0,11,20
NoNoveltyNeeded,1,19,15,4,11,0,1,1,11,20
pinkhairedboy,1,19,14,5,9,2,1,1,11,20
poptartdinosaur,1,19,13,6,7,4,1,1,11,20
PrinceTrogdorofWales,1,19,13,6,7,4,1,1,11,20
puce_pachyderm,1,19,15,4,11,0,1,1,11,20
Raptormkii,1,19,15,4,11,0,1,1,11,20
Reactions,1,19,15,4,11,0,1,1,11,20
rimaguy,1,19,15,4,11,0,1,1,11,20
sillymuffincakes,1,19,15,4,11,0,1,1,11,20
skertacular,1,19,15,4,11,0,1,1,11,20
spiffyteacup2,1,19,15,4,11,0,1,1,11,20
stonespiral,1,19,12,7,5,6,1,1,11,20
thatoneguy37,1,19,15,4,11,0,1,1,11,20
TheHumpadump,1,19,15,4,11,0,1,1,11,20
tidder11,1,19,15,4,11,0,1,1,11,20
WastelandGuide13,1,19,15,4,11,0,1,1,11,20
xTFGx,1,19,15,4,11,0,1,1,11,20
88ivorykeys,1,19,13,6,7,4,0,1,11,20
beenkins,1,19,15,4,11,0,0,1,11,20
imnotlegolas,1,19,12,7,5,6,0,1,11,20
JUSTUBER,1,19,14,5,9,2,0,1,11,20
malufor,1,19,15,4,11,0,0,1,11,20
Pyroknoppix,1,19,15,4,11,0,0,1,11,20
Rb30tbone,1,19,15,4,11,0,0,1,11,20
ShingamiOfSmarm,1,19,14,5,9,2,0,1,11,20
ThatIsMyShoe,1,19,10,9,1,10,0,1,11,20
Killjoy4eva,2,18,12,6,6,4,2,2,10,20
allan85,1,19,13,6,7,3,1,1,10,20
AverageAllStar,1,19,9,10,-1,11,1,1,10,20
cryonine,1,20,15,5,10,0,1,0,10,20
Datt_Paletero,1,20,12,8,4,6,1,0,10,20
floethewarrior,1,20,15,5,10,0,1,0,10,20
gthing,1,20,14,6,8,2,1,0,10,20
hoowahoo,1,19,12,7,5,5,1,1,10,20
jakestrangle99,1,20,15,5,10,0,1,0,10,20
ProfCrastinator,1,20,15,5,10,0,1,0,10,20
rude513,1,20,14,6,8,2,1,0,10,20
TillyOTilly,1,20,14,6,8,2,1,0,10,20
alexbassist,1,19,13,6,7,3,0,1,10,20
redribbon75,1,19,11,8,3,7,0,1,10,20
admanekim,1,19,14,5,9,0,1,1,9,20
ajnish7,1,19,14,5,9,0,1,1,9,20
Awps,1,19,14,5,9,0,1,1,9,20
bedtimeforu,1,19,14,5,9,0,1,1,9,20
calr46,1,19,14,5,9,0,1,1,9,20
crazygrrl,1,19,14,5,9,0,1,1,9,20
Dange543,1,19,13,6,7,2,1,1,9,20
DangoDC,1,19,14,5,9,0,1,1,9,20
dfresh429,1,19,14,5,9,0,1,1,9,20
duckroll197,1,20,15,5,10,-1,1,0,9,20
eagleis25,1,19,14,5,9,0,1,1,9,20
FireWalkWithMeh,1,19,12,7,5,4,1,1,9,20
fuhhhyouuu,1,19,10,9,1,8,1,1,9,20
Ham_Damnit,1,19,14,5,9,0,1,1,9,20
I_want_UPBOATS,1,19,14,5,9,0,1,1,9,20
imyourdaddybitch,1,19,14,5,9,0,1,1,9,20
Ionlylikelamp,1,19,11,8,3,6,1,1,9,20
jayinney660,1,19,14,5,9,0,1,1,9,20
JustAnAvgJoe,1,19,13,6,7,2,1,1,9,20
knohma,1,19,14,5,9,0,1,1,9,20
Link7287,1,19,14,5,9,0,1,1,9,20
mangopie101,1,19,13,6,7,2,1,1,9,20
mbotto,1,19,13,6,7,2,1,1,9,20
micmic47,1,19,14,5,9,0,1,1,9,20
minurlur,1,19,14,5,9,0,1,1,9,20
Mookiewook,1,20,13,7,6,3,1,0,9,20
Mr-Bugle,1,19,14,5,9,0,1,1,9,20
Nilsss,1,19,14,5,9,0,1,1,9,20
no_salvation,1,19,14,5,9,0,1,1,9,20
octopussphincter,1,19,14,5,9,0,1,1,9,20
ProfessorSalami,1,19,7,12,-5,14,1,1,9,20
pumpkindog,1,19,14,5,9,0,1,1,9,20
RedditPanhandler,1,19,13,6,7,2,1,1,9,20
rschwartz1994,1,19,9,10,-1,10,1,1,9,20
rz12gh,1,19,14,5,9,0,1,1,9,20
SkankSkeezer,1,19,12,7,5,4,1,1,9,20
slay3rn1,1,19,14,5,9,0,1,1,9,20
soigroeg,1,19,12,7,5,4,1,1,9,20
Tedddyninja20,1,19,14,5,9,0,1,1,9,20
ThunderSteel666,1,19,11,8,3,6,1,1,9,20
Tokeee,1,19,14,5,9,0,1,1,9,20
tomlasc,1,19,12,7,5,4,1,1,9,20
unillhexium,1,19,14,5,9,0,1,1,9,20
Valandil369,1,19,12,7,5,4,1,1,9,20
vanksy,1,19,13,6,7,2,1,1,9,20
vzwxfactor,1,19,14,5,9,0,1,1,9,20
Wylie15,1,19,14,5,9,0,1,1,9,20
Zomby_Kid,1,19,14,5,9,0,1,1,9,20
britioto21,1,19,13,6,7,2,0,1,9,20
clock_opera,1,19,13,6,7,2,0,1,9,20
huntroy,1,19,8,11,-3,12,0,1,9,20
L2_Confu,1,19,13,6,7,2,0,1,9,20
Ryantg2,1,19,14,5,9,0,0,1,9,20
bge,1,19,10,9,1,7,1,1,8,20
bigcheez-it,1,19,11,8,3,5,1,1,8,20
BuckminsterAssFart,1,19,12,7,5,3,1,1,8,20
carnage123,1,19,8,11,-3,11,1,1,8,20
dwp0008,1,19,11,8,3,5,1,1,8,20
exorbitantwealth,1,19,12,7,5,3,1,1,8,20
FancyFest,2,18,13,5,8,0,1,2,8,20
Iamjesusbutt,1,19,11,8,3,5,1,1,8,20
MtnDewHer,1,19,12,7,5,3,1,1,8,20
myparentsarerussian,1,19,12,7,5,3,1,1,8,20
NerdCRAFT,1,19,12,7,5,3,1,1,8,20
Specicide89,1,19,12,7,5,3,1,1,8,20
TJBrady182,1,19,12,7,5,3,1,1,8,20
bluequail,1,19,12,7,5,3,0,1,8,20
chancegold,1,19,12,7,5,3,0,1,8,20
Darkkvothe,1,19,11,8,3,5,0,1,8,20
FortuitousAdroit,1,19,12,7,5,3,0,1,8,20
gargolito,1,19,12,7,5,3,0,1,8,20
jivaree,1,19,12,7,5,3,0,1,8,20
Jonnnnnnnnn,1,19,12,7,5,3,0,1,8,20
misteryesterday23,1,19,12,7,5,3,0,1,8,20
ooopswrongsubreddit,1,19,11,8,3,5,0,1,8,20
asqapro,1,19,13,6,7,0,1,1,7,20
Atilac54555,1,19,13,6,7,0,1,1,7,20
BroadStreetElite,1,19,13,6,7,0,1,1,7,20
chicimono,1,19,13,6,7,0,1,1,7,20
chidongongo,1,19,12,7,5,2,1,1,7,20
CSRain,1,19,12,7,5,2,1,1,7,20
d347hm4n,1,19,12,7,5,2,1,1,7,20
DA2GUD,1,19,12,7,5,2,1,1,7,20
dawgflymd,1,19,13,6,7,0,1,1,7,20
DoctorBagels,1,19,13,6,7,0,1,1,7,20
dragonsky,1,19,13,6,7,0,1,1,7,20
emlyman,1,19,12,7,5,2,1,1,7,20
fireysaje,1,19,12,7,5,2,1,1,7,20
foreverahipster,1,19,12,7,5,2,1,1,7,20
Grandaddypoontang,1,19,13,6,7,0,1,1,7,20
GunDoc,1,19,13,6,7,0,1,1,7,20
iamnotandrej,1,19,12,7,5,2,1,1,7,20
Jammaaa,1,19,13,6,7,0,1,1,7,20
justice51315,1,19,13,6,7,0,1,1,7,20
Kamel_94,1,19,13,6,7,0,1,1,7,20
kurthp93,1,19,13,6,7,0,1,1,7,20
LeMudkipz,1,19,13,6,7,0,1,1,7,20
Lepertum,1,19,11,8,3,4,1,1,7,20
MakNguyen,1,19,12,7,5,2,1,1,7,20
patthunt,1,19,13,6,7,0,1,1,7,20
phunkystuff,1,19,11,8,3,4,1,1,7,20
ProChoicePope,1,19,13,6,7,0,1,1,7,20
PsychoVampire,1,19,12,7,5,2,1,1,7,20
purple-dunk,1,19,13,6,7,0,1,1,7,20
RaisedToBeLowered,1,19,13,6,7,0,1,1,7,20
reenburger,1,19,13,6,7,0,1,1,7,20
Reevak,1,19,13,6,7,0,1,1,7,20
rpoverx2,1,19,11,8,3,4,1,1,7,20
sbp7,1,19,12,7,5,2,1,1,7,20
scootaboy,1,19,12,7,5,2,1,1,7,20
SimplyHere,1,19,13,6,7,0,1,1,7,20
Sir_James,1,19,12,7,5,2,1,1,7,20
SuperBeast4721,1,19,10,9,1,6,1,1,7,20
SweetGehenna,1,19,13,6,7,0,1,1,7,20
thatguywiththeposts,1,19,12,7,5,2,1,1,7,20
tim1357,1,19,13,6,7,0,1,1,7,20
Toth97,1,19,13,6,7,0,1,1,7,20
turnoffthenews,1,19,13,6,7,0,1,1,7,20
vapol,1,19,11,8,3,4,1,1,7,20
ABearWithSawsforArms,1,19,11,8,3,4,0,1,7,20
Beave1,1,19,13,6,7,0,0,1,7,20
crazyllama_13,1,19,13,6,7,0,0,1,7,20
jakestofan,1,19,12,7,5,2,0,1,7,20
paigenicole,1,19,12,7,5,2,0,1,7,20
pb-balla,1,19,13,6,7,0,0,1,7,20
prepaidpanic,1,19,12,7,5,2,0,1,7,20
SuddenPoopMassacre,1,19,13,6,7,0,0,1,7,20
tinabusted,1,19,13,6,7,0,0,1,7,20
UnendingPi,1,19,13,6,7,0,0,1,7,20
sgtlobster06,2,18,12,6,6,0,2,2,6,20
zachski,2,18,12,6,6,0,2,2,6,20
Breezeyboi,2,18,12,6,6,0,1,2,6,20
cmjones1990,2,18,12,6,6,0,1,2,6,20
Guinness213,1,19,11,8,3,3,1,1,6,20
IsweartoDog,1,19,11,8,3,3,1,1,6,20
Lacess,2,18,12,6,6,0,1,2,6,20
lightwait,1,19,10,9,1,5,1,1,6,20
luliotlsk,1,19,11,8,3,3,1,1,6,20
MeSoCorny,1,19,11,8,3,3,1,1,6,20
sneakersotoole,1,19,11,8,3,3,1,1,6,20
triple3s,1,19,11,8,3,3,1,1,6,20
Clyfer97,1,19,11,8,3,3,0,1,6,20
Dave2288,1,19,11,8,3,3,0,1,6,20
driverimpulse,1,19,10,9,1,5,0,1,6,20
IHaveDiabetes1111,1,19,10,9,1,5,0,1,6,20
Kremox,1,19,11,8,3,3,0,1,6,20
MuffinBaskt,1,19,11,8,3,3,0,1,6,20
Sir_Charles_Barkley,1,19,11,8,3,3,0,1,6,20
thorbane,1,19,11,8,3,3,0,1,6,20
ahoy_there,1,19,12,7,5,0,1,1,5,20
anonymopotamus,1,19,12,7,5,0,1,1,5,20
Arrow2face,1,19,11,8,3,2,1,1,5,20
Avk4000,1,19,10,9,1,4,1,1,5,20
bumblebeechicken,1,19,12,7,5,0,1,1,5,20
denalexa13a,1,19,12,7,5,0,1,1,5,20
dirtygoon,1,19,12,7,5,0,1,1,5,20
dontwaitup,1,19,11,8,3,2,1,1,5,20
durg311,1,19,12,7,5,0,1,1,5,20
fortalyst,1,19,12,7,5,0,1,1,5,20
Franki_hookah,1,19,11,8,3,2,1,1,5,20
GandalfSwag,1,19,12,7,5,0,1,1,5,20
greghicksUS,1,19,11,8,3,2,1,1,5,20
gskellington,1,19,11,8,3,2,1,1,5,20
heartfrombody,1,19,12,7,5,0,1,1,5,20
Hi_Lets_Fuck,1,19,12,7,5,0,1,1,5,20
IIIIIBlakeIIIII,1,19,10,9,1,4,1,1,5,20
ImAMattressSalesman,1,19,11,8,3,2,1,1,5,20
IncrediibleHulk,1,19,12,7,5,0,1,1,5,20
Jaque8,1,19,12,7,5,0,1,1,5,20
jaspercreel87,1,19,12,7,5,0,1,1,5,20
juicyalive,1,19,12,7,5,0,1,1,5,20
Kleinebaas,1,19,12,7,5,0,1,1,5,20
LanKing,1,19,12,7,5,0,1,1,5,20
lawlpwnd350,1,19,10,9,1,4,1,1,5,20
mcdandyandy,1,19,11,8,3,2,1,1,5,20
megabetty,1,19,10,9,1,4,1,1,5,20
Nanabas,1,19,12,7,5,0,1,1,5,20
Neccesary,1,19,12,7,5,0,1,1,5,20
Net_Bastard,1,19,8,11,-3,8,1,1,5,20
PatrickSays,1,19,12,7,5,0,1,1,5,20
Qusqus73,1,19,11,8,3,2,1,1,5,20
rare_umbreon,1,19,12,7,5,0,1,1,5,20
rottoartul,1,19,12,7,5,0,1,1,5,20
SargeBun,1,19,12,7,5,0,1,1,5,20
Snak_The_Ripper,1,19,12,7,5,0,1,1,5,20
talkingbrownies,1,19,12,7,5,0,1,1,5,20
thetylertheking,2,18,10,8,2,3,1,2,5,20
TheyCallMeTay,1,19,11,8,3,2,1,1,5,20
Vacseiled,1,19,12,7,5,0,1,1,5,20
waschkar,1,19,12,7,5,0,1,1,5,20
Wood4Sheep,1,19,12,7,5,0,1,1,5,20
xinfinitimortum,1,19,12,7,5,0,1,1,5,20
Apollo1970,1,19,10,9,1,4,0,1,5,20
catgoesmeow22,1,19,12,7,5,0,0,1,5,20
chadbrochillAMA,1,19,12,7,5,0,0,1,5,20
flufftest,1,19,10,9,1,4,0,1,5,20
hockeykat13,1,19,11,8,3,2,0,1,5,20
Nickerz,1,19,9,10,-1,6,0,1,5,20
nlakes,1,19,11,8,3,2,0,1,5,20
SalomonG18,1,19,12,7,5,0,0,1,5,20
slavior,1,19,10,9,1,4,0,1,5,20
werpull_von_urkstein,1,19,12,7,5,0,0,1,5,20
electromind,2,18,9,9,0,4,2,2,4,20
Reformed_journalist,2,18,11,7,4,0,2,2,4,20
cartmansballs,2,18,10,8,2,2,1,2,4,20
Ethereal_Pariah,1,19,10,9,1,3,1,1,4,20
foosaAl,2,18,11,7,4,0,1,2,4,20
Gertz,1,20,11,9,2,2,1,0,4,20
illegitimat3,2,18,11,7,4,0,1,2,4,20
ItzFish,1,19,10,9,1,3,1,1,4,20
jimmyrob2013,2,18,11,7,4,0,1,2,4,20
metarzan,1,19,7,12,-5,9,1,1,4,20
ngff,1,20,11,9,2,2,1,0,4,20
Rt4Konflict,1,19,10,9,1,3,1,1,4,20
TheLargeMan,2,18,11,7,4,0,1,2,4,20
TheLifeConundrum,2,18,11,7,4,0,1,2,4,20
thesardonicbarista,1,20,11,9,2,2,1,0,4,20
Madric_TheGathering,1,19,10,9,1,3,0,1,4,20
Onikouzou,2,18,10,8,2,2,0,2,4,20
packpeach,2,18,9,9,0,3,2,2,3,20
afeller,1,19,11,8,3,0,1,1,3,20
Agentcrimmins,1,19,11,8,3,0,1,1,3,20
Amaelamina,1,19,11,8,3,0,1,1,3,20
anonthecannon,1,19,11,8,3,0,1,1,3,20
bob777888,1,19,11,8,3,0,1,1,3,20
Brobama_,1,19,11,8,3,0,1,1,3,20
chucknow22,1,19,11,8,3,0,1,1,3,20
cmackk87,1,19,8,11,-3,6,1,1,3,20
Contagio,1,19,11,8,3,0,1,1,3,20
corrmaan,1,19,11,8,3,0,1,1,3,20
dark56korbit,1,19,9,10,-1,4,1,1,3,20
DrinkDrankDrunk007,1,19,11,8,3,0,1,1,3,20
DTPB,1,19,11,8,3,0,1,1,3,20
ectric,1,19,11,8,3,0,1,1,3,20
Flatline334,1,19,9,10,-1,4,1,1,3,20
GimbleB,1,19,11,8,3,0,1,1,3,20
glfletcher,1,19,11,8,3,0,1,1,3,20
hammertime96,1,19,10,9,1,2,1,1,3,20
Icy_rain,1,19,11,8,3,0,1,1,3,20
ilovethemahlersymph,1,19,11,8,3,0,1,1,3,20
irqwerty,1,19,11,8,3,0,1,1,3,20
Johny_Awesome,1,19,7,12,-5,8,1,1,3,20
kkerwil,1,19,11,8,3,0,1,1,3,20
leksdiamonds,1,19,11,8,3,0,1,1,3,20
lexypax,1,19,11,8,3,0,1,1,3,20
lolopalooza92,1,19,10,9,1,2,1,1,3,20
M83HUWD,1,19,11,8,3,0,1,1,3,20
Mbenhaim,1,19,11,8,3,0,1,1,3,20
mj5748,1,19,10,9,1,2,1,1,3,20
Muggiez,1,19,11,8,3,0,1,1,3,20
navigon11111,1,19,11,8,3,0,1,1,3,20
oNrG,1,19,10,9,1,2,1,1,3,20
opieum,1,19,9,10,-1,4,1,1,3,20
redditusergreen,1,19,11,8,3,0,1,1,3,20
redheadedrage,1,19,10,9,1,2,1,1,3,20
rubix26,1,19,11,8,3,0,1,1,3,20
SamCutcliffe,1,19,11,8,3,0,1,1,3,20
SapiuntCoerceri,1,19,11,8,3,0,1,1,3,20
shititsafap,1,19,9,10,-1,4,1,1,3,20
SkreeSkree,1,19,11,8,3,0,1,1,3,20
splunge4me2,1,19,11,8,3,0,1,1,3,20
Super_Cloaca,1,19,11,8,3,0,1,1,3,20
tenderlegs,1,19,10,9,1,2,1,1,3,20
texuntaz,1,19,11,8,3,0,1,1,3,20
thegindt,1,19,11,8,3,0,1,1,3,20
thematfactor,1,19,10,9,1,2,1,1,3,20
Tht1KidFrmTht1Place,1,19,11,8,3,0,1,1,3,20
VeggiAttack,1,19,11,8,3,0,1,1,3,20
bestestbuddymrblack,1,19,11,8,3,0,0,1,3,20
cleverkid,1,19,11,8,3,0,0,1,3,20
Cpltoethumbs,1,19,11,8,3,0,0,1,3,20
Cute90,1,19,11,8,3,0,0,1,3,20
dawei22,1,19,11,8,3,0,0,1,3,20
earthforce_1,1,19,9,10,-1,4,0,1,3,20
JesusAmericanStyle,2,18,8,10,-2,5,0,2,3,20
jvandub,1,19,9,10,-1,4,0,1,3,20
kobiyoshi,1,19,10,9,1,2,0,1,3,20
LordNurgle,1,19,11,8,3,0,0,1,3,20
Please_take_a_seat,1,19,11,8,3,0,0,1,3,20
R3P7AR,1,19,10,9,1,2,0,1,3,20
RTJONT,1,19,10,9,1,2,0,1,3,20
TheDemonLord,1,19,11,8,3,0,0,1,3,20
Velociraver,1,19,11,8,3,0,0,1,3,20
Zombifaction,1,19,11,8,3,0,0,1,3,20
311,1,19,8,11,-3,5,1,1,2,20
__v,1,19,9,10,-1,3,1,1,2,20
bjtweak957,1,19,9,10,-1,3,1,1,2,20
dAnjou,1,19,9,10,-1,3,1,1,2,20
eviluncle,1,19,9,10,-1,3,1,1,2,20
h989,1,19,8,11,-3,5,1,1,2,20
Laurelai25,1,19,9,10,-1,3,1,1,2,20
markvard,1,19,9,10,-1,3,1,1,2,20
oceanbacon,1,20,10,10,0,2,1,0,2,20
Vdvdvdvd,1,19,9,10,-1,3,1,1,2,20
whatgoesup56,1,19,7,12,-5,7,1,1,2,20
WOWWWZERS,1,20,10,10,0,2,1,0,2,20
SalineKid,2,18,8,10,-2,4,0,2,2,20
yeahimstephen,1,19,9,10,-1,3,0,1,2,20
a1reddit,1,19,9,10,-1,2,1,1,1,20
alltorndown,1,19,9,10,-1,2,1,1,1,20
aponicalixto,1,19,9,10,-1,2,1,1,1,20
AslipperyKiwi,1,19,8,11,-3,4,1,1,1,20
AXVDF,1,19,10,9,1,0,1,1,1,20
bleha,1,20,9,11,-2,3,1,0,1,20
canadianxo143,1,19,10,9,1,0,1,1,1,20
carlog234,1,19,9,10,-1,2,1,1,1,20
Combat_Medic_Scout,1,20,9,11,-2,3,1,0,1,20
frazehaze,1,19,9,10,-1,2,1,1,1,20
FrysVIP,1,19,9,10,-1,2,1,1,1,20
FumblesO,1,19,9,10,-1,2,1,1,1,20
GoblinX7,1,19,8,11,-3,4,1,1,1,20
HankMcCoy7410,1,19,10,9,1,0,1,1,1,20
hello2ulol,1,19,9,10,-1,2,1,1,1,20
Hombre_Sin_Nombre,1,19,10,9,1,0,1,1,1,20
jackdona,1,19,10,9,1,0,1,1,1,20
JaredKingofDerp,1,19,10,9,1,0,1,1,1,20
jespurlurkur,1,19,8,11,-3,4,1,1,1,20
JesusRollerBlading,1,19,10,9,1,0,1,1,1,20
kronoz42,1,19,9,10,-1,2,1,1,1,20
kuhrissuhanneb,1,19,9,10,-1,2,1,1,1,20
MAKIN_A_SCENE,1,19,10,9,1,0,1,1,1,20
maneatinghuman,1,19,10,9,1,0,1,1,1,20
Minimal99,1,19,10,9,1,0,1,1,1,20
mommadonttakenomess,1,19,9,10,-1,2,1,1,1,20
mustar,1,19,9,10,-1,2,1,1,1,20
nemoid,1,19,8,11,-3,4,1,1,1,20
Pianoangel420,1,19,8,11,-3,4,1,1,1,20
pikachu960,1,19,10,9,1,0,1,1,1,20
Pooters,1,19,10,9,1,0,1,1,1,20
renegadetoast,1,19,10,9,1,0,1,1,1,20
revelations4v8,1,19,10,9,1,0,1,1,1,20
saisai2012,1,19,10,9,1,0,1,1,1,20
screenz,1,19,9,10,-1,2,1,1,1,20
secretasianninja,1,19,7,12,-5,6,1,1,1,20
SiKpLeZuRe,1,19,9,10,-1,2,1,1,1,20
Sillyminion,1,19,10,9,1,0,1,1,1,20
TerrySharpton,1,19,9,10,-1,2,1,1,1,20
Thehouse1000,1,19,10,9,1,0,1,1,1,20
TwoManyOstriches,1,19,10,9,1,0,1,1,1,20
volsjebnik,1,19,10,9,1,0,1,1,1,20
wilkinnh,1,19,10,9,1,0,1,1,1,20
winning9986,1,19,10,9,1,0,1,1,1,20
wishihadtusks,1,19,8,11,-3,4,1,1,1,20
xkylek,1,19,10,9,1,0,1,1,1,20
xNPi,1,19,8,11,-3,4,1,1,1,20
YavaY,1,19,9,10,-1,2,1,1,1,20
BlatantlyHonestPrick,1,20,8,12,-4,5,0,0,1,20
DaBaniel,1,19,10,9,1,0,0,1,1,20
DrFarts,1,19,10,9,1,0,0,1,1,20
ferbguy7,1,19,10,9,1,0,0,1,1,20
GirllYouGrill,1,19,10,9,1,0,0,1,1,20
-H0B0-,1,19,10,9,1,0,0,1,1,20
insanelysaxy,1,19,10,9,1,0,0,1,1,20
Jwags420,1,19,10,9,1,0,0,1,1,20
King_Lion,1,19,9,10,-1,2,0,1,1,20
letaoist,1,19,9,10,-1,2,0,1,1,20
lobovato333,1,19,9,10,-1,2,0,1,1,20
logggo,1,19,10,9,1,0,0,1,1,20
MyPublicFace,1,19,8,11,-3,4,0,1,1,20
RepostOldFrontPagers,1,19,10,9,1,0,0,1,1,20
Silley1990,1,19,10,9,1,0,0,1,1,20
tharrison8,1,19,9,10,-1,2,0,1,1,20
TheSexySandwich,1,19,9,10,-1,2,0,1,1,20
TuffndCasey,1,19,10,9,1,0,0,1,1,20
WanderingTurtle,1,19,10,9,1,0,0,1,1,20
zackTGIzack,1,19,10,9,1,0,0,1,1,20
arice72391,2,18,8,10,-2,2,2,2,0,20
CStaplesLewis,2,18,8,10,-2,2,2,2,0,20
2stroker,1,20,10,10,0,0,1,0,0,20
A_DERPING_ULTRALISK,1,19,7,12,-5,5,1,1,0,20
Brucenotsomighty,1,19,8,11,-3,3,1,1,0,20
eden42,1,20,8,12,-4,4,1,0,0,20
fastpicker89,2,18,9,9,0,0,1,2,0,20
huws39ysjisef3suf8sf,1,20,9,11,-2,2,1,0,0,20
Jase_the_Ace,1,19,7,12,-5,5,1,1,0,20
punchthings,1,19,7,12,-5,5,1,1,0,20
SyntaxVoid,1,20,8,12,-4,4,1,0,0,20
KushBoy420,1,19,7,12,-5,5,0,1,0,20
RustySheriffsBadge,1,19,8,11,-3,3,0,1,0,20
TheFeverFrenzy,1,19,8,11,-3,3,0,1,0,20
djcueballspins1,2,19,9,10,-1,0,2,1,-1,20
_JES_,1,19,8,11,-3,2,1,1,-1,20
Aggrit23,1,19,9,10,-1,0,1,1,-1,20
arseniosantos,1,19,8,11,-3,2,1,1,-1,20
cheesycells,1,19,9,10,-1,0,1,1,-1,20
ChibiHuynH,1,19,6,13,-7,6,1,1,-1,20
coochiecrumb,1,19,8,11,-3,2,1,1,-1,20
DonkeyPunch96,1,19,9,10,-1,0,1,1,-1,20
dp85,1,19,9,10,-1,0,1,1,-1,20
Drantheman,1,19,9,10,-1,0,1,1,-1,20
EgadBrain,1,19,9,10,-1,0,1,1,-1,20
hotdamnthisismyjam,1,19,9,10,-1,0,1,1,-1,20
Limond,1,19,9,10,-1,0,1,1,-1,20
mastertigurius,1,19,7,12,-5,4,1,1,-1,20
nardsy13,1,19,9,10,-1,0,1,1,-1,20
peter_smitty,1,19,9,10,-1,0,1,1,-1,20
reichpronouncedriesh,1,19,9,10,-1,0,1,1,-1,20
samsnell,1,19,9,10,-1,0,1,1,-1,20
slhmn,1,19,9,10,-1,0,1,1,-1,20
SoShinyRS,1,19,9,10,-1,0,1,1,-1,20
spyrosj,1,19,9,10,-1,0,1,1,-1,20
staiano,1,19,8,11,-3,2,1,1,-1,20
theoffbeatbear,1,19,8,11,-3,2,1,1,-1,20
tony_lo,1,19,9,10,-1,0,1,1,-1,20
UberGimp,1,19,9,10,-1,0,1,1,-1,20
Wallysburg,1,19,8,11,-3,2,1,1,-1,20
wunty,1,19,8,11,-3,2,1,1,-1,20
wustl07,1,19,9,10,-1,0,1,1,-1,20
zer0tyme,1,19,7,12,-5,4,1,1,-1,20
ziegler58,1,19,8,11,-3,2,1,1,-1,20
ZuluSomeone,1,19,9,10,-1,0,1,1,-1,20
Euden,1,19,8,11,-3,2,0,1,-1,20
hansarsch,1,19,8,11,-3,2,0,1,-1,20
jweebo,1,19,9,10,-1,0,0,1,-1,20
LadyRavenEye,1,19,9,10,-1,0,0,1,-1,20
Rachienz,1,19,9,10,-1,0,0,1,-1,20
rcckillaz,1,19,9,10,-1,0,0,1,-1,20
tehfatal,1,19,9,10,-1,0,0,1,-1,20
CalnBenGames,1,19,7,12,-5,3,1,1,-2,20
ChefDad,1,19,7,12,-5,3,1,1,-2,20
ealkr,2,18,8,10,-2,0,1,2,-2,20
EatSingSleep,1,19,7,12,-5,3,1,1,-2,20
Farmer_d,2,20,9,11,-2,0,1,0,-2,20
KarlsPhilip,1,19,7,12,-5,3,1,1,-2,20
Osven,1,19,7,12,-5,3,1,1,-2,20
pbs094,1,19,7,12,-5,3,1,1,-2,20
Psidhu96,1,19,6,13,-7,5,1,1,-2,20
SomeNoveltyAccount,1,19,7,12,-5,3,1,1,-2,20
Valkeryy,1,19,7,12,-5,3,1,1,-2,20
xXnecroXx,1,19,7,12,-5,3,1,1,-2,20
flyingboat,1,19,7,12,-5,3,0,1,-2,20
killa_zombeh,1,19,7,12,-5,3,0,1,-2,20
robak69,2,18,8,10,-2,0,0,2,-2,20
CookieMonster_8,2,18,6,12,-6,3,2,2,-3,20
AbdulaOblongata,1,19,6,13,-7,4,1,1,-3,20
alexkell1,1,19,8,11,-3,0,1,1,-3,20
Arenn21,1,19,8,11,-3,0,1,1,-3,20
BBulaga75,1,19,7,12,-5,2,1,1,-3,20
bleasy,1,19,8,11,-3,0,1,1,-3,20
chotix,1,19,8,11,-3,0,1,1,-3,20
ChuckYeah,1,19,7,12,-5,2,1,1,-3,20
Dakotacole,1,19,8,11,-3,0,1,1,-3,20
deathbytaco77,1,19,8,11,-3,0,1,1,-3,20
Dem_Blues,1,19,8,11,-3,0,1,1,-3,20
djmachx,1,20,6,14,-8,5,1,0,-3,20
EricBox,1,19,8,11,-3,0,1,1,-3,20
EvilSnoo,1,19,8,11,-3,0,1,1,-3,20
fakeassgangster,1,19,8,11,-3,0,1,1,-3,20
Foxter34,1,19,8,11,-3,0,1,1,-3,20
fractalpanda,1,19,8,11,-3,0,1,1,-3,20
FUTUREWARRIOR0341,1,19,7,12,-5,2,1,1,-3,20
GET_DUNKED_F4GLORD,1,19,8,11,-3,0,1,1,-3,20
JAfball77,1,19,8,11,-3,0,1,1,-3,20
jameswf,1,19,8,11,-3,0,1,1,-3,20
Jimmyleith,1,19,8,11,-3,0,1,1,-3,20
Jjiinx,1,19,7,12,-5,2,1,1,-3,20
knwtmsyn,1,19,6,13,-7,4,1,1,-3,20
leophir,1,19,8,11,-3,0,1,1,-3,20
madskillets,1,19,8,11,-3,0,1,1,-3,20
marcyjo26,1,19,7,12,-5,2,1,1,-3,20
marreggy,1,19,8,11,-3,0,1,1,-3,20
Masterchap,1,19,8,11,-3,0,1,1,-3,20
meg_megatron,1,19,7,12,-5,2,1,1,-3,20
MirMir123,1,19,8,11,-3,0,1,1,-3,20
MisterMaggot,1,19,8,11,-3,0,1,1,-3,20
Mohawk200x,1,19,6,13,-7,4,1,1,-3,20
ncoomer,1,19,8,11,-3,0,1,1,-3,20
pill_popper,1,19,8,11,-3,0,1,1,-3,20
Puff5,1,19,8,11,-3,0,1,1,-3,20
QuiltNut,1,19,8,11,-3,0,1,1,-3,20
realist_nigger,1,19,8,11,-3,0,1,1,-3,20
shajurzi,1,19,8,11,-3,0,1,1,-3,20
Slickno6,1,19,7,12,-5,2,1,1,-3,20
SmthgsOnTherIDontlik,1,19,6,13,-7,4,1,1,-3,20
SparksGG,1,19,8,11,-3,0,1,1,-3,20
sqapy,1,19,8,11,-3,0,1,1,-3,20
TeamRoscoe,1,19,8,11,-3,0,1,1,-3,20
themarknessmonster,1,19,8,11,-3,0,1,1,-3,20
tubatom37,1,19,8,11,-3,0,1,1,-3,20
whitedog12,1,19,8,11,-3,0,1,1,-3,20
yourfavouritemoo,1,19,8,11,-3,0,1,1,-3,20
zx2214008,1,19,7,12,-5,2,1,1,-3,20
eman201,1,19,8,11,-3,0,0,1,-3,20
kileel,1,19,8,11,-3,0,0,1,-3,20
MISPLACED_PROFANITY,2,19,8,11,-3,0,0,1,-3,20
Sammyholland,1,19,8,11,-3,0,0,1,-3,20
Turtle_Enigma13,1,19,8,11,-3,0,0,1,-3,20
Viridz,1,19,8,11,-3,0,0,1,-3,20
givemecookiez,2,18,7,11,-4,0,2,2,-4,20
theAWSM1,2,18,6,12,-6,2,2,2,-4,20
mkottman,1,20,8,12,-4,0,1,0,-4,20
paancakes,1,19,6,13,-7,3,1,1,-4,20
redditisbetter,2,18,7,11,-4,0,1,2,-4,20
rexus0149,1,20,8,12,-4,0,1,0,-4,20
typewarrior1,1,19,6,13,-7,3,1,1,-4,20
Uraharakid,1,19,6,13,-7,3,1,1,-4,20
adrian20038,1,19,7,12,-5,0,1,1,-5,20
AFlyingToaster,1,19,6,13,-7,2,1,1,-5,20
AndyLes,1,19,6,13,-7,2,1,1,-5,20
bigtime1158,2,19,7,12,-5,0,1,1,-5,20
Blankies,1,19,7,12,-5,0,1,1,-5,20
derp28,1,19,7,12,-5,0,1,1,-5,20
el_banditos,1,19,7,12,-5,0,1,1,-5,20
elispeerto,1,19,7,12,-5,0,1,1,-5,20
epic_pancakes,1,19,7,12,-5,0,1,1,-5,20
finchgnomg,1,19,7,12,-5,0,1,1,-5,20
Glitter_Bear,1,19,7,12,-5,0,1,1,-5,20
HelloPillowbug,1,19,7,12,-5,0,1,1,-5,20
hicks1jj,1,19,6,13,-7,2,1,1,-5,20
iheartbevo,1,19,7,12,-5,0,1,1,-5,20
Irocz4me,1,19,7,12,-5,0,1,1,-5,20
Jpolo45,1,19,7,12,-5,0,1,1,-5,20
Kineticboy,1,19,6,13,-7,2,1,1,-5,20
MaxxxZotti,1,19,7,12,-5,0,1,1,-5,20
neeiigghh,1,19,7,12,-5,0,1,1,-5,20
NeoRush,1,19,7,12,-5,0,1,1,-5,20
newxid22,1,19,7,12,-5,0,1,1,-5,20
noey718,1,19,6,13,-7,2,1,1,-5,20
Nutinurgut,1,19,6,13,-7,2,1,1,-5,20
Plewisdapanda,1,19,7,12,-5,0,1,1,-5,20
PRCorvette,1,19,7,12,-5,0,1,1,-5,20
Reddit_-_,1,19,6,13,-7,2,1,1,-5,20
sdmiller,1,19,6,13,-7,2,1,1,-5,20
SexWithTwins,1,19,5,14,-9,4,1,1,-5,20
sonic_tri-force,1,19,7,12,-5,0,1,1,-5,20
srk6992,1,19,6,13,-7,2,1,1,-5,20
Tostitoes,1,19,7,12,-5,0,1,1,-5,20
Vascokh,1,19,7,12,-5,0,1,1,-5,20
ZeEliteChicken,1,19,7,12,-5,0,1,1,-5,20
Connor3355,1,19,7,12,-5,0,0,1,-5,20
geek_chic333,2,19,7,12,-5,0,0,1,-5,20
pioneers18,1,19,7,12,-5,0,0,1,-5,20
PyrosVengeance,1,19,7,12,-5,0,0,1,-5,20
Rizmu,1,19,7,12,-5,0,0,1,-5,20
RoyalPickles,1,19,7,12,-5,0,0,1,-5,20
strongscience62,1,19,7,12,-5,0,0,1,-5,20
ThatAwkwardArab,1,19,7,12,-5,0,0,1,-5,20
bktz,2,18,6,12,-6,0,2,2,-6,20
IHopeYouStepOnALego,2,18,6,12,-6,0,2,2,-6,20
Hrabs,2,18,6,12,-6,0,1,2,-6,20
joshcad85,2,20,7,13,-6,0,1,0,-6,20
LeRomz,2,18,6,12,-6,0,1,2,-6,20
lyncreddit,1,20,7,13,-6,0,1,0,-6,20
Bigger_than_expected,1,19,6,13,-7,0,1,1,-7,20
Broklin,1,19,5,14,-9,2,1,1,-7,20
bud299,1,19,6,13,-7,0,1,1,-7,20
chiehBoy49,1,19,6,13,-7,0,1,1,-7,20
einsteinismypussy,1,19,6,13,-7,0,1,1,-7,20
Gaycow,1,19,6,13,-7,0,1,1,-7,20
joeybats52,1,19,6,13,-7,0,1,1,-7,20
liverberry9,1,19,6,13,-7,0,1,1,-7,20
Lovinglivinglife,1,19,6,13,-7,0,1,1,-7,20
ninjaspork19,1,19,6,13,-7,0,1,1,-7,20
OddFuture99,1,19,6,13,-7,0,1,1,-7,20
piepei,1,19,6,13,-7,0,1,1,-7,20
razorxwire,1,19,6,13,-7,0,1,1,-7,20
TheVikingTh0r,1,19,6,13,-7,0,1,1,-7,20
timmoose1,1,19,6,13,-7,0,1,1,-7,20
topito53,1,19,6,13,-7,0,1,1,-7,20
IIZAZII,1,19,6,13,-7,0,0,1,-7,20
guruchild,1,19,4,15,-11,3,1,1,-8,20
DomeoftheCock,1,19,5,14,-9,0,1,1,-9,20
DragonsAreReal210,1,19,5,14,-9,0,1,1,-9,20
Peace_Unleashed,1,19,4,15,-11,2,1,1,-9,20
PlatypusThatMeows,1,19,5,14,-9,0,1,1,-9,20
-ruff-,1,19,5,14,-9,0,1,1,-9,20
theanoyingorange,1,19,5,14,-9,0,0,1,-9,20
you-kie,1,19,5,14,-9,0,0,1,-9,20
Hecubah,2,20,5,15,-10,0,1,0,-10,20
anisba12,1,19,3,16,-13,2,1,1,-11,20
Heysemg,1,19,4,15,-11,0,1,1,-11,20
cashmayne504,1,19,3,16,-13,0,1,1,-13,20
Nowlech,1,19,3,16,-13,0,1,1,-13,20
Tundramonkey5,1,19,3,16,-13,0,1,1,-13,20
withbenthehuman,1,19,3,16,-13,0,1,1,-13,20
Jimmybucks,1,18,10,8,2,25,1,1,27,19
wishiwasonmaui,1,18,17,1,16,10,1,1,26,19
helpmesleep666,1,19,17,2,15,8,1,0,23,19
Herpina,1,18,17,1,16,6,1,1,22,19
iCecilJackson,1,18,17,1,16,5,1,1,21,19
kavnj,1,19,17,2,15,6,1,0,21,19
saucy_milk88,1,18,15,3,12,8,1,1,20,19
SPACE_LAWYER,1,18,14,4,10,10,1,1,20,19
daparplayer,1,19,16,3,13,6,1,0,19,19
erebar,1,19,18,1,17,2,1,0,19,19
shadowkelp,1,18,17,1,16,3,1,1,19,19
aon3t,1,18,15,3,12,6,1,1,18,19
AwwwYeaaaa,1,19,16,3,13,5,1,0,18,19
GSauce69,1,18,16,2,14,4,1,1,18,19
kautylia,1,19,15,4,11,7,1,0,18,19
roxymuzak,1,18,18,0,18,0,1,1,18,19
thebryguy,1,18,18,0,18,0,1,1,18,19
gryzby,1,18,13,5,8,10,0,1,18,19
rferg3,1,18,18,0,18,0,0,1,18,19
EDGY_ALL_CAPS_NAME,1,19,18,1,17,0,1,0,17,19
gonzo36,1,18,15,3,12,5,1,1,17,19
Igotdatbait,1,18,15,3,12,5,1,1,17,19
moskan,1,18,14,4,10,7,1,1,17,19
orangeditor,1,18,16,2,14,3,1,1,17,19
PolarX,1,18,16,2,14,3,1,1,17,19
pricetag92,1,18,16,2,14,3,1,1,17,19
seawolf_tx,1,19,15,4,11,6,1,0,17,19
Shhhteppe,1,18,16,2,14,3,1,1,17,19
Islandinthesun09,1,18,16,2,14,3,0,1,17,19
static74,1,18,14,4,10,7,0,1,17,19
bacondavis,1,18,17,1,16,0,1,1,16,19
callate,1,18,16,2,14,2,1,1,16,19
CptSanchez,1,18,9,9,0,16,1,1,16,19
CushCush91,1,19,14,5,9,7,1,0,16,19
Denversmostwanted,1,18,15,3,12,4,1,1,16,19
FacsimilousSarcasm,1,19,15,4,11,5,1,0,16,19
LocheAndLoad,1,18,14,4,10,6,1,1,16,19
Massas8967,1,18,15,3,12,4,1,1,16,19
matt_l_wilson,1,18,15,3,12,4,1,1,16,19
meoww97,1,18,17,1,16,0,1,1,16,19
mmmmmsoup,1,18,15,3,12,4,1,1,16,19
moontanned,1,18,16,2,14,2,1,1,16,19
Nabana,1,18,15,3,12,4,1,1,16,19
risto5010,1,18,14,4,10,6,1,1,16,19
Suewho,1,18,17,1,16,0,1,1,16,19
TehSnaek,1,19,16,3,13,3,1,0,16,19
Darth_Willhelm,1,18,14,4,10,6,0,1,16,19
mikwow,1,18,15,3,12,4,0,1,16,19
AKerch,1,18,14,4,10,5,1,1,15,19
dutchrage,1,18,13,5,8,7,1,1,15,19
imeancomeon,1,18,15,3,12,3,1,1,15,19
kenkarniff,1,19,17,2,15,0,1,0,15,19
mrsenormonsieur,1,18,15,3,12,3,1,1,15,19
pineappleturd,1,19,17,2,15,0,1,0,15,19
smsf65536,1,18,13,5,8,7,1,1,15,19
willdguitar,1,19,17,2,15,0,1,0,15,19
YawningMan,1,19,17,2,15,0,1,0,15,19
zombietrooper,1,18,15,3,12,3,1,1,15,19
davitrololol,1,18,15,3,12,3,0,1,15,19
smdaegan,1,19,17,2,15,0,0,0,15,19
ABloodyEnglishman,1,18,16,2,14,0,1,1,14,19
AustralianUpvote,1,18,15,3,12,2,1,1,14,19
baseballmaster,1,18,16,2,14,0,1,1,14,19
Bela138,1,18,16,2,14,0,1,1,14,19
birdinspace,1,18,16,2,14,0,1,1,14,19
broccoli_farts,1,18,16,2,14,0,1,1,14,19
burnsmb,1,18,15,3,12,2,1,1,14,19
DoctorTicklez,1,18,16,2,14,0,1,1,14,19
jaylikesdominos,1,18,15,3,12,2,1,1,14,19
JimTheReader,1,18,16,2,14,0,1,1,14,19
madelinecn,1,19,15,4,11,3,1,0,14,19
MDevonL,1,18,15,3,12,2,1,1,14,19
Pellygroso,1,18,16,2,14,0,1,1,14,19
SirPsychoSxy,1,18,13,5,8,6,1,1,14,19
SonicBoom207,1,18,13,5,8,6,1,1,14,19
Tamfoolery,1,18,16,2,14,0,1,1,14,19
thugbugdeluxe,1,18,14,4,10,4,1,1,14,19
CrunkMasterAbbott,1,18,16,2,14,0,0,1,14,19
DylBaer,1,18,13,5,8,6,0,1,14,19
gobodat,1,18,15,3,12,2,0,1,14,19
mayhem_galore,1,18,15,3,12,2,0,1,14,19
puppiesmakemelol,1,18,16,2,14,0,0,1,14,19
TrainWreck96,1,19,15,4,11,3,0,0,14,19
czechthunder,1,18,14,4,10,3,1,1,13,19
dismal626,1,18,14,4,10,3,1,1,13,19
grgsgk,1,19,15,4,11,2,1,0,13,19
highintensitycanada,1,18,14,4,10,3,1,1,13,19
Justmomsnewfriend,1,19,15,4,11,2,1,0,13,19
pusssycat,1,19,14,5,9,4,1,0,13,19
redditnoob67,1,19,16,3,13,0,1,0,13,19
salvati0n,1,18,11,7,4,9,1,1,13,19
SPAZii,1,19,14,5,9,4,1,0,13,19
Yup2121,1,19,16,3,13,0,1,0,13,19
s0nY112,1,18,14,4,10,3,0,1,13,19
suniel,1,18,11,7,4,9,0,1,13,19
Alexisandra,1,18,12,6,6,6,1,1,12,19
bananafish707,1,18,15,3,12,0,1,1,12,19
BlogRide,1,19,14,5,9,3,1,0,12,19
bronyking,1,18,15,3,12,0,1,1,12,19
daniel_hlfrd,1,18,14,4,10,2,1,1,12,19
DarclingWasHere,1,18,15,3,12,0,1,1,12,19
fruitsquirrel,1,18,15,3,12,0,1,1,12,19
Ginganinja17,1,18,15,3,12,0,1,1,12,19
Grnot,1,18,15,3,12,0,1,1,12,19
haluter,1,18,15,3,12,0,1,1,12,19
icklemypickle,1,18,15,3,12,0,1,1,12,19
jonas303,1,18,14,4,10,2,1,1,12,19
Kamuhrov,1,18,15,3,12,0,1,1,12,19
lookintomyeyestosee,1,18,15,3,12,0,1,1,12,19
LornaMurphyFTW,1,18,15,3,12,0,1,1,12,19
misteribee,1,18,15,3,12,0,1,1,12,19
nick1208,1,18,15,3,12,0,1,1,12,19
Ordnasinnan,1,18,15,3,12,0,1,1,12,19
pommelkid,1,18,15,3,12,0,1,1,12,19
ProLudum,1,18,13,5,8,4,1,1,12,19
rentAbuddy,1,18,15,3,12,0,1,1,12,19
Rewbrains,1,18,14,4,10,2,1,1,12,19
roksoc,1,19,14,5,9,3,1,0,12,19
Tabernacle_Teo,1,18,15,3,12,0,1,1,12,19
taliriktug,1,18,15,3,12,0,1,1,12,19
troyjule,1,18,13,5,8,4,1,1,12,19
UnfoldablePages,1,18,14,4,10,2,1,1,12,19
UofEM,1,18,15,3,12,0,1,1,12,19
Verombou,1,18,14,4,10,2,1,1,12,19
wadabing,1,18,15,3,12,0,1,1,12,19
willynale,1,18,14,4,10,2,1,1,12,19
winstone72,1,18,14,4,10,2,1,1,12,19
emkayar,1,18,15,3,12,0,0,1,12,19
Genesis_cop,1,18,13,5,8,4,0,1,12,19
kimmiej192,1,18,15,3,12,0,0,1,12,19
Top_Hat_Pickles,1,18,15,3,12,0,0,1,12,19
USDMcat,2,17,9,8,1,11,0,2,12,19
zeroski,1,18,15,3,12,0,0,1,12,19
_cortex,1,18,13,5,8,3,1,1,11,19
Bugos19,2,17,14,3,11,0,1,2,11,19
Cezna,1,18,13,5,8,3,1,1,11,19
csant001,1,18,13,5,8,3,1,1,11,19
emilyblayney,1,18,13,5,8,3,1,1,11,19
genericlee,1,19,15,4,11,0,1,0,11,19
Hey_TKay,1,19,14,5,9,2,1,0,11,19
lafter27,1,19,15,4,11,0,1,0,11,19
rh5107,1,18,11,7,4,7,1,1,11,19
whalesrcool,1,18,13,5,8,3,1,1,11,19
AmbientEskimo,1,18,12,6,6,5,0,1,11,19
Dino7813,1,18,13,5,8,3,0,1,11,19
Heterosexual_Unicorn,1,19,14,5,9,2,0,0,11,19
Narwalsbacon,1,18,11,7,4,7,0,1,11,19
Swazi,1,18,11,7,4,7,0,1,11,19
_deffer_,1,18,13,5,8,2,1,1,10,19
011erk,1,18,14,4,10,0,1,1,10,19
ALittleOldLady,1,18,14,4,10,0,1,1,10,19
andrew_nort,1,18,14,4,10,0,1,1,10,19
aznikph,1,18,14,4,10,0,1,1,10,19
BajcSmalls,1,18,14,4,10,0,1,1,10,19
Batman4sufu,1,18,11,7,4,6,1,1,10,19
beebeebum,1,18,14,4,10,0,1,1,10,19
betss,1,18,14,4,10,0,1,1,10,19
cachemoney,1,18,14,4,10,0,1,1,10,19
caitweeen,1,18,14,4,10,0,1,1,10,19
CantStopRasterbating,1,18,14,4,10,0,1,1,10,19
coffeearoma,1,18,14,4,10,0,1,1,10,19
dale6998,1,18,13,5,8,2,1,1,10,19
Delicatesther,1,18,12,6,6,4,1,1,10,19
devyn17,1,18,13,5,8,2,1,1,10,19
do7com,1,18,14,4,10,0,1,1,10,19
Enjooii,1,18,14,4,10,0,1,1,10,19
Enursha,1,18,14,4,10,0,1,1,10,19
Farvamus_prime,1,18,14,4,10,0,1,1,10,19
fathairybeast,1,18,14,4,10,0,1,1,10,19
FenderJazzbass,1,18,10,8,2,8,1,1,10,19
godlesspaladin,1,18,14,4,10,0,1,1,10,19
h8rsgonh8,1,18,12,6,6,4,1,1,10,19
Heatbeat,1,18,12,6,6,4,1,1,10,19
iPainless,1,18,14,4,10,0,1,1,10,19
JenJen101,1,18,14,4,10,0,1,1,10,19
jimmithy,1,18,14,4,10,0,1,1,10,19
KaizerZozay,1,18,14,4,10,0,1,1,10,19
MiThRaZoR,1,18,11,7,4,6,1,1,10,19
mjm8218,1,18,13,5,8,2,1,1,10,19
MsAnnieOakley1,1,18,14,4,10,0,1,1,10,19
Natedonthate,1,18,13,5,8,2,1,1,10,19
papaburgendy12,1,18,14,4,10,0,1,1,10,19
punkfluff,1,18,14,4,10,0,1,1,10,19
SexualWeasel,1,18,13,5,8,2,1,1,10,19
shezwick,1,18,14,4,10,0,1,1,10,19
shittyhulk,1,18,14,4,10,0,1,1,10,19
SlingDinger,1,18,13,5,8,2,1,1,10,19
smilingbuddha71,1,18,14,4,10,0,1,1,10,19
snippy_gerbil,1,18,13,5,8,2,1,1,10,19
snm76,1,18,14,4,10,0,1,1,10,19
taylorraboin,1,18,14,4,10,0,1,1,10,19
The_apeshit_killer,1,18,14,4,10,0,1,1,10,19
vu_zave,1,18,14,4,10,0,1,1,10,19
zen11,1,19,13,6,7,3,1,0,10,19
andrbrks,1,18,13,5,8,2,0,1,10,19
fivefootmermaid,1,18,14,4,10,0,0,1,10,19
HeelTurn,1,18,12,6,6,4,0,1,10,19
hulahooper,1,18,14,4,10,0,0,1,10,19
Kaiac2012,1,18,14,4,10,0,0,1,10,19
KingDid,1,18,12,6,6,4,0,1,10,19
MrDocks,1,18,14,4,10,0,0,1,10,19
sebjunujabes,1,18,14,4,10,0,0,1,10,19
sensi_sensei,1,18,13,5,8,2,0,1,10,19
sneakysnake007,1,18,14,4,10,0,0,1,10,19
sparkplug890,1,18,13,5,8,2,0,1,10,19
tdoc210,1,18,13,5,8,2,0,1,10,19
ohwellwhateverneverm,2,17,13,4,9,0,2,2,9,19
404AikNotFound,1,18,10,8,2,7,1,1,9,19
aak47,1,18,11,7,4,5,1,1,9,19
Art01hur,1,18,12,6,6,3,1,1,9,19
garbonz0,1,18,12,6,6,3,1,1,9,19
ihavecandygetinmyvan,1,18,7,11,-4,13,1,1,9,19
Jcf3j,1,18,12,6,6,3,1,1,9,19
Phase714,1,18,12,6,6,3,1,1,9,19
TheD22,1,18,12,6,6,3,1,1,9,19
WigginIII,1,18,9,9,0,9,1,1,9,19
Wombles,1,18,11,7,4,5,1,1,9,19
chaqalaqalaqa,1,18,12,6,6,3,0,1,9,19
fuck_nuggett,1,18,12,6,6,3,0,1,9,19
GP5611,1,18,12,6,6,3,0,1,9,19
I_FUCK_SHARKS_,1,18,12,6,6,3,0,1,9,19
Kanis36,2,17,11,6,5,4,0,2,9,19
Acctubi,1,18,13,5,8,0,1,1,8,19
B_shockey,1,18,13,5,8,0,1,1,8,19
DIAL-UP,1,18,12,6,6,2,1,1,8,19
DorneyDave,1,18,11,7,4,4,1,1,8,19
Fownzie,1,18,13,5,8,0,1,1,8,19
Greeny992,1,18,12,6,6,2,1,1,8,19
hansiw,1,18,13,5,8,0,1,1,8,19
heres_to_the_lawlz,1,18,12,6,6,2,1,1,8,19
I_PISS_FIRE,1,18,13,5,8,0,1,1,8,19
Ikus13,1,18,13,5,8,0,1,1,8,19
itsmatttastic,1,18,13,5,8,0,1,1,8,19
JohnnyHammerstix,1,18,13,5,8,0,1,1,8,19
krzlmrps,1,18,11,7,4,4,1,1,8,19
Kyra_leigh,1,18,10,8,2,6,1,1,8,19
lolmouse,1,18,12,6,6,2,1,1,8,19
marysia,1,18,13,5,8,0,1,1,8,19
maymc1009,1,18,13,5,8,0,1,1,8,19
mrfunktastik,1,18,13,5,8,0,1,1,8,19
muskiefan111,1,18,13,5,8,0,1,1,8,19
myBaDbro,1,18,13,5,8,0,1,1,8,19
Natertater,1,18,6,12,-6,14,1,1,8,19
Nostalgiablind,1,18,13,5,8,0,1,1,8,19
orangeclumsy2,1,18,12,6,6,2,1,1,8,19
OrgasmicKoala,1,18,13,5,8,0,1,1,8,19
peachmangosteen,1,18,12,6,6,2,1,1,8,19
playwithcolour,1,18,12,6,6,2,1,1,8,19
radiobearr,1,18,13,5,8,0,1,1,8,19
samuelh234,1,18,11,7,4,4,1,1,8,19
ScarletWolf,1,18,13,5,8,0,1,1,8,19
shresthanator,1,18,13,5,8,0,1,1,8,19
squididol,1,18,13,5,8,0,1,1,8,19
Squidlie2214,1,18,11,7,4,4,1,1,8,19
suavedaddy21,1,18,13,5,8,0,1,1,8,19
TheOnlyMangoMan,1,18,12,6,6,2,1,1,8,19
treypac,1,18,13,5,8,0,1,1,8,19
usernamecharlie,1,18,12,6,6,2,1,1,8,19
utd87sin,1,18,12,6,6,2,1,1,8,19
Zedge89,1,18,13,5,8,0,1,1,8,19
alto_pendragon,1,18,13,5,8,0,0,1,8,19
Ballot,1,18,13,5,8,0,0,1,8,19
bttf32,1,18,13,5,8,0,0,1,8,19
CuteNerdyBean23,1,18,12,6,6,2,0,1,8,19
hogst77,1,18,13,5,8,0,0,1,8,19
KevGatz,1,18,11,7,4,4,0,1,8,19
LeBunBun,1,18,13,5,8,0,0,1,8,19
lucke0204,1,18,12,6,6,2,0,1,8,19
mgdick,1,18,12,6,6,2,0,1,8,19
NaturesMetropolis,1,18,13,5,8,0,0,1,8,19
nipplesandbacon,1,18,13,5,8,0,0,1,8,19
TinkerGeeks,1,18,13,5,8,0,0,1,8,19
trippin_banger,1,18,13,5,8,0,0,1,8,19
vaughnibergear,1,18,13,5,8,0,0,1,8,19
B0rK1,1,18,11,7,4,3,1,1,7,19
Carl25,1,19,13,6,7,0,1,0,7,19
Civilgoose,1,18,11,7,4,3,1,1,7,19
jonnoplaysxbox,1,18,10,8,2,5,1,1,7,19
kesi,1,18,11,7,4,3,1,1,7,19
ktotheooter,1,18,11,7,4,3,1,1,7,19
muddbutt711,1,18,11,7,4,3,1,1,7,19
myrden,1,18,10,8,2,5,1,1,7,19
penguin8908,1,19,11,8,3,4,1,0,7,19
randorolian,1,19,13,6,7,0,1,0,7,19
SCREW-IT,1,18,11,7,4,3,1,1,7,19
spiderninjaj,1,18,11,7,4,3,1,1,7,19
Zerker161,1,18,10,8,2,5,1,1,7,19
loosev,1,18,9,9,0,7,0,1,7,19
blairinator,2,17,10,7,3,3,2,2,6,19
AlexCoomber145,1,18,11,7,4,2,1,1,6,19
blobesque,1,18,11,7,4,2,1,1,6,19
braundamonium,1,18,12,6,6,0,1,1,6,19
buck-it,1,18,12,6,6,0,1,1,6,19
Door_Knob,1,18,12,6,6,0,1,1,6,19
Dr_Professor_R,1,18,11,7,4,2,1,1,6,19
Ds4,1,18,11,7,4,2,1,1,6,19
Ginger-Nerd,1,18,12,6,6,0,1,1,6,19
glimmerman85,1,18,12,6,6,0,1,1,6,19
grasseffect,1,18,11,7,4,2,1,1,6,19
greekgirl1000,1,18,12,6,6,0,1,1,6,19
Henchforlife,1,18,12,6,6,0,1,1,6,19
IISUPERMONKEYII,1,18,4,14,-10,16,1,1,6,19
jdelshad,2,18,12,6,6,0,1,1,6,19
jennifercardoza09,1,18,12,6,6,0,1,1,6,19
kjo5,1,18,12,6,6,0,1,1,6,19
kocojc,1,18,12,6,6,0,1,1,6,19
krispyKRAKEN,1,18,10,8,2,4,1,1,6,19
laziestengineer,1,18,11,7,4,2,1,1,6,19
macmillanc,1,18,12,6,6,0,1,1,6,19
magicpasta,1,18,12,6,6,0,1,1,6,19
mitchsorenstein,1,18,12,6,6,0,1,1,6,19
mom_is_dad,1,18,12,6,6,0,1,1,6,19
momo2299,1,18,12,6,6,0,1,1,6,19
MrHobanWashburne,1,18,10,8,2,4,1,1,6,19
mrscuddlesworth72,1,18,11,7,4,2,1,1,6,19
Muffinhead77,1,18,12,6,6,0,1,1,6,19
Muzzy91,1,18,12,6,6,0,1,1,6,19
okitobi2,2,18,12,6,6,0,1,1,6,19
rareunlimited,1,18,12,6,6,0,1,1,6,19
RonPaulSwanson,1,18,12,6,6,0,1,1,6,19
Searchlights,1,18,11,7,4,2,1,1,6,19
SgtSrs,1,18,11,7,4,2,1,1,6,19
Shwampy10,1,18,12,6,6,0,1,1,6,19
Sportsfanno1,1,18,12,6,6,0,1,1,6,19
StereoZombie,1,18,12,6,6,0,1,1,6,19
surgeon0214,1,18,12,6,6,0,1,1,6,19
Thisizcat,1,18,11,7,4,2,1,1,6,19
xBTFBx,1,18,12,6,6,0,1,1,6,19
xcrazyxdingox,1,18,12,6,6,0,1,1,6,19
xladiciusx,1,18,12,6,6,0,1,1,6,19
20sacksam,1,18,12,6,6,0,0,1,6,19
Clayfool9,1,18,10,8,2,4,0,1,6,19
funnyguy411,1,18,11,7,4,2,0,1,6,19
Gsk801,1,18,12,6,6,0,0,1,6,19
HyphyBonez,1,18,12,6,6,0,0,1,6,19
imapm,1,18,11,7,4,2,0,1,6,19
jakeisarake,1,18,12,6,6,0,0,1,6,19
JakeLMills,1,18,12,6,6,0,0,1,6,19
jckgat,1,18,11,7,4,2,0,1,6,19
laylatov,1,18,9,9,0,6,0,1,6,19
metroid89,1,18,9,9,0,6,0,1,6,19
overweight_squirrel,1,18,11,7,4,2,0,1,6,19
Rougarou423,1,18,11,7,4,2,0,1,6,19
slaroc,1,18,12,6,6,0,0,1,6,19
troller8,1,18,10,8,2,4,0,1,6,19
vinnydakid,1,18,12,6,6,0,0,1,6,19
weebox,1,18,12,6,6,0,0,1,6,19
Whymustardpackets,1,18,12,6,6,0,0,1,6,19
DrCrazyEights,2,17,10,7,3,2,2,2,5,19
sk1778,2,17,9,8,1,4,2,2,5,19
AthiestBale,1,18,8,10,-2,7,1,1,5,19
DeansMum,1,19,12,7,5,0,1,0,5,19
Demroth,1,19,12,7,5,0,1,0,5,19
ecmyv6,1,18,10,8,2,3,1,1,5,19
Hoopiman,1,18,8,10,-2,7,1,1,5,19
iTzRaPidxD,1,18,10,8,2,3,1,1,5,19
loveleigh,1,19,12,7,5,0,1,0,5,19
masta,1,18,10,8,2,3,1,1,5,19
mayonayz,1,18,10,8,2,3,1,1,5,19
michaelmikeyb,1,19,12,7,5,0,1,0,5,19
Nicb903,1,18,9,9,0,5,1,1,5,19
ryanboomer,1,19,12,7,5,0,1,0,5,19
squirelzip,1,18,10,8,2,3,1,1,5,19
Swimmari,1,19,11,8,3,2,1,0,5,19
blakecon12,1,18,8,10,-2,7,0,1,5,19
esteflo,1,18,10,8,2,3,0,1,5,19
aeroaddict169,1,18,9,9,0,4,1,1,4,19
AndyFisher71,1,18,10,8,2,2,1,1,4,19
av1hs89,1,18,10,8,2,2,1,1,4,19
bacon_pancake,1,18,10,8,2,2,1,1,4,19
barackthegreat,1,18,10,8,2,2,1,1,4,19
beast6106,1,18,11,7,4,0,1,1,4,19
bobslidell,1,18,10,8,2,2,1,1,4,19
CB9669,1,18,11,7,4,0,1,1,4,19
ChokinMrElmo,1,18,11,7,4,0,1,1,4,19
Corniator,1,18,10,8,2,2,1,1,4,19
creepinpanda,1,18,11,7,4,0,1,1,4,19
crizitez,1,18,11,7,4,0,1,1,4,19
Crossedoutt,1,18,11,7,4,0,1,1,4,19
crypnotiq,1,18,11,7,4,0,1,1,4,19
cubanmario00,1,18,11,7,4,0,1,1,4,19
d4nc00per,1,18,9,9,0,4,1,1,4,19
deadpoolicide,1,18,11,7,4,0,1,1,4,19
Deeeeeeevin,1,18,11,7,4,0,1,1,4,19
elocke2,1,18,10,8,2,2,1,1,4,19
FoodLuvr,1,18,11,7,4,0,1,1,4,19
FunnyAsFuck,1,18,10,8,2,2,1,1,4,19
Gunswordz,1,18,10,8,2,2,1,1,4,19
guseraph,1,18,11,7,4,0,1,1,4,19
huuska,1,18,11,7,4,0,1,1,4,19
IAmCanadian,1,18,11,7,4,0,1,1,4,19
iamcba,2,18,10,8,2,2,1,1,4,19
icantremembe,1,18,10,8,2,2,1,1,4,19
icarusbreathes,1,18,11,7,4,0,1,1,4,19
Jaguscoth,1,18,11,7,4,0,1,1,4,19
Jay-One,1,18,9,9,0,4,1,1,4,19
Jesus_Fish,1,18,10,8,2,2,1,1,4,19
junaj,1,18,11,7,4,0,1,1,4,19
KABooMxInc,1,18,11,7,4,0,1,1,4,19
madkins1868,1,18,10,8,2,2,1,1,4,19
madmaz186,1,18,11,7,4,0,1,1,4,19
mazrr,1,18,11,7,4,0,1,1,4,19
miketheshortbus,1,18,11,7,4,0,1,1,4,19
mjbat7,1,18,11,7,4,0,1,1,4,19
Moaka12,1,18,11,7,4,0,1,1,4,19
Mr_Wafflesaurus,1,18,11,7,4,0,1,1,4,19
oh_no123,1,18,9,9,0,4,1,1,4,19
ohfail,1,18,11,7,4,0,1,1,4,19
OneShinyMudkip,1,18,11,7,4,0,1,1,4,19
onewoodee,1,18,11,7,4,0,1,1,4,19
picopatientwellness,1,18,11,7,4,0,1,1,4,19
pielover375,1,18,11,7,4,0,1,1,4,19
pwhitbeck425,1,18,10,8,2,2,1,1,4,19
RagingRageCommics,1,18,10,8,2,2,1,1,4,19
redandblue32,1,18,11,7,4,0,1,1,4,19
ru55iangangsta,1,18,11,7,4,0,1,1,4,19
RumpleForeSkin72,1,18,11,7,4,0,1,1,4,19
Santa_Claauz,1,18,11,7,4,0,1,1,4,19
sultrysagan,1,18,11,7,4,0,1,1,4,19
TheEverLurking,1,18,11,7,4,0,1,1,4,19
theiryouthwillbeyour,1,18,11,7,4,0,1,1,4,19
undrtkrwrestler,1,18,10,8,2,2,1,1,4,19
Unhelpful_Scientist,1,18,11,7,4,0,1,1,4,19
Vurz,1,18,11,7,4,0,1,1,4,19
bsylent,1,18,11,7,4,0,0,1,4,19
HarrisonBergeron93,1,18,11,7,4,0,0,1,4,19
Humblesz,1,18,10,8,2,2,0,1,4,19
isaacpr,1,18,11,7,4,0,0,1,4,19
JrodaTx,1,18,11,7,4,0,0,1,4,19
Mezrin,1,18,11,7,4,0,0,1,4,19
novajjavon,1,18,10,8,2,2,0,1,4,19
poopanoop2u2,1,18,11,7,4,0,0,1,4,19
RandomPics44,1,18,10,8,2,2,0,1,4,19
tarque,1,18,11,7,4,0,0,1,4,19
TheGreatCthulhu,1,18,11,7,4,0,0,1,4,19
Biceps_Inc,2,17,10,7,3,0,2,2,3,19
HarryPrickering,2,17,10,7,3,0,2,2,3,19
a_mang,1,19,11,8,3,0,1,0,3,19
ahnstoppable,1,19,11,8,3,0,1,0,3,19
Airakku,2,18,9,9,0,3,1,1,3,19
dhavalparmar,1,19,11,8,3,0,1,0,3,19
Jimmy2324,2,17,9,8,1,2,1,2,3,19
joshcarterkristi,1,18,7,11,-4,7,1,1,3,19
Mupster,2,17,10,7,3,0,1,2,3,19
parkedcar,1,18,9,9,0,3,1,1,3,19
PurpleMuscles,1,18,7,11,-4,7,1,1,3,19
summatclever,1,19,11,8,3,0,1,0,3,19
Tagz,2,17,10,7,3,0,1,2,3,19
the_real_madman,1,18,9,9,0,3,1,1,3,19
waltimo,1,18,8,10,-2,5,1,1,3,19
aquanox314,1,18,8,10,-2,5,0,1,3,19
Lordzombiejesus,2,17,8,9,-1,3,2,2,2,19
95skers,1,18,9,9,0,2,1,1,2,19
AmateurZombie,1,18,8,10,-2,4,1,1,2,19
B0BX,1,18,10,8,2,0,1,1,2,19
beardfella,1,18,10,8,2,0,1,1,2,19
Black_n_Neon,1,18,10,8,2,0,1,1,2,19
bob4job,1,18,10,8,2,0,1,1,2,19
braddy_b,1,18,10,8,2,0,1,1,2,19
catfysh,1,18,10,8,2,0,1,1,2,19
Cleardesign,1,18,10,8,2,0,1,1,2,19
Crocodile_Socks,1,18,10,8,2,0,1,1,2,19
deeperthansubspace,1,18,10,8,2,0,1,1,2,19
Devdogg298,1,18,10,8,2,0,1,1,2,19
diggyd44,1,18,10,8,2,0,1,1,2,19
djJACKPOT,1,18,10,8,2,0,1,1,2,19
DoYaKuya,1,18,9,9,0,2,1,1,2,19
filey10,1,18,8,10,-2,4,1,1,2,19
fnords_of_jorway,1,18,10,8,2,0,1,1,2,19
Fushs,1,18,10,8,2,0,1,1,2,19
hallelujah111,1,18,9,9,0,2,1,1,2,19
hannahclare13,1,18,10,8,2,0,1,1,2,19
hpierce,1,18,10,8,2,0,1,1,2,19
IratherDie4u,1,18,10,8,2,0,1,1,2,19
ItsAMeRyan,1,18,10,8,2,0,1,1,2,19
JaneJaneJane,1,18,9,9,0,2,1,1,2,19
JP313,1,18,10,8,2,0,1,1,2,19
just-jake,1,18,10,8,2,0,1,1,2,19
katiegirl246,1,18,9,9,0,2,1,1,2,19
KayakMarket,1,18,10,8,2,0,1,1,2,19
ljbenstead,1,18,9,9,0,2,1,1,2,19
louis800,1,18,10,8,2,0,1,1,2,19
lumptoast,1,18,9,9,0,2,1,1,2,19
maverick566,1,18,10,8,2,0,1,1,2,19
nburgart,1,18,9,9,0,2,1,1,2,19
NenaZombie,1,18,10,8,2,0,1,1,2,19
nirunn,1,18,10,8,2,0,1,1,2,19
OneBigSnorlax,1,18,10,8,2,0,1,1,2,19
onlinegamer1,1,18,6,12,-6,8,1,1,2,19
orumIV,1,18,10,8,2,0,1,1,2,19
philcollins123,1,18,9,9,0,2,1,1,2,19
randyhutton,1,18,7,11,-4,6,1,1,2,19
ratoule,1,18,10,8,2,0,1,1,2,19
REDDIT_IS_THE_TITS,1,18,10,8,2,0,1,1,2,19
sargeforpres,1,18,10,8,2,0,1,1,2,19
sault1988,1,18,8,10,-2,4,1,1,2,19
Sirnova_Wolf,1,18,8,10,-2,4,1,1,2,19
SUITUP101,1,18,10,8,2,0,1,1,2,19
synbanez,1,18,9,9,0,2,1,1,2,19
techlos,1,18,10,8,2,0,1,1,2,19
thatoneguy102,1,18,10,8,2,0,1,1,2,19
therageman0416,1,18,10,8,2,0,1,1,2,19
TheReal-JoJo103,1,18,10,8,2,0,1,1,2,19
timbailin,1,18,10,8,2,0,1,1,2,19
Vaderzer0,1,18,10,8,2,0,1,1,2,19
virtueandsin,1,18,10,8,2,0,1,1,2,19
wombats88,1,18,10,8,2,0,1,1,2,19
xNexusCraftx,1,18,9,9,0,2,1,1,2,19
XxDezzyxX,1,18,10,8,2,0,1,1,2,19
zscuro,1,18,10,8,2,0,1,1,2,19
B3ags,1,18,10,8,2,0,0,1,2,19
Boynamesioux,1,18,10,8,2,0,0,1,2,19
comp1167,2,17,8,9,-1,3,0,2,2,19
davesmith16,1,18,10,8,2,0,0,1,2,19
ElGranChiludo,1,18,10,8,2,0,0,1,2,19
ethanloh,1,18,10,8,2,0,0,1,2,19
geoserv,1,18,10,8,2,0,0,1,2,19
iEatChinamen,1,18,10,8,2,0,0,1,2,19
jethro96,1,18,10,8,2,0,0,1,2,19
megank306,1,18,10,8,2,0,0,1,2,19
Mondoski,1,18,10,8,2,0,0,1,2,19
mshall89,1,18,8,10,-2,4,0,1,2,19
nepia,1,18,10,8,2,0,0,1,2,19
Read_It_Again_Lol,1,18,10,8,2,0,0,1,2,19
RedPlebiscite,1,18,10,8,2,0,0,1,2,19
sambino22592,1,18,10,8,2,0,0,1,2,19
Swab_Job,1,18,10,8,2,0,0,1,2,19
TheAihDotkay,1,18,10,8,2,0,0,1,2,19
trivialretort,1,18,10,8,2,0,0,1,2,19
undercover_apple,1,18,10,8,2,0,0,1,2,19
connerfitzgerald,2,18,8,10,-2,3,2,1,1,19
lax4life20,2,17,8,9,-1,2,2,2,1,19
XinuBakeki,2,17,9,8,1,0,2,2,1,19
A_B_A_C_A_B_B,1,18,7,11,-4,5,1,1,1,19
arcanine66,2,17,9,8,1,0,1,2,1,19
AvianSeven,1,18,5,13,-8,9,1,1,1,19
darkfury97,2,17,8,9,-1,2,1,2,1,19
Homesickblues,1,18,8,10,-2,3,1,1,1,19
TROLLMASTER74,1,18,8,10,-2,3,1,1,1,19
AUkSIG,1,18,8,10,-2,3,0,1,1,19
MattRocx,1,18,6,12,-6,7,0,1,1,19
thisistodd22,1,18,8,10,-2,3,0,1,1,19
Filmmaker_mike,2,18,8,10,-2,2,2,1,0,19
Alcookie,1,18,9,9,0,0,1,1,0,19
AluminiumSandworm,1,18,7,11,-4,4,1,1,0,19
Ar50,1,18,8,10,-2,2,1,1,0,19
BaconWarrior,1,18,9,9,0,0,1,1,0,19
Batbuns,1,18,9,9,0,0,1,1,0,19
BB2921,1,18,8,10,-2,2,1,1,0,19
bdams19,1,18,9,9,0,0,1,1,0,19
Bestredditnameever,1,18,9,9,0,0,1,1,0,19
BurningPixel,1,18,8,10,-2,2,1,1,0,19
BurZaxbys,1,18,9,9,0,0,1,1,0,19
CAPS_CAPS_ANUS,1,18,9,9,0,0,1,1,0,19
CarlosCalamity,1,18,9,9,0,0,1,1,0,19
Ccm120,1,18,8,10,-2,2,1,1,0,19
cheeziin,1,18,9,9,0,0,1,1,0,19
cjcremix,1,18,7,11,-4,4,1,1,0,19
demoshots,1,18,9,9,0,0,1,1,0,19
DiamondPlated,1,18,9,9,0,0,1,1,0,19
DigitalZiggurat,1,18,9,9,0,0,1,1,0,19
Domineyton,1,18,9,9,0,0,1,1,0,19
DopeSk1llz,1,19,8,11,-3,3,1,0,0,19
egm924,1,18,8,10,-2,2,1,1,0,19
eoporto,1,18,9,9,0,0,1,1,0,19
ethanarb,1,18,8,10,-2,2,1,1,0,19
FunnyTaco,1,18,8,10,-2,2,1,1,0,19
glumali,1,18,9,9,0,0,1,1,0,19
GoldenGonzo,1,18,9,9,0,0,1,1,0,19
hawkey1993,1,18,9,9,0,0,1,1,0,19
Healz,1,18,9,9,0,0,1,1,0,19
HitlerDidNothingBad,1,18,9,9,0,0,1,1,0,19
Jabber55555,1,18,9,9,0,0,1,1,0,19
jdarty21,1,18,9,9,0,0,1,1,0,19
Johnny_D87,1,18,6,12,-6,6,1,1,0,19
Keirhan,1,18,8,10,-2,2,1,1,0,19
lupe2012,1,18,8,10,-2,2,1,1,0,19
MuhammadVohra,1,18,9,9,0,0,1,1,0,19
nyankitty47,1,18,9,9,0,0,1,1,0,19
OtherAccountHasPorn,1,18,9,9,0,0,1,1,0,19
polaroidgeek,1,18,9,9,0,0,1,1,0,19
ponycopter,1,18,9,9,0,0,1,1,0,19
qwirky_k,1,18,9,9,0,0,1,1,0,19
Rockblocked,1,18,8,10,-2,2,1,1,0,19
sammyshears,1,18,8,10,-2,2,1,1,0,19
Sitsonironthrone,1,18,9,9,0,0,1,1,0,19
Skilled_Lemur,1,18,9,9,0,0,1,1,0,19
squiggle99,1,18,9,9,0,0,1,1,0,19
stephenmario,1,18,8,10,-2,2,1,1,0,19
thattaboychuk,1,18,9,9,0,0,1,1,0,19
ToThisDay,1,18,8,10,-2,2,1,1,0,19
trialhero,1,19,8,11,-3,3,1,0,0,19
Tumble4ya,1,18,6,12,-6,6,1,1,0,19
tylerdhurdon,1,18,9,9,0,0,1,1,0,19
worthlesskarmawhore,1,18,6,12,-6,6,1,1,0,19
Wrenne_Dragon,1,18,7,11,-4,4,1,1,0,19
YMU15,1,18,9,9,0,0,1,1,0,19
ash27,1,18,9,9,0,0,0,1,0,19
CUNT_LORD,1,18,9,9,0,0,0,1,0,19
derycklong,1,18,8,10,-2,2,0,1,0,19
d-gnome,1,18,9,9,0,0,0,1,0,19
for_me_to_post_on,1,18,7,11,-4,4,0,1,0,19
fresh_prince2012,1,18,9,9,0,0,0,1,0,19
GeneralPanda12,2,18,9,9,0,0,0,1,0,19
HitchMarlin,1,18,8,10,-2,2,0,1,0,19
IdMaster,1,18,9,9,0,0,0,1,0,19
MrSkyZ,1,18,9,9,0,0,0,1,0,19
Purplemustachedonkey,1,18,9,9,0,0,0,1,0,19
simbadweasel,1,18,8,10,-2,2,0,1,0,19
sm4yne,1,18,9,9,0,0,0,1,0,19
thegamestation,1,18,8,10,-2,2,0,1,0,19
Tyrinasoarus,1,18,8,10,-2,2,0,1,0,19
vandiablo,1,18,9,9,0,0,0,1,0,19
DearNdugu,1,18,6,12,-6,5,1,1,-1,19
Jolly_Jon,1,18,7,11,-4,3,1,1,-1,19
Lignum,1,18,6,12,-6,5,1,1,-1,19
Lion10,1,18,7,11,-4,3,1,1,-1,19
porh,1,18,7,11,-4,3,1,1,-1,19
saintjimmy960,2,17,7,10,-3,2,1,2,-1,19
SociAlexm,1,18,7,11,-4,3,1,1,-1,19
StutMoleFeet,1,18,7,11,-4,3,1,1,-1,19
vizickles,1,18,7,11,-4,3,1,1,-1,19
Yellowbenzene,1,18,7,11,-4,3,1,1,-1,19
AcholicSementhrowr17,2,17,8,9,-1,0,0,2,-1,19
amg0998,1,18,6,12,-6,5,0,1,-1,19
t0kmak,1,18,7,11,-4,3,0,1,-1,19
awesomereece123,1,18,6,12,-6,4,1,1,-2,19
Blitzkpt,1,18,8,10,-2,0,1,1,-2,19
bombergirl93,1,18,7,11,-4,2,1,1,-2,19
brysonthegreat17,1,18,6,12,-6,4,1,1,-2,19
cant_be_pun_seen,1,18,8,10,-2,0,1,1,-2,19
Chrysler300S,1,18,8,10,-2,0,1,1,-2,19
coookiemonstahh,1,18,8,10,-2,0,1,1,-2,19
cwalsh2189,1,18,7,11,-4,2,1,1,-2,19
DjProfessorJ,1,18,8,10,-2,0,1,1,-2,19
doc-ant,1,18,7,11,-4,2,1,1,-2,19
Enzemo,1,18,7,11,-4,2,1,1,-2,19
extremx,1,18,8,10,-2,0,1,1,-2,19
h2orat,1,18,8,10,-2,0,1,1,-2,19
jibuzaemon,1,18,8,10,-2,0,1,1,-2,19
mahyarmontazar,1,18,7,11,-4,2,1,1,-2,19
MentalistApprentice,1,18,8,10,-2,0,1,1,-2,19
Minminminminh,1,18,8,10,-2,0,1,1,-2,19
mizzou11,1,18,7,11,-4,2,1,1,-2,19
Mr_Patrick_Star,1,18,8,10,-2,0,1,1,-2,19
myredditusername1234,1,18,8,10,-2,0,1,1,-2,19
raeflower,1,18,7,11,-4,2,1,1,-2,19
REDDIT_LOVES_REPEATS,1,18,8,10,-2,0,1,1,-2,19
robot678,1,18,8,10,-2,0,1,1,-2,19
scoobyduped,1,18,8,10,-2,0,1,1,-2,19
sdawg0311,1,18,6,12,-6,4,1,1,-2,19
Shaggietv2,1,18,7,11,-4,2,1,1,-2,19
sigurdnese,1,18,7,11,-4,2,1,1,-2,19
sirmrtony,1,18,7,11,-4,2,1,1,-2,19
srd178,1,18,8,10,-2,0,1,1,-2,19
superskier1,1,18,8,10,-2,0,1,1,-2,19
Tentimook,1,18,8,10,-2,0,1,1,-2,19
titsforfuck,1,18,8,10,-2,0,1,1,-2,19
wheatyler,1,18,8,10,-2,0,1,1,-2,19
xXxTrollxXx,1,18,8,10,-2,0,1,1,-2,19
djl1699,1,18,8,10,-2,0,0,1,-2,19
downhillmojo,1,18,8,10,-2,0,0,1,-2,19
mairinsayoko,1,18,8,10,-2,0,0,1,-2,19
MC_Kirk,1,18,8,10,-2,0,0,1,-2,19
Pelican451,1,18,8,10,-2,0,0,1,-2,19
Rad2,1,18,8,10,-2,0,0,1,-2,19
slhmom24,1,18,7,11,-4,2,0,1,-2,19
Theabe546,1,18,7,11,-4,2,0,1,-2,19
usmc4341mpar,1,18,6,12,-6,4,0,1,-2,19
atc_dude,1,18,6,12,-6,3,1,1,-3,19
b36,1,18,6,12,-6,3,1,1,-3,19
BravesMaedchen,1,18,6,12,-6,3,1,1,-3,19
Exit75,1,18,6,12,-6,3,1,1,-3,19
firewrks,2,17,6,11,-5,2,1,2,-3,19
Gentlemanpirate,1,18,5,13,-8,5,1,1,-3,19
identifiedlogo,1,18,6,12,-6,3,1,1,-3,19
iPhoneCEO,1,19,8,11,-3,0,1,0,-3,19
iPoopmemes,1,18,6,12,-6,3,1,1,-3,19
pureshotzz,1,18,6,12,-6,3,1,1,-3,19
270,1,18,7,11,-4,0,1,1,-4,19
AlastairGV,1,18,7,11,-4,0,1,1,-4,19
anonymisery,1,18,7,11,-4,0,1,1,-4,19
anthonytaurus,1,18,7,11,-4,0,1,1,-4,19
ApocalypseCow,1,18,7,11,-4,0,1,1,-4,19
Bambikiller_Dogfuck,1,18,7,11,-4,0,1,1,-4,19
BEgirl69,1,18,7,11,-4,0,1,1,-4,19
Bigguy8t,1,18,7,11,-4,0,1,1,-4,19
CandyassOP,1,18,6,12,-6,2,1,1,-4,19
captanjck,1,18,6,12,-6,2,1,1,-4,19
chocolate_waldo,1,18,7,11,-4,0,1,1,-4,19
drag_free_drift,1,18,7,11,-4,0,1,1,-4,19
Dragon90283,1,18,6,12,-6,2,1,1,-4,19
elegantwino,1,18,7,11,-4,0,1,1,-4,19
ernie_aka,1,18,7,11,-4,0,1,1,-4,19
FlockofTurtles,1,18,7,11,-4,0,1,1,-4,19
FMKtoday,1,18,7,11,-4,0,1,1,-4,19
Gaeius,1,18,7,11,-4,0,1,1,-4,19
gnomegardener,1,18,6,12,-6,2,1,1,-4,19
hrhomer,1,18,5,13,-8,4,1,1,-4,19
IAmAUsernameAMA,1,18,7,11,-4,0,1,1,-4,19
jackchange,1,18,7,11,-4,0,1,1,-4,19
jaxelyse,1,18,7,11,-4,0,1,1,-4,19
Jesmar,1,18,6,12,-6,2,1,1,-4,19
lilgreenrosetta,1,18,7,11,-4,0,1,1,-4,19
LurkLurk_LurkLurk,1,18,6,12,-6,2,1,1,-4,19
manofinaction,1,18,7,11,-4,0,1,1,-4,19
marcosppp,1,18,7,11,-4,0,1,1,-4,19
McLovin210XXX,1,18,7,11,-4,0,1,1,-4,19
NFLBlitze1,1,18,7,11,-4,0,1,1,-4,19
not_a_DEA_agent_,1,18,7,11,-4,0,1,1,-4,19
OliBS999,1,18,7,11,-4,0,1,1,-4,19
PayRez,1,18,7,11,-4,0,1,1,-4,19
popchuckles,1,18,7,11,-4,0,1,1,-4,19
rcmobley,1,18,7,11,-4,0,1,1,-4,19
RepostsTopLinks,1,18,6,12,-6,2,1,1,-4,19
Schoritzobandit,1,18,6,12,-6,2,1,1,-4,19
shercosherco,1,18,7,11,-4,0,1,1,-4,19
Shurtugal929,1,18,7,11,-4,0,1,1,-4,19
Slbot,1,18,7,11,-4,0,1,1,-4,19
SMetzsch,1,18,7,11,-4,0,1,1,-4,19
spike96,1,18,7,11,-4,0,1,1,-4,19
Sunken19,1,18,5,13,-8,4,1,1,-4,19
thereallamewad,1,18,7,11,-4,0,1,1,-4,19
Tomiverse,1,18,7,11,-4,0,1,1,-4,19
V1bration,1,18,7,11,-4,0,1,1,-4,19
Wargasm809,1,18,7,11,-4,0,1,1,-4,19
WhizzleMyNizzle,1,18,6,12,-6,2,1,1,-4,19
zehto,1,18,6,12,-6,2,1,1,-4,19
googolplexbyte,1,18,7,11,-4,0,0,1,-4,19
HarryPrice,1,18,7,11,-4,0,0,1,-4,19
lopezrican304,1,18,6,12,-6,2,0,1,-4,19
pocahontas451,1,18,6,12,-6,2,0,1,-4,19
Spendiggity,1,18,7,11,-4,0,0,1,-4,19
stofer91,1,18,7,11,-4,0,0,1,-4,19
SUPRAbuzzkill,1,18,7,11,-4,0,0,1,-4,19
tronn0213,1,18,7,11,-4,0,0,1,-4,19
VINEWHIP,1,18,7,11,-4,0,0,1,-4,19
iliekteets,2,17,6,11,-5,0,2,2,-5,19
BasinBAMF,1,19,7,12,-5,0,1,0,-5,19
Gidnik,1,18,5,13,-8,3,1,1,-5,19
addyisboss,1,18,4,14,-10,4,1,1,-6,19
Anavar,1,18,6,12,-6,0,1,1,-6,19
bhc94,1,18,5,13,-8,2,1,1,-6,19
bluestreak27,1,18,6,12,-6,0,1,1,-6,19
breathsavers,1,18,6,12,-6,0,1,1,-6,19
BreGotTalent,1,18,6,12,-6,0,1,1,-6,19
caghassi,1,18,6,12,-6,0,1,1,-6,19
Chinnpoo,1,18,6,12,-6,0,1,1,-6,19
deztaco,1,18,6,12,-6,0,1,1,-6,19
Dustyrice,1,18,6,12,-6,0,1,1,-6,19
Emery_C,1,18,4,14,-10,4,1,1,-6,19
FlamingMarmalade,1,18,6,12,-6,0,1,1,-6,19
FR05TY14,1,18,6,12,-6,0,1,1,-6,19
Funkit,1,18,6,12,-6,0,1,1,-6,19
I69newbornkids,1,18,6,12,-6,0,1,1,-6,19
kittylife,1,18,6,12,-6,0,1,1,-6,19
krjpcn_asia,1,18,5,13,-8,2,1,1,-6,19
Le_cookie,1,18,6,12,-6,0,1,1,-6,19
magicmagininja,1,18,6,12,-6,0,1,1,-6,19
Maharog,1,18,6,12,-6,0,1,1,-6,19
MasterBeatty21,1,18,6,12,-6,0,1,1,-6,19
MAU5MANIAC,1,18,6,12,-6,0,1,1,-6,19
MunKeeX,1,18,6,12,-6,0,1,1,-6,19
MustardForBreakfast,1,18,6,12,-6,0,1,1,-6,19
nananana_fish,1,18,6,12,-6,0,1,1,-6,19
ninja_skittle7,1,18,6,12,-6,0,1,1,-6,19
Peter_Griffin33,1,18,6,12,-6,0,1,1,-6,19
ppsedits,1,18,6,12,-6,0,1,1,-6,19
Pusegutten,1,18,6,12,-6,0,1,1,-6,19
Smuttly,1,18,6,12,-6,0,1,1,-6,19
Taotao-the-Panda,1,18,6,12,-6,0,1,1,-6,19
Tea_n_Crumpets,1,18,6,12,-6,0,1,1,-6,19
ThatROFLKid,1,18,6,12,-6,0,1,1,-6,19
thedudewashere,1,18,5,13,-8,2,1,1,-6,19
TheMegaDriver,1,18,6,12,-6,0,1,1,-6,19
thenamesjackson,1,18,6,12,-6,0,1,1,-6,19
TotalEnergies,1,18,6,12,-6,0,1,1,-6,19
Z_boussi,1,18,5,13,-8,2,1,1,-6,19
A_O_A_B,1,18,6,12,-6,0,0,1,-6,19
Adna_Loves_Nerds,1,18,6,12,-6,0,0,1,-6,19
b00o,1,18,6,12,-6,0,0,1,-6,19
bsd0,1,18,6,12,-6,0,0,1,-6,19
endlessallison,1,18,6,12,-6,0,0,1,-6,19
fats,1,18,5,13,-8,2,0,1,-6,19
Raquel12771,1,18,6,12,-6,0,0,1,-6,19
utubmster,1,18,6,12,-6,0,0,1,-6,19
VladZlad,1,18,6,12,-6,0,0,1,-6,19
fluffehbunneh,2,17,5,12,-7,0,2,2,-7,19
Faporgtfo,1,19,6,13,-7,0,1,0,-7,19
SlangTerm,1,19,5,14,-9,2,1,0,-7,19
AdorableNerd,1,18,5,13,-8,0,1,1,-8,19
generalD,1,18,5,13,-8,0,1,1,-8,19
mac04498,1,18,5,13,-8,0,1,1,-8,19
MexicanMade,1,18,5,13,-8,0,1,1,-8,19
Pomerane,1,18,5,13,-8,0,1,1,-8,19
StealthyOwl,1,18,4,14,-10,2,1,1,-8,19
wordson01,1,18,5,13,-8,0,1,1,-8,19
Parks1993,1,18,5,13,-8,0,0,1,-8,19
sinnamongirl,1,18,4,14,-10,2,0,1,-8,19
dbcspace,1,18,3,15,-12,3,1,1,-9,19
iBfapN,1,18,3,15,-12,3,1,1,-9,19
PeterBeaterr,1,18,3,15,-12,3,1,1,-9,19
dorkbrains,1,18,2,16,-14,5,0,1,-9,19
avenge23,1,18,4,14,-10,0,1,1,-10,19
bastardpop,1,18,4,14,-10,0,1,1,-10,19
hoxtea,1,18,4,14,-10,0,1,1,-10,19
SickGoose,1,18,4,14,-10,0,1,1,-10,19
Woody280,1,18,4,14,-10,0,1,1,-10,19
ZheK,1,18,4,14,-10,0,1,1,-10,19
Griff_ja,1,18,3,15,-12,0,1,1,-12,19
hidden_munky,1,18,3,15,-12,0,1,1,-12,19
IRepostShitIJustSaw,1,18,3,15,-12,0,1,1,-12,19
loveyou_moon,1,18,3,15,-12,0,1,1,-12,19
MrJoelibear,1,18,3,15,-12,0,1,1,-12,19
Quinada,1,18,3,15,-12,0,1,1,-12,19
naker,1,18,2,16,-14,0,1,1,-14,19
GordontheGiraffe,1,18,16,2,14,31,1,0,45,18
astrojeepney,1,17,14,3,11,16,1,1,27,18
anfieldorbust,1,17,15,2,13,14,0,1,27,18
fudgemunk,1,17,16,1,15,8,1,1,23,18
SafeguardToParadise,1,17,14,3,11,12,1,1,23,18
peeonyou,1,17,14,3,11,10,1,1,21,18
Bouncyfatkid,1,17,13,4,9,11,1,1,20,18
Valor0us,1,17,16,1,15,5,1,1,20,18
Afinn2k9,1,17,17,0,17,3,0,1,20,18
meltedlaundry,1,17,17,0,17,3,0,1,20,18
cock-a-doodle-doo,1,17,15,2,13,6,1,1,19,18
JesterOfTheSwamp,1,17,14,3,11,8,1,1,19,18
NeoHumpty,1,17,16,1,15,4,1,1,19,18
PriestyxD,1,18,16,2,14,5,1,0,19,18
doubleneckbeard,1,17,15,2,13,6,0,1,19,18
C_Obvious,1,18,17,1,16,2,1,0,18,18
finkelsteiner,1,17,13,4,9,9,1,1,18,18
Jerry13888,1,17,12,5,7,11,1,1,18,18
marmaladerose,1,18,16,2,14,4,1,0,18,18
supahotboi,1,17,15,2,13,5,1,1,18,18
VGwritesalot,1,17,16,1,15,3,1,1,18,18
DocSporky510,2,16,15,1,14,3,2,2,17,18
demote,1,17,16,1,15,2,1,1,17,18
fireline12,1,17,17,0,17,0,1,1,17,18
Rieklin,1,18,16,2,14,3,1,0,17,18
sidd_finch,1,17,15,2,13,4,1,1,17,18
whollo918,1,18,16,2,14,3,1,0,17,18
paulverne,1,17,16,1,15,2,0,1,17,18
ragnell56,1,17,17,0,17,0,0,1,17,18
Cage_Dreams24,1,17,15,2,13,3,1,1,16,18
jollylar,1,18,17,1,16,0,1,0,16,18
meooowww,1,18,17,1,16,0,1,0,16,18
Pr3dicam3nt,1,17,15,2,13,3,1,1,16,18
shirophine,1,17,14,3,11,5,1,1,16,18
BarniNFriends,1,17,16,1,15,0,1,1,15,18
coops1367,1,17,15,2,13,2,1,1,15,18
Desturbinsight,1,17,15,2,13,2,1,1,15,18
EightMile,1,17,13,4,9,6,1,1,15,18
gadgetguy606,1,17,15,2,13,2,1,1,15,18
Hofferer,1,17,13,4,9,6,1,1,15,18
kayraah6,1,17,16,1,15,0,1,1,15,18
purplepoptarts,1,17,13,4,9,6,1,1,15,18
Scarytrousers,1,17,14,3,11,4,1,1,15,18
escapist11,1,17,16,1,15,0,0,1,15,18
wtfamireadingdotjpg,1,17,16,1,15,0,0,1,15,18
baseball155,1,17,14,3,11,3,1,1,14,18
DoogieHowitzer,1,18,15,3,12,2,1,0,14,18
Ewempo,1,18,16,2,14,0,1,0,14,18
FashBug,1,17,14,3,11,3,1,1,14,18
geronimo2013,1,17,13,4,9,5,1,1,14,18
JawsGoneWild,1,18,14,4,10,4,1,0,14,18
bearquinn,1,17,15,2,13,0,1,1,13,18
bringurown6pack,1,17,14,3,11,2,1,1,13,18
CarnageRose,1,17,14,3,11,2,1,1,13,18
CondorP16,1,17,14,3,11,2,1,1,13,18
daeger,1,17,15,2,13,0,1,1,13,18
HERO99532,1,17,15,2,13,0,1,1,13,18
hiccupstix,1,17,15,2,13,0,1,1,13,18
homoskedasticity,1,17,14,3,11,2,1,1,13,18
IAintLying,1,17,14,3,11,2,1,1,13,18
imakhink,1,17,15,2,13,0,1,1,13,18
jeff1233219,1,17,12,5,7,6,1,1,13,18
macros-the-black,1,17,15,2,13,0,1,1,13,18
MonkeysInSnow,1,17,15,2,13,0,1,1,13,18
nitrostealth,1,17,15,2,13,0,1,1,13,18
otakuman,1,17,11,6,5,8,1,1,13,18
patq151,1,18,14,4,10,3,1,0,13,18
sagir_khan,1,18,14,4,10,3,1,0,13,18
silentndeadly,1,17,14,3,11,2,1,1,13,18
superdude1264,1,17,15,2,13,0,1,1,13,18
TimmX97,1,17,15,2,13,0,1,1,13,18
VanHansel,1,17,15,2,13,0,1,1,13,18
ZinsMonster,1,17,13,4,9,4,1,1,13,18
godchamp1,1,17,14,3,11,2,0,1,13,18
humanhaplogroup,1,17,15,2,13,0,0,1,13,18
ISwearThisIsOriginal,1,17,15,2,13,0,0,1,13,18
shadowmouse,1,17,10,7,3,10,0,1,13,18
SourD420,1,17,15,2,13,0,0,1,13,18
Super_Medic,1,17,15,2,13,0,0,1,13,18
Tall7kiwi,1,17,14,3,11,2,0,1,13,18
tylergray101,1,17,14,3,11,2,0,1,13,18
_NarwhalBacon,1,18,15,3,12,0,1,0,12,18
adrenaline_devine,1,17,13,4,9,3,1,1,12,18
CyborgDragon,1,18,14,4,10,2,1,0,12,18
fancybaton,1,17,12,5,7,5,1,1,12,18
InternetsSpokesman,1,17,13,4,9,3,1,1,12,18
jjbeejay,1,18,12,6,6,6,1,0,12,18
moogaman,1,17,13,4,9,3,1,1,12,18
panda6517,1,18,13,5,8,4,1,0,12,18
sbsc27,1,18,14,4,10,2,1,0,12,18
SoundSynthetic,1,18,14,4,10,2,1,0,12,18
yesimbs,1,18,14,4,10,2,1,0,12,18
zachacacac,1,17,12,5,7,5,1,1,12,18
BigEasyBobcat,1,17,11,6,5,7,0,1,12,18
gbuckland,1,17,13,4,9,3,0,1,12,18
MeloPelo,1,17,12,5,7,5,0,1,12,18
somegirlfromsask,1,17,12,5,7,5,0,1,12,18
_Mr_Brightside_,1,17,14,3,11,0,1,1,11,18
AgentPancake,1,17,13,4,9,2,1,1,11,18
Babayaga20000,1,17,13,4,9,2,1,1,11,18
badmood247,1,17,13,4,9,2,1,1,11,18
balthasar11,1,17,14,3,11,0,1,1,11,18
BoganPr1de,1,17,14,3,11,0,1,1,11,18
cancerik3,1,17,14,3,11,0,1,1,11,18
chazen,1,17,14,3,11,0,1,1,11,18
DaygoSwag,1,18,13,5,8,3,1,0,11,18
delectableme,1,17,14,3,11,0,1,1,11,18
dieterekstrom,1,17,14,3,11,0,1,1,11,18
dragonmaster182,1,17,8,9,-1,12,1,1,11,18
DubaliciousDubs,1,17,14,3,11,0,1,1,11,18
Edanstone,1,17,14,3,11,0,1,1,11,18
Galvanize33,1,17,14,3,11,0,1,1,11,18
haveattheeapathy,1,17,13,4,9,2,1,1,11,18
hellbrainsx,1,17,14,3,11,0,1,1,11,18
James1o1o,1,17,11,6,5,6,1,1,11,18
jeanraffio,1,17,13,4,9,2,1,1,11,18
karaokejoker,1,17,14,3,11,0,1,1,11,18
keanus,1,17,14,3,11,0,1,1,11,18
Matt07,1,17,13,4,9,2,1,1,11,18
mcgoo352,1,17,14,3,11,0,1,1,11,18
mrhollowfinger,1,17,12,5,7,4,1,1,11,18
MsCatfaceMeowmers,1,17,14,3,11,0,1,1,11,18
ncsuftw1,1,17,14,3,11,0,1,1,11,18
OMGReid,1,17,14,3,11,0,1,1,11,18
Pengu360,1,17,14,3,11,0,1,1,11,18
Punkrocker333,1,17,14,3,11,0,1,1,11,18
russiandan,1,17,14,3,11,0,1,1,11,18
SHFBI1,1,17,14,3,11,0,1,1,11,18
sparksd,1,17,14,3,11,0,1,1,11,18
stapleherdick,1,17,14,3,11,0,1,1,11,18
Zarkey,1,17,10,7,3,8,1,1,11,18
Zykium,1,18,12,6,6,5,1,0,11,18
JonnySwindle,1,17,12,5,7,4,0,1,11,18
KayEmBe91,1,17,14,3,11,0,0,1,11,18
live4hisglory,1,17,14,3,11,0,0,1,11,18
Maulowitz,1,17,12,5,7,4,0,1,11,18
Moto341,1,17,14,3,11,0,0,1,11,18
nicolenowak,1,17,14,3,11,0,0,1,11,18
noahhess14,1,17,14,3,11,0,0,1,11,18
rawcl,1,17,13,4,9,2,0,1,11,18
steeberd1248,1,17,14,3,11,0,0,1,11,18
LarneyStinson,2,16,13,3,10,0,2,2,10,18
Piezy,2,17,11,6,5,5,2,1,10,18
ardabey,1,17,11,6,5,5,1,1,10,18
dodge1,2,16,13,3,10,0,1,2,10,18
funke222,1,18,14,4,10,0,1,0,10,18
incredibadass,1,17,12,5,7,3,1,1,10,18
Jayklekle,1,17,12,5,7,3,1,1,10,18
mafiasquirrel,1,17,11,6,5,5,1,1,10,18
marmz111,1,18,14,4,10,0,1,0,10,18
Radamec,1,18,14,4,10,0,1,0,10,18
squidesquide,1,17,12,5,7,3,1,1,10,18
Syntax_Error_037,1,17,11,6,5,5,1,1,10,18
tonail85,1,17,12,5,7,3,1,1,10,18
Trivalist,1,18,14,4,10,0,1,0,10,18
wobblymadman,1,17,11,6,5,5,1,1,10,18
Farnswirth,1,17,12,5,7,3,0,1,10,18
FUCK_ANAL_POTATOES,1,17,12,5,7,3,0,1,10,18
three29,2,17,13,4,9,0,2,1,9,18
Veuxomz,2,16,11,5,6,3,2,2,9,18
acidr4in,1,17,13,4,9,0,1,1,9,18
alpinab7s,1,17,13,4,9,0,1,1,9,18
aphexmandelbrot,1,17,12,5,7,2,1,1,9,18
asorba,1,17,13,4,9,0,1,1,9,18
Brilliant_,1,17,13,4,9,0,1,1,9,18
BunchOfNumbers145236,1,17,13,4,9,0,1,1,9,18
calee1983,1,17,13,4,9,0,1,1,9,18
daltonfury,1,17,13,4,9,0,1,1,9,18
electriophile,1,17,13,4,9,0,1,1,9,18
Eliade1,1,17,13,4,9,0,1,1,9,18
Flipflopflapjack,1,17,13,4,9,0,1,1,9,18
Goumbush,1,17,13,4,9,0,1,1,9,18
HereItDothGoeth,1,17,13,4,9,0,1,1,9,18
Hulemann,1,17,8,9,-1,10,1,1,9,18
JoeRadd,1,17,13,4,9,0,1,1,9,18
JubilationLee,1,17,13,4,9,0,1,1,9,18
Juunior,1,17,13,4,9,0,1,1,9,18
LebaneseLurker,1,17,12,5,7,2,1,1,9,18
MagnusThundercock,1,17,11,6,5,4,1,1,9,18
manubhatia,1,17,12,5,7,2,1,1,9,18
MathGrunt,1,17,13,4,9,0,1,1,9,18
Mazakaki,1,17,13,4,9,0,1,1,9,18
MoistToilet,1,17,13,4,9,0,1,1,9,18
MonsoonIe,1,17,12,5,7,2,1,1,9,18
nerdboobs,1,17,13,4,9,0,1,1,9,18
nostrocker,1,17,13,4,9,0,1,1,9,18
ProfessionalFlasher,1,17,13,4,9,0,1,1,9,18
Pseudo_Infinity,1,17,12,5,7,2,1,1,9,18
RedditOrNotHereWeGo,1,17,13,4,9,0,1,1,9,18
RiflemanLax,1,17,12,5,7,2,1,1,9,18
Rrodgers73,1,17,12,5,7,2,1,1,9,18
SammyDTX,1,17,11,6,5,4,1,1,9,18
skypry,1,17,13,4,9,0,1,1,9,18
SourAuclair,1,17,13,4,9,0,1,1,9,18
sprjrx,1,17,13,4,9,0,1,1,9,18
WillMountain,1,17,13,4,9,0,1,1,9,18
winstonsmithwannabe,1,17,13,4,9,0,1,1,9,18
wtfbbqfagg,1,17,11,6,5,4,1,1,9,18
ZackVee,1,17,12,5,7,2,1,1,9,18
andbacker,1,17,12,5,7,2,0,1,9,18
bman76_53,1,17,13,4,9,0,0,1,9,18
Dinkleburg238,1,17,13,4,9,0,0,1,9,18
DooDooAintCheap,1,17,12,5,7,2,0,1,9,18
joshv55517,1,17,12,5,7,2,0,1,9,18
jphadley11,1,17,9,8,1,8,0,1,9,18
Karsttitor,1,17,13,4,9,0,0,1,9,18
Lpdrizzle,1,17,13,4,9,0,0,1,9,18
Miamijag13,1,17,13,4,9,0,0,1,9,18
Mr_A,1,17,13,4,9,0,0,1,9,18
shubwub,1,17,13,4,9,0,0,1,9,18
surfsupchuck,1,17,13,4,9,0,0,1,9,18
tchiseen,1,17,12,5,7,2,0,1,9,18
tenebralupo,1,17,13,4,9,0,0,1,9,18
willbilln,1,17,12,5,7,2,0,1,9,18
imalloutofgum,2,16,11,5,6,2,2,2,8,18
tswpoker1,2,16,10,6,4,4,2,2,8,18
ahahn,1,18,13,5,8,0,1,0,8,18
bear_tactics,2,16,11,5,6,2,1,2,8,18
bennyd3,1,18,13,5,8,0,1,0,8,18
Coolhand2120,2,16,12,4,8,0,1,2,8,18
D_b0,1,17,10,7,3,5,1,1,8,18
Dollarhide,1,17,11,6,5,3,1,1,8,18
dskatz2,1,17,11,6,5,3,1,1,8,18
gensaan,1,17,11,6,5,3,1,1,8,18
Goairforce51,1,17,7,10,-3,11,1,1,8,18
Hageshii01,1,17,11,6,5,3,1,1,8,18
iareeric,1,17,10,7,3,5,1,1,8,18
myhouseisgod,1,18,13,5,8,0,1,0,8,18
mypar,1,18,13,5,8,0,1,0,8,18
OutaNowhere,1,18,13,5,8,0,1,0,8,18
pokker,1,17,8,9,-1,9,1,1,8,18
reddit2020,1,17,11,6,5,3,1,1,8,18
r-howtoruinreddit,1,17,10,7,3,5,1,1,8,18
Shabadu,1,17,10,7,3,5,1,1,8,18
smileyface42,1,17,11,6,5,3,1,1,8,18
teenagegohan,2,16,11,5,6,2,1,2,8,18
Wozzle90,1,17,11,6,5,3,1,1,8,18
Creator_of_Cones,1,17,10,7,3,5,0,1,8,18
Hobotobo,1,17,11,6,5,3,0,1,8,18
mywifeh8sme,1,17,7,10,-3,11,0,1,8,18
TheBrightKnight,1,17,11,6,5,3,0,1,8,18
90yoboy,1,17,12,5,7,0,1,1,7,18
alexyu22,1,17,12,5,7,0,1,1,7,18
B0SSARU,1,17,12,5,7,0,1,1,7,18
bananafishxx3,1,17,10,7,3,4,1,1,7,18
Burtonken23,1,17,12,5,7,0,1,1,7,18
chrislols,1,18,11,7,4,3,1,0,7,18
Codywestphal535,1,17,10,7,3,4,1,1,7,18
DarkoKun,1,17,12,5,7,0,1,1,7,18
deaconheel,1,17,12,5,7,0,1,1,7,18
Drunk_Butterfly,1,17,12,5,7,0,1,1,7,18
easytheredude,1,17,12,5,7,0,1,1,7,18
EsotericNinja,1,17,12,5,7,0,1,1,7,18
folderolJones,1,17,12,5,7,0,1,1,7,18
gopro297,1,17,12,5,7,0,1,1,7,18
Gregdahzero,1,17,12,5,7,0,1,1,7,18
Import,1,17,11,6,5,2,1,1,7,18
iPinkribbon,1,17,11,6,5,2,1,1,7,18
jmophoto,1,17,11,6,5,2,1,1,7,18
Kamige,1,17,12,5,7,0,1,1,7,18
LiamDunn,1,17,12,5,7,0,1,1,7,18
lusciouslou,1,17,12,5,7,0,1,1,7,18
matschmid,1,17,12,5,7,0,1,1,7,18
MatthewKilday,1,17,11,6,5,2,1,1,7,18
meddy2137,1,17,12,5,7,0,1,1,7,18
MentionMyUsername,1,17,9,8,1,6,1,1,7,18
MOTTP,1,17,10,7,3,4,1,1,7,18
nadiapants,1,17,12,5,7,0,1,1,7,18
NotABarbie,1,17,12,5,7,0,1,1,7,18
oinkie,1,17,10,7,3,4,1,1,7,18
omegahelix,1,17,12,5,7,0,1,1,7,18
Op_Is_Fagot,1,17,12,5,7,0,1,1,7,18
paintingunicorn,1,17,12,5,7,0,1,1,7,18
pass_the_flask,1,17,12,5,7,0,1,1,7,18
princessbananahammoc,1,17,12,5,7,0,1,1,7,18
Psychic_Monkey,1,17,10,7,3,4,1,1,7,18
Puttersam,1,17,11,6,5,2,1,1,7,18
rnbmk12345,1,17,12,5,7,0,1,1,7,18
Roardo1,1,17,10,7,3,4,1,1,7,18
santaschesthairs,1,17,10,7,3,4,1,1,7,18
SecretDragoon,1,17,11,6,5,2,1,1,7,18
SniperNoSniping,1,17,11,6,5,2,1,1,7,18
Spornyev,1,17,12,5,7,0,1,1,7,18
thomasmurphymusic,1,18,11,7,4,3,1,0,7,18
townsleyc,1,17,11,6,5,2,1,1,7,18
tripstuff,1,17,11,6,5,2,1,1,7,18
Tswaddo97,1,17,8,9,-1,8,1,1,7,18
unknowndotexe,1,17,12,5,7,0,1,1,7,18
votercolonel,1,17,12,5,7,0,1,1,7,18
want-to-say-this,1,17,12,5,7,0,1,1,7,18
Willzilla354,1,17,12,5,7,0,1,1,7,18
xBGMx,1,17,11,6,5,2,1,1,7,18
Akassk8,1,17,12,5,7,0,0,1,7,18
bythefireside27,1,17,9,8,1,6,0,1,7,18
DrTurdGrinder,1,17,12,5,7,0,0,1,7,18
dukishlygreat,1,17,10,7,3,4,0,1,7,18
ItsDietSoItMustBeOk,1,17,12,5,7,0,0,1,7,18
jackyoloswag,1,17,12,5,7,0,0,1,7,18
JB47,1,17,12,5,7,0,0,1,7,18
lost_king,1,17,11,6,5,2,0,1,7,18
mcantelon,1,17,12,5,7,0,0,1,7,18
Michael0609,1,17,11,6,5,2,0,1,7,18
mynameisnotbernardo,1,17,10,7,3,4,0,1,7,18
pauljoker,1,17,11,6,5,2,0,1,7,18
PersernErmertal,1,17,12,5,7,0,0,1,7,18
treeburner57,1,17,12,5,7,0,0,1,7,18
Alex_Caton94,1,17,6,11,-5,11,1,1,6,18
atx_iggle,1,18,12,6,6,0,1,0,6,18
cousinroman,1,17,10,7,3,3,1,1,6,18
FlammableWater,1,17,10,7,3,3,1,1,6,18
jeremiahlupinski,1,17,9,8,1,5,1,1,6,18
jigme_senge,1,17,10,7,3,3,1,1,6,18
kimboslice914,1,17,9,8,1,5,1,1,6,18
ligersarereal66,1,17,10,7,3,3,1,1,6,18
saburoo,1,17,10,7,3,3,1,1,6,18
sea_eagle,1,17,10,7,3,3,1,1,6,18
Skaired152,1,17,10,7,3,3,1,1,6,18
snickles19,1,18,12,6,6,0,1,0,6,18
theroflwaffle,1,17,10,7,3,3,1,1,6,18
Trash0123,1,17,10,7,3,3,1,1,6,18
underdog5891,2,16,10,6,4,2,1,2,6,18
zk1345,1,17,10,7,3,3,1,1,6,18
Arngrim60D,1,17,10,7,3,3,0,1,6,18
mariemustache,2,16,11,5,6,0,0,2,6,18
Markmark77889,1,17,10,7,3,3,0,1,6,18
N3RDS_FTW,1,17,9,8,1,5,0,1,6,18
RandomDudeOnReddit,1,17,10,7,3,3,0,1,6,18
remembertosmile,1,17,10,7,3,3,0,1,6,18
Ron--Mexico,1,17,10,7,3,3,0,1,6,18
Vorchun,1,17,9,8,1,5,0,1,6,18
_Badlands_,1,17,10,7,3,2,1,1,5,18
Ace1313,1,17,11,6,5,0,1,1,5,18
aksmith4x,1,17,10,7,3,2,1,1,5,18
ali_421,1,17,11,6,5,0,1,1,5,18
almerm,1,17,10,7,3,2,1,1,5,18
Austin1227,1,17,11,6,5,0,1,1,5,18
Auyx,1,18,9,9,0,5,1,0,5,18
Baronstein,1,17,11,6,5,0,1,1,5,18
BenJaMendez10,1,17,11,6,5,0,1,1,5,18
Bombolini,1,17,11,6,5,0,1,1,5,18
boofboy2007,1,17,11,6,5,0,1,1,5,18
BossMagnus,1,17,11,6,5,0,1,1,5,18
Buddybryan3,1,17,11,6,5,0,1,1,5,18
Chef_Kevorkian,1,17,11,6,5,0,1,1,5,18
comeatmeghost,1,17,11,6,5,0,1,1,5,18
CRIPPLEDKITTENSWN,1,17,11,6,5,0,1,1,5,18
DebiDowner,1,17,11,6,5,0,1,1,5,18
DirtyEdgeKid,1,17,11,6,5,0,1,1,5,18
djjedi,1,17,11,6,5,0,1,1,5,18
dotted_indian,1,17,10,7,3,2,1,1,5,18
Eazye91,1,17,11,6,5,0,1,1,5,18
Ex0dus13,1,17,11,6,5,0,1,1,5,18
Fatwhale,1,17,11,6,5,0,1,1,5,18
Gamelife1,1,17,6,11,-5,10,1,1,5,18
Ganinth56,1,17,10,7,3,2,1,1,5,18
Gerrrd,1,17,11,6,5,0,1,1,5,18
hotpeanutbutter,1,17,11,6,5,0,1,1,5,18
I_BROUGHT_SNACKS,1,17,11,6,5,0,1,1,5,18
IdleTyrant,1,17,10,7,3,2,1,1,5,18
IlDuceIII,1,17,10,7,3,2,1,1,5,18
Im_Not_A_Rapper,1,17,11,6,5,0,1,1,5,18
jared091787,1,17,11,6,5,0,1,1,5,18
kenny314,1,17,10,7,3,2,1,1,5,18
Kennymcman22,1,17,11,6,5,0,1,1,5,18
kingocado,1,17,10,7,3,2,1,1,5,18
Kuldra,1,17,11,6,5,0,1,1,5,18
LeadSunglasses,1,17,11,6,5,0,1,1,5,18
learners_permit,1,17,11,6,5,0,1,1,5,18
Lee3nfi3ld,1,17,10,7,3,2,1,1,5,18
Luckydog953,1,17,11,6,5,0,1,1,5,18
Mastadge,1,17,11,6,5,0,1,1,5,18
mikeyd711,2,16,9,7,2,3,1,2,5,18
MOMPICKUPTHEPHONE,1,17,11,6,5,0,1,1,5,18
MozzarellaBomb,1,17,11,6,5,0,1,1,5,18
NessaS,1,17,11,6,5,0,1,1,5,18
Nfc24,1,17,11,6,5,0,1,1,5,18
obituarylist,1,17,11,6,5,0,1,1,5,18
ojsimpsonn,1,17,10,7,3,2,1,1,5,18
OpulentMonarchy,1,17,10,7,3,2,1,1,5,18
pearbobber,1,17,11,6,5,0,1,1,5,18
PisseDeFut,1,17,11,6,5,0,1,1,5,18
Pudding36,1,17,11,6,5,0,1,1,5,18
pwn777,1,17,10,7,3,2,1,1,5,18
RHowenstein,1,17,11,6,5,0,1,1,5,18
SailBoatNick,1,17,10,7,3,2,1,1,5,18
shattersoul,1,17,11,6,5,0,1,1,5,18
slashduel,1,17,11,6,5,0,1,1,5,18
smaffit,1,17,9,8,1,4,1,1,5,18
SwampMyBalls,1,17,10,7,3,2,1,1,5,18
TheMarquisDeSpace,1,17,11,6,5,0,1,1,5,18
thepandorica,1,17,8,9,-1,6,1,1,5,18
tsoperylnoi,1,17,11,6,5,0,1,1,5,18
Viewtiful_Bob,1,17,11,6,5,0,1,1,5,18
vyllex,1,17,11,6,5,0,1,1,5,18
YouCatToBeKittenMeow,1,17,10,7,3,2,1,1,5,18
15nlombard,1,17,11,6,5,0,0,1,5,18
anna12910,1,17,11,6,5,0,0,1,5,18
ashleystarr007,1,17,11,6,5,0,0,1,5,18
bmw_e30,1,17,11,6,5,0,0,1,5,18
cheesy183,1,17,10,7,3,2,0,1,5,18
Da5h0t,1,17,9,8,1,4,0,1,5,18
doctor--Who,1,17,11,6,5,0,0,1,5,18
DukeCanada,1,17,11,6,5,0,0,1,5,18
eeotto,1,17,11,6,5,0,0,1,5,18
FallenOv,1,17,11,6,5,0,0,1,5,18
Gazurg96,1,17,11,6,5,0,0,1,5,18
gologologolo,1,17,10,7,3,2,0,1,5,18
horse_drowner2,1,17,11,6,5,0,0,1,5,18
kingocad,1,17,11,6,5,0,0,1,5,18
Knives3057,1,17,11,6,5,0,0,1,5,18
larg3-p3nis,1,17,11,6,5,0,0,1,5,18
live2dance,1,17,10,7,3,2,0,1,5,18
Mishi82,1,17,10,7,3,2,0,1,5,18
ShaolinShade,1,17,11,6,5,0,0,1,5,18
Slinkytechtom,1,17,9,8,1,4,0,1,5,18
georgia10,2,16,9,7,2,2,2,2,4,18
AgentJuice,2,16,10,6,4,0,1,2,4,18
corvaxeslisto,1,17,9,8,1,3,1,1,4,18
gueriLLaPunK,1,17,9,8,1,3,1,1,4,18
hdiego35,1,17,9,8,1,3,1,1,4,18
icame_isaw_iconq,2,17,9,8,1,3,1,1,4,18
jecniencikn,1,17,9,8,1,3,1,1,4,18
kingofthevale,1,17,9,8,1,3,1,1,4,18
kirbaayz,1,17,9,8,1,3,1,1,4,18
Mr_Showtime,1,18,10,8,2,2,1,0,4,18
TunaDitka,1,18,11,7,4,0,1,0,4,18
yourface44,1,17,8,9,-1,5,1,1,4,18
RhinoK43,2,16,10,6,4,0,0,2,4,18
Learz,2,17,10,7,3,0,2,1,3,18
_kaixo_,1,17,10,7,3,0,1,1,3,18
addyray,1,17,10,7,3,0,1,1,3,18
anamale,1,17,10,7,3,0,1,1,3,18
Autosaver,1,17,9,8,1,2,1,1,3,18
BLOWBACKKID,1,17,10,7,3,0,1,1,3,18
bmccormick047,1,17,10,7,3,0,1,1,3,18
bonerwashington,1,17,10,7,3,0,1,1,3,18
Boshrap,1,17,10,7,3,0,1,1,3,18
Bucky_Ohare,1,17,10,7,3,0,1,1,3,18
cbinvb,1,17,10,7,3,0,1,1,3,18
Cbuck33,1,17,7,10,-3,6,1,1,3,18
ch1ck3nf1ght3r,1,17,10,7,3,0,1,1,3,18
coolong,1,17,10,7,3,0,1,1,3,18
corbett3000,1,17,8,9,-1,4,1,1,3,18
czap,1,17,10,7,3,0,1,1,3,18
darklordmoses,1,17,10,7,3,0,1,1,3,18
Demonsasquatch,1,17,10,7,3,0,1,1,3,18
DigitalisFX,1,17,10,7,3,0,1,1,3,18
drizzt5,1,17,9,8,1,2,1,1,3,18
DrStix,1,17,10,7,3,0,1,1,3,18
Dunedain1,1,17,9,8,1,2,1,1,3,18
dusty2084,1,17,10,7,3,0,1,1,3,18
Eluith,1,17,10,7,3,0,1,1,3,18
fartdawg,1,17,9,8,1,2,1,1,3,18
Frikkh,1,17,10,7,3,0,1,1,3,18
ghostlytoastly,1,17,9,8,1,2,1,1,3,18
gludzilla,1,17,10,7,3,0,1,1,3,18
GummiBear483,1,17,10,7,3,0,1,1,3,18
ImEliteBro1337,1,17,10,7,3,0,1,1,3,18
ImOldGregg17,1,17,10,7,3,0,1,1,3,18
Inflatable_Ninja,1,17,10,7,3,0,1,1,3,18
Jellyman1100,1,17,10,7,3,0,1,1,3,18
jujukicks,1,17,9,8,1,2,1,1,3,18
Kbaas3,1,17,10,7,3,0,1,1,3,18
luhjuhjuh,1,17,10,7,3,0,1,1,3,18
mechanicus,1,17,10,7,3,0,1,1,3,18
michaelwisey,1,17,10,7,3,0,1,1,3,18
Mrstege,1,17,10,7,3,0,1,1,3,18
NamesAppleJack,1,17,10,7,3,0,1,1,3,18
Neon_Graffiti,1,17,9,8,1,2,1,1,3,18
nervoushark,1,17,10,7,3,0,1,1,3,18
Osbjorn,1,17,10,7,3,0,1,1,3,18
poobear1731,1,17,10,7,3,0,1,1,3,18
ragecat94,1,17,10,7,3,0,1,1,3,18
RustyN6,1,17,10,7,3,0,1,1,3,18
shaunmeglen,1,17,10,7,3,0,1,1,3,18
Shinzon,1,17,10,7,3,0,1,1,3,18
Sidekicknicholas,1,17,10,7,3,0,1,1,3,18
slightlystartled,1,17,7,10,-3,6,1,1,3,18
SourMilkNEggs,1,17,10,7,3,0,1,1,3,18
StarChild58,1,17,10,7,3,0,1,1,3,18
thekittiestitties00,1,17,10,7,3,0,1,1,3,18
turnermate,1,17,10,7,3,0,1,1,3,18
twacker,1,17,10,7,3,0,1,1,3,18
Uncanevale,1,17,7,10,-3,6,1,1,3,18
xibrockix,1,17,10,7,3,0,1,1,3,18
Yetee,1,17,10,7,3,0,1,1,3,18
brantleye,1,17,10,7,3,0,0,1,3,18
BrutalJones,1,17,10,7,3,0,0,1,3,18
CuriousWalvis,1,17,10,7,3,0,0,1,3,18
davis32,1,17,10,7,3,0,0,1,3,18
dgd765,1,17,10,7,3,0,0,1,3,18
DougieCoffee,1,17,10,7,3,0,0,1,3,18
drosemvp96,1,17,9,8,1,2,0,1,3,18
HazelAngel16,1,17,10,7,3,0,0,1,3,18
ipompa,1,17,10,7,3,0,0,1,3,18
jonnypondwater,1,17,10,7,3,0,0,1,3,18
jurnyethescienceguy,1,17,10,7,3,0,0,1,3,18
kkr7ddc,1,17,10,7,3,0,0,1,3,18
leakylou,1,17,10,7,3,0,0,1,3,18
Mithral,1,17,10,7,3,0,0,1,3,18
RarelyGivesCriticism,1,17,10,7,3,0,0,1,3,18
rreilly1012,1,17,10,7,3,0,0,1,3,18
sexkills,1,17,10,7,3,0,0,1,3,18
sorrydaveicantdothat,1,17,10,7,3,0,0,1,3,18
SuperBrad213,1,17,10,7,3,0,0,1,3,18
SuperTallCraig,1,17,10,7,3,0,0,1,3,18
yankeefanman,1,17,10,7,3,0,0,1,3,18
Zawndi,1,17,10,7,3,0,0,1,3,18
theloniousbunk,2,16,9,7,2,0,2,2,2,18
air_attack10,1,18,7,11,-4,6,1,0,2,18
Basselopehunter,1,17,7,10,-3,5,1,1,2,18
blindedbyhindsight,1,18,10,8,2,0,1,0,2,18
C250585,1,17,8,9,-1,3,1,1,2,18
fpac,1,17,8,9,-1,3,1,1,2,18
jhowa182,1,17,7,10,-3,5,1,1,2,18
kushiro07,2,16,9,7,2,0,1,2,2,18
lolz989,1,17,6,11,-5,7,1,1,2,18
maRa11,1,17,7,10,-3,5,1,1,2,18
PresidentWyatt,1,17,8,9,-1,3,1,1,2,18
RedAxis,1,17,7,10,-3,5,1,1,2,18
seraphim19,1,17,7,10,-3,5,1,1,2,18
TheDrunkenMan2012,1,18,9,9,0,2,1,0,2,18
UnjustBread,1,17,8,9,-1,3,1,1,2,18
YHofSuburbia,1,17,8,9,-1,3,1,1,2,18
zombiewok,1,17,7,10,-3,5,1,1,2,18
anyusernamesffs,1,17,6,11,-5,7,0,1,2,18
cronack1,1,17,8,9,-1,3,0,1,2,18
DanielPerianu,1,17,7,10,-3,5,0,1,2,18
DempRP,1,17,7,10,-3,5,0,1,2,18
faggotmoose,1,17,8,9,-1,3,0,1,2,18
mochadog32,1,17,8,9,-1,3,0,1,2,18
Savage9645,1,17,8,9,-1,3,0,1,2,18
youdontsaythat,1,17,7,10,-3,5,0,1,2,18
Truuuue,2,16,5,11,-6,7,2,2,1,18
AC0510,1,17,9,8,1,0,1,1,1,18
achughes,1,17,9,8,1,0,1,1,1,18
Alecazam18,1,17,9,8,1,0,1,1,1,18
Anomynousaly,1,17,9,8,1,0,1,1,1,18
apks,1,17,9,8,1,0,1,1,1,18
Arkaos,1,17,9,8,1,0,1,1,1,18
caboose1984,1,17,8,9,-1,2,1,1,1,18
echo10cation,1,17,9,8,1,0,1,1,1,18
Goobi,1,17,9,8,1,0,1,1,1,18
Goukan,1,17,6,11,-5,6,1,1,1,18
HerrLupfa,1,17,9,8,1,0,1,1,1,18
iceblender,1,17,9,8,1,0,1,1,1,18
IM_A_BUSSS,1,17,9,8,1,0,1,1,1,18
Ives_,1,17,6,11,-5,6,1,1,1,18
JCougar,1,17,8,9,-1,2,1,1,1,18
jjwoody,1,17,9,8,1,0,1,1,1,18
LelandMaccabeus,1,17,8,9,-1,2,1,1,1,18
Linkoni,1,17,7,10,-3,4,1,1,1,18
LukeDangerHoppe,1,17,9,8,1,0,1,1,1,18
McStubble,1,17,8,9,-1,2,1,1,1,18
n3uman,1,17,8,9,-1,2,1,1,1,18
Natelton,1,17,9,8,1,0,1,1,1,18
neeghairs,1,17,9,8,1,0,1,1,1,18
Omegaki314,1,17,8,9,-1,2,1,1,1,18
one_time_once,1,17,9,8,1,0,1,1,1,18
ottovanbizmarkie,1,17,9,8,1,0,1,1,1,18
plokkum,1,17,9,8,1,0,1,1,1,18
RadiologisttPepper,1,17,9,8,1,0,1,1,1,18
Ramtastic,1,17,7,10,-3,4,1,1,1,18
revshab,1,17,9,8,1,0,1,1,1,18
SergeantSwagger910,1,17,8,9,-1,2,1,1,1,18
snipesharp,1,17,9,8,1,0,1,1,1,18
Spoogebob,1,17,9,8,1,0,1,1,1,18
SpootyPants,1,17,9,8,1,0,1,1,1,18
subliminal187,1,17,9,8,1,0,1,1,1,18
SynthicianRecords,1,17,9,8,1,0,1,1,1,18
THATS_KINDA_RETARDED,1,17,9,8,1,0,1,1,1,18
thewalrus98,1,17,9,8,1,0,1,1,1,18
tnat45,2,16,7,9,-2,3,1,2,1,18
ToFoolThemIn,1,17,9,8,1,0,1,1,1,18
Trucker_Ducker,1,17,8,9,-1,2,1,1,1,18
twelvebars,1,17,9,8,1,0,1,1,1,18
tyrone665,1,17,7,10,-3,4,1,1,1,18
uncleluke,1,17,9,8,1,0,1,1,1,18
Whitewash808,1,17,8,9,-1,2,1,1,1,18
Wiiboy95,1,17,9,8,1,0,1,1,1,18
woodfinx,1,17,9,8,1,0,1,1,1,18
XTRAHOPPY,1,17,9,8,1,0,1,1,1,18
yeahbuddy6,1,17,9,8,1,0,1,1,1,18
zabo77,1,17,9,8,1,0,1,1,1,18
badfoodman,1,17,9,8,1,0,0,1,1,18
BrassMonki,1,17,9,8,1,0,0,1,1,18
ChubbiestLlama,1,17,9,8,1,0,0,1,1,18
Dbl_Helix,1,17,9,8,1,0,0,1,1,18
Emilyyycarol,1,17,7,10,-3,4,0,1,1,18
frothewin,1,17,6,11,-5,6,0,1,1,18
jrhg13,1,17,8,9,-1,2,0,1,1,18
Kudhos,1,17,9,8,1,0,0,1,1,18
meister_onem,1,17,8,9,-1,2,0,1,1,18
RD_Is_Best_Pony,1,17,9,8,1,0,0,1,1,18
swain_ryan,1,17,9,8,1,0,0,1,1,18
TheyCallMeCactus,1,17,9,8,1,0,0,1,1,18
WhyDoTheyHateUs,1,17,6,11,-5,6,0,1,1,18
Gulugawa,2,16,8,8,0,0,2,2,0,18
BusyPedro,1,17,6,11,-5,5,1,1,0,18
CaseusVir,1,17,7,10,-3,3,1,1,0,18
GrizzBear97,1,17,7,10,-3,3,1,1,0,18
hspencer1507,1,18,9,9,0,0,1,0,0,18
JeffreyR94,1,17,6,11,-5,5,1,1,0,18
JJZCRUZ826,1,17,7,10,-3,3,1,1,0,18
Jobrox,1,17,7,10,-3,3,1,1,0,18
OtaConnor,1,18,8,10,-2,2,1,0,0,18
pastenseofdraw,1,18,9,9,0,0,1,0,0,18
xcureanddisease,1,17,7,10,-3,3,1,1,0,18
Kero_Kero_Kero,1,17,6,11,-5,5,0,1,0,18
KidQuantum,1,17,6,11,-5,5,0,1,0,18
skiingxmoose,1,17,7,10,-3,3,0,1,0,18
SolidLikeIraq,1,17,6,11,-5,5,0,1,0,18
Ammo707,1,17,8,9,-1,0,1,1,-1,18
Asawa1984,1,17,7,10,-3,2,1,1,-1,18
biblosaurus,1,17,8,9,-1,0,1,1,-1,18
deakterinbuuuuu3rg,1,17,7,10,-3,2,1,1,-1,18
dokinbox,1,17,6,11,-5,4,1,1,-1,18
Enjoy_Every_Sandwich,1,17,8,9,-1,0,1,1,-1,18
FoeApple,1,17,8,9,-1,0,1,1,-1,18
forestmuse,1,17,8,9,-1,0,1,1,-1,18
frinik,1,17,8,9,-1,0,1,1,-1,18
garv323,1,17,7,10,-3,2,1,1,-1,18
GirlwiththeRatTattoo,1,17,8,9,-1,0,1,1,-1,18
IcicleNinja,1,17,8,9,-1,0,1,1,-1,18
Jbahh,1,17,8,9,-1,0,1,1,-1,18
kentsuppi,1,17,8,9,-1,0,1,1,-1,18
Krazy_King,1,17,7,10,-3,2,1,1,-1,18
KrazyCarDude,1,17,8,9,-1,0,1,1,-1,18
LeBaconator,1,17,8,9,-1,0,1,1,-1,18
left-eye,1,17,8,9,-1,0,1,1,-1,18
lelouch_the_zero,1,17,7,10,-3,2,1,1,-1,18
letmetellyouhowitis,1,17,8,9,-1,0,1,1,-1,18
McNuggetsPie,1,17,8,9,-1,0,1,1,-1,18
McWhipp,1,17,7,10,-3,2,1,1,-1,18
menghinic8,1,17,8,9,-1,0,1,1,-1,18
Monster182,1,17,8,9,-1,0,1,1,-1,18
Mylifetogive,1,18,7,11,-4,3,1,0,-1,18
mysticmonster7,1,17,7,10,-3,2,1,1,-1,18
PhoQ,1,17,6,11,-5,4,1,1,-1,18
risen200,1,17,8,9,-1,0,1,1,-1,18
RobbyFowl123,1,18,6,12,-6,5,1,0,-1,18
Rocket_hamster,1,17,5,12,-7,6,1,1,-1,18
rzzldzzle2,1,17,7,10,-3,2,1,1,-1,18
sabel0099,1,17,8,9,-1,0,1,1,-1,18
Sanchez326,1,17,8,9,-1,0,1,1,-1,18
SeabiscuitsAndGravy,1,17,8,9,-1,0,1,1,-1,18
shinyheadman,1,17,7,10,-3,2,1,1,-1,18
spidermonkey722,1,17,8,9,-1,0,1,1,-1,18
Tachroma,1,17,6,11,-5,4,1,1,-1,18
TerranRepublic,1,17,8,9,-1,0,1,1,-1,18
thatguyyouthinkyouno,1,17,7,10,-3,2,1,1,-1,18
thatwaffleskid,1,17,8,9,-1,0,1,1,-1,18
TheBlueBlaze,1,17,6,11,-5,4,1,1,-1,18
Thetallwhiteguy,1,17,6,11,-5,4,1,1,-1,18
toddhd,1,17,7,10,-3,2,1,1,-1,18
WaffleOfWisdom,1,17,7,10,-3,2,1,1,-1,18
White-Ninja,1,17,7,10,-3,2,1,1,-1,18
Zarqu0n,1,17,8,9,-1,0,1,1,-1,18
_alphabot_,1,17,8,9,-1,0,0,1,-1,18
cTaylor9,1,17,8,9,-1,0,0,1,-1,18
emilyelizabethchase1,1,17,8,9,-1,0,0,1,-1,18
facemeltinginsomnia,1,17,8,9,-1,0,0,1,-1,18
fredskingdom,1,17,8,9,-1,0,0,1,-1,18
harkiamsuperman,1,17,8,9,-1,0,0,1,-1,18
idigress1337,1,17,6,11,-5,4,0,1,-1,18
JKastnerPhoto,1,17,7,10,-3,2,0,1,-1,18
moparguy,2,17,8,9,-1,0,0,1,-1,18
notaredditor247,1,17,6,11,-5,4,0,1,-1,18
oneman_roadhead,1,17,8,9,-1,0,0,1,-1,18
rainbow-panda,1,17,8,9,-1,0,0,1,-1,18
Red_Pandas,1,17,7,10,-3,2,0,1,-1,18
SPARTAN_TOASTER,1,17,7,10,-3,2,0,1,-1,18
TheBlewBayou,1,17,8,9,-1,0,0,1,-1,18
ThePipes123,1,17,8,9,-1,0,0,1,-1,18
tocamix90,1,17,6,11,-5,4,0,1,-1,18
Gamer_ely,2,16,7,9,-2,0,2,2,-2,18
cjnwashere,1,18,8,10,-2,0,1,0,-2,18
clewesy,1,17,6,11,-5,3,1,1,-2,18
genetic_jackhammer,1,17,6,11,-5,3,1,1,-2,18
geolt,1,18,8,10,-2,0,1,0,-2,18
GrandmasterPancakes,1,17,5,12,-7,5,1,1,-2,18
ihardTroll,1,17,6,11,-5,3,1,1,-2,18
jacq_black,1,17,5,12,-7,5,1,1,-2,18
myduckonquack,1,18,8,10,-2,0,1,0,-2,18
nyck1118,1,17,6,11,-5,3,1,1,-2,18
Oscarsmummy,1,17,6,11,-5,3,1,1,-2,18
PedroFille,1,17,6,11,-5,3,1,1,-2,18
Slapnutjoey,1,17,6,11,-5,3,1,1,-2,18
Timl4mb,1,17,6,11,-5,3,1,1,-2,18
warmounger,1,18,8,10,-2,0,1,0,-2,18
DarkCatt,1,17,6,11,-5,3,0,1,-2,18
rasungod0,1,17,6,11,-5,3,0,1,-2,18
Abyakuya109,1,17,5,12,-7,4,1,1,-3,18
axman22,1,17,6,11,-5,2,1,1,-3,18
BattleSalmon,1,17,6,11,-5,2,1,1,-3,18
BfyFour,1,17,7,10,-3,0,1,1,-3,18
bwestfield,1,17,6,11,-5,2,1,1,-3,18
cabs-a-here,1,17,7,10,-3,0,1,1,-3,18
Camilosammy,1,17,6,11,-5,2,1,1,-3,18
CapnNayBeard,1,17,7,10,-3,0,1,1,-3,18
cheddehbob,1,17,7,10,-3,0,1,1,-3,18
chuckemadness,1,17,7,10,-3,0,1,1,-3,18
coronado86,1,17,7,10,-3,0,1,1,-3,18
dannykawinglee,1,17,7,10,-3,0,1,1,-3,18
dapperlemon,1,17,6,11,-5,2,1,1,-3,18
dave32891,1,17,7,10,-3,0,1,1,-3,18
delta6164,1,17,6,11,-5,2,1,1,-3,18
DesignatedTwat,1,17,7,10,-3,0,1,1,-3,18
Digipy,1,17,6,11,-5,2,1,1,-3,18
dudechris88,1,17,7,10,-3,0,1,1,-3,18
EatMyM4,1,17,6,11,-5,2,1,1,-3,18
flower_child_28,1,17,6,11,-5,2,1,1,-3,18
FouYuck,1,17,7,10,-3,0,1,1,-3,18
fscvatommygundacreep,1,17,4,13,-9,6,1,1,-3,18
guttershnipe,1,17,7,10,-3,0,1,1,-3,18
IAmAHitlerAMA,1,17,6,11,-5,2,1,1,-3,18
ilikeyellowducks,1,17,7,10,-3,0,1,1,-3,18
jerodfromsubway,1,17,7,10,-3,0,1,1,-3,18
JimmyNelson,1,17,6,11,-5,2,1,1,-3,18
JohnnyRallo,1,17,7,10,-3,0,1,1,-3,18
jwatkins29,1,17,6,11,-5,2,1,1,-3,18
keshav108,1,17,7,10,-3,0,1,1,-3,18
kevlarchi,1,17,7,10,-3,0,1,1,-3,18
king_samwich,1,17,7,10,-3,0,1,1,-3,18
kinghalocinemas,1,17,7,10,-3,0,1,1,-3,18
kylej135,1,17,7,10,-3,0,1,1,-3,18
LawdHavMercy,1,17,7,10,-3,0,1,1,-3,18
lemononastick99,1,17,7,10,-3,0,1,1,-3,18
Lumpy_Moe,1,17,7,10,-3,0,1,1,-3,18
luxanderson,1,17,5,12,-7,4,1,1,-3,18
macabrephotographer,1,17,7,10,-3,0,1,1,-3,18
Miitomm,1,17,7,10,-3,0,1,1,-3,18
NOT_SURE_lF_REPOST,1,17,6,11,-5,2,1,1,-3,18
NyxieBlythe,1,17,7,10,-3,0,1,1,-3,18
paul89,1,17,7,10,-3,0,1,1,-3,18
raioner,1,17,7,10,-3,0,1,1,-3,18
RightHandofGod,1,17,7,10,-3,0,1,1,-3,18
rigurt,1,17,7,10,-3,0,1,1,-3,18
Rowdydiamond,1,17,6,11,-5,2,1,1,-3,18
Rozerrig,1,17,7,10,-3,0,1,1,-3,18
segman8,1,17,7,10,-3,0,1,1,-3,18
sknoff95,1,17,6,11,-5,2,1,1,-3,18
StevenSeagalsStomach,1,17,6,11,-5,2,1,1,-3,18
taylady,1,17,7,10,-3,0,1,1,-3,18
terwilliger,1,17,7,10,-3,0,1,1,-3,18
thatbuddhadude,1,17,6,11,-5,2,1,1,-3,18
thekeggerman,1,17,7,10,-3,0,1,1,-3,18
TheWolves18,1,17,7,10,-3,0,1,1,-3,18
thinkoutloud08,1,17,6,11,-5,2,1,1,-3,18
toothfurry,1,17,6,11,-5,2,1,1,-3,18
whatwhatdb,1,17,7,10,-3,0,1,1,-3,18
Wherethebrownwomenat,1,17,7,10,-3,0,1,1,-3,18
Zombie_Chicken,1,17,7,10,-3,0,1,1,-3,18
AceHigh7,1,17,6,11,-5,2,0,1,-3,18
Ashbringer,1,17,6,11,-5,2,0,1,-3,18
DoubleParkingLot,1,17,6,11,-5,2,0,1,-3,18
dwkish911,1,17,7,10,-3,0,0,1,-3,18
fordyniner,1,17,7,10,-3,0,0,1,-3,18
frederikottosen,1,17,7,10,-3,0,0,1,-3,18
I_LOVE_SHEEP,1,17,7,10,-3,0,0,1,-3,18
johnsbury,1,17,6,11,-5,2,0,1,-3,18
korn_hole,1,17,7,10,-3,0,0,1,-3,18
Liberando,1,17,5,12,-7,4,0,1,-3,18
nedthedragonslayer,1,17,6,11,-5,2,0,1,-3,18
nismine16,1,17,5,12,-7,4,0,1,-3,18
Outlet96,1,17,7,10,-3,0,0,1,-3,18
Sevenless85,1,17,6,11,-5,2,0,1,-3,18
ThatFlyingWaffle,1,17,7,10,-3,0,0,1,-3,18
thejoebrossuck,1,17,7,10,-3,0,0,1,-3,18
TheLordHumungous,1,17,7,10,-3,0,0,1,-3,18
TMayes86,1,17,7,10,-3,0,0,1,-3,18
Brickslayer,2,16,6,10,-4,0,2,2,-4,18
Atomicbob11,1,18,7,11,-4,0,1,0,-4,18
iGametooMuch,2,16,6,10,-4,0,1,2,-4,18
itsallgoodie,1,17,5,12,-7,3,1,1,-4,18
jojimboy,1,17,5,12,-7,3,1,1,-4,18
kelseykerin,1,18,7,11,-4,0,1,0,-4,18
lynch0815,1,18,7,11,-4,0,1,0,-4,18
murat___,1,17,5,12,-7,3,1,1,-4,18
MykeRknee,1,17,5,12,-7,3,1,1,-4,18
UserVII,1,18,7,11,-4,0,1,0,-4,18
hazlor,1,17,5,12,-7,3,0,1,-4,18
jcsg,1,17,4,13,-9,5,0,1,-4,18
bfloppy,1,17,6,11,-5,0,1,1,-5,18
byung5,1,17,6,11,-5,0,1,1,-5,18
Captainfartacus7,1,17,6,11,-5,0,1,1,-5,18
choneswow,1,17,6,11,-5,0,1,1,-5,18
Daftsoul,1,17,6,11,-5,0,1,1,-5,18
datimsta98,1,17,6,11,-5,0,1,1,-5,18
denbub,1,17,6,11,-5,0,1,1,-5,18
earwigy1990,1,17,6,11,-5,0,1,1,-5,18
ee9,1,17,6,11,-5,0,1,1,-5,18
Excellenze,1,17,5,12,-7,2,1,1,-5,18
firefoxalpha,1,17,6,11,-5,0,1,1,-5,18
FuriousLamb3,1,17,6,11,-5,0,1,1,-5,18
gabengabengaben,1,17,6,11,-5,0,1,1,-5,18
herptehderp,1,17,6,11,-5,0,1,1,-5,18
human808,1,17,6,11,-5,0,1,1,-5,18
iamwood,1,17,6,11,-5,0,1,1,-5,18
iwantbread,1,17,6,11,-5,0,1,1,-5,18
Jameseatscheese,1,17,6,11,-5,0,1,1,-5,18
jbird1879,1,17,6,11,-5,0,1,1,-5,18
joeldg,1,17,6,11,-5,0,1,1,-5,18
jsneaks,1,17,6,11,-5,0,1,1,-5,18
L1AM,1,17,6,11,-5,0,1,1,-5,18
Lostrita,1,17,6,11,-5,0,1,1,-5,18
Meaty_chunkz,1,17,6,11,-5,0,1,1,-5,18
Mercenary_304,1,17,6,11,-5,0,1,1,-5,18
miserybusiness21,1,17,6,11,-5,0,1,1,-5,18
MrJpower,1,17,6,11,-5,0,1,1,-5,18
MrRager72,1,17,6,11,-5,0,1,1,-5,18
na3r0k,1,17,6,11,-5,0,1,1,-5,18
NinetyThirdDoctor,1,17,5,12,-7,2,1,1,-5,18
nolegirl,1,17,5,12,-7,2,1,1,-5,18
noobidiot,1,17,6,11,-5,0,1,1,-5,18
notsurehowtosaythis,1,17,6,11,-5,0,1,1,-5,18
octopixelle76,1,17,5,12,-7,2,1,1,-5,18
Pancakes1,1,17,6,11,-5,0,1,1,-5,18
papatissier,1,17,6,11,-5,0,1,1,-5,18
parrotmeat,1,17,6,11,-5,0,1,1,-5,18
payneforpleasure,1,17,6,11,-5,0,1,1,-5,18
PlayZeGames,1,17,6,11,-5,0,1,1,-5,18
Redditor20121,1,17,5,12,-7,2,1,1,-5,18
retskcirt1,1,17,6,11,-5,0,1,1,-5,18
rhcpwhatsyourstory,1,17,6,11,-5,0,1,1,-5,18
sexysanchez1,1,17,5,12,-7,2,1,1,-5,18
Should_Be_Lurking,1,17,6,11,-5,0,1,1,-5,18
Slayer_of_Poon,1,17,6,11,-5,0,1,1,-5,18
stezer,1,17,6,11,-5,0,1,1,-5,18
tonym978,1,17,6,11,-5,0,1,1,-5,18
Travisb1033,1,17,6,11,-5,0,1,1,-5,18
Vaffancullo,1,17,5,12,-7,2,1,1,-5,18
Vaiospawn,1,17,6,11,-5,0,1,1,-5,18
99letters,1,17,5,12,-7,2,0,1,-5,18
aschen117,1,17,6,11,-5,0,0,1,-5,18
atillazehun,1,17,6,11,-5,0,0,1,-5,18
BeefIsForDinner,1,17,6,11,-5,0,0,1,-5,18
Clercbear,1,17,6,11,-5,0,0,1,-5,18
DrippyPepperLady,1,17,6,11,-5,0,0,1,-5,18
FWingz,1,17,6,11,-5,0,0,1,-5,18
LeeJamesMusic1,1,17,6,11,-5,0,0,1,-5,18
mrmau5,1,17,6,11,-5,0,0,1,-5,18
prkchpsnaplsaws,1,17,6,11,-5,0,0,1,-5,18
ssbberggren,1,17,6,11,-5,0,0,1,-5,18
thekillertoaster,1,17,5,12,-7,2,0,1,-5,18
youngatheist12,1,17,6,11,-5,0,0,1,-5,18
assblower6969,1,18,6,12,-6,0,1,0,-6,18
dalischa,1,18,6,12,-6,0,1,0,-6,18
ElAccountoDeBasura,1,18,6,12,-6,0,1,0,-6,18
Emilieee,1,17,4,13,-9,3,1,1,-6,18
iGxVicious,1,18,6,12,-6,0,1,0,-6,18
jkyosh,1,17,4,13,-9,3,1,1,-6,18
OnAGoat,1,18,6,12,-6,0,1,0,-6,18
perryperryperryperry,1,18,5,13,-8,2,1,0,-6,18
Sirius6300,2,16,5,11,-6,0,1,2,-6,18
Billy_Sastard,1,17,5,12,-7,0,1,1,-7,18
caittully,1,17,5,12,-7,0,1,1,-7,18
Chimycho,1,17,4,13,-9,2,1,1,-7,18
CHUCKNORRIS666,1,17,5,12,-7,0,1,1,-7,18
fiend36,1,17,4,13,-9,2,1,1,-7,18
fokyu,1,17,5,12,-7,0,1,1,-7,18
geoffreynt,1,17,5,12,-7,0,1,1,-7,18
IAmGothamsReckoning,1,17,5,12,-7,0,1,1,-7,18
JizzusHCumboxers,1,17,5,12,-7,0,1,1,-7,18
joeporterme,1,17,5,12,-7,0,1,1,-7,18
Johnkane46,1,17,5,12,-7,0,1,1,-7,18
joshridesbike,1,17,5,12,-7,0,1,1,-7,18
killlilt,2,17,5,12,-7,0,1,1,-7,18
korpsart,1,17,4,13,-9,2,1,1,-7,18
LoliconHentai,1,17,4,13,-9,2,1,1,-7,18
Mjt2008,1,17,5,12,-7,0,1,1,-7,18
NatTreav,1,17,5,12,-7,0,1,1,-7,18
OwnsAParrot,1,17,5,12,-7,0,1,1,-7,18
residentskitz,1,17,5,12,-7,0,1,1,-7,18
sarahmj13,1,17,5,12,-7,0,1,1,-7,18
senorsatan,1,17,5,12,-7,0,1,1,-7,18
SirHarry,1,17,5,12,-7,0,1,1,-7,18
Skylinerr,1,17,5,12,-7,0,1,1,-7,18
Sushieatinbeast,1,17,5,12,-7,0,1,1,-7,18
wlglane68,1,17,5,12,-7,0,1,1,-7,18
Zeraphil,1,17,5,12,-7,0,1,1,-7,18
anti4kd,1,17,5,12,-7,0,0,1,-7,18
dontfapmebro,1,17,5,12,-7,0,0,1,-7,18
homogenisis,1,17,5,12,-7,0,0,1,-7,18
Janks_McSchlagg,1,17,5,12,-7,0,0,1,-7,18
onefuckinminute,1,17,5,12,-7,0,0,1,-7,18
Waam,1,17,5,12,-7,0,0,1,-7,18
JoshMcFEARson,1,17,3,14,-11,3,1,1,-8,18
Moe_Lester_the_3rd,1,17,2,15,-13,5,1,1,-8,18
D4R00ts,1,17,3,14,-11,2,1,1,-9,18
mad_regal,1,17,4,13,-9,0,1,1,-9,18
spartiatis,1,17,4,13,-9,0,1,1,-9,18
vaznekz,1,17,4,13,-9,0,1,1,-9,18
ChezBurgerz,1,17,4,13,-9,0,0,1,-9,18
anfony236,1,17,2,15,-13,3,1,1,-10,18
thinksno89,2,16,3,13,-10,0,1,2,-10,18
jtsposterra,1,17,3,14,-11,0,1,1,-11,18
buttersweet1208,1,17,2,15,-13,2,0,1,-11,18
REALITYsuccz2,1,17,3,14,-11,0,0,1,-11,18
wilderthanu,1,17,2,15,-13,0,1,1,-13,18
RomanTPA,1,16,15,1,14,8,1,1,22,17
ricado_alfonso,1,17,14,3,11,10,1,0,21,17
bigcat21,2,16,16,0,16,4,0,1,20,17
ajkkjjk52,1,17,17,0,17,2,1,0,19,17
Darkfluxxx,1,16,15,1,14,5,1,1,19,17
mase7645,1,16,16,0,16,3,0,1,19,17
Chopperguy,2,15,11,4,7,11,2,2,18,17
lookslikealaddin,1,16,14,2,12,6,1,1,18,17
NoShirtNoShoesNoDice,1,16,11,5,6,12,1,1,18,17
TheBroconnor,1,16,14,2,12,6,1,1,18,17
coolz3,1,16,16,0,16,2,0,1,18,17
ghostface-,1,16,15,1,14,4,0,1,18,17
harperfelix,1,16,16,0,16,2,0,1,18,17
anjordan,1,17,17,0,17,0,1,0,17,17
jrcabby,1,17,17,0,17,0,1,0,17,17
OMJonnyG,1,17,14,3,11,6,1,0,17,17
equestrian123123,1,16,14,2,12,5,0,1,17,17
REDDITLOOKATME,1,16,15,1,14,3,0,1,17,17
Birchinator,1,16,15,1,14,2,1,1,16,17
cosmicspooky,1,17,15,2,13,3,1,0,16,17
FCMountainMan,1,16,13,3,10,6,1,1,16,17
hukawater,1,16,14,2,12,4,1,1,16,17
purpaderp,1,16,14,2,12,4,1,1,16,17
stunami,1,16,12,4,8,8,1,1,16,17
waytoogeneric,1,16,15,1,14,2,1,1,16,17
EgoCheck616,1,16,13,3,10,6,0,1,16,17
Malthuras,1,16,11,5,6,10,0,1,16,17
regretsandromance,1,16,16,0,16,0,0,1,16,17
wick3Dwick,1,16,14,2,12,4,0,1,16,17
Anakim00,1,16,14,2,12,3,1,1,15,17
Fandorin,1,17,16,1,15,0,1,0,15,17
hmd27,1,17,15,2,13,2,1,0,15,17
kenderle24,1,17,16,1,15,0,1,0,15,17
Matrinka,1,17,15,2,13,2,1,0,15,17
mxanabailey,1,16,11,5,6,9,1,1,15,17
shii,1,17,14,3,11,4,1,0,15,17
Auron261,1,16,14,2,12,3,0,1,15,17
rsnbl_man,1,16,14,2,12,3,0,1,15,17
imakitty,2,16,14,2,12,2,2,1,14,17
brando2121,1,16,14,2,12,2,1,1,14,17
Bucket_Empire,1,16,14,2,12,2,1,1,14,17
butmehm1,1,16,14,2,12,2,1,1,14,17
Cschu011,1,16,14,2,12,2,1,1,14,17
Dave_PH,1,16,15,1,14,0,1,1,14,17
fareastcoast,1,16,15,1,14,0,1,1,14,17
hectorir,1,16,9,7,2,12,1,1,14,17
imafloatingradish37,1,16,15,1,14,0,1,1,14,17
kingsway8605,1,16,13,3,10,4,1,1,14,17
LIVE_LIKE_WINDRAMMER,1,16,14,2,12,2,1,1,14,17
mattyman9,1,16,14,2,12,2,1,1,14,17
MFBATZ,1,17,14,3,11,3,1,0,14,17
parlezmoose,1,16,13,3,10,4,1,1,14,17
Penile_Wart,1,16,15,1,14,0,1,1,14,17
phobiac,1,16,13,3,10,4,1,1,14,17
radeux,1,16,14,2,12,2,1,1,14,17
Rowit,1,16,15,1,14,0,1,1,14,17
TexasRambler,1,16,13,3,10,4,1,1,14,17
throwaway_n_a_manger,1,16,14,2,12,2,1,1,14,17
wrenculp,1,16,14,2,12,2,1,1,14,17
Zakapakataka,1,16,13,3,10,4,1,1,14,17
chewpendous,1,17,15,2,13,0,1,0,13,17
DovakiinBF3FTW,1,16,11,5,6,7,1,1,13,17
frk,1,16,13,3,10,3,1,1,13,17
grimacium,1,16,12,4,8,5,1,1,13,17
itssofluffyy,1,16,11,5,6,7,1,1,13,17
junkaccount1,1,16,13,3,10,3,1,1,13,17
samsousai,1,16,13,3,10,3,1,1,13,17
seraph1m,1,16,13,3,10,3,1,1,13,17
Epicshark,1,16,13,3,10,3,0,1,13,17
KittenClubber,1,16,11,5,6,7,0,1,13,17
ramshot,1,16,11,5,6,7,0,1,13,17
taeee,1,16,13,3,10,3,0,1,13,17
WhipSlagCheek,1,16,13,3,10,3,0,1,13,17
2kittygirl,1,16,13,3,10,2,1,1,12,17
Aaron51598,1,16,14,2,12,0,1,1,12,17
ArchGuru,1,16,12,4,8,4,1,1,12,17
BabySuggs,1,16,13,3,10,2,1,1,12,17
bloodmachine,1,16,14,2,12,0,1,1,12,17
CatboyMac,1,16,13,3,10,2,1,1,12,17
comgoran,1,16,14,2,12,0,1,1,12,17
Decad3nce,1,16,14,2,12,0,1,1,12,17
Distortion88,1,16,14,2,12,0,1,1,12,17
Dont_Even_Care,1,16,13,3,10,2,1,1,12,17
dragonandphoenix,1,16,14,2,12,0,1,1,12,17
dreeevil,1,16,14,2,12,0,1,1,12,17
EasyBox,1,16,13,3,10,2,1,1,12,17
FlashedMob,1,16,13,3,10,2,1,1,12,17
gloriouspanda,1,16,12,4,8,4,1,1,12,17
hemstreet,1,16,13,3,10,2,1,1,12,17
In10city1,1,17,13,4,9,3,1,0,12,17
manueljljl,1,16,13,3,10,2,1,1,12,17
mortalum,1,16,14,2,12,0,1,1,12,17
nme_,1,16,14,2,12,0,1,1,12,17
ObesePotato,1,16,13,3,10,2,1,1,12,17
oofgeg,1,17,13,4,9,3,1,0,12,17
pexax017,1,16,13,3,10,2,1,1,12,17
Relentless_Fx,1,16,12,4,8,4,1,1,12,17
RhymeRemix,1,16,13,3,10,2,1,1,12,17
RickGervs,1,16,13,3,10,2,1,1,12,17
Riddam,1,16,14,2,12,0,1,1,12,17
septchouettes,1,16,14,2,12,0,1,1,12,17
ColourfulDinosaur,1,16,14,2,12,0,0,1,12,17
Crimson_Ghost138,1,16,14,2,12,0,0,1,12,17
SuperJordan,1,16,14,2,12,0,0,1,12,17
Tiberius666,1,16,14,2,12,0,0,1,12,17
whitelightbrown,1,16,13,3,10,2,0,1,12,17
bobatbills,1,16,10,6,4,7,1,1,11,17
bossofrickross,1,16,12,4,8,3,1,1,11,17
homer52,1,16,9,7,2,9,1,1,11,17
IltalehdenToimitus,1,17,13,4,9,2,1,0,11,17
Jamiexx,1,16,9,7,2,9,1,1,11,17
kevdubs,1,17,14,3,11,0,1,0,11,17
lindyhop411,1,16,10,6,4,7,1,1,11,17
mzkpenguin,1,17,14,3,11,0,1,0,11,17
nes692,1,17,13,4,9,2,1,0,11,17
nyuncat,1,17,12,5,7,4,1,0,11,17
RaceMcGroth,1,16,12,4,8,3,1,1,11,17
slackrvlution,1,16,9,7,2,9,1,1,11,17
Something96,1,17,14,3,11,0,1,0,11,17
Sukoh,1,17,13,4,9,2,1,0,11,17
yungtsai,1,17,14,3,11,0,1,0,11,17
michaeldcurry1,1,16,12,4,8,3,0,1,11,17
Ob-ama,1,16,11,5,6,5,0,1,11,17
PainLing,1,16,12,4,8,3,0,1,11,17
ReggieJ,1,16,12,4,8,3,0,1,11,17
sprass,1,17,13,4,9,2,0,0,11,17
ApurvaKP,1,17,12,5,7,3,1,0,10,17
Bababa-iop,1,16,12,4,8,2,1,1,10,17
BeardToast,1,17,12,5,7,3,1,0,10,17
Chippahh,1,16,12,4,8,2,1,1,10,17
Chris_Jeeb,1,16,13,3,10,0,1,1,10,17
DDubsBIV,1,16,13,3,10,0,1,1,10,17
ghettobacon,1,16,13,3,10,0,1,1,10,17
gigglelaugh,1,16,13,3,10,0,1,1,10,17
I_did_not_rape_her,1,16,13,3,10,0,1,1,10,17
ieatbreakfast,1,16,13,3,10,0,1,1,10,17
incurableinsomnia,1,16,13,3,10,0,1,1,10,17
itsonlymeman,1,16,13,3,10,0,1,1,10,17
james-jaw,1,16,13,3,10,0,1,1,10,17
Jdban,1,16,13,3,10,0,1,1,10,17
jimmyspitwad02,1,16,13,3,10,0,1,1,10,17
Jon_Hammond,1,16,12,4,8,2,1,1,10,17
LambdaRose,1,16,13,3,10,0,1,1,10,17
Lord_Of_Terror,1,16,13,3,10,0,1,1,10,17
MyNameIsMiles,1,16,13,3,10,0,1,1,10,17
Nommz,1,16,13,3,10,0,1,1,10,17
occasionallyright,1,16,12,4,8,2,1,1,10,17
olmatenightfox,1,16,11,5,6,4,1,1,10,17
Orangemilk,1,16,13,3,10,0,1,1,10,17
oskarrrrr,1,16,13,3,10,0,1,1,10,17
penguinofevil,1,16,11,5,6,4,1,1,10,17
princeyassine,1,16,12,4,8,2,1,1,10,17
reelbigfish241,1,16,12,4,8,2,1,1,10,17
ScottyMagoo,1,16,13,3,10,0,1,1,10,17
shatterdoll,1,16,13,3,10,0,1,1,10,17
slandering_wildlife,1,16,13,3,10,0,1,1,10,17
SpencerJJ,1,16,11,5,6,4,1,1,10,17
sweetdaddy,1,16,12,4,8,2,1,1,10,17
swirlz,1,16,12,4,8,2,1,1,10,17
ThatKetchupPreCum,1,16,13,3,10,0,1,1,10,17
xxkemmyxcookiexx,1,16,12,4,8,2,1,1,10,17
Yakatopa,2,15,10,5,5,5,1,2,10,17
Zanthar,1,16,12,4,8,2,1,1,10,17
211winner,1,16,13,3,10,0,0,1,10,17
ASCII_FUCK_OFF,1,16,13,3,10,0,0,1,10,17
Bigpapamidnite,1,16,13,3,10,0,0,1,10,17
birkholz,1,16,12,4,8,2,0,1,10,17
drolivergonzo,1,16,13,3,10,0,0,1,10,17
elefantman16,1,16,11,5,6,4,0,1,10,17
hari-bhari,1,16,13,3,10,0,0,1,10,17
8draco8,1,16,11,5,6,3,1,1,9,17
Abolus,1,17,13,4,9,0,1,0,9,17
BattleHardened,1,17,13,4,9,0,1,0,9,17
BNDTxGhost,1,16,11,5,6,3,1,1,9,17
camiloms,1,17,13,4,9,0,1,0,9,17
Deemster,1,16,10,6,4,5,1,1,9,17
fuges21,1,17,11,6,5,4,1,0,9,17
gillpatrick,1,16,11,5,6,3,1,1,9,17
i7x,1,17,13,4,9,0,1,0,9,17
icebat,1,17,13,4,9,0,1,0,9,17
ja_v,1,16,11,5,6,3,1,1,9,17
LBigSancho,1,17,13,4,9,0,1,0,9,17
MadDannyBear,1,17,13,4,9,0,1,0,9,17
morphum,2,15,10,5,5,4,1,2,9,17
neurosauer,1,16,10,6,4,5,1,1,9,17
phuhcue,1,16,10,6,4,5,1,1,9,17
resonance_frequency,1,16,7,9,-2,11,1,1,9,17
SirWaffles826,1,16,11,5,6,3,1,1,9,17
steelflower,1,16,10,6,4,5,1,1,9,17
Sviator,1,17,13,4,9,0,1,0,9,17
YazanK13,1,17,13,4,9,0,1,0,9,17
angerdome,1,16,10,6,4,5,0,1,9,17
Basic_Subhadra,1,16,11,5,6,3,0,1,9,17
chloeouimet,1,16,11,5,6,3,0,1,9,17
drmrcaptain888,1,16,9,7,2,7,0,1,9,17
Frolic3eleven,1,16,9,7,2,7,0,1,9,17
10872t508g3wob2,1,16,12,4,8,0,1,1,8,17
asphinctersayswhat,1,16,12,4,8,0,1,1,8,17
AWOO32,1,16,10,6,4,4,1,1,8,17
BorisGuzo,1,16,12,4,8,0,1,1,8,17
champjoelouis,1,16,11,5,6,2,1,1,8,17
cornichon,1,16,12,4,8,0,1,1,8,17
eS_Reid,1,16,12,4,8,0,1,1,8,17
Flypsyde,1,16,12,4,8,0,1,1,8,17
Foxman500,1,16,12,4,8,0,1,1,8,17
Gradual_Spic,1,16,12,4,8,0,1,1,8,17
grangerm,1,16,9,7,2,6,1,1,8,17
hearsay_chick,1,16,12,4,8,0,1,1,8,17
HeBoughtALot,1,16,11,5,6,2,1,1,8,17
Howzitgowen,1,16,12,4,8,0,1,1,8,17
hsaleem,1,16,12,4,8,0,1,1,8,17
humblargh,1,16,12,4,8,0,1,1,8,17
jordan3434,1,16,11,5,6,2,1,1,8,17
JustLoitering,1,16,10,6,4,4,1,1,8,17
kdm333,1,16,12,4,8,0,1,1,8,17
knerp,1,16,10,6,4,4,1,1,8,17
LaserHorse,1,16,12,4,8,0,1,1,8,17
lmnopeee,1,16,8,8,0,8,1,1,8,17
loudtyper,1,16,10,6,4,4,1,1,8,17
magicmurph,1,16,12,4,8,0,1,1,8,17
marvelize,1,16,12,4,8,0,1,1,8,17
MeanMrJeremy,1,16,12,4,8,0,1,1,8,17
Mrspoogetastic,1,16,11,5,6,2,1,1,8,17
ppouzet,1,16,12,4,8,0,1,1,8,17
PrincessPi,1,16,12,4,8,0,1,1,8,17
rachelscott78,1,16,11,5,6,2,1,1,8,17
resonatingissue,1,16,12,4,8,0,1,1,8,17
RevJay,1,16,12,4,8,0,1,1,8,17
shoegarbagebiology,1,16,12,4,8,0,1,1,8,17
sirly_bigfoot333,1,17,11,6,5,3,1,0,8,17
Sock401,1,16,10,6,4,4,1,1,8,17
sparklinunicorn,1,16,11,5,6,2,1,1,8,17
StMungo,1,16,11,5,6,2,1,1,8,17
SwingYaGucciRag,1,16,12,4,8,0,1,1,8,17
tendersurrender,1,16,12,4,8,0,1,1,8,17
toastyseeds,1,16,12,4,8,0,1,1,8,17
tobberobbe,1,16,12,4,8,0,1,1,8,17
utilityplayer91,1,16,12,4,8,0,1,1,8,17
VideriQuamEsse,1,16,12,4,8,0,1,1,8,17
Whiskeypants17,1,16,11,5,6,2,1,1,8,17
baseguy89,1,16,11,5,6,2,0,1,8,17
Bearded_donkey,1,16,11,5,6,2,0,1,8,17
bikecurious44,1,16,12,4,8,0,0,1,8,17
ch0nch0_,1,17,11,6,5,3,0,0,8,17
facedefacer,1,16,12,4,8,0,0,1,8,17
Gearfried,1,16,12,4,8,0,0,1,8,17
JRK_PSYCH,1,16,12,4,8,0,0,1,8,17
kinda_torqued,1,16,10,6,4,4,0,1,8,17
makai456,1,16,11,5,6,2,0,1,8,17
Plz_Use_Caution,1,16,12,4,8,0,0,1,8,17
RiderOnTheStorm22,1,16,12,4,8,0,0,1,8,17
sybban,1,16,9,7,2,6,0,1,8,17
tripjack,1,16,11,5,6,2,0,1,8,17
zacksaff,1,16,12,4,8,0,0,1,8,17
Bacon_Overload,2,15,11,4,7,0,2,2,7,17
Cowzrock,2,15,10,5,5,2,2,2,7,17
recipriversexcluson,2,15,11,4,7,0,2,2,7,17
Ciaran1313,1,17,12,5,7,0,1,0,7,17
FuzyWumpleStump,1,17,11,6,5,2,1,0,7,17
Mrjoepayton,1,17,11,6,5,2,1,0,7,17
OneofYourFiveaDay,1,16,9,7,2,5,1,1,7,17
red_turtles,1,16,9,7,2,5,1,1,7,17
Steve2phonesMcAbee,1,17,11,6,5,2,1,0,7,17
Terrence404,1,17,12,5,7,0,1,0,7,17
TRAUMAjunkie,1,16,9,7,2,5,1,1,7,17
UtterlyInsane,1,17,12,5,7,0,1,0,7,17
Weeeeer,1,16,10,6,4,3,1,1,7,17
YungButWise,1,17,10,7,3,4,1,0,7,17
BlueTurtleneck,1,16,10,6,4,3,0,1,7,17
Koudvorst,1,16,9,7,2,5,0,1,7,17
phdarnell,1,16,10,6,4,3,0,1,7,17
REZDCT,1,16,10,6,4,3,0,1,7,17
AllPowerfulWaffle,1,16,9,7,2,4,1,1,6,17
Captain_Bazzaro,1,16,11,5,6,0,1,1,6,17
CaptainCunnigulis,1,16,11,5,6,0,1,1,6,17
DarkLight801,1,16,10,6,4,2,1,1,6,17
deville_,1,16,11,5,6,0,1,1,6,17
DorkofSkyrim,1,16,11,5,6,0,1,1,6,17
dumlucks,1,16,11,5,6,0,1,1,6,17
falconx5,1,16,11,5,6,0,1,1,6,17
foreverk,1,16,10,6,4,2,1,1,6,17
FoxtrotOps,1,16,10,6,4,2,1,1,6,17
Fussy_Britches,1,16,11,5,6,0,1,1,6,17
Giant_Midgets,1,16,10,6,4,2,1,1,6,17
greenshadez,1,16,11,5,6,0,1,1,6,17
IchiBanMan,1,16,10,6,4,2,1,1,6,17
J055A,1,16,10,6,4,2,1,1,6,17
joevw,1,16,11,5,6,0,1,1,6,17
johnnyswell,1,16,10,6,4,2,1,1,6,17
Just_That_Guy_,1,16,10,6,4,2,1,1,6,17
Kalini,1,16,11,5,6,0,1,1,6,17
kingj25,1,16,11,5,6,0,1,1,6,17
kje33,1,16,11,5,6,0,1,1,6,17
LiLr0aCh92,1,16,11,5,6,0,1,1,6,17
linebar,1,16,10,6,4,2,1,1,6,17
Lozlesndstuff,1,16,11,5,6,0,1,1,6,17
mat1185,1,16,10,6,4,2,1,1,6,17
mcclay_san,1,16,11,5,6,0,1,1,6,17
misssuperlizz,1,16,11,5,6,0,1,1,6,17
MMasterpasqua,1,16,10,6,4,2,1,1,6,17
MuffinsandTeacups,1,16,11,5,6,0,1,1,6,17
novanab,1,16,11,5,6,0,1,1,6,17
OatmealPowerSalad,1,16,11,5,6,0,1,1,6,17
obrany,1,16,10,6,4,2,1,1,6,17
Oshiri_x,1,16,10,6,4,2,1,1,6,17
QdeGraaf,1,16,10,6,4,2,1,1,6,17
R2D2Q,1,16,11,5,6,0,1,1,6,17
redeye20,1,16,11,5,6,0,1,1,6,17
scratched_lens,1,16,11,5,6,0,1,1,6,17
ShaneAndersen,1,16,11,5,6,0,1,1,6,17
Smallfryorama,1,16,11,5,6,0,1,1,6,17
Sonny_McClain89,1,16,11,5,6,0,1,1,6,17
sortinospizza,1,16,11,5,6,0,1,1,6,17
spacetravel,1,16,10,6,4,2,1,1,6,17
st4zz_4_l1f3,1,16,11,5,6,0,1,1,6,17
TheBlazingSmurf,1,16,11,5,6,0,1,1,6,17
TheCynicalOnion,1,16,11,5,6,0,1,1,6,17
tigastyle,1,16,11,5,6,0,1,1,6,17
ueptvoovtpeu,1,16,10,6,4,2,1,1,6,17
username5550123,1,16,11,5,6,0,1,1,6,17
wherefore,1,16,11,5,6,0,1,1,6,17
xencosti,1,16,9,7,2,4,1,1,6,17
Xethos,1,16,11,5,6,0,1,1,6,17
yejinftw,1,16,11,5,6,0,1,1,6,17
Zomgitsakitten,1,16,9,7,2,4,1,1,6,17
COLLEGE_FRAT_GUY,1,16,10,6,4,2,0,1,6,17
kajaaaa,1,16,11,5,6,0,0,1,6,17
kingofapes,1,16,10,6,4,2,0,1,6,17
kylEnt,1,16,11,5,6,0,0,1,6,17
LittleDancinMan,1,16,11,5,6,0,0,1,6,17
LovNRodreguez,1,16,10,6,4,2,0,1,6,17
Noonelooksatthese,1,16,11,5,6,0,0,1,6,17
notanotherloner,1,16,11,5,6,0,0,1,6,17
phillipmarlowe,1,16,11,5,6,0,0,1,6,17
PhoenixHeart193,1,16,10,6,4,2,0,1,6,17
PincheRenee,1,16,11,5,6,0,0,1,6,17
quarter-master,1,16,11,5,6,0,0,1,6,17
rajakloud,1,16,10,6,4,2,0,1,6,17
Sophisticated_Grape,1,16,11,5,6,0,0,1,6,17
SQWID,1,16,11,5,6,0,0,1,6,17
thagunshow,1,16,11,5,6,0,0,1,6,17
thegingenator,1,16,11,5,6,0,0,1,6,17
thewilderone,1,16,11,5,6,0,0,1,6,17
vijeze,1,16,9,7,2,4,0,1,6,17
THuuN,2,16,9,7,2,3,2,1,5,17
unf3lde0m,2,15,9,6,3,2,2,2,5,17
Ajmolol,1,17,11,6,5,0,1,0,5,17
baker1289,1,17,11,6,5,0,1,0,5,17
bishop67,1,17,10,7,3,2,1,0,5,17
brony4lyfe33,1,16,7,9,-2,7,1,1,5,17
futrald,1,16,9,7,2,3,1,1,5,17
glasstuxedo,1,16,7,9,-2,7,1,1,5,17
JariStyle,1,16,5,11,-6,11,1,1,5,17
jjbowman12,1,16,8,8,0,5,1,1,5,17
jsmithftw,1,16,9,7,2,3,1,1,5,17
Schitty413,1,16,9,7,2,3,1,1,5,17
selfmade21,1,16,9,7,2,3,1,1,5,17
WhatWhatInTheTwat,1,17,10,7,3,2,1,0,5,17
ade494,1,16,9,7,2,3,0,1,5,17
aaoun,1,16,10,6,4,0,1,1,4,17
ACPhoto,1,16,10,6,4,0,1,1,4,17
Alcois,1,16,10,6,4,0,1,1,4,17
alrightgo,1,16,10,6,4,0,1,1,4,17
Andross561,1,16,10,6,4,0,1,1,4,17
angelofireland,1,16,10,6,4,0,1,1,4,17
arams11,1,16,10,6,4,0,1,1,4,17
artemisfowl15,1,16,10,6,4,0,1,1,4,17
Baconstix,1,16,10,6,4,0,1,1,4,17
bexendi,1,16,10,6,4,0,1,1,4,17
bhuvan002,1,16,10,6,4,0,1,1,4,17
bigbuttsillywhat,1,16,10,6,4,0,1,1,4,17
BizzaroPie,1,16,10,6,4,0,1,1,4,17
Blackmambizzle,1,16,10,6,4,0,1,1,4,17
Catieb332,1,16,10,6,4,0,1,1,4,17
C-Dawgg,1,16,9,7,2,2,1,1,4,17
Chojek,1,16,10,6,4,0,1,1,4,17
Chuggernautt,1,16,9,7,2,2,1,1,4,17
coolhwhip89,1,16,10,6,4,0,1,1,4,17
cptn_jtk,1,16,10,6,4,0,1,1,4,17
curzon176,1,16,10,6,4,0,1,1,4,17
Dafuqwastht,1,16,10,6,4,0,1,1,4,17
DaM00s13,1,16,10,6,4,0,1,1,4,17
DannyWorsnop,1,16,10,6,4,0,1,1,4,17
DickJackson,1,16,10,6,4,0,1,1,4,17
doglover3333,1,16,9,7,2,2,1,1,4,17
dr3wsum1,1,16,10,6,4,0,1,1,4,17
escosay,1,16,10,6,4,0,1,1,4,17
folkpunkgirl,1,16,10,6,4,0,1,1,4,17
fullmetal_ed,1,16,10,6,4,0,1,1,4,17
g0ldfinga,1,16,10,6,4,0,1,1,4,17
Ginodon,1,16,10,6,4,0,1,1,4,17
gmkirk13,1,16,10,6,4,0,1,1,4,17
Guaguasi,1,16,10,6,4,0,1,1,4,17
HellaHelgi,1,16,10,6,4,0,1,1,4,17
Hey_Its_That_One_Guy,1,16,10,6,4,0,1,1,4,17
iGotChubs4You,1,16,10,6,4,0,1,1,4,17
ihavnoideawatimdoing,1,16,9,7,2,2,1,1,4,17
Ilovewhatredditdoes,1,16,10,6,4,0,1,1,4,17
Incendie,1,16,7,9,-2,6,1,1,4,17
ipodfreak898,1,16,10,6,4,0,1,1,4,17
jangbiz,1,16,10,6,4,0,1,1,4,17
Joeynoh,1,16,10,6,4,0,1,1,4,17
jsizzle9999,1,16,10,6,4,0,1,1,4,17
jvass,1,16,10,6,4,0,1,1,4,17
KimJongNam,1,16,10,6,4,0,1,1,4,17
kltaylor,1,16,10,6,4,0,1,1,4,17
kolnan,1,16,5,11,-6,10,1,1,4,17
Kvnroach,1,16,10,6,4,0,1,1,4,17
lexi97,1,16,10,6,4,0,1,1,4,17
Mako18,1,16,10,6,4,0,1,1,4,17
metaltank,1,16,10,6,4,0,1,1,4,17
NYCCine,1,16,10,6,4,0,1,1,4,17
Paintkiller,1,16,10,6,4,0,1,1,4,17
PrettyandReckless,1,16,10,6,4,0,1,1,4,17
przacjames,1,16,10,6,4,0,1,1,4,17
radisonwright,1,16,10,6,4,0,1,1,4,17
random08Name,1,16,10,6,4,0,1,1,4,17
realizationralph,1,16,8,8,0,4,1,1,4,17
romneyspesh666,1,16,10,6,4,0,1,1,4,17
simplesn,1,16,8,8,0,4,1,1,4,17
skagod69,1,16,10,6,4,0,1,1,4,17
slicktoe,1,16,9,7,2,2,1,1,4,17
Slothstranaught,1,16,9,7,2,2,1,1,4,17
snowstormsinnovember,1,16,10,6,4,0,1,1,4,17
stevesmithis,1,16,9,7,2,2,1,1,4,17
surkh,1,16,10,6,4,0,1,1,4,17
TeaSkier,1,16,10,6,4,0,1,1,4,17
Tehcruz4de,1,16,10,6,4,0,1,1,4,17
TheNikodilay,1,16,10,6,4,0,1,1,4,17
thetreece,1,16,10,6,4,0,1,1,4,17
tlbtc,1,16,10,6,4,0,1,1,4,17
Varuraex,1,16,10,6,4,0,1,1,4,17
vita_mia,1,16,10,6,4,0,1,1,4,17
webnet10,1,16,10,6,4,0,1,1,4,17
Who-R-you,1,16,9,7,2,2,1,1,4,17
wow050,1,16,10,6,4,0,1,1,4,17
2menshaving,1,16,10,6,4,0,0,1,4,17
AndSignHere_______,1,16,10,6,4,0,0,1,4,17
BabyInMyBlender,1,16,10,6,4,0,0,1,4,17
brosephJ,1,16,10,6,4,0,0,1,4,17
cbrules3033,1,16,9,7,2,2,0,1,4,17
cooluc,1,16,10,6,4,0,0,1,4,17
de_chirico,1,16,8,8,0,4,0,1,4,17
eecacee,1,16,10,6,4,0,0,1,4,17
Esus_DawnStar,1,16,10,6,4,0,0,1,4,17
Frigidor,1,16,10,6,4,0,0,1,4,17
Gidofalouse,1,16,10,6,4,0,0,1,4,17
Glizz5th,1,16,10,6,4,0,0,1,4,17
joshborup,1,16,9,7,2,2,0,1,4,17
mxpower,1,16,9,7,2,2,0,1,4,17
Nebz604,1,16,10,6,4,0,0,1,4,17
Pastor_0f_Muppets,1,16,10,6,4,0,0,1,4,17
TML_ROB,1,16,7,9,-2,6,0,1,4,17
tubteam,1,16,10,6,4,0,0,1,4,17
dirtypaws,2,15,7,8,-1,4,2,2,3,17
SuperiorBrandon,2,15,9,6,3,0,2,2,3,17
_Merxer_,1,17,10,7,3,0,1,0,3,17
backingit,1,16,5,11,-6,9,1,1,3,17
Bobthunderbutt,1,16,7,9,-2,5,1,1,3,17
ccm2494,1,16,8,8,0,3,1,1,3,17
clownfrog,1,17,10,7,3,0,1,0,3,17
Cnad,2,15,9,6,3,0,1,2,3,17
Endlessmanager,1,17,10,7,3,0,1,0,3,17
guysadick,1,17,10,7,3,0,1,0,3,17
knockouwt,1,17,10,7,3,0,1,0,3,17
meraf,1,16,7,9,-2,5,1,1,3,17
MrGorilakila,1,17,10,7,3,0,1,0,3,17
Nolimit,1,16,7,9,-2,5,1,1,3,17
shabaroo,1,16,8,8,0,3,1,1,3,17
SloppyHayabusa,1,16,8,8,0,3,1,1,3,17
alec099,2,15,9,6,3,0,0,2,3,17
Cadillacbro,1,16,6,10,-4,7,0,1,3,17
jellis1234,1,16,5,11,-6,9,0,1,3,17
Skomskk,1,16,6,10,-4,7,0,1,3,17
Youmustbecomefear,2,15,8,7,1,2,0,2,3,17
AgeMarkus,1,16,9,7,2,0,1,1,2,17
allgameplaya,1,16,8,8,0,2,1,1,2,17
AlyoChem,1,16,9,7,2,0,1,1,2,17
AnnatheMuffin,1,16,8,8,0,2,1,1,2,17
AustinnSmith14,1,16,9,7,2,0,1,1,2,17
Awesomesaucepants,1,16,9,7,2,0,1,1,2,17
BAdoubleL,1,16,9,7,2,0,1,1,2,17
bigteddy364,1,16,9,7,2,0,1,1,2,17
bilbonaggins88,1,16,9,7,2,0,1,1,2,17
BrisvegasLukass,1,16,9,7,2,0,1,1,2,17
BroBreaux,1,16,9,7,2,0,1,1,2,17
bunny_face,1,16,9,7,2,0,1,1,2,17
c_lab,1,16,9,7,2,0,1,1,2,17
cascadianfarmer,1,16,9,7,2,0,1,1,2,17
cfsoko22589,1,16,7,9,-2,4,1,1,2,17
Diasparo,1,16,9,7,2,0,1,1,2,17
ditlewis,1,16,9,7,2,0,1,1,2,17
dmille12,1,16,9,7,2,0,1,1,2,17
eff_bawmb,1,16,9,7,2,0,1,1,2,17
ESCgoat,1,16,9,7,2,0,1,1,2,17
fearboner19,1,16,9,7,2,0,1,1,2,17
Gasbus,1,16,8,8,0,2,1,1,2,17
HelloHAL9000,1,16,8,8,0,2,1,1,2,17
HRS87,1,16,9,7,2,0,1,1,2,17
iesvs,1,16,9,7,2,0,1,1,2,17
ifyoulovepinacoladas,1,16,9,7,2,0,1,1,2,17
IMAMODDYMAN,1,16,9,7,2,0,1,1,2,17
J808,1,16,8,8,0,2,1,1,2,17
-jack_rabbit-,1,16,9,7,2,0,1,1,2,17
jaxful,1,16,9,7,2,0,1,1,2,17
joe2109,1,16,8,8,0,2,1,1,2,17
Joevio24,1,16,9,7,2,0,1,1,2,17
josh2992,1,16,9,7,2,0,1,1,2,17
jpaape,1,16,9,7,2,0,1,1,2,17
jtset,1,16,9,7,2,0,1,1,2,17
Juicykc,1,16,8,8,0,2,1,1,2,17
landonh12,1,16,8,8,0,2,1,1,2,17
lauhim,1,16,9,7,2,0,1,1,2,17
layjupsta,1,16,9,7,2,0,1,1,2,17
leftaab,1,16,6,10,-4,6,1,1,2,17
mgpcoe,1,16,9,7,2,0,1,1,2,17
Mr_rossi,1,17,7,10,-3,5,1,0,2,17
mr-otta,1,16,8,8,0,2,1,1,2,17
mrRuffles,1,16,9,7,2,0,1,1,2,17
mylarrito,1,16,8,8,0,2,1,1,2,17
mynameisgato,1,16,9,7,2,0,1,1,2,17
NO_LIMIT_CRACKA,1,16,8,8,0,2,1,1,2,17
No_OC,1,16,8,8,0,2,1,1,2,17
Overlyattachedhubby,1,16,9,7,2,0,1,1,2,17
Ozzy7,1,16,9,7,2,0,1,1,2,17
Pasty_Virgin,1,16,9,7,2,0,1,1,2,17
paydack1,1,16,9,7,2,0,1,1,2,17
pritchardkevin4,1,16,9,7,2,0,1,1,2,17
Quagonn,1,16,9,7,2,0,1,1,2,17
rebecca10,1,16,9,7,2,0,1,1,2,17
Repost-o-matic,1,16,9,7,2,0,1,1,2,17
RogerThatRubberDucky,1,16,9,7,2,0,1,1,2,17
rondestvedt,1,16,9,7,2,0,1,1,2,17
RonSwanson4President,1,16,8,8,0,2,1,1,2,17
Rxplosion,1,16,8,8,0,2,1,1,2,17
seizuresquirrel,1,16,9,7,2,0,1,1,2,17
shanedwyer333,1,16,9,7,2,0,1,1,2,17
shitfucktits,1,16,9,7,2,0,1,1,2,17
skyskr4per,1,16,9,7,2,0,1,1,2,17
Snwcrss13,1,16,9,7,2,0,1,1,2,17
Solenus,1,16,9,7,2,0,1,1,2,17
Soul_On_Fire,1,16,9,7,2,0,1,1,2,17
superchiva78,1,16,9,7,2,0,1,1,2,17
texaslonghorn22,1,16,9,7,2,0,1,1,2,17
thecheat1,1,16,9,7,2,0,1,1,2,17
Theophili,1,16,8,8,0,2,1,1,2,17
TheSuperMeatMan,1,16,9,7,2,0,1,1,2,17
Toonser,1,16,9,7,2,0,1,1,2,17
Treehugger17,1,16,9,7,2,0,1,1,2,17
trndxfuze,1,16,8,8,0,2,1,1,2,17
UnholyDiver,1,16,9,7,2,0,1,1,2,17
Whimsicalbox,1,16,9,7,2,0,1,1,2,17
WillTheThril1,1,16,9,7,2,0,1,1,2,17
xander-7-89,1,16,9,7,2,0,1,1,2,17
YouAintGotNoPancakes,1,16,9,7,2,0,1,1,2,17
Zayadur,1,16,9,7,2,0,1,1,2,17
alexis411,1,16,9,7,2,0,0,1,2,17
ckw15,1,16,9,7,2,0,0,1,2,17
colourdress,1,16,9,7,2,0,0,1,2,17
DHGamer21,1,16,9,7,2,0,0,1,2,17
dillonmcdillon,1,16,9,7,2,0,0,1,2,17
hughwouldnotbelieve,1,16,9,7,2,0,0,1,2,17
Imafunkuwp,1,16,9,7,2,0,0,1,2,17
intoazul,1,16,9,7,2,0,0,1,2,17
Modroneman,1,16,9,7,2,0,0,1,2,17
Navi1101,1,16,9,7,2,0,0,1,2,17
OMJenkins,1,16,9,7,2,0,0,1,2,17
OzzyGeelv99,1,16,9,7,2,0,0,1,2,17
redditswithscissors,1,16,9,7,2,0,0,1,2,17
SirAdrian0000,1,16,8,8,0,2,0,1,2,17
smartkid101001,1,16,9,7,2,0,0,1,2,17
svnewman,1,16,9,7,2,0,0,1,2,17
tgfHaddack,1,16,9,7,2,0,0,1,2,17
winrar62,1,16,9,7,2,0,0,1,2,17
healthexercise,2,15,8,7,1,0,2,2,1,17
TheFlaccidOrangutan,2,15,8,7,1,0,2,2,1,17
22955922,1,16,5,11,-6,7,1,1,1,17
Aaronbrooks22,1,16,7,9,-2,3,1,1,1,17
andrewsch,1,17,9,8,1,0,1,0,1,17
Armory768,1,16,7,9,-2,3,1,1,1,17
Babylon9mm,1,16,7,9,-2,3,1,1,1,17
caparza,1,16,7,9,-2,3,1,1,1,17
catalinte,1,16,7,9,-2,3,1,1,1,17
CobaltSmith,1,16,7,9,-2,3,1,1,1,17
Iconzit,1,17,8,9,-1,2,1,0,1,17
InvertedBladeScrape,1,16,5,11,-6,7,1,1,1,17
Jaimet,2,15,8,7,1,0,1,2,1,17
Kaerius,1,16,7,9,-2,3,1,1,1,17
NoodleSSM,1,16,7,9,-2,3,1,1,1,17
NovaSource,1,17,9,8,1,0,1,0,1,17
Pogo03,1,16,6,10,-4,5,1,1,1,17
v1ncent_2102,1,16,7,9,-2,3,1,1,1,17
warfair,1,16,7,9,-2,3,1,1,1,17
YAKrCOOL,1,16,7,9,-2,3,1,1,1,17
misskatelyn,1,16,6,10,-4,5,0,1,1,17
nugporn,1,16,7,9,-2,3,0,1,1,17
wesleypipes2,1,17,7,10,-3,4,0,0,1,17
awyeauhh,1,16,7,9,-2,2,1,1,0,17
bazingaboy,1,16,8,8,0,0,1,1,0,17
biotoxy,1,16,6,10,-4,4,1,1,0,17
brandeenicole,1,16,7,9,-2,2,1,1,0,17
Bratwurst_mit_Senf,1,16,8,8,0,0,1,1,0,17
CaptainMorgaine,1,16,8,8,0,0,1,1,0,17
chairfight,1,16,7,9,-2,2,1,1,0,17
chesterzilla,1,16,8,8,0,0,1,1,0,17
ChivasAribas,1,16,8,8,0,0,1,1,0,17
complexname,1,16,8,8,0,0,1,1,0,17
cynicalaa22,1,16,7,9,-2,2,1,1,0,17
DanTheMan93,1,16,8,8,0,0,1,1,0,17
DJ_DeezNutz,1,16,7,9,-2,2,1,1,0,17
DoctorHeadshot,1,16,8,8,0,0,1,1,0,17
EkArZeTh,1,16,7,9,-2,2,1,1,0,17
ElectricSushi,1,16,8,8,0,0,1,1,0,17
finch749,1,16,8,8,0,0,1,1,0,17
Glacialfuse,1,16,6,10,-4,4,1,1,0,17
ilovelamp343,1,16,8,8,0,0,1,1,0,17
Imalurkerwhocomments,1,16,8,8,0,0,1,1,0,17
ishatbrx,1,16,7,9,-2,2,1,1,0,17
jtt0909,1,16,8,8,0,0,1,1,0,17
KPretz,1,16,8,8,0,0,1,1,0,17
l4pierce,1,16,6,10,-4,4,1,1,0,17
lennonator,1,16,7,9,-2,2,1,1,0,17
LifeBeginsAt10kRPM,1,16,8,8,0,0,1,1,0,17
m1sterk0,1,16,7,9,-2,2,1,1,0,17
malloryisenberg,1,16,8,8,0,0,1,1,0,17
marmite_cat,1,16,8,8,0,0,1,1,0,17
megatron237,1,16,8,8,0,0,1,1,0,17
mi1k5ak3z,1,16,8,8,0,0,1,1,0,17
MsAmWi,1,16,7,9,-2,2,1,1,0,17
Mysterious-Stranger,1,16,8,8,0,0,1,1,0,17
Orangenbluefish,1,16,8,8,0,0,1,1,0,17
owenjs,1,16,6,10,-4,4,1,1,0,17
PennyLaane,1,16,8,8,0,0,1,1,0,17
PizzaJourney,1,16,8,8,0,0,1,1,0,17
Plazma_Fire,1,16,7,9,-2,2,1,1,0,17
Rasenganjon,1,16,8,8,0,0,1,1,0,17
Renegateor,1,16,8,8,0,0,1,1,0,17
Rhawk187,1,16,7,9,-2,2,1,1,0,17
Robot_Processing,1,16,8,8,0,0,1,1,0,17
scumbag4life,1,16,8,8,0,0,1,1,0,17
SgtGooser,1,16,8,8,0,0,1,1,0,17
theartofgettingby,1,16,8,8,0,0,1,1,0,17
thomkotte,1,16,8,8,0,0,1,1,0,17
TotalBlazikin,1,16,7,9,-2,2,1,1,0,17
TPNigl,1,16,7,9,-2,2,1,1,0,17
tripinbalz,1,16,8,8,0,0,1,1,0,17
turtle_km,1,16,8,8,0,0,1,1,0,17
UncommonUsername,1,16,8,8,0,0,1,1,0,17
Vigilant3,1,16,7,9,-2,2,1,1,0,17
Waters0Fresh,1,16,8,8,0,0,1,1,0,17
Wednesday44,1,16,7,9,-2,2,1,1,0,17
whatcoffee,1,16,8,8,0,0,1,1,0,17
Zach9810,1,16,8,8,0,0,1,1,0,17
abdoanmes,1,16,8,8,0,0,0,1,0,17
cramborghini,1,16,8,8,0,0,0,1,0,17
Dirtroadrocker,1,16,7,9,-2,2,0,1,0,17
Flyingturtle1,1,16,8,8,0,0,0,1,0,17
jamerzzz,1,16,8,8,0,0,0,1,0,17
mpr88,2,16,7,9,-2,2,0,1,0,17
Ryguyy,1,16,7,9,-2,2,0,1,0,17
Thedood0,1,16,8,8,0,0,0,1,0,17
toxicDeFish,1,16,8,8,0,0,0,1,0,17
Twatson88,1,16,7,9,-2,2,0,1,0,17
vvitzelsucht,1,16,6,10,-4,4,0,1,0,17
yann222y,1,16,8,8,0,0,0,1,0,17
Draggedaround,2,15,6,9,-3,2,2,2,-1,17
asipz,1,17,8,9,-1,0,1,0,-1,17
chzburger,1,16,3,13,-10,9,1,1,-1,17
curiusblue,1,16,5,11,-6,5,1,1,-1,17
danielfowler,1,16,4,12,-8,7,1,1,-1,17
danodemano,1,16,6,10,-4,3,1,1,-1,17
jinpajamas,1,16,6,10,-4,3,1,1,-1,17
LuvPurplePenguin,1,16,6,10,-4,3,1,1,-1,17
mysticpolitics,1,16,6,10,-4,3,1,1,-1,17
QuantumJesus,1,16,6,10,-4,3,1,1,-1,17
sonnywithoutachance,1,16,6,10,-4,3,1,1,-1,17
xpwnyexpressx,1,16,5,11,-6,5,1,1,-1,17
Zmura810,1,16,6,10,-4,3,1,1,-1,17
THEFR0NTPAGE,1,16,6,10,-4,3,0,1,-1,17
asianpanda08,1,16,7,9,-2,0,1,1,-2,17
atmachine,1,16,6,10,-4,2,1,1,-2,17
Beepbeep847,1,16,6,10,-4,2,1,1,-2,17
bikenoodles,1,16,5,11,-6,4,1,1,-2,17
BKallDay,1,16,7,9,-2,0,1,1,-2,17
canyoupickbetternick,1,16,7,9,-2,0,1,1,-2,17
crazypnut,1,16,6,10,-4,2,1,1,-2,17
DevinXYP,1,16,6,10,-4,2,1,1,-2,17
DiabolicallyRandom,1,16,3,13,-10,8,1,1,-2,17
donaldjae,1,16,7,9,-2,0,1,1,-2,17
drdroidx,1,16,7,9,-2,0,1,1,-2,17
endscene,1,16,7,9,-2,0,1,1,-2,17
ffflareon,1,16,7,9,-2,0,1,1,-2,17
Flanders_J,1,16,7,9,-2,0,1,1,-2,17
gengen360,1,16,6,10,-4,2,1,1,-2,17
Holden_Caulfield1951,1,16,7,9,-2,0,1,1,-2,17
IStoleTheMoon,1,16,7,9,-2,0,1,1,-2,17
Itsalreadytaken,1,16,7,9,-2,0,1,1,-2,17
jakpro,1,16,7,9,-2,0,1,1,-2,17
jbaum517,1,16,6,10,-4,2,1,1,-2,17
jdmcblunt,1,16,7,9,-2,0,1,1,-2,17
joenavy225,1,16,7,9,-2,0,1,1,-2,17
juicetees,1,16,7,9,-2,0,1,1,-2,17
laxdude6006,1,16,6,10,-4,2,1,1,-2,17
LetsFightDucks,1,16,6,10,-4,2,1,1,-2,17
letsgocanada,1,16,7,9,-2,0,1,1,-2,17
linehan23,1,16,5,11,-6,4,1,1,-2,17
Madix33,1,16,6,10,-4,2,1,1,-2,17
MattToTheStein,1,16,6,10,-4,2,1,1,-2,17
Miki_Miura,1,16,7,9,-2,0,1,1,-2,17
MiniMoose77,1,16,7,9,-2,0,1,1,-2,17
Moffatt_11,1,16,7,9,-2,0,1,1,-2,17
MriTroll,1,16,7,9,-2,0,1,1,-2,17
murphmobile,1,16,7,9,-2,0,1,1,-2,17
NoUrImmature,1,16,7,9,-2,0,1,1,-2,17
NovaSplurge,1,16,6,10,-4,2,1,1,-2,17
obeseLadyGaga,1,16,6,10,-4,2,1,1,-2,17
Oblivious_Eyelid,1,16,7,9,-2,0,1,1,-2,17
PANDA_BEAR17,1,16,7,9,-2,0,1,1,-2,17
Pieddas,1,16,7,9,-2,0,1,1,-2,17
renloe,1,16,7,9,-2,0,1,1,-2,17
roofstrider,1,16,7,9,-2,0,1,1,-2,17
samcobra,1,16,7,9,-2,0,1,1,-2,17
SandyLeeAnn,1,16,5,11,-6,4,1,1,-2,17
shadylady76,1,16,6,10,-4,2,1,1,-2,17
SharpAdze,1,16,6,10,-4,2,1,1,-2,17
shonesum,1,16,7,9,-2,0,1,1,-2,17
shoveazy,1,16,7,9,-2,0,1,1,-2,17
sicknasty7,1,16,6,10,-4,2,1,1,-2,17
silensbeta,1,16,7,9,-2,0,1,1,-2,17
silentjesus,1,16,7,9,-2,0,1,1,-2,17
stoikrus1,1,16,7,9,-2,0,1,1,-2,17
subliminalybaked,1,16,7,9,-2,0,1,1,-2,17
ThatGuyinaHat,1,16,7,9,-2,0,1,1,-2,17
throwingaway6,1,16,5,11,-6,4,1,1,-2,17
tophertrejo,1,16,6,10,-4,2,1,1,-2,17
Ungrateful_Ninja,1,16,6,10,-4,2,1,1,-2,17
vicnavyguy22,1,16,7,9,-2,0,1,1,-2,17
Xomby,1,16,7,9,-2,0,1,1,-2,17
xXrazrXx,1,16,6,10,-4,2,1,1,-2,17
Your_mortal_enemy,1,16,7,9,-2,0,1,1,-2,17
a_piece_of_bacon,1,16,7,9,-2,0,0,1,-2,17
archelochus,1,16,7,9,-2,0,0,1,-2,17
benko75,1,16,7,9,-2,0,0,1,-2,17
Blitztwist,1,16,7,9,-2,0,0,1,-2,17
disclos3d,1,16,7,9,-2,0,0,1,-2,17
el3r1q,1,16,7,9,-2,0,0,1,-2,17
enTubajonny131,1,16,7,9,-2,0,0,1,-2,17
Epochodia,1,16,7,9,-2,0,0,1,-2,17
Forge_Weasley,1,16,7,9,-2,0,0,1,-2,17
GreenGenesis,1,16,7,9,-2,0,0,1,-2,17
knotaredditor,1,16,7,9,-2,0,0,1,-2,17
mattaxten,1,16,7,9,-2,0,0,1,-2,17
mechakoichi,1,16,7,9,-2,0,0,1,-2,17
menzo09,1,16,5,11,-6,4,0,1,-2,17
MissBreann,1,16,7,9,-2,0,0,1,-2,17
mixed14,1,16,7,9,-2,0,0,1,-2,17
paws12345,1,16,6,10,-4,2,0,1,-2,17
RonaldFraggin,1,16,7,9,-2,0,0,1,-2,17
garyfloyd9690,2,15,6,9,-3,0,2,2,-3,17
journeybitch,2,15,6,9,-3,0,2,2,-3,17
ed1380,1,16,5,11,-6,3,1,1,-3,17
Hophopkangaroo,1,16,5,11,-6,3,1,1,-3,17
JayEff123,1,17,6,11,-5,2,1,0,-3,17
lulzbanana,1,16,4,12,-8,5,1,1,-3,17
nesrual,1,17,7,10,-3,0,1,0,-3,17
nizzleh,1,17,7,10,-3,0,1,0,-3,17
Potsie2010,2,15,5,10,-5,2,1,2,-3,17
TheJakeShow,1,16,5,11,-6,3,1,1,-3,17
HalPal_,1,16,5,11,-6,3,0,1,-3,17
Shicklacky,1,16,5,11,-6,3,0,1,-3,17
South8,1,16,5,11,-6,3,0,1,-3,17
Superzxoz,1,16,5,11,-6,3,0,1,-3,17
aect,1,16,5,11,-6,2,1,1,-4,17
Agika21,1,16,6,10,-4,0,1,1,-4,17
Aliencook,1,16,6,10,-4,0,1,1,-4,17
asaoifsa,1,16,6,10,-4,0,1,1,-4,17
autoerotichumliation,1,16,5,11,-6,2,1,1,-4,17
Bizzle2010,1,16,6,10,-4,0,1,1,-4,17
bl00dshooter,1,16,6,10,-4,0,1,1,-4,17
chornu,1,16,6,10,-4,0,1,1,-4,17
Dekoa,1,16,6,10,-4,0,1,1,-4,17
den215,1,16,6,10,-4,0,1,1,-4,17
Dogmanlego,1,16,6,10,-4,0,1,1,-4,17
DraconianCarbonUnit,1,16,6,10,-4,0,1,1,-4,17
drunkchaos,1,16,6,10,-4,0,1,1,-4,17
Egonor,1,16,6,10,-4,0,1,1,-4,17
f_em_Bucky94,1,16,6,10,-4,0,1,1,-4,17
fat_black_lady_lovah,1,16,6,10,-4,0,1,1,-4,17
Finn_MacCool,1,16,6,10,-4,0,1,1,-4,17
G-pissy,1,16,4,12,-8,4,1,1,-4,17
Gummy4,1,16,6,10,-4,0,1,1,-4,17
IAmTheOgan,1,16,6,10,-4,0,1,1,-4,17
ISto1eYourHat,1,16,6,10,-4,0,1,1,-4,17
j9789,1,16,5,11,-6,2,1,1,-4,17
jctennis123,1,16,5,11,-6,2,1,1,-4,17
Jin_06,1,16,5,11,-6,2,1,1,-4,17
jonnyd005,1,16,6,10,-4,0,1,1,-4,17
jweezy69,1,16,6,10,-4,0,1,1,-4,17
KLVTZ,1,16,6,10,-4,0,1,1,-4,17
kocsenc,1,16,6,10,-4,0,1,1,-4,17
Landinator,1,16,4,12,-8,4,1,1,-4,17
Leche66,1,16,6,10,-4,0,1,1,-4,17
LegendTripper,1,16,6,10,-4,0,1,1,-4,17
madhattergre,1,16,5,11,-6,2,1,1,-4,17
manicswordsman,1,16,5,11,-6,2,1,1,-4,17
masterdude,1,16,5,11,-6,2,1,1,-4,17
MolotovBoy,1,16,6,10,-4,0,1,1,-4,17
NominalCaboose,1,16,6,10,-4,0,1,1,-4,17
nvrmndtheruins,1,16,6,10,-4,0,1,1,-4,17
Originaljut,1,16,6,10,-4,0,1,1,-4,17
overlord2kx,1,16,6,10,-4,0,1,1,-4,17
patrickkstarr7,1,16,6,10,-4,0,1,1,-4,17
PrometheusZer0,1,16,5,11,-6,2,1,1,-4,17
r1y23,1,16,6,10,-4,0,1,1,-4,17
rangerchip22,1,16,5,11,-6,2,1,1,-4,17
Recon210,1,16,6,10,-4,0,1,1,-4,17
roygbiv47,1,16,5,11,-6,2,1,1,-4,17
servetheservents,1,16,6,10,-4,0,1,1,-4,17
SPEDpunk,1,16,6,10,-4,0,1,1,-4,17
Springy-king,1,16,6,10,-4,0,1,1,-4,17
squizo,1,16,6,10,-4,0,1,1,-4,17
Steve0n,1,16,6,10,-4,0,1,1,-4,17
Sweetsuga52,1,16,5,11,-6,2,1,1,-4,17
the_bacon_hog,1,16,6,10,-4,0,1,1,-4,17
The_Illuminist,1,16,6,10,-4,0,1,1,-4,17
the_nils,1,16,6,10,-4,0,1,1,-4,17
TheFlyLife,1,16,6,10,-4,0,1,1,-4,17
TheMethos,1,16,6,10,-4,0,1,1,-4,17
TheSpaceDucks,1,16,6,10,-4,0,1,1,-4,17
thewickerman5123,1,16,6,10,-4,0,1,1,-4,17
tynap,1,16,5,11,-6,2,1,1,-4,17
UNKNOWN4825,1,16,6,10,-4,0,1,1,-4,17
unr3alist,1,16,5,11,-6,2,1,1,-4,17
Ammarzk,1,16,6,10,-4,0,0,1,-4,17
ASIMAUVE,1,16,6,10,-4,0,0,1,-4,17
bardko,1,16,6,10,-4,0,0,1,-4,17
bjjdamo,1,16,6,10,-4,0,0,1,-4,17
Brice187,1,16,6,10,-4,0,0,1,-4,17
bugzrrad,1,16,6,10,-4,0,0,1,-4,17
Davey_25,1,16,5,11,-6,2,0,1,-4,17
emuzz,1,16,6,10,-4,0,0,1,-4,17
fartacular,1,16,5,11,-6,2,0,1,-4,17
Lee300492,1,16,6,10,-4,0,0,1,-4,17
LordRush2112,1,16,4,12,-8,4,0,1,-4,17
MrShdwz,1,16,6,10,-4,0,0,1,-4,17
thepetercottontail,1,16,6,10,-4,0,0,1,-4,17
zd183,1,16,6,10,-4,0,0,1,-4,17
koreanpopstarrain,2,15,5,10,-5,0,2,2,-5,17
Whysomadbro,2,15,5,10,-5,0,2,2,-5,17
ameshaspenta,1,16,4,12,-8,3,1,1,-5,17
BraileZ,1,16,4,12,-8,3,1,1,-5,17
drake9800,1,17,6,11,-5,0,1,0,-5,17
Idontwannasleep,1,16,4,12,-8,3,1,1,-5,17
it_hurts_to_pee,1,17,6,11,-5,0,1,0,-5,17
magicboxmix,1,16,4,12,-8,3,1,1,-5,17
yukonmadman,1,16,4,12,-8,3,1,1,-5,17
10gamertag,1,16,5,11,-6,0,1,1,-6,17
1xanax1,1,16,5,11,-6,0,1,1,-6,17
77aya,1,16,5,11,-6,0,1,1,-6,17
AnsonLM,1,16,5,11,-6,0,1,1,-6,17
betafish37,1,16,5,11,-6,0,1,1,-6,17
claireisaboss,1,16,5,11,-6,0,1,1,-6,17
DREWBICE,1,16,5,11,-6,0,1,1,-6,17
el-diablo554,1,16,5,11,-6,0,1,1,-6,17
ericleavell,1,16,5,11,-6,0,1,1,-6,17
FairlyLargeLineman,1,16,5,11,-6,0,1,1,-6,17
fingerbanger1990,1,16,5,11,-6,0,1,1,-6,17
footcreamfin,1,16,5,11,-6,0,1,1,-6,17
gtbacktomms,2,16,5,11,-6,0,1,1,-6,17
iia,1,16,5,11,-6,0,1,1,-6,17
johnnyslims,1,16,5,11,-6,0,1,1,-6,17
krawcrates,1,16,5,11,-6,0,1,1,-6,17
loveofnotes,1,16,5,11,-6,0,1,1,-6,17
mastron,1,16,5,11,-6,0,1,1,-6,17
miaomiao,1,16,5,11,-6,0,1,1,-6,17
monkeypie128,1,16,5,11,-6,0,1,1,-6,17
MrDrProfBeard,1,16,5,11,-6,0,1,1,-6,17
Pea666,1,16,5,11,-6,0,1,1,-6,17
RichardWang,1,16,5,11,-6,0,1,1,-6,17
rickthenewb,1,16,4,12,-8,2,1,1,-6,17
Romneys_Dildo,1,16,5,11,-6,0,1,1,-6,17
samman4040,1,16,5,11,-6,0,1,1,-6,17
seasicksteve,1,16,5,11,-6,0,1,1,-6,17
Sheriff_McRawdog,1,16,5,11,-6,0,1,1,-6,17
slugagainstsalt,1,16,5,11,-6,0,1,1,-6,17
strutmcphearson,1,16,5,11,-6,0,1,1,-6,17
Tequila_Mockingbird_,1,16,5,11,-6,0,1,1,-6,17
The_Other_Other,1,16,5,11,-6,0,1,1,-6,17
unit22,1,16,5,11,-6,0,1,1,-6,17
Urschleim_in_Silicon,1,16,4,12,-8,2,1,1,-6,17
0riginalgameb0y,1,16,5,11,-6,0,0,1,-6,17
bfox98,1,16,5,11,-6,0,0,1,-6,17
carnagethefreak,1,16,5,11,-6,0,0,1,-6,17
CREAMY_CHICKEN,1,16,5,11,-6,0,0,1,-6,17
MrKerub,1,16,5,11,-6,0,0,1,-6,17
Overgaard,1,16,5,11,-6,0,0,1,-6,17
OzWalker,1,16,5,11,-6,0,0,1,-6,17
potatobacondude,1,16,5,11,-6,0,0,1,-6,17
pumpkinking2833,1,16,5,11,-6,0,0,1,-6,17
shepppard,1,16,5,11,-6,0,0,1,-6,17
SlimmyJimJam,1,16,5,11,-6,0,0,1,-6,17
Unicornwithnohorn154,1,16,5,11,-6,0,0,1,-6,17
B7acKThOrN,1,17,5,12,-7,0,1,0,-7,17
JohnBrownRevisited,2,15,4,11,-7,0,0,2,-7,17
paulmichaelxd,1,16,3,13,-10,3,0,1,-7,17
balls_in_yo_face,1,16,4,12,-8,0,1,1,-8,17
captain_obvi,1,16,4,12,-8,0,1,1,-8,17
chubbygupta,1,16,4,12,-8,0,1,1,-8,17
coontunes,1,16,4,12,-8,0,1,1,-8,17
DowBeru,1,16,4,12,-8,0,1,1,-8,17
ducktomguy,1,16,4,12,-8,0,1,1,-8,17
Jacob7770,1,16,4,12,-8,0,1,1,-8,17
jeff5675,1,16,4,12,-8,0,1,1,-8,17
Jeffisleboss,1,16,4,12,-8,0,1,1,-8,17
lad1337,1,16,4,12,-8,0,1,1,-8,17
ManUtd9,1,16,4,12,-8,0,1,1,-8,17
memorea,1,16,4,12,-8,0,1,1,-8,17
My_Handle,1,16,4,12,-8,0,1,1,-8,17
neddit7,1,16,4,12,-8,0,1,1,-8,17
rialmago,1,16,4,12,-8,0,1,1,-8,17
sci_comes_1st,1,16,4,12,-8,0,1,1,-8,17
ScienceSienceScience,1,16,4,12,-8,0,1,1,-8,17
sdcarlisle13,1,16,4,12,-8,0,1,1,-8,17
skikid1,1,16,4,12,-8,0,1,1,-8,17
Snowysilences,1,16,4,12,-8,0,1,1,-8,17
strange-pdx,1,16,4,12,-8,0,1,1,-8,17
taH_pagh_taHbe,1,16,4,12,-8,0,1,1,-8,17
YorkLover,1,16,4,12,-8,0,1,1,-8,17
Amorong,1,16,4,12,-8,0,0,1,-8,17
mgbgtv8,1,16,4,12,-8,0,0,1,-8,17
FLDJF713,2,16,2,14,-12,3,1,1,-9,17
Woods_Hoodlum,1,16,2,14,-12,3,1,1,-9,17
GatorGooch,1,16,3,13,-10,0,1,1,-10,17
Jratliff11,1,16,3,13,-10,0,1,1,-10,17
juschillen,1,16,3,13,-10,0,1,1,-10,17
YOTROLLO,1,16,3,13,-10,0,0,1,-10,17
adwarakanath,1,16,2,14,-12,0,1,1,-12,17
InspecterJones,1,15,11,4,7,35,1,1,42,16
Ethescot,1,16,12,4,8,21,1,0,29,16
morbiusfan88,1,15,14,1,13,11,1,1,24,16
hinve_st,1,15,15,0,15,2,1,1,17,16
l0lol,1,15,13,2,11,6,1,1,17,16
myusernameonreddit,1,16,13,3,10,7,1,0,17,16
nielzz,1,16,12,4,8,9,1,0,17,16
SomeCleverUserName,1,15,11,4,7,10,1,1,17,16
yuki1986,1,15,12,3,9,8,1,1,17,16
RobertFear1,1,15,14,1,13,4,0,1,17,16
a_persian,1,15,12,3,9,7,1,1,16,16
BlazeX344,1,16,15,1,14,2,1,0,16,16
daffmeister,1,16,14,2,12,4,1,0,16,16
h3wz,1,15,6,9,-3,19,1,1,16,16
OddlyOtter,1,15,14,1,13,3,1,1,16,16
yakkity0,1,15,11,4,7,9,1,1,16,16
Buzza24,1,15,13,2,11,5,0,1,16,16
gkirch,1,15,12,3,9,7,0,1,16,16
hc36,1,15,11,4,7,9,0,1,16,16
keriv100,1,15,14,1,13,3,0,1,16,16
fesener,1,15,15,0,15,0,1,1,15,16
klassik891,1,15,13,2,11,4,1,1,15,16
schist4granite,1,15,15,0,15,0,1,1,15,16
amishstripclub,1,15,12,3,9,5,1,1,14,16
Derock945,1,16,15,1,14,0,1,0,14,16
Linnylou,1,15,13,2,11,3,1,1,14,16
BMajorist,1,15,14,1,13,0,1,1,13,16
braintrade,1,16,13,3,10,3,1,0,13,16
Byron_bay,1,15,12,3,9,4,1,1,13,16
captrainpremise,1,15,14,1,13,0,1,1,13,16
carpadium,1,15,13,2,11,2,1,1,13,16
chemispe,1,15,14,1,13,0,1,1,13,16
chemistreddit,1,15,13,2,11,2,1,1,13,16
dabadaba7,1,15,14,1,13,0,1,1,13,16
dnlsdvs,1,15,14,1,13,0,1,1,13,16
johnny4eyes,1,15,12,3,9,4,1,1,13,16
lastmanonreddit,1,15,6,9,-3,16,1,1,13,16
lightningjester,1,15,14,1,13,0,1,1,13,16
mikeblack265,1,15,14,1,13,0,1,1,13,16
parufka,1,15,12,3,9,4,1,1,13,16
Phorshori,1,15,13,2,11,2,1,1,13,16
pilsner407,1,15,14,1,13,0,1,1,13,16
shoobie,1,15,13,2,11,2,1,1,13,16
somephotographer,1,15,11,4,7,6,1,1,13,16
Tricky-Beats,1,15,13,2,11,2,1,1,13,16
unknownsoldier9,1,15,14,1,13,0,1,1,13,16
Xyranthis,1,15,14,1,13,0,1,1,13,16
adidas1882,1,15,14,1,13,0,0,1,13,16
ahairycat-astrophe,1,15,10,5,5,8,0,1,13,16
Kbacon126,1,15,14,1,13,0,0,1,13,16
quickgroth,1,15,14,1,13,0,0,1,13,16
scadoosher,2,15,14,1,13,0,0,1,13,16
Shuttlzworth,1,15,6,9,-3,16,0,1,13,16
Abbnostic,1,16,13,3,10,2,1,0,12,16
DeezWalnuts,1,15,12,3,9,3,1,1,12,16
EshinX,1,16,10,6,4,8,1,0,12,16
foehammer111,2,16,10,6,4,8,1,0,12,16
Guboj,1,15,10,5,5,7,1,1,12,16
Haigolo,1,16,13,3,10,2,1,0,12,16
iAmAballs,1,15,12,3,9,3,1,1,12,16
iamfromk,2,14,13,1,12,0,1,2,12,16
meursalt95,1,15,12,3,9,3,1,1,12,16
onebat4u,1,15,12,3,9,3,1,1,12,16
PaoloJMalmsteen,1,15,12,3,9,3,1,1,12,16
phazey,1,15,9,6,3,9,1,1,12,16
punktual,1,16,14,2,12,0,1,0,12,16
rightbeforedawn,1,15,12,3,9,3,1,1,12,16
Underw00d,1,15,12,3,9,3,1,1,12,16
USFBUlls13,1,15,11,4,7,5,1,1,12,16
YourPostIsStupid,1,15,12,3,9,3,1,1,12,16
ski7955,1,15,9,6,3,9,0,1,12,16
acid_doors,1,15,12,3,9,2,1,1,11,16
Acolyteuk,1,15,13,2,11,0,1,1,11,16
Airem23,1,15,10,5,5,6,1,1,11,16
anusclot,1,15,13,2,11,0,1,1,11,16
B_A_M,1,15,13,2,11,0,1,1,11,16
b0ynamedcr0,1,15,13,2,11,0,1,1,11,16
DeviouslyIdling,1,15,13,2,11,0,1,1,11,16
i_like_cake897,1,15,13,2,11,0,1,1,11,16
ismakkabich,1,15,12,3,9,2,1,1,11,16
jared666,1,15,13,2,11,0,1,1,11,16
lardman1,1,15,13,2,11,0,1,1,11,16
lukestars,1,15,13,2,11,0,1,1,11,16
LyleLanley99,1,15,12,3,9,2,1,1,11,16
Megapickle,1,15,13,2,11,0,1,1,11,16
shadowclaw67,1,15,13,2,11,0,1,1,11,16
Tailas,1,15,9,6,3,8,1,1,11,16
tenaka5795,1,15,13,2,11,0,1,1,11,16
TennisWarrior,1,15,13,2,11,0,1,1,11,16
The_fruit_ninja,1,15,13,2,11,0,1,1,11,16
TheNamelessOne,1,15,13,2,11,0,1,1,11,16
wallander,1,15,13,2,11,0,1,1,11,16
BitBass,1,15,13,2,11,0,0,1,11,16
bugghi,1,15,8,7,1,10,0,1,11,16
cavesavior,1,15,12,3,9,2,0,1,11,16
darkwater11,1,15,13,2,11,0,0,1,11,16
Devildove,1,15,13,2,11,0,0,1,11,16
Here_HaveThis,1,15,13,2,11,0,0,1,11,16
iluvecats,1,15,13,2,11,0,0,1,11,16
iZyphur,1,15,11,4,7,4,0,1,11,16
JustSomeD00d,1,15,12,3,9,2,0,1,11,16
Katieodo328,1,15,13,2,11,0,0,1,11,16
notaclevernam3,1,15,13,2,11,0,0,1,11,16
omnomdumplings,1,15,13,2,11,0,0,1,11,16
sandyclaw5,1,15,13,2,11,0,0,1,11,16
SparrOwSC2,1,15,10,5,5,6,0,1,11,16
thedude2888,1,15,13,2,11,0,0,1,11,16
twilkezz,1,15,9,6,3,8,0,1,11,16
2Sherbert,1,16,13,3,10,0,1,0,10,16
bastocrat,1,15,11,4,7,3,1,1,10,16
Beznia,1,15,9,6,3,7,1,1,10,16
BrownCow_20,1,16,13,3,10,0,1,0,10,16
faviang,1,15,11,4,7,3,1,1,10,16
from_the_past,1,15,11,4,7,3,1,1,10,16
FWMBunicorn,1,16,13,3,10,0,1,0,10,16
illdrawyourface,2,14,12,2,10,0,1,2,10,16
IntergalacticTire,1,16,12,4,8,2,1,0,10,16
JaxSingleton,2,16,13,3,10,0,1,0,10,16
mansuvious,1,15,11,4,7,3,1,1,10,16
Mesozoic,1,15,11,4,7,3,1,1,10,16
NeuVoice,1,15,9,6,3,7,1,1,10,16
WTFUCKY,1,15,11,4,7,3,1,1,10,16
evadmyers,1,16,13,3,10,0,0,0,10,16
AKILLYEZ,1,15,12,3,9,0,1,1,9,16
AlliterativeAlpaca,1,15,11,4,7,2,1,1,9,16
aScarletLifetime,1,15,12,3,9,0,1,1,9,16
BennyGrass,1,15,12,3,9,0,1,1,9,16
bigrigburt,1,15,12,3,9,0,1,1,9,16
bluesushi456,1,15,11,4,7,2,1,1,9,16
Bubs28,1,15,12,3,9,0,1,1,9,16
Caged_Insanity,1,15,12,3,9,0,1,1,9,16
dillonvillian,1,15,12,3,9,0,1,1,9,16
Enonymau5,1,15,11,4,7,2,1,1,9,16
F0resight,1,15,10,5,5,4,1,1,9,16
firsttimesarefun,1,15,12,3,9,0,1,1,9,16
forgetful_storytellr,1,15,12,3,9,0,1,1,9,16
fortheloveofflowers,1,15,12,3,9,0,1,1,9,16
Fresh_air,1,15,9,6,3,6,1,1,9,16
gobigob,1,15,10,5,5,4,1,1,9,16
hartattack,1,15,12,3,9,0,1,1,9,16
HgUuGiGtIaEr,1,15,12,3,9,0,1,1,9,16
IamAnEngineer,1,15,12,3,9,0,1,1,9,16
ismynametoolon,1,15,12,3,9,0,1,1,9,16
Itstheway1,1,15,10,5,5,4,1,1,9,16
JennifayMeow,1,15,11,4,7,2,1,1,9,16
jereman75,1,15,11,4,7,2,1,1,9,16
juxtaposed_potato,1,15,12,3,9,0,1,1,9,16
leaveasitis,1,15,12,3,9,0,1,1,9,16
LiteShadows,1,15,11,4,7,2,1,1,9,16
Malthusia,1,15,10,5,5,4,1,1,9,16
Maskedsatyr,1,15,12,3,9,0,1,1,9,16
mclongboard,1,15,12,3,9,0,1,1,9,16
MistaMunchie,1,15,12,3,9,0,1,1,9,16
monk_A8,1,15,12,3,9,0,1,1,9,16
MrBilboBaggins,1,15,12,3,9,0,1,1,9,16
mychelle5546,1,15,12,3,9,0,1,1,9,16
oberkapo,1,15,10,5,5,4,1,1,9,16
owwo,1,15,10,5,5,4,1,1,9,16
pukerainbows,1,15,10,5,5,4,1,1,9,16
rude_not_ginger,1,15,12,3,9,0,1,1,9,16
seraphrunner,1,15,11,4,7,2,1,1,9,16
shindig963,1,15,10,5,5,4,1,1,9,16
stoned_saint,1,15,11,4,7,2,1,1,9,16
stuie1986,1,15,12,3,9,0,1,1,9,16
wikilowe,1,15,12,3,9,0,1,1,9,16
Zaboom,1,15,12,3,9,0,1,1,9,16
Zuperhans,1,15,12,3,9,0,1,1,9,16
BigSmellyHippy,1,15,12,3,9,0,0,1,9,16
bitecat,1,15,10,5,5,4,0,1,9,16
chaosonthebrain,1,15,12,3,9,0,0,1,9,16
chasefooo,1,15,12,3,9,0,0,1,9,16
elpapaaaa,1,15,12,3,9,0,0,1,9,16
faith_melon,1,15,12,3,9,0,0,1,9,16
Fereta,1,15,10,5,5,4,0,1,9,16
iamdeastro,1,15,12,3,9,0,0,1,9,16
iRedditn,1,15,12,3,9,0,0,1,9,16
jamalbarthel,1,15,11,4,7,2,0,1,9,16
JonnyBrah,1,15,11,4,7,2,0,1,9,16
KaylaC19,1,15,10,5,5,4,0,1,9,16
Phrozenfire01,1,15,11,4,7,2,0,1,9,16
robbie_rob27,1,15,10,5,5,4,0,1,9,16
saraceno104,1,15,12,3,9,0,0,1,9,16
Scumbag_User,1,15,12,3,9,0,0,1,9,16
ShiftyJ,1,15,12,3,9,0,0,1,9,16
snowmew,1,15,11,4,7,2,0,1,9,16
st0oB,1,15,12,3,9,0,0,1,9,16
taiyar12,1,15,11,4,7,2,0,1,9,16
usrnayme,1,15,12,3,9,0,0,1,9,16
Xennao,1,15,12,3,9,0,0,1,9,16
Anonslolz,1,16,9,7,2,6,1,0,8,16
Dreddge,1,15,10,5,5,3,1,1,8,16
felipemaster69,1,15,10,5,5,3,1,1,8,16
luisads,1,15,10,5,5,3,1,1,8,16
MitenMan123,1,15,10,5,5,3,1,1,8,16
people_becrazy,1,15,10,5,5,3,1,1,8,16
PoopFart-69,1,16,12,4,8,0,1,0,8,16
raphtze,1,15,9,6,3,5,1,1,8,16
TheDevastatingWaffle,1,15,10,5,5,3,1,1,8,16
timmah7286,1,15,10,5,5,3,1,1,8,16
titansfc,1,15,10,5,5,3,1,1,8,16
trabzonspor61,1,15,9,6,3,5,1,1,8,16
UnamedGuardian,1,15,9,6,3,5,1,1,8,16
AcutelyObtuse,1,15,10,5,5,3,0,1,8,16
fauvenoire,1,15,10,5,5,3,0,1,8,16
macaroni_veteran,1,15,8,7,1,7,0,1,8,16
12chingChongPotato,1,15,11,4,7,0,1,1,7,16
25_M_CA,1,15,9,6,3,4,1,1,7,16
Antanifotsy,1,15,10,5,5,2,1,1,7,16
AUTISTIC_HITLER,1,15,11,4,7,0,1,1,7,16
BadNoodles69,1,15,11,4,7,0,1,1,7,16
Bigmaca,1,15,10,5,5,2,1,1,7,16
BrendanH117,1,15,11,4,7,0,1,1,7,16
Crazy83519,1,15,11,4,7,0,1,1,7,16
daveX_10,1,15,11,4,7,0,1,1,7,16
DragonNinjaRobot,1,15,11,4,7,0,1,1,7,16
dsmaxwell,1,15,11,4,7,0,1,1,7,16
enkidu1016,1,15,11,4,7,0,1,1,7,16
football2106,1,15,10,5,5,2,1,1,7,16
GodlessCracker,1,15,11,4,7,0,1,1,7,16
heightness,1,15,9,6,3,4,1,1,7,16
hondaefhatch,1,15,10,5,5,2,1,1,7,16
hughiesghost,1,15,11,4,7,0,1,1,7,16
IAMA_moron,1,15,11,4,7,0,1,1,7,16
ireliajb,1,15,11,4,7,0,1,1,7,16
jessejamess,1,15,11,4,7,0,1,1,7,16
JoeTrollinskyTroller,1,15,9,6,3,4,1,1,7,16
Joler1302,1,15,11,4,7,0,1,1,7,16
kuttanpilla,1,15,11,4,7,0,1,1,7,16
kweag,1,15,11,4,7,0,1,1,7,16
mattsilv,1,15,11,4,7,0,1,1,7,16
Melownz,1,15,11,4,7,0,1,1,7,16
minnesota_kid,1,15,8,7,1,6,1,1,7,16
Monkington,1,15,11,4,7,0,1,1,7,16
Noke100,1,15,8,7,1,6,1,1,7,16
northwriter,1,15,11,4,7,0,1,1,7,16
otherfaceinthecrowd,1,15,11,4,7,0,1,1,7,16
Pashx,1,15,8,7,1,6,1,1,7,16
pepsi_logic,1,15,9,6,3,4,1,1,7,16
rth182,1,15,11,4,7,0,1,1,7,16
rudeesallaround,1,16,8,8,0,7,1,0,7,16
ScruffyFalcon,1,15,11,4,7,0,1,1,7,16
sighborg21,1,15,11,4,7,0,1,1,7,16
slmoore48,1,15,11,4,7,0,1,1,7,16
slucado,1,15,9,6,3,4,1,1,7,16
Spydss5,1,15,10,5,5,2,1,1,7,16
TehSkrunch,1,15,5,10,-5,12,1,1,7,16
thebiggestbaddy,1,15,10,5,5,2,1,1,7,16
TheBoiledHam,1,15,10,5,5,2,1,1,7,16
TheDoctor108,1,15,11,4,7,0,1,1,7,16
ts151,1,15,11,4,7,0,1,1,7,16
axberka,1,15,11,4,7,0,0,1,7,16
banytoshbot,1,15,11,4,7,0,0,1,7,16
BillyTheBrave,2,14,9,5,4,3,0,2,7,16
Cheetahclub84,1,15,11,4,7,0,0,1,7,16
JaSkynyrd,1,15,11,4,7,0,0,1,7,16
LambTaco,1,15,11,4,7,0,0,1,7,16
lewicore,1,15,10,5,5,2,0,1,7,16
linkazoid,1,15,8,7,1,6,0,1,7,16
peckx063,1,15,11,4,7,0,0,1,7,16
rdeeds5,1,15,11,4,7,0,0,1,7,16
RoadToSerfdom,1,15,11,4,7,0,0,1,7,16
SpontaneusRhinos,1,15,11,4,7,0,0,1,7,16
uncooked_meat,1,15,11,4,7,0,0,1,7,16
UnlessNothing,1,15,11,4,7,0,0,1,7,16
warrenkid,1,15,11,4,7,0,0,1,7,16
welcometochuchville,1,15,11,4,7,0,0,1,7,16
Wet_Walrus,1,15,10,5,5,2,0,1,7,16
Belexar,2,14,10,4,6,0,2,2,6,16
johnbiryon1,2,14,10,4,6,0,2,2,6,16
9planets,1,16,10,6,4,2,1,0,6,16
aggies56,1,16,10,6,4,2,1,0,6,16
amperages,1,15,9,6,3,3,1,1,6,16
Darsich,1,15,8,7,1,5,1,1,6,16
dorvaan,1,15,9,6,3,3,1,1,6,16
JacobJuhl,2,14,10,4,6,0,1,2,6,16
kbones40,2,14,9,5,4,2,1,2,6,16
Kellfk,1,15,9,6,3,3,1,1,6,16
Minky_Dave_the_Giant,1,15,8,7,1,5,1,1,6,16
nyanandy,1,16,11,5,6,0,1,0,6,16
rageofthematrix,2,14,10,4,6,0,1,2,6,16
Stebbib,1,16,11,5,6,0,1,0,6,16
njrhall,1,15,9,6,3,3,0,1,6,16
sumdog,1,15,9,6,3,3,0,1,6,16
nomnomnomohai,2,15,10,5,5,0,2,1,5,16
adamantprotagonist,1,15,10,5,5,0,1,1,5,16
Akillees89,1,15,10,5,5,0,1,1,5,16
Alfreonia,1,15,8,7,1,4,1,1,5,16
AnotherCrazyChick,1,15,6,9,-3,8,1,1,5,16
avajanewolf,1,15,10,5,5,0,1,1,5,16
BaldEagle88,1,15,10,5,5,0,1,1,5,16
BlueCereal,1,15,10,5,5,0,1,1,5,16
Bourne_Seduced,1,15,9,6,3,2,1,1,5,16
charlesdelta,1,15,10,5,5,0,1,1,5,16
coolguyontheinternet,1,15,10,5,5,0,1,1,5,16
crysis_guy,1,15,7,8,-1,6,1,1,5,16
DaftDude,1,15,9,6,3,2,1,1,5,16
dami1,1,15,10,5,5,0,1,1,5,16
DoctorSingh,1,15,10,5,5,0,1,1,5,16
dramaticlass,1,15,10,5,5,0,1,1,5,16
Dylsta23,1,15,10,5,5,0,1,1,5,16
elixir22,1,15,10,5,5,0,1,1,5,16
eplur,1,15,10,5,5,0,1,1,5,16
flaiks,1,15,10,5,5,0,1,1,5,16
frstv,1,15,10,5,5,0,1,1,5,16
gutter54,1,15,9,6,3,2,1,1,5,16
i_internets_good,1,15,10,5,5,0,1,1,5,16
IsambardKB,1,15,10,5,5,0,1,1,5,16
jacobconnor2727,1,15,10,5,5,0,1,1,5,16
jahhniro,1,15,10,5,5,0,1,1,5,16
jmfs13,1,15,10,5,5,0,1,1,5,16
Kenziegirl89,1,15,9,6,3,2,1,1,5,16
lemurofdoom,1,15,10,5,5,0,1,1,5,16
liampz,1,15,10,5,5,0,1,1,5,16
miguelpls,1,15,6,9,-3,8,1,1,5,16
ndgeek,1,15,10,5,5,0,1,1,5,16
norman32,1,15,10,5,5,0,1,1,5,16
ParaParaParadox,1,15,10,5,5,0,1,1,5,16
PlaceForMyPonies,1,15,9,6,3,2,1,1,5,16
podman04,2,15,10,5,5,0,1,1,5,16
Putinator,1,15,10,5,5,0,1,1,5,16
Ralain,1,15,9,6,3,2,1,1,5,16
redatwork360,1,15,8,7,1,4,1,1,5,16
RIDE_THE_LIGHTNING32,1,15,8,7,1,4,1,1,5,16
RX159,1,16,9,7,2,3,1,0,5,16
saadlodhi,1,15,9,6,3,2,1,1,5,16
scott7089,1,15,9,6,3,2,1,1,5,16
Talarik,1,15,10,5,5,0,1,1,5,16
tartanarmi04,1,15,10,5,5,0,1,1,5,16
TedricTheDork,1,15,10,5,5,0,1,1,5,16
TehArgus,1,15,10,5,5,0,1,1,5,16
thanksd,1,15,10,5,5,0,1,1,5,16
the_slaughter,1,15,9,6,3,2,1,1,5,16
thecakepie,1,15,10,5,5,0,1,1,5,16
thegreatestjose,1,15,10,5,5,0,1,1,5,16
throwayoway,1,15,10,5,5,0,1,1,5,16
vedfolnir,1,15,10,5,5,0,1,1,5,16
whatevrmn,1,15,10,5,5,0,1,1,5,16
woodensnail0502,1,15,10,5,5,0,1,1,5,16
zomgwtf6,1,15,10,5,5,0,1,1,5,16
argonauts,1,15,10,5,5,0,0,1,5,16
BakedFood,1,15,10,5,5,0,0,1,5,16
ClearlyDoesntGetIt,1,15,10,5,5,0,0,1,5,16
DJAP,1,15,10,5,5,0,0,1,5,16
dmt7679,1,15,7,8,-1,6,0,1,5,16
Fett2oo5,1,15,10,5,5,0,0,1,5,16
fivetreoh,1,15,6,9,-3,8,0,1,5,16
FrothySeepageCurdles,1,15,7,8,-1,6,0,1,5,16
FunDIE_Fungi,1,15,10,5,5,0,0,1,5,16
jmsplat,1,15,9,6,3,2,0,1,5,16
Juvv,1,15,10,5,5,0,0,1,5,16
loulevin19,1,15,10,5,5,0,0,1,5,16
mathewhorn,1,15,9,6,3,2,0,1,5,16
mhous1990,1,15,9,6,3,2,0,1,5,16
micromath,1,15,10,5,5,0,0,1,5,16
Mohaver11,1,15,9,6,3,2,0,1,5,16
TheToastMistress,1,15,10,5,5,0,0,1,5,16
tomremixed,1,15,10,5,5,0,0,1,5,16
Upvoting_Fairies,1,15,10,5,5,0,0,1,5,16
WIlhelmgrimm,1,15,9,6,3,2,0,1,5,16
boxofrain,1,16,10,6,4,0,1,0,4,16
DonniesSeeeeed,1,15,8,7,1,3,1,1,4,16
ElDiablo909,1,15,8,7,1,3,1,1,4,16
HawkeyedOne,1,15,7,8,-1,5,1,1,4,16
HurricaneFan13,1,15,8,7,1,3,1,1,4,16
Jimraynor10,1,15,5,10,-5,9,1,1,4,16
Kuhleeb,1,16,10,6,4,0,1,0,4,16
Level1RoshgankGG,1,16,9,7,2,2,1,0,4,16
matlockga,1,16,9,7,2,2,1,0,4,16
mranthony101,2,14,9,5,4,0,1,2,4,16
mrpunchy,1,15,8,7,1,3,1,1,4,16
rxshea,1,15,8,7,1,3,1,1,4,16
Shannon2375,1,15,7,8,-1,5,1,1,4,16
the_scriptic,1,15,5,10,-5,9,1,1,4,16
XxMuf1nzxX,1,15,8,7,1,3,1,1,4,16
Desolator001,1,15,7,8,-1,5,0,1,4,16
Lugal,1,15,8,7,1,3,0,1,4,16
MarineBiologist27,1,15,8,7,1,3,0,1,4,16
megacool45,1,15,8,7,1,3,0,1,4,16
PaoPaoChan,1,15,8,7,1,3,0,1,4,16
pchriste24,1,15,8,7,1,3,0,1,4,16
adamccc,2,15,8,7,1,2,2,1,3,16
Abitbol,1,15,9,6,3,0,1,1,3,16
AlkarinValkari,1,15,9,6,3,0,1,1,3,16
angbad,1,15,9,6,3,0,1,1,3,16
AphidEater_5,1,15,9,6,3,0,1,1,3,16
ataranlen,1,15,9,6,3,0,1,1,3,16
AWWWxxxxxx,1,15,9,6,3,0,1,1,3,16
BaconZombie,1,16,8,8,0,3,1,0,3,16
Bobsmyhero,1,15,9,6,3,0,1,1,3,16
Bodidzly,1,15,9,6,3,0,1,1,3,16
breake,1,15,9,6,3,0,1,1,3,16
brian1321,1,15,9,6,3,0,1,1,3,16
BrotherChris23,1,15,9,6,3,0,1,1,3,16
Buttmolested,1,15,8,7,1,2,1,1,3,16
BxZd,1,15,9,6,3,0,1,1,3,16
CANDIED_CATFISH,1,15,8,7,1,2,1,1,3,16
CapnZebra,1,15,8,7,1,2,1,1,3,16
capsandskins,1,15,9,6,3,0,1,1,3,16
CaughtInABadBromance,1,15,9,6,3,0,1,1,3,16
Cheesy_Phalis,1,15,9,6,3,0,1,1,3,16
ChoiMoYee,1,15,9,6,3,0,1,1,3,16
cpp_is_king,1,15,9,6,3,0,1,1,3,16
DarkwingDuckAvenger,1,15,9,6,3,0,1,1,3,16
Dnutzfour20,1,15,9,6,3,0,1,1,3,16
doubletakeonce,1,15,9,6,3,0,1,1,3,16
ElChinko,1,15,9,6,3,0,1,1,3,16
eric273,1,15,9,6,3,0,1,1,3,16
E-Unit,1,15,9,6,3,0,1,1,3,16
Feanux,1,15,9,6,3,0,1,1,3,16
FFWD-RWD,1,15,9,6,3,0,1,1,3,16
flibbityzoobitybop,1,15,9,6,3,0,1,1,3,16
flouri,1,15,8,7,1,2,1,1,3,16
fraiya,1,15,8,7,1,2,1,1,3,16
Gabenisafatasshole,1,15,9,6,3,0,1,1,3,16
gamer4500,1,15,9,6,3,0,1,1,3,16
Gorxx,1,15,8,7,1,2,1,1,3,16
hat678,1,15,7,8,-1,4,1,1,3,16
HillTopTerrace,1,15,5,10,-5,8,1,1,3,16
HomeAloneStudios,1,15,7,8,-1,4,1,1,3,16
ionlyusepyro,1,15,8,7,1,2,1,1,3,16
jomomasdady,1,15,9,6,3,0,1,1,3,16
letsgofi5hing,1,15,9,6,3,0,1,1,3,16
lizzardturk,1,15,8,7,1,2,1,1,3,16
LkCa15,1,15,9,6,3,0,1,1,3,16
Loose_Lipped_Control,1,15,9,6,3,0,1,1,3,16
LozzaWozza410,1,15,9,6,3,0,1,1,3,16
Mack95,1,15,8,7,1,2,1,1,3,16
MonsterIt,1,15,8,7,1,2,1,1,3,16
MrPopo1993,1,15,7,8,-1,4,1,1,3,16
mrpotatoes,1,15,9,6,3,0,1,1,3,16
Myitchycunt,1,15,9,6,3,0,1,1,3,16
nothinginacan,1,15,9,6,3,0,1,1,3,16
Pyyrokinesis,1,15,9,6,3,0,1,1,3,16
rage1627,1,15,9,6,3,0,1,1,3,16
reelkrebs,1,15,8,7,1,2,1,1,3,16
rstepic,1,15,8,7,1,2,1,1,3,16
rymate1234,1,15,8,7,1,2,1,1,3,16
Suitable_Penguin,1,16,8,8,0,3,1,0,3,16
sweetdreamers,1,15,9,6,3,0,1,1,3,16
Texasforever1005,1,15,9,6,3,0,1,1,3,16
Thats_my_beer,1,15,7,8,-1,4,1,1,3,16
ToiletTennis,2,15,9,6,3,0,1,1,3,16
UndeadBeest,1,15,9,6,3,0,1,1,3,16
UnderD4Donut,1,15,9,6,3,0,1,1,3,16
unhandme78,1,15,9,6,3,0,1,1,3,16
vertazontal,2,15,9,6,3,0,1,1,3,16
voxmatt,2,15,9,6,3,0,1,1,3,16
waterwater85,1,15,9,6,3,0,1,1,3,16
wdufour2,1,15,9,6,3,0,1,1,3,16
XChrisWazHereX,1,15,9,6,3,0,1,1,3,16
Zimlingking,1,15,8,7,1,2,1,1,3,16
Zoidinho,1,15,9,6,3,0,1,1,3,16
Zynukthoom,1,15,9,6,3,0,1,1,3,16
_Madk,1,15,9,6,3,0,0,1,3,16
altiif,1,15,9,6,3,0,0,1,3,16
AppleMaps,1,15,9,6,3,0,0,1,3,16
axelhansson,1,15,9,6,3,0,0,1,3,16
BIGTOLLA,1,15,8,7,1,2,0,1,3,16
blink-me,1,15,7,8,-1,4,0,1,3,16
CharonX,1,15,9,6,3,0,0,1,3,16
chrisrumfellow,1,15,9,6,3,0,0,1,3,16
CountGrasshopper,1,15,8,7,1,2,0,1,3,16
DimiGER,1,15,9,6,3,0,0,1,3,16
DrewYeahhh,1,15,9,6,3,0,0,1,3,16
EBRONCO,1,15,9,6,3,0,0,1,3,16
gasholer,1,15,9,6,3,0,0,1,3,16
illiteratenlovinit,1,15,8,7,1,2,0,1,3,16
matti86,1,15,9,6,3,0,0,1,3,16
Misswickedd,1,15,9,6,3,0,0,1,3,16
ndsurfer8908,1,15,9,6,3,0,0,1,3,16
NorthwestWinds,1,15,9,6,3,0,0,1,3,16
Numba2520,1,15,9,6,3,0,0,1,3,16
Paganona64,1,15,9,6,3,0,0,1,3,16
petenigma,1,15,9,6,3,0,0,1,3,16
retarded_raptor,1,15,8,7,1,2,0,1,3,16
SarahNerd78,1,15,9,6,3,0,0,1,3,16
shama_lama_ding_dong,1,15,8,7,1,2,0,1,3,16
shard013,1,15,9,6,3,0,0,1,3,16
sheybutters,1,15,8,7,1,2,0,1,3,16
Smidgeface,1,15,6,9,-3,6,0,1,3,16
ThatkidfromVenez,1,15,9,6,3,0,0,1,3,16
xLite414,1,15,9,6,3,0,0,1,3,16
zachschneider,1,15,9,6,3,0,0,1,3,16
Zxorac,1,15,9,6,3,0,0,1,3,16
cabianfaraveo,1,15,7,8,-1,3,1,1,2,16
CylonbabyLiam,1,15,7,8,-1,3,1,1,2,16
DarkoDonnie,1,15,7,8,-1,3,1,1,2,16
NoDoucheCanoeHere,1,15,7,8,-1,3,1,1,2,16
poznasty,1,15,7,8,-1,3,1,1,2,16
shalakerbe,1,15,7,8,-1,3,1,1,2,16
skuce,1,15,7,8,-1,3,1,1,2,16
spencerrules1,1,15,7,8,-1,3,1,1,2,16
TheHormanater,1,15,6,9,-3,5,1,1,2,16
wavingcat1989,1,15,6,9,-3,5,1,1,2,16
ztr91,1,16,9,7,2,0,1,0,2,16
NatTasTroPhe,1,15,6,9,-3,5,0,1,2,16
Speezles,1,15,7,8,-1,3,0,1,2,16
alectheman,2,14,6,8,-2,3,2,2,1,16
akcbama,1,15,8,7,1,0,1,1,1,16
AngryHostage,1,15,8,7,1,0,1,1,1,16
aTrustedTurtle,1,15,5,10,-5,6,1,1,1,16
BraneFreeze,1,15,7,8,-1,2,1,1,1,16
bruce_danus,1,15,8,7,1,0,1,1,1,16
callcybercop,1,15,7,8,-1,2,1,1,1,16
chazv123,1,15,8,7,1,0,1,1,1,16
clintmoney,1,15,7,8,-1,2,1,1,1,16
CommonWaveSounds,1,15,8,7,1,0,1,1,1,16
CUNT_FUCK_RIM_JOB,1,15,8,7,1,0,1,1,1,16
d3vorino,1,15,8,7,1,0,1,1,1,16
daniell61,1,15,6,9,-3,4,1,1,1,16
DickRidingHomoFaggot,1,15,6,9,-3,4,1,1,1,16
disconomis,1,15,8,7,1,0,1,1,1,16
drummerdude10,1,15,8,7,1,0,1,1,1,16
Ellizahh,1,16,5,11,-6,7,1,0,1,16
Eluealien,1,15,8,7,1,0,1,1,1,16
ExplosiveHippo,1,15,8,7,1,0,1,1,1,16
flip849,1,15,8,7,1,0,1,1,1,16
ForestDawg,1,15,8,7,1,0,1,1,1,16
fuckinmiller,1,15,4,11,-7,8,1,1,1,16
gingerkidinabox,1,15,8,7,1,0,1,1,1,16
gottahavemypops,1,15,8,7,1,0,1,1,1,16
heli0sphere,1,15,8,7,1,0,1,1,1,16
Huskar,1,15,8,7,1,0,1,1,1,16
I_Fight_Decepticons,1,15,8,7,1,0,1,1,1,16
jal0001,1,15,8,7,1,0,1,1,1,16
jstyer,1,15,8,7,1,0,1,1,1,16
Kchainani,1,15,7,8,-1,2,1,1,1,16
kh0z,1,15,7,8,-1,2,1,1,1,16
ktreanor,1,15,7,8,-1,2,1,1,1,16
Law_Trafalgar,1,15,8,7,1,0,1,1,1,16
maileykaye,1,15,8,7,1,0,1,1,1,16
mango__reinhardt,1,15,8,7,1,0,1,1,1,16
Moobysfunployee,1,15,8,7,1,0,1,1,1,16
moomoomazoo,1,15,8,7,1,0,1,1,1,16
OriginalJee,1,15,7,8,-1,2,1,1,1,16
pandawooper,1,15,8,7,1,0,1,1,1,16
playsxnxtraffic,1,15,8,7,1,0,1,1,1,16
pshetters,1,15,8,7,1,0,1,1,1,16
Pureaddiction21,1,15,8,7,1,0,1,1,1,16
pvclfe,1,15,8,7,1,0,1,1,1,16
Qbert_Spuckler,1,15,8,7,1,0,1,1,1,16
rawrimabear,1,15,8,7,1,0,1,1,1,16
readytorumbleeee,1,15,8,7,1,0,1,1,1,16
shanners013,1,15,8,7,1,0,1,1,1,16
shinola,1,15,8,7,1,0,1,1,1,16
silentpenguins,1,15,7,8,-1,2,1,1,1,16
Sivart99,1,15,8,7,1,0,1,1,1,16
sk33t,1,15,8,7,1,0,1,1,1,16
SoldMySoulToReddit,1,15,8,7,1,0,1,1,1,16
Something_cheesy,1,15,8,7,1,0,1,1,1,16
straightfaced,1,15,8,7,1,0,1,1,1,16
Swooshing,1,15,8,7,1,0,1,1,1,16
TheOneAboveAll,1,15,7,8,-1,2,1,1,1,16
ThisIsMyEG0,1,15,8,7,1,0,1,1,1,16
tsterbz,1,15,8,7,1,0,1,1,1,16
Used_to_be_fat,1,15,8,7,1,0,1,1,1,16
Warhawk_1,1,15,8,7,1,0,1,1,1,16
yeeeesss,1,15,7,8,-1,2,1,1,1,16
YoBitchesBeTrippin,1,15,8,7,1,0,1,1,1,16
yourmomisawhorehole,1,15,8,7,1,0,1,1,1,16
allonsybombshellmo,1,15,8,7,1,0,0,1,1,16
AsianBones,1,15,8,7,1,0,0,1,1,16
azncuteo,1,15,8,7,1,0,0,1,1,16
bigslabofmeat,1,15,6,9,-3,4,0,1,1,16
BrisketTooth,1,15,7,8,-1,2,0,1,1,16
charliethemexican,1,15,8,7,1,0,0,1,1,16
dave4290,1,15,8,7,1,0,0,1,1,16
Der_Bosewicht,2,15,8,7,1,0,0,1,1,16
Grimm74,1,15,8,7,1,0,0,1,1,16
HedonistFritz,1,15,8,7,1,0,0,1,1,16
Jagerlowe,1,15,8,7,1,0,0,1,1,16
kevinspina,1,15,7,8,-1,2,0,1,1,16
Keybladed,1,15,8,7,1,0,0,1,1,16
KingKent,1,15,7,8,-1,2,0,1,1,16
kiteretsu98,1,15,7,8,-1,2,0,1,1,16
Mccullough7878,1,15,7,8,-1,2,0,1,1,16
menapan13,1,15,7,8,-1,2,0,1,1,16
MRRobEP,1,15,8,7,1,0,0,1,1,16
oops_fingered_mycat,1,15,8,7,1,0,0,1,1,16
Panubis,1,15,8,7,1,0,0,1,1,16
pelexa,1,15,8,7,1,0,0,1,1,16
ReverendShot777,1,15,8,7,1,0,0,1,1,16
simpleexplanationguy,1,15,8,7,1,0,0,1,1,16
tessamonster,1,15,8,7,1,0,0,1,1,16
thegunsofbrixton138,1,15,7,8,-1,2,0,1,1,16
vchalk,1,15,8,7,1,0,0,1,1,16
velocitygirl07,1,15,7,8,-1,2,0,1,1,16
Mad_Mac,2,14,6,8,-2,2,2,2,0,16
swimman1998,2,14,7,7,0,0,2,2,0,16
artemg,2,14,6,8,-2,2,1,2,0,16
Eder0ut,1,15,6,9,-3,3,1,1,0,16
JustRead,1,15,6,9,-3,3,1,1,0,16
Maguilar60,1,16,8,8,0,0,1,0,0,16
neonsnow,1,15,6,9,-3,3,1,1,0,16
PhunnelCake,1,15,6,9,-3,3,1,1,0,16
stevek1063,1,16,7,9,-2,2,1,0,0,16
ThatGuyEveryoneLikes,1,16,8,8,0,0,1,0,0,16
alz1307,1,15,6,9,-3,3,0,1,0,16
BUKAKKOLYPSE,1,15,6,9,-3,3,0,1,0,16
ChemEBrew,1,15,6,9,-3,3,0,1,0,16
Lespaulboy56,1,16,7,9,-2,2,0,0,0,16
mrelohell,1,15,5,10,-5,5,0,1,0,16
Typhoo,1,15,5,10,-5,5,0,1,0,16
__celli,1,15,6,9,-3,2,1,1,-1,16
_TabulaRasa_,1,15,7,8,-1,0,1,1,-1,16
6fast6furious,1,15,7,8,-1,0,1,1,-1,16
armysargent8,1,15,7,8,-1,0,1,1,-1,16
AuPhoenix,1,15,7,8,-1,0,1,1,-1,16
beerbacon,1,15,7,8,-1,0,1,1,-1,16
BenZonaa129,1,16,6,10,-4,3,1,0,-1,16
bewlshitophobe,1,15,5,10,-5,4,1,1,-1,16
bwc_28,1,15,5,10,-5,4,1,1,-1,16
CaptainHatMan,1,15,6,9,-3,2,1,1,-1,16
chockbock,1,15,6,9,-3,2,1,1,-1,16
crofty12,1,15,7,8,-1,0,1,1,-1,16
Dark4218,1,15,7,8,-1,0,1,1,-1,16
deafkid18,1,15,5,10,-5,4,1,1,-1,16
djdabest,1,15,7,8,-1,0,1,1,-1,16
Drmmrboy,1,15,5,10,-5,4,1,1,-1,16
emsetsfire,1,15,7,8,-1,0,1,1,-1,16
FDboredom,1,15,7,8,-1,0,1,1,-1,16
froyo77,1,15,7,8,-1,0,1,1,-1,16
fthedog,1,15,7,8,-1,0,1,1,-1,16
Gacy415,1,15,7,8,-1,0,1,1,-1,16
gardenshoes,1,15,6,9,-3,2,1,1,-1,16
geoper,1,15,6,9,-3,2,1,1,-1,16
ghavo,1,15,7,8,-1,0,1,1,-1,16
GiggiD,1,15,7,8,-1,0,1,1,-1,16
gsabram,1,15,5,10,-5,4,1,1,-1,16
HLM,1,15,5,10,-5,4,1,1,-1,16
hyena419,1,15,7,8,-1,0,1,1,-1,16
igotthepowas,1,15,7,8,-1,0,1,1,-1,16
iKTOasis,1,15,7,8,-1,0,1,1,-1,16
jeffimus_prime,1,15,7,8,-1,0,1,1,-1,16
JordanSegovia,1,15,6,9,-3,2,1,1,-1,16
kabobulate,1,15,7,8,-1,0,1,1,-1,16
KillerCactus,1,15,7,8,-1,0,1,1,-1,16
kutNpaste,1,15,5,10,-5,4,1,1,-1,16
Kyekifino_hipster,1,15,7,8,-1,0,1,1,-1,16
LeGayLeFailure,1,15,7,8,-1,0,1,1,-1,16
lolKaiser,1,15,6,9,-3,2,1,1,-1,16
LoveStrut,1,15,7,8,-1,0,1,1,-1,16
MikelH,1,15,7,8,-1,0,1,1,-1,16
MikeVp,1,15,6,9,-3,2,1,1,-1,16
NeonZebras123,1,15,7,8,-1,0,1,1,-1,16
nippypins,1,15,5,10,-5,4,1,1,-1,16
no-cake,1,15,7,8,-1,0,1,1,-1,16
PeteTNT,1,15,6,9,-3,2,1,1,-1,16
Rdog468,1,15,7,8,-1,0,1,1,-1,16
redditdone85,2,15,7,8,-1,0,1,1,-1,16
rofl627,1,15,7,8,-1,0,1,1,-1,16
Rosshn,1,15,6,9,-3,2,1,1,-1,16
scoongey15,1,15,7,8,-1,0,1,1,-1,16
SimbaKid,1,15,7,8,-1,0,1,1,-1,16
slappycider,1,15,7,8,-1,0,1,1,-1,16
SuckItEasily,1,15,3,12,-9,8,1,1,-1,16
Suzy_Creamcheese,1,15,7,8,-1,0,1,1,-1,16
Tabby888,1,15,7,8,-1,0,1,1,-1,16
themadv,1,15,7,8,-1,0,1,1,-1,16
ThePokemonMan,1,15,5,10,-5,4,1,1,-1,16
toldzburger,1,15,7,8,-1,0,1,1,-1,16
tunton,1,15,5,10,-5,4,1,1,-1,16
Wollfwood,1,15,7,8,-1,0,1,1,-1,16
xapplin,1,15,7,8,-1,0,1,1,-1,16
xMatter,1,15,7,8,-1,0,1,1,-1,16
xSULLY,1,15,7,8,-1,0,1,1,-1,16
zekethethird,1,15,6,9,-3,2,1,1,-1,16
adeafblindman,1,15,5,10,-5,4,0,1,-1,16
BlakeSteel,1,15,6,9,-3,2,0,1,-1,16
boogadaboogada,1,15,7,8,-1,0,0,1,-1,16
bubbaboo0520,1,15,7,8,-1,0,0,1,-1,16
cjrutled,1,15,7,8,-1,0,0,1,-1,16
Emile55,1,15,6,9,-3,2,0,1,-1,16
etm1118,1,15,7,8,-1,0,0,1,-1,16
JAGC29,1,15,7,8,-1,0,0,1,-1,16
JaxonOSU,1,15,7,8,-1,0,0,1,-1,16
Krynallyn,1,15,7,8,-1,0,0,1,-1,16
middlewestern,1,15,6,9,-3,2,0,1,-1,16
Mrfish679,1,15,7,8,-1,0,0,1,-1,16
niggas_sweat_chicken,1,15,7,8,-1,0,0,1,-1,16
rocketpianoman,2,15,7,8,-1,0,0,1,-1,16
rwkefs,1,15,7,8,-1,0,0,1,-1,16
Skippertech,1,15,7,8,-1,0,0,1,-1,16
Tony_11,1,15,7,8,-1,0,0,1,-1,16
trunicated,1,15,6,9,-3,2,0,1,-1,16
XanderMoraine,1,15,7,8,-1,0,0,1,-1,16
ZOMGLAZRZPEWPEW,1,15,7,8,-1,0,0,1,-1,16
zrx_criminal,1,15,6,9,-3,2,0,1,-1,16
bleepbloprobot,1,15,5,10,-5,3,1,1,-2,16
CougEngr,1,15,5,10,-5,3,1,1,-2,16
ikillyouman,1,15,5,10,-5,3,1,1,-2,16
ineedwater,1,15,5,10,-5,3,1,1,-2,16
itstimetomusicanddan,1,15,5,10,-5,3,1,1,-2,16
jest3rz,1,15,4,11,-7,5,1,1,-2,16
johnsom3,1,15,5,10,-5,3,1,1,-2,16
justliketheother,1,16,7,9,-2,0,1,0,-2,16
kungffffuuuuu,1,15,5,10,-5,3,1,1,-2,16
mohammedscek,1,15,5,10,-5,3,1,1,-2,16
neverwithme,1,15,5,10,-5,3,1,1,-2,16
piggyninjas,1,15,5,10,-5,3,1,1,-2,16
pinuten,1,15,4,11,-7,5,1,1,-2,16
Scotty_the_Hamster,1,15,5,10,-5,3,1,1,-2,16
SirDanDanielson,1,15,5,10,-5,3,1,1,-2,16
stephwithstars,1,15,4,11,-7,5,1,1,-2,16
THECapedCaper,1,15,5,10,-5,3,1,1,-2,16
thereadical,1,15,4,11,-7,5,1,1,-2,16
zeyadf,1,15,5,10,-5,3,1,1,-2,16
GeneReynolds,1,15,5,10,-5,3,0,1,-2,16
lvytn,1,15,5,10,-5,3,0,1,-2,16
slicekick,1,15,5,10,-5,3,0,1,-2,16
Afghan_Kegstand,1,15,4,11,-7,4,1,1,-3,16
alexthetiger,1,15,6,9,-3,0,1,1,-3,16
amberrgerr,1,15,6,9,-3,0,1,1,-3,16
Ari327,1,15,6,9,-3,0,1,1,-3,16
ayoolax,1,15,5,10,-5,2,1,1,-3,16
Azulien,1,15,6,9,-3,0,1,1,-3,16
backpackingmatt,1,15,6,9,-3,0,1,1,-3,16
BigTrollin,1,15,6,9,-3,0,1,1,-3,16
BillieCoyote,1,15,6,9,-3,0,1,1,-3,16
BrokenSea,1,15,6,9,-3,0,1,1,-3,16
capusa1220,1,15,6,9,-3,0,1,1,-3,16
christianaxixi,1,15,5,10,-5,2,1,1,-3,16
cvframer,1,15,6,9,-3,0,1,1,-3,16
dhenn,1,15,5,10,-5,2,1,1,-3,16
dieter007,1,15,6,9,-3,0,1,1,-3,16
dqblizzard,1,15,6,9,-3,0,1,1,-3,16
drofdr,1,15,6,9,-3,0,1,1,-3,16
epicminiman,1,15,6,9,-3,0,1,1,-3,16
ethday,1,16,4,12,-8,5,1,0,-3,16
exzeroex,1,15,4,11,-7,4,1,1,-3,16
Fapcats,1,15,6,9,-3,0,1,1,-3,16
firetiger159,1,15,6,9,-3,0,1,1,-3,16
FluxChiller,1,15,6,9,-3,0,1,1,-3,16
fuckingdelightful,1,15,6,9,-3,0,1,1,-3,16
GentlemanPlusScholar,1,15,6,9,-3,0,1,1,-3,16
harryson,1,15,6,9,-3,0,1,1,-3,16
helloherbertwest,1,15,5,10,-5,2,1,1,-3,16
Here_I_Cum,1,15,5,10,-5,2,1,1,-3,16
HereForKarma,1,15,5,10,-5,2,1,1,-3,16
hophead666,1,15,4,11,-7,4,1,1,-3,16
interestinglink,1,15,5,10,-5,2,1,1,-3,16
jacobg500,1,15,6,9,-3,0,1,1,-3,16
James4296,1,15,6,9,-3,0,1,1,-3,16
jaydee595,1,15,6,9,-3,0,1,1,-3,16
jerkstorecalled1984,1,15,6,9,-3,0,1,1,-3,16
jetzz,1,15,6,9,-3,0,1,1,-3,16
J-Evs,1,15,6,9,-3,0,1,1,-3,16
Jslater656,1,15,6,9,-3,0,1,1,-3,16
Justdownvotethis,1,15,6,9,-3,0,1,1,-3,16
kerdon,1,15,6,9,-3,0,1,1,-3,16
krazykitties,1,15,6,9,-3,0,1,1,-3,16
lexbucket,1,15,5,10,-5,2,1,1,-3,16
lingarden,1,15,6,9,-3,0,1,1,-3,16
loganchenke,1,15,6,9,-3,0,1,1,-3,16
Logicaldisconnect,1,15,6,9,-3,0,1,1,-3,16
madbadsad,1,15,5,10,-5,2,1,1,-3,16
MidnightMateor,1,15,6,9,-3,0,1,1,-3,16
pillsmakeitgrow,1,15,6,9,-3,0,1,1,-3,16
Plowbeast,1,15,6,9,-3,0,1,1,-3,16
PsychoT,1,15,6,9,-3,0,1,1,-3,16
purenarcotic,1,15,6,9,-3,0,1,1,-3,16
Rathman44,1,15,6,9,-3,0,1,1,-3,16
reebzor,1,15,6,9,-3,0,1,1,-3,16
Rotflmfaocopter,1,15,6,9,-3,0,1,1,-3,16
ryanskeff,1,15,6,9,-3,0,1,1,-3,16
sectorfour,1,15,6,9,-3,0,1,1,-3,16
sgeb91,1,15,5,10,-5,2,1,1,-3,16
shnieder88,1,15,6,9,-3,0,1,1,-3,16
Slow_cow,1,15,5,10,-5,2,1,1,-3,16
SSAvenger,1,15,6,9,-3,0,1,1,-3,16
The365Master,1,15,5,10,-5,2,1,1,-3,16
TheFRIEDman,1,15,5,10,-5,2,1,1,-3,16
TheTryHard69,1,15,6,9,-3,0,1,1,-3,16
trerboren,1,15,5,10,-5,2,1,1,-3,16
tristanperales,1,15,6,9,-3,0,1,1,-3,16
Twenty8k,1,15,6,9,-3,0,1,1,-3,16
Udub,1,15,6,9,-3,0,1,1,-3,16
VirtuallyUnknown,1,15,6,9,-3,0,1,1,-3,16
ZePurpleGuy,1,15,6,9,-3,0,1,1,-3,16
zerro_4,1,15,6,9,-3,0,1,1,-3,16
ziddy1232,1,15,6,9,-3,0,1,1,-3,16
zraickenator,1,15,4,11,-7,4,1,1,-3,16
aaronschool2,1,15,6,9,-3,0,0,1,-3,16
Aarontrev,1,15,6,9,-3,0,0,1,-3,16
bananaheadedguy,1,15,6,9,-3,0,0,1,-3,16
Claytoncowboy,1,15,6,9,-3,0,0,1,-3,16
Datmisty,1,15,6,9,-3,0,0,1,-3,16
drderekk,1,15,6,9,-3,0,0,1,-3,16
FireFlyz351,1,15,6,9,-3,0,0,1,-3,16
funnyasf,1,15,5,10,-5,2,0,1,-3,16
GStud,1,15,6,9,-3,0,0,1,-3,16
Lanny0,1,15,6,9,-3,0,0,1,-3,16
LarBlanchard,1,15,6,9,-3,0,0,1,-3,16
Peachfuzz207,1,15,6,9,-3,0,0,1,-3,16
Power_Maverick,2,15,6,9,-3,0,0,1,-3,16
Relaxxx,1,15,6,9,-3,0,0,1,-3,16
rolstonrye,1,15,6,9,-3,0,0,1,-3,16
SkepsisGG,1,15,5,10,-5,2,0,1,-3,16
skibblesx,1,15,6,9,-3,0,0,1,-3,16
swarm_of_derivatives,1,15,5,10,-5,2,0,1,-3,16
thenightmuffin,1,15,5,10,-5,2,0,1,-3,16
yunogangnam,1,15,6,9,-3,0,0,1,-3,16
drkthfrrt,2,14,5,9,-4,0,2,2,-4,16
drathernaut,1,15,4,11,-7,3,1,1,-4,16
improv_monkey,1,16,6,10,-4,0,1,0,-4,16
Jacob_bocaJ,1,15,4,11,-7,3,1,1,-4,16
pitek9099,1,16,5,11,-6,2,1,0,-4,16
ThisIsSix,1,16,6,10,-4,0,1,0,-4,16
Alex_Pee_Keaton,1,15,4,11,-7,3,0,1,-4,16
ConkyBubbles1,1,15,4,11,-7,3,0,1,-4,16
crimsonpalidin,1,15,4,11,-7,3,0,1,-4,16
floanase,1,15,4,11,-7,3,0,1,-4,16
IcePhil,1,15,4,11,-7,3,0,1,-4,16
penguin_jones,1,15,4,11,-7,3,0,1,-4,16
redditplox,1,15,4,11,-7,3,0,1,-4,16
adarlingbob,1,15,4,11,-7,2,1,1,-5,16
AdR-ainbow,1,15,5,10,-5,0,1,1,-5,16
al260513,1,15,5,10,-5,0,1,1,-5,16
alexsctr9,1,15,5,10,-5,0,1,1,-5,16
BossHogOG,1,15,5,10,-5,0,1,1,-5,16
bundleogrundle,1,15,5,10,-5,0,1,1,-5,16
carrot_ninja,1,15,5,10,-5,0,1,1,-5,16
comeonbigbrazzers,1,15,4,11,-7,2,1,1,-5,16
crapcore,1,15,5,10,-5,0,1,1,-5,16
dannymacom,1,15,4,11,-7,2,1,1,-5,16
davidelliot,1,15,5,10,-5,0,1,1,-5,16
dcooneyreddit,1,15,5,10,-5,0,1,1,-5,16
eragle,1,15,5,10,-5,0,1,1,-5,16
ermahgerd97,1,15,5,10,-5,0,1,1,-5,16
finsterdexter,1,15,5,10,-5,0,1,1,-5,16
fluffypaws6,1,15,5,10,-5,0,1,1,-5,16
FrogNigga,1,15,4,11,-7,2,1,1,-5,16
funnyme12,1,15,5,10,-5,0,1,1,-5,16
fuzzypyrocat,1,15,5,10,-5,0,1,1,-5,16
hestonkent,1,15,5,10,-5,0,1,1,-5,16
htcassassin,1,15,4,11,-7,2,1,1,-5,16
HungryThought,1,15,5,10,-5,0,1,1,-5,16
iBikealot,1,15,4,11,-7,2,1,1,-5,16
iflychrysalis,1,15,5,10,-5,0,1,1,-5,16
ilgnome,1,15,5,10,-5,0,1,1,-5,16
IM-A-BOY,1,15,5,10,-5,0,1,1,-5,16
IrishBlizzard,1,15,5,10,-5,0,1,1,-5,16
jakxtra,1,15,4,11,-7,2,1,1,-5,16
jang1es,1,15,5,10,-5,0,1,1,-5,16
JingoPP,1,15,5,10,-5,0,1,1,-5,16
JoeLeedale,1,15,5,10,-5,0,1,1,-5,16
Jossiezamora,1,15,5,10,-5,0,1,1,-5,16
jrichy,1,15,5,10,-5,0,1,1,-5,16
KingCtard,1,15,5,10,-5,0,1,1,-5,16
mdevincook,1,15,5,10,-5,0,1,1,-5,16
MeganLesbotron,2,15,4,11,-7,2,1,1,-5,16
methodtwomadness,1,15,5,10,-5,0,1,1,-5,16
missy__,1,15,5,10,-5,0,1,1,-5,16
moosekin,1,15,5,10,-5,0,1,1,-5,16
Moveitdooit,1,15,5,10,-5,0,1,1,-5,16
mr_pleco,1,15,5,10,-5,0,1,1,-5,16
mrxandertje,1,15,5,10,-5,0,1,1,-5,16
Name_Is_Taken_,1,15,5,10,-5,0,1,1,-5,16
NWEmperor,1,15,5,10,-5,0,1,1,-5,16
OrganicMeadow,1,15,5,10,-5,0,1,1,-5,16
PandaCookies,1,15,5,10,-5,0,1,1,-5,16
pkill,1,15,4,11,-7,2,1,1,-5,16
PopeOnMeth,1,15,5,10,-5,0,1,1,-5,16
q1o2,1,15,5,10,-5,0,1,1,-5,16
Randal85,1,15,5,10,-5,0,1,1,-5,16
Rcp_43b,1,15,5,10,-5,0,1,1,-5,16
Rhyzo,1,15,5,10,-5,0,1,1,-5,16
sailing_quallege,1,15,5,10,-5,0,1,1,-5,16
Shellie7,1,15,5,10,-5,0,1,1,-5,16
Snufalufaguts,1,15,5,10,-5,0,1,1,-5,16
stever810,1,15,5,10,-5,0,1,1,-5,16
temakiFTW,1,15,5,10,-5,0,1,1,-5,16
The_Blackest_Man,1,15,5,10,-5,0,1,1,-5,16
TheArgo,1,15,5,10,-5,0,1,1,-5,16
tigresina,1,15,5,10,-5,0,1,1,-5,16
TJLOL,1,15,4,11,-7,2,1,1,-5,16
tnof,1,15,5,10,-5,0,1,1,-5,16
toggo,1,15,5,10,-5,0,1,1,-5,16
troltsky,1,15,5,10,-5,0,1,1,-5,16
Velksy,1,15,5,10,-5,0,1,1,-5,16
ViXP1P3S,1,15,5,10,-5,0,1,1,-5,16
xPwnagezz,1,15,5,10,-5,0,1,1,-5,16
DerekReinbold,1,15,5,10,-5,0,0,1,-5,16
Dresdeno,1,15,5,10,-5,0,0,1,-5,16
Dublin1996,1,15,5,10,-5,0,0,1,-5,16
falax13,1,15,5,10,-5,0,0,1,-5,16
mechabatman,1,15,5,10,-5,0,0,1,-5,16
misterowen,1,15,5,10,-5,0,0,1,-5,16
politeoutrage,1,15,5,10,-5,0,0,1,-5,16
RelaxRelapse405,1,15,5,10,-5,0,0,1,-5,16
the_hedgemon,1,15,5,10,-5,0,0,1,-5,16
TheGreatAntlers,1,15,5,10,-5,0,0,1,-5,16
TheUnfaltering,1,15,5,10,-5,0,0,1,-5,16
walmartpants,1,15,5,10,-5,0,0,1,-5,16
WeeLittleMonster,1,15,5,10,-5,0,0,1,-5,16
ajtothe,1,15,3,12,-9,3,1,1,-6,16
lolkels,1,16,5,11,-6,0,1,0,-6,16
morchella,1,15,2,13,-11,5,1,1,-6,16
rylas,1,15,3,12,-9,3,1,1,-6,16
SgtMartinRiggs,1,16,5,11,-6,0,1,0,-6,16
6ft4Welshman,1,15,4,11,-7,0,1,1,-7,16
AerosolNinja,1,15,4,11,-7,0,1,1,-7,16
alex6296,1,15,4,11,-7,0,1,1,-7,16
Appn1nja,1,15,4,11,-7,0,1,1,-7,16
brando347,1,15,4,11,-7,0,1,1,-7,16
clubbing_vodka,1,15,3,12,-9,2,1,1,-7,16
dalekcaan1,1,15,4,11,-7,0,1,1,-7,16
droo31,1,15,4,11,-7,0,1,1,-7,16
Emix_Black,1,15,4,11,-7,0,1,1,-7,16
Good_Grammer,1,15,4,11,-7,0,1,1,-7,16
greiger,1,15,4,11,-7,0,1,1,-7,16
guttervan,1,15,4,11,-7,0,1,1,-7,16
insomniasystems,1,15,4,11,-7,0,1,1,-7,16
leaning_chicken,1,15,4,11,-7,0,1,1,-7,16
MartialLawBand,1,15,4,11,-7,0,1,1,-7,16
mynameisnotalec,1,15,4,11,-7,0,1,1,-7,16
Nick121087,1,15,4,11,-7,0,1,1,-7,16
peteyvogt,1,15,4,11,-7,0,1,1,-7,16
Rexx1990,1,15,4,11,-7,0,1,1,-7,16
Rhyoung3,1,15,4,11,-7,0,1,1,-7,16
Sevie121,1,15,4,11,-7,0,1,1,-7,16
somethingsomethingfu,1,15,4,11,-7,0,1,1,-7,16
TheWillDunne,1,15,4,11,-7,0,1,1,-7,16
diemer_92,1,15,4,11,-7,0,0,1,-7,16
epsilon_zero33,1,15,4,11,-7,0,0,1,-7,16
Konsack,1,15,4,11,-7,0,0,1,-7,16
mrthegster123,1,15,4,11,-7,0,0,1,-7,16
samtrout,1,15,4,11,-7,0,0,1,-7,16
quirky2themax,1,15,2,13,-11,3,1,1,-8,16
Karma_IsForBuddhists,2,15,3,12,-9,0,2,1,-9,16
cusackd,1,15,3,12,-9,0,1,1,-9,16
davedog34,1,15,3,12,-9,0,1,1,-9,16
Jonny_Osbock,1,15,3,12,-9,0,1,1,-9,16
lawyerchick,1,15,2,13,-11,2,1,1,-9,16
MadicalSays,1,15,3,12,-9,0,1,1,-9,16
QF_KAZI,1,15,3,12,-9,0,1,1,-9,16
Steve31v,1,15,3,12,-9,0,1,1,-9,16
Jacklarnak,1,15,3,12,-9,0,0,1,-9,16
newboyz99,1,15,2,13,-11,2,0,1,-9,16
mcrackin,1,16,3,13,-10,0,1,0,-10,16
geegbot,1,15,2,13,-11,0,1,1,-11,16
GeminiVI,1,14,12,2,10,13,1,1,23,15
wreinder,1,14,12,2,10,9,0,1,19,15
Asian-hispanic-guy,1,14,14,0,14,4,1,1,18,15
Kad66,1,14,12,2,10,8,1,1,18,15
Ted_the_red,1,14,11,3,8,10,1,1,18,15
zeneyatta,1,15,13,2,11,7,1,0,18,15
honeybee620,1,14,10,4,6,11,1,1,17,15
Tacticalknots,1,14,12,2,10,7,1,1,17,15
Dantheunicornman,1,14,13,1,12,4,1,1,16,15
jonseabass,1,14,14,0,14,2,1,1,16,15
monkeyboy7893,1,15,14,1,13,3,1,0,16,15
TookaWalk,1,14,11,3,8,8,0,1,16,15
bootsmegamix,1,14,13,1,12,3,1,1,15,15
Packdaddy,1,14,13,1,12,3,1,1,15,15
rickystyx,1,14,13,1,12,3,1,1,15,15
Cellender,1,14,14,0,14,0,1,1,14,15
Chinlesskid,1,14,14,0,14,0,1,1,14,15
EitanWolf,1,14,14,0,14,0,1,1,14,15
Gabster112198,1,14,14,0,14,0,1,1,14,15
Inyxer,1,14,10,4,6,8,1,1,14,15
JustAnotherSolipsist,1,14,12,2,10,4,1,1,14,15
Madkids23,1,14,14,0,14,0,1,1,14,15
mollierosev,1,14,14,0,14,0,1,1,14,15
powerfuture777,1,15,12,3,9,5,1,0,14,15
RAZA143,1,14,12,2,10,4,1,1,14,15
sitalita,1,14,14,0,14,0,1,1,14,15
Sprig285,1,15,13,2,11,3,1,0,14,15
winkin-blinkin-nod,1,15,13,2,11,3,1,0,14,15
SithLordSummer,1,14,13,1,12,2,0,1,14,15
airhogg,1,14,12,2,10,3,1,1,13,15
anothergeneric,1,14,10,4,6,7,1,1,13,15
edder282,1,15,13,2,11,2,1,0,13,15
feltman,1,14,12,2,10,3,1,1,13,15
iaminlovewithawolf,1,15,13,2,11,2,1,0,13,15
Kommiekoz,1,14,12,2,10,3,1,1,13,15
nicktheh,1,14,9,5,4,9,1,1,13,15
Roflstamp,1,14,12,2,10,3,1,1,13,15
TheEnigmaticBobRoss,1,14,12,2,10,3,1,1,13,15
UncleZed,1,14,12,2,10,3,1,1,13,15
jsalazar3,1,14,12,2,10,3,0,1,13,15
Ceres96,1,14,13,1,12,0,1,1,12,15
colonel_chapstick,1,14,13,1,12,0,1,1,12,15
Derkmolijn,1,14,13,1,12,0,1,1,12,15
Eating_A_Sandwich,1,14,13,1,12,0,1,1,12,15
felixjawesome,1,14,13,1,12,0,1,1,12,15
Fr33zefram3,1,14,13,1,12,0,1,1,12,15
Irkam,1,14,13,1,12,0,1,1,12,15
JThunderwood,1,14,13,1,12,0,1,1,12,15
LessyDoll,1,14,12,2,10,2,1,1,12,15
littleslimdude,1,14,12,2,10,2,1,1,12,15
mpantalones,1,14,13,1,12,0,1,1,12,15
ploopy29,1,14,13,1,12,0,1,1,12,15
sarcastic_jerk,1,14,13,1,12,0,1,1,12,15
schar12,1,14,12,2,10,2,1,1,12,15
SlugJunior,1,14,13,1,12,0,1,1,12,15
syrupigloosandsorry,1,14,11,3,8,4,1,1,12,15
wolfskywalker,1,14,13,1,12,0,1,1,12,15
XxlorddarthonxX,1,14,12,2,10,2,1,1,12,15
yeamonn,2,14,10,4,6,6,1,1,12,15
Gis_A_Maul,1,14,13,1,12,0,0,1,12,15
haugisen,1,14,13,1,12,0,0,1,12,15
kingashelio,1,14,12,2,10,2,0,1,12,15
Melkolmr,1,14,12,2,10,2,0,1,12,15
nousernamesleft2,1,14,13,1,12,0,0,1,12,15
OrangeJuice665,1,14,13,1,12,0,0,1,12,15
Sam_Rosen,1,14,13,1,12,0,0,1,12,15
Slimdevin523,1,14,12,2,10,2,0,1,12,15
HelpMeLoseMyFat,1,14,10,4,6,5,1,1,11,15
iamfluttershy,1,15,13,2,11,0,1,0,11,15
jeemosupremo,1,14,11,3,8,3,1,1,11,15
Melissu,1,14,5,9,-4,15,1,1,11,15
micahman212,1,14,10,4,6,5,1,1,11,15
RabidLibertarian,1,14,8,6,2,9,1,1,11,15
shananagoatz,2,13,12,1,11,0,0,2,11,15
tay95,1,14,11,3,8,3,0,1,11,15
tiefbassSW,1,14,9,5,4,7,0,1,11,15
SinkingIn,2,13,8,5,3,7,2,2,10,15
sweaterobsessed,2,13,8,5,3,7,2,2,10,15
000black,1,14,11,3,8,2,1,1,10,15
808lisa93,1,14,10,4,6,4,1,1,10,15
90child,1,14,12,2,10,0,1,1,10,15
AbnormalCorpse,1,14,11,3,8,2,1,1,10,15
adrienne1128,1,14,12,2,10,0,1,1,10,15
akuzin,1,14,12,2,10,0,1,1,10,15
AnaBackwards,1,14,12,2,10,0,1,1,10,15
atlantaman,1,14,12,2,10,0,1,1,10,15
beatmasterp,1,14,12,2,10,0,1,1,10,15
brachburton,1,14,12,2,10,0,1,1,10,15
Canopus_2,1,14,11,3,8,2,1,1,10,15
Charp11,1,14,12,2,10,0,1,1,10,15
CheckALLtheusernames,1,14,12,2,10,0,1,1,10,15
CitizenJake,1,14,10,4,6,4,1,1,10,15
comerboy,1,14,8,6,2,8,1,1,10,15
coolestguy1234,1,14,12,2,10,0,1,1,10,15
dadoctordonna,1,14,12,2,10,0,1,1,10,15
DadsBeenDrinking,1,15,9,6,3,7,1,0,10,15
Danube321,1,14,12,2,10,0,1,1,10,15
dcomma1,1,14,12,2,10,0,1,1,10,15
EVOlutionX108,1,14,12,2,10,0,1,1,10,15
Guess_Whou,1,14,12,2,10,0,1,1,10,15
Hai_kitteh_mow,1,14,12,2,10,0,1,1,10,15
IdiotHunter,1,14,11,3,8,2,1,1,10,15
inphared,1,14,12,2,10,0,1,1,10,15
jewbag122,1,14,12,2,10,0,1,1,10,15
justanotherfixture,1,14,12,2,10,0,1,1,10,15
MakeItRainPeeps,1,14,10,4,6,4,1,1,10,15
mminor1,1,14,10,4,6,4,1,1,10,15
namer98,1,14,12,2,10,0,1,1,10,15
nyx1234,1,14,12,2,10,0,1,1,10,15
Orozco2012,1,14,10,4,6,4,1,1,10,15
Platistotleo,1,14,12,2,10,0,1,1,10,15
Regimas,1,14,12,2,10,0,1,1,10,15
rincewind4x2,1,14,11,3,8,2,1,1,10,15
rumour58259,1,14,9,5,4,6,1,1,10,15
RyanRaygun,1,14,10,4,6,4,1,1,10,15
samiam009,1,14,12,2,10,0,1,1,10,15
satmary,1,15,11,4,7,3,1,0,10,15
shaozhen,1,14,11,3,8,2,1,1,10,15
taokane,1,14,12,2,10,0,1,1,10,15
T-Royyyyyyyyyy,1,14,9,5,4,6,1,1,10,15
valT3i,1,14,12,2,10,0,1,1,10,15
aem2003,1,14,10,4,6,4,0,1,10,15
AFAP_Rocky,1,14,10,4,6,4,0,1,10,15
bfrost_by,1,14,12,2,10,0,0,1,10,15
Billabob123,1,14,12,2,10,0,0,1,10,15
BornInTheCCCP,1,14,11,3,8,2,0,1,10,15
ComedicHistory,1,14,11,3,8,2,0,1,10,15
DarbiusMaximus,1,14,8,6,2,8,0,1,10,15
DeanDangerous,1,14,10,4,6,4,0,1,10,15
doydoy,1,14,11,3,8,2,0,1,10,15
emperorko,1,14,12,2,10,0,0,1,10,15
IC_What_UDid_There,1,14,12,2,10,0,0,1,10,15
Jondrums69,1,14,10,4,6,4,0,1,10,15
my_internet_points,1,14,9,5,4,6,0,1,10,15
QuasarsRcool,1,14,12,2,10,0,0,1,10,15
Sarke1,1,14,12,2,10,0,0,1,10,15
ScarletAngel,1,14,11,3,8,2,0,1,10,15
Scythi,1,14,11,3,8,2,0,1,10,15
tupacabraisreal,1,14,12,2,10,0,0,1,10,15
xcal911,1,14,11,3,8,2,0,1,10,15
CodyS179,1,15,11,4,7,2,1,0,9,15
Dijas,1,14,9,5,4,5,1,1,9,15
Evan1,1,14,10,4,6,3,1,1,9,15
HornyGorilla,1,15,12,3,9,0,1,0,9,15
infinityeagle,1,14,9,5,4,5,1,1,9,15
itsallaboutthefun,2,13,10,3,7,2,1,2,9,15
kepley,1,15,12,3,9,0,1,0,9,15
l_kappa,1,15,12,3,9,0,1,0,9,15
niqsosiq,1,15,12,3,9,0,1,0,9,15
PhildoShat,1,15,12,3,9,0,1,0,9,15
phineasphreak,1,15,12,3,9,0,1,0,9,15
Pornhub_dev,1,15,12,3,9,0,1,0,9,15
ImnotTHATdrunk,1,14,10,4,6,3,0,1,9,15
maroonawning,1,15,12,3,9,0,0,0,9,15
Retort_Them_Phones,1,14,10,4,6,3,0,1,9,15
4246,1,14,10,4,6,2,1,1,8,15
AmazingCriminal,1,14,11,3,8,0,1,1,8,15
asskikbroadchest,1,14,10,4,6,2,1,1,8,15
atheistjubu,1,14,11,3,8,0,1,1,8,15
Bisco42,1,14,11,3,8,0,1,1,8,15
bnghle234,1,14,11,3,8,0,1,1,8,15
bunka77,1,14,10,4,6,2,1,1,8,15
by_the_nine,1,14,11,3,8,0,1,1,8,15
cdsvoboda,1,14,10,4,6,2,1,1,8,15
donjobs,1,14,10,4,6,2,1,1,8,15
Flodwoman,1,14,8,6,2,6,1,1,8,15
foxyou,1,15,10,5,5,3,1,0,8,15
frandolf,1,14,10,4,6,2,1,1,8,15
haleyarah,1,14,11,3,8,0,1,1,8,15
iamironsheik,1,14,10,4,6,2,1,1,8,15
jacktheork,1,14,10,4,6,2,1,1,8,15
linoleum79,1,14,11,3,8,0,1,1,8,15
LittleMissChristina,1,14,11,3,8,0,1,1,8,15
Lockeness,1,14,11,3,8,0,1,1,8,15
maxjag,1,14,11,3,8,0,1,1,8,15
Maxosaurus,1,14,11,3,8,0,1,1,8,15
meantforamazing,1,14,10,4,6,2,1,1,8,15
midnightlove963,1,14,11,3,8,0,1,1,8,15
Mustangbex,1,14,10,4,6,2,1,1,8,15
nerfezoriuq,1,14,11,3,8,0,1,1,8,15
nextwiggin4,1,14,11,3,8,0,1,1,8,15
nick90,1,14,11,3,8,0,1,1,8,15
ostr1ch,1,14,11,3,8,0,1,1,8,15
peter88823,1,14,11,3,8,0,1,1,8,15
Praful94,1,14,11,3,8,0,1,1,8,15
QuiGonnHank,1,14,11,3,8,0,1,1,8,15
relik1,1,14,10,4,6,2,1,1,8,15
Sarare,1,14,11,3,8,0,1,1,8,15
SharpySharp,1,14,11,3,8,0,1,1,8,15
sheuub,1,14,10,4,6,2,1,1,8,15
Sixil,1,14,9,5,4,4,1,1,8,15
sweetygirlfaj,1,14,11,3,8,0,1,1,8,15
therealmuffinman,1,14,11,3,8,0,1,1,8,15
Thetalkingcupcake,1,14,11,3,8,0,1,1,8,15
TheyreTheirThere,1,14,11,3,8,0,1,1,8,15
ThyFemaleDothDeclare,1,14,9,5,4,4,1,1,8,15
Treeko11,1,14,11,3,8,0,1,1,8,15
walexj,1,15,10,5,5,3,1,0,8,15
wildgoose93,1,14,9,5,4,4,1,1,8,15
Zipper009,1,14,9,5,4,4,1,1,8,15
Cherbado,1,14,11,3,8,0,0,1,8,15
chillboner,1,14,11,3,8,0,0,1,8,15
CmonGuys,1,14,7,7,0,8,0,1,8,15
cornballing,1,14,10,4,6,2,0,1,8,15
crabbypattys,1,14,9,5,4,4,0,1,8,15
darkwing81,1,14,8,6,2,6,0,1,8,15
EdTomBell,1,14,11,3,8,0,0,1,8,15
Elaphi,1,14,11,3,8,0,0,1,8,15
justa_flesh_wound,1,14,11,3,8,0,0,1,8,15
kristinsson,1,14,11,3,8,0,0,1,8,15
Meatspin52,1,14,11,3,8,0,0,1,8,15
pickajuuwww,1,14,8,6,2,6,0,1,8,15
qmriis,1,14,11,3,8,0,0,1,8,15
smibledorf,1,14,11,3,8,0,0,1,8,15
someshunsun,1,14,11,3,8,0,0,1,8,15
wowowowowo,1,14,11,3,8,0,0,1,8,15
hurley21,1,14,8,6,2,5,1,1,7,15
lanzapan,1,14,6,8,-2,9,1,1,7,15
live_mas_drink_dew,1,15,10,5,5,2,1,0,7,15
modestdramamine,1,14,9,5,4,3,1,1,7,15
mynameisparrish,1,14,9,5,4,3,1,1,7,15
rbfjunkie,1,14,9,5,4,3,1,1,7,15
SnoochieBoochies182,1,14,9,5,4,3,1,1,7,15
Techies_OP,1,14,8,6,2,5,1,1,7,15
TheFlyingGooch,1,14,9,5,4,3,1,1,7,15
this-is-madness,1,14,9,5,4,3,1,1,7,15
vestra,1,14,9,5,4,3,1,1,7,15
2scared,1,14,8,6,2,5,0,1,7,15
bacon_flavored_vodka,1,14,8,6,2,5,0,1,7,15
FinalRed,1,14,9,5,4,3,0,1,7,15
rocketk,1,14,8,6,2,5,0,1,7,15
Rouke,1,14,9,5,4,3,0,1,7,15
SFCritic,1,14,9,5,4,3,0,1,7,15
superzepto,1,14,9,5,4,3,0,1,7,15
1witty_teenager,1,14,10,4,6,0,1,1,6,15
5hredder,1,14,10,4,6,0,1,1,6,15
adamkarl12,1,14,10,4,6,0,1,1,6,15
aladin2233,1,14,10,4,6,0,1,1,6,15
ArsenicAcid,1,14,9,5,4,2,1,1,6,15
BaerToasts,1,14,10,4,6,0,1,1,6,15
bcjayhawks,1,14,10,4,6,0,1,1,6,15
BDCanuck,1,14,10,4,6,0,1,1,6,15
BeatChemist,1,14,10,4,6,0,1,1,6,15
Big_Salami_Tommy,1,14,9,5,4,2,1,1,6,15
billygrippo,1,14,10,4,6,0,1,1,6,15
boudreaux234,1,14,10,4,6,0,1,1,6,15
braxman,1,14,10,4,6,0,1,1,6,15
BromesticViolence,1,14,10,4,6,0,1,1,6,15
crazydude99,1,14,10,4,6,0,1,1,6,15
daniearl,1,14,10,4,6,0,1,1,6,15
distrucktocon,1,14,10,4,6,0,1,1,6,15
farshad525hou,1,14,10,4,6,0,1,1,6,15
FearlesslyAwesome,1,14,10,4,6,0,1,1,6,15
funny9uy,1,14,10,4,6,0,1,1,6,15
G0D-0F-CHA0S,1,14,10,4,6,0,1,1,6,15
JacWHB,1,14,10,4,6,0,1,1,6,15
Jankis,1,14,10,4,6,0,1,1,6,15
jas0nb,1,14,10,4,6,0,1,1,6,15
Kinsbane,1,14,10,4,6,0,1,1,6,15
kruton93,1,14,10,4,6,0,1,1,6,15
long_live_mcqueen,1,14,10,4,6,0,1,1,6,15
MegaVoltz,1,14,10,4,6,0,1,1,6,15
MLG_PRO,1,14,10,4,6,0,1,1,6,15
mouthEXPLOS1ON,1,14,10,4,6,0,1,1,6,15
Mypenisblack,1,14,10,4,6,0,1,1,6,15
nabanitaseo,1,14,10,4,6,0,1,1,6,15
natezim,1,14,10,4,6,0,1,1,6,15
niddhogg666,1,14,10,4,6,0,1,1,6,15
pansyass,1,14,10,4,6,0,1,1,6,15
PartialPacifist,1,14,10,4,6,0,1,1,6,15
phixed,1,14,10,4,6,0,1,1,6,15
premiumbeef,1,14,10,4,6,0,1,1,6,15
RINGO254,1,14,8,6,2,4,1,1,6,15
Ruchka135,1,14,9,5,4,2,1,1,6,15
scudd,1,14,10,4,6,0,1,1,6,15
Sekken9,1,14,9,5,4,2,1,1,6,15
Strusseldorf,1,14,10,4,6,0,1,1,6,15
TheWizurd,1,14,10,4,6,0,1,1,6,15
titsuckerr,1,14,10,4,6,0,1,1,6,15
Tubthumping,1,14,8,6,2,4,1,1,6,15
vreicks,1,14,10,4,6,0,1,1,6,15
windinsea,1,14,10,4,6,0,1,1,6,15
Zappadap,1,14,8,6,2,4,1,1,6,15
2gonads,1,14,10,4,6,0,0,1,6,15
Acholight,1,14,9,5,4,2,0,1,6,15
AnalAvengers69,1,14,8,6,2,4,0,1,6,15
astro941,1,14,8,6,2,4,0,1,6,15
Atatatalien,1,14,10,4,6,0,0,1,6,15
Beaverkiller2004,1,14,10,4,6,0,0,1,6,15
bfrye26,1,14,10,4,6,0,0,1,6,15
Blue_Dream_Haze,1,14,9,5,4,2,0,1,6,15
bongowongowongo,1,14,9,5,4,2,0,1,6,15
ColeslawAndWeasel,1,14,10,4,6,0,0,1,6,15
Dahaka11,1,14,8,6,2,4,0,1,6,15
js73905,1,14,10,4,6,0,0,1,6,15
Kantobobi,1,14,10,4,6,0,0,1,6,15
Richalopagos,1,14,10,4,6,0,0,1,6,15
Solomon_Gunn,1,14,10,4,6,0,0,1,6,15
warriork26,1,14,10,4,6,0,0,1,6,15
zeta3232,1,14,10,4,6,0,0,1,6,15
zipthewhip,1,14,8,6,2,4,0,1,6,15
afk_gone_phishing,1,14,7,7,0,5,1,1,5,15
azizinator25,1,15,10,5,5,0,1,0,5,15
bimonscificon,1,15,9,6,3,2,1,0,5,15
Bronsburg,1,14,7,7,0,5,1,1,5,15
corananlime,1,14,8,6,2,3,1,1,5,15
falousco,1,14,8,6,2,3,1,1,5,15
Jinkajury,1,14,7,7,0,5,1,1,5,15
jogz699,1,14,8,6,2,3,1,1,5,15
KlesaMara,1,14,8,6,2,3,1,1,5,15
skiyourassoff,1,14,4,10,-6,11,1,1,5,15
trakor,1,14,5,9,-4,9,1,1,5,15
ziggycatdust,1,14,7,7,0,5,1,1,5,15
boarder9094,1,14,8,6,2,3,0,1,5,15
dcHEAD921,1,14,8,6,2,3,0,1,5,15
drhmd124,1,14,8,6,2,3,0,1,5,15
roadkill68,1,14,8,6,2,3,0,1,5,15
23_47,1,14,9,5,4,0,1,1,4,15
4thepunx13,1,14,9,5,4,0,1,1,4,15
5aml1,1,14,9,5,4,0,1,1,4,15
A_Flying_Toe,1,14,9,5,4,0,1,1,4,15
atabrk,1,14,9,5,4,0,1,1,4,15
BallinYo69,1,14,9,5,4,0,1,1,4,15
Bamont,1,14,9,5,4,0,1,1,4,15
Bazan87,1,14,9,5,4,0,1,1,4,15
BeadsBeesBeads,1,14,9,5,4,0,1,1,4,15
Bgdojo,1,14,9,5,4,0,1,1,4,15
billiarddaddy,1,14,9,5,4,0,1,1,4,15
bizzar18,1,14,9,5,4,0,1,1,4,15
Blackout331,1,14,9,5,4,0,1,1,4,15
CaptainHarkness,1,14,9,5,4,0,1,1,4,15
Chewbacca4president,1,14,9,5,4,0,1,1,4,15
Crazylegs704,1,14,9,5,4,0,1,1,4,15
cripledcyclone,1,14,8,6,2,2,1,1,4,15
curacha,1,14,8,6,2,2,1,1,4,15
desmond0connor,1,14,9,5,4,0,1,1,4,15
dmmartin2s,1,14,9,5,4,0,1,1,4,15
Dr_BeLeeT,1,14,9,5,4,0,1,1,4,15
Drsalamander,1,14,9,5,4,0,1,1,4,15
enterapost,1,14,9,5,4,0,1,1,4,15
erynosaurus,1,14,7,7,0,4,1,1,4,15
etrocs,1,14,8,6,2,2,1,1,4,15
Febreezy154,1,14,8,6,2,2,1,1,4,15
gatitosforever,1,14,7,7,0,4,1,1,4,15
gh5--e,1,14,9,5,4,0,1,1,4,15
Hey_Sexy_Lady,1,14,8,6,2,2,1,1,4,15
i_said_no_mayonnaise,1,14,9,5,4,0,1,1,4,15
IamAlampshadeAMAA,1,14,9,5,4,0,1,1,4,15
Ipadcomics,1,14,9,5,4,0,1,1,4,15
iRuisu,1,14,8,6,2,2,1,1,4,15
jamesywamesy,1,14,8,6,2,2,1,1,4,15
jeffrexsave,1,14,9,5,4,0,1,1,4,15
jmlyons1996,1,14,9,5,4,0,1,1,4,15
jomor79,1,14,9,5,4,0,1,1,4,15
Keiran95,1,14,9,5,4,0,1,1,4,15
libitinarii,1,14,9,5,4,0,1,1,4,15
Longwayfromcali,1,14,9,5,4,0,1,1,4,15
monstermashsince1991,1,14,9,5,4,0,1,1,4,15
Moose_Herder,1,14,9,5,4,0,1,1,4,15
mrBENNN,1,14,9,5,4,0,1,1,4,15
MrSpriggs,1,14,7,7,0,4,1,1,4,15
Nico_,1,14,9,5,4,0,1,1,4,15
pnutnickel,1,14,9,5,4,0,1,1,4,15
Rogork,1,14,8,6,2,2,1,1,4,15
SamWalt,1,14,9,5,4,0,1,1,4,15
ShawtyJOY,1,14,9,5,4,0,1,1,4,15
sietai,1,14,9,5,4,0,1,1,4,15
soapinmouth,1,14,9,5,4,0,1,1,4,15
stonak10,1,14,8,6,2,2,1,1,4,15
terra7incognita,1,14,9,5,4,0,1,1,4,15
theCHASE,1,14,8,6,2,2,1,1,4,15
TheMaddoxSaint,1,14,9,5,4,0,1,1,4,15
turtlegirl312,1,14,9,5,4,0,1,1,4,15
Tuts_holy_underwear,1,14,9,5,4,0,1,1,4,15
UtangmanSimian,1,14,8,6,2,2,1,1,4,15
Waddupp,1,14,9,5,4,0,1,1,4,15
ZeBigZebrowski,1,14,9,5,4,0,1,1,4,15
BashfulArtichoke,1,14,8,6,2,2,0,1,4,15
Chilakers24,1,14,9,5,4,0,0,1,4,15
dannkherb,1,14,9,5,4,0,0,1,4,15
Dem0n5,1,14,9,5,4,0,0,1,4,15
DEMENTER,1,14,9,5,4,0,0,1,4,15
dinosaurshit,1,14,9,5,4,0,0,1,4,15
five_more_minutes,1,14,9,5,4,0,0,1,4,15
Frachiseur,1,14,9,5,4,0,0,1,4,15
great_cornholio_13,1,14,9,5,4,0,0,1,4,15
helloalicehello,1,14,9,5,4,0,0,1,4,15
heyjoetodd,1,14,9,5,4,0,0,1,4,15
kbrand00,1,14,9,5,4,0,0,1,4,15
kriss737,1,14,9,5,4,0,0,1,4,15
Liquidkp,1,14,9,5,4,0,0,1,4,15
mamanld,1,14,9,5,4,0,0,1,4,15
MrsLoveKaulitz,1,14,7,7,0,4,0,1,4,15
Nonstopcow12321,1,14,9,5,4,0,0,1,4,15
ObvuslyHomeless,1,14,9,5,4,0,0,1,4,15
OrionsRebirth,1,14,9,5,4,0,0,1,4,15
paipiski,1,14,8,6,2,2,0,1,4,15
radioactive687,1,14,9,5,4,0,0,1,4,15
rhicc,1,14,8,6,2,2,0,1,4,15
RobertDeHer0,1,14,9,5,4,0,0,1,4,15
sharkfest473,1,14,8,6,2,2,0,1,4,15
ShermanK,1,14,9,5,4,0,0,1,4,15
snatchhammer,1,14,8,6,2,2,0,1,4,15
theoneringnet,1,14,9,5,4,0,0,1,4,15
thesageking,1,14,9,5,4,0,0,1,4,15
thesimpletoncomplex,1,14,9,5,4,0,0,1,4,15
Trurice,1,14,8,6,2,2,0,1,4,15
zdanger,1,14,7,7,0,4,0,1,4,15
hazard2600,2,13,8,5,3,0,2,2,3,15
azizmars,1,15,9,6,3,0,1,0,3,15
bhaich0d,1,14,7,7,0,3,1,1,3,15
blindlight000,1,14,6,8,-2,5,1,1,3,15
BogdanD,1,15,9,6,3,0,1,0,3,15
boomheadshot7,2,13,6,7,-1,4,1,2,3,15
Dont_Downvote_Me_Pal,1,14,4,10,-6,9,1,1,3,15
dontbthatguy,1,15,9,6,3,0,1,0,3,15
duffman1899,1,14,7,7,0,3,1,1,3,15
dufuslequack,1,15,9,6,3,0,1,0,3,15
jlo47,1,14,7,7,0,3,1,1,3,15
jmm1990,1,14,7,7,0,3,1,1,3,15
medale,1,15,7,8,-1,4,1,0,3,15
MSpeedAddict,1,15,9,6,3,0,1,0,3,15
Omgitsjme,1,14,7,7,0,3,1,1,3,15
Sampo,1,15,9,6,3,0,1,0,3,15
StephenSpawnking,1,14,7,7,0,3,1,1,3,15
thisguy_thatguy,1,14,6,8,-2,5,1,1,3,15
tinkerton,1,14,6,8,-2,5,1,1,3,15
usg353d,1,15,9,6,3,0,1,0,3,15
w362,1,14,7,7,0,3,1,1,3,15
cbronson22,2,13,8,5,3,0,0,2,3,15
fesoYbeans,1,15,9,6,3,0,0,0,3,15
LeGuyMan,1,14,7,7,0,3,0,1,3,15
mrmslesbro,1,14,6,8,-2,5,0,1,3,15
ProcrastinatingEddie,1,14,7,7,0,3,0,1,3,15
blueshark9,5,10,6,4,2,0,3,5,2,15
akottke,1,14,7,7,0,2,1,1,2,15
Alzog,1,14,7,7,0,2,1,1,2,15
ARCT1C_EAGLE,1,14,8,6,2,0,1,1,2,15
aruckin,1,14,7,7,0,2,1,1,2,15
AyoevilDoer,1,14,8,6,2,0,1,1,2,15
BackOfTheLine,1,14,8,6,2,0,1,1,2,15
badxseed,1,14,8,6,2,0,1,1,2,15
Bellacose,1,14,8,6,2,0,1,1,2,15
bighank,1,14,7,7,0,2,1,1,2,15
bloodninja23,1,14,8,6,2,0,1,1,2,15
catfacedmechanic,1,14,6,8,-2,4,1,1,2,15
churro89,1,14,8,6,2,0,1,1,2,15
comediapola,1,14,8,6,2,0,1,1,2,15
Commanderblue50,1,14,8,6,2,0,1,1,2,15
digby545,1,14,8,6,2,0,1,1,2,15
DinoRar,1,14,8,6,2,0,1,1,2,15
EvTheSmev,1,14,8,6,2,0,1,1,2,15
Forty4Magnum,1,14,8,6,2,0,1,1,2,15
FutonSpecialOps,1,14,8,6,2,0,1,1,2,15
gamewhore,1,14,8,6,2,0,1,1,2,15
grimly59,1,14,7,7,0,2,1,1,2,15
hoosty,1,14,8,6,2,0,1,1,2,15
imransoudagar,1,14,7,7,0,2,1,1,2,15
iodotsys,1,14,8,6,2,0,1,1,2,15
Iron_Pangolin,1,14,8,6,2,0,1,1,2,15
isayhialot222,1,14,8,6,2,0,1,1,2,15
j05hu7m00r3,1,14,8,6,2,0,1,1,2,15
JA-Prufrock,1,14,8,6,2,0,1,1,2,15
javastripped,1,14,6,8,-2,4,1,1,2,15
jbgintonic,1,14,8,6,2,0,1,1,2,15
Jerrits,1,14,8,6,2,0,1,1,2,15
jiniba,1,14,7,7,0,2,1,1,2,15
jordanbeff,1,14,8,6,2,0,1,1,2,15
Jp1496,1,14,8,6,2,0,1,1,2,15
jsnlm,1,14,8,6,2,0,1,1,2,15
JW989,1,14,8,6,2,0,1,1,2,15
krezRx,1,14,8,6,2,0,1,1,2,15
lob3s,1,14,8,6,2,0,1,1,2,15
Lonely_Toast,1,14,8,6,2,0,1,1,2,15
lowfundaboy,1,14,7,7,0,2,1,1,2,15
LuckySlinger,1,14,6,8,-2,4,1,1,2,15
Lykoaster,1,14,7,7,0,2,1,1,2,15
MAJINMAGOG,1,14,8,6,2,0,1,1,2,15
Malrunus,1,14,8,6,2,0,1,1,2,15
mastermojo,1,14,8,6,2,0,1,1,2,15
mcgee_mayne,1,14,8,6,2,0,1,1,2,15
McMuff1n27,1,14,8,6,2,0,1,1,2,15
memeography,1,14,8,6,2,0,1,1,2,15
Meowtlandish,1,14,8,6,2,0,1,1,2,15
NADSAQ_Trader,1,14,8,6,2,0,1,1,2,15
Nardil,1,14,8,6,2,0,1,1,2,15
Not_Your_Droids,1,14,8,6,2,0,1,1,2,15
Official2m055,1,14,8,6,2,0,1,1,2,15
parksathon,1,14,8,6,2,0,1,1,2,15
pekayer10,1,14,8,6,2,0,1,1,2,15
PiixelOriginal,1,14,8,6,2,0,1,1,2,15
politicalsciprof,1,14,7,7,0,2,1,1,2,15
punksn0tdead09,1,14,8,6,2,0,1,1,2,15
r0gan,1,14,8,6,2,0,1,1,2,15
Rainier206,1,14,8,6,2,0,1,1,2,15
rsbeatty,1,14,8,6,2,0,1,1,2,15
Sarah0123,1,14,8,6,2,0,1,1,2,15
sdwilly22,1,14,7,7,0,2,1,1,2,15
serjo_tomwar,1,14,8,6,2,0,1,1,2,15
ShiftyBizniss,1,14,8,6,2,0,1,1,2,15
SkullRunner,1,14,7,7,0,2,1,1,2,15
Sneakers99,1,14,8,6,2,0,1,1,2,15
Snicks1snow,1,14,8,6,2,0,1,1,2,15
sometimesireddit,1,14,4,10,-6,8,1,1,2,15
speezo_mchenry,1,14,8,6,2,0,1,1,2,15
stinkyp00t,1,14,8,6,2,0,1,1,2,15
Sunday-Morning,1,14,7,7,0,2,1,1,2,15
superjeffbridges,1,14,8,6,2,0,1,1,2,15
Tario70,1,14,8,6,2,0,1,1,2,15
TheTopDawgg,1,14,6,8,-2,4,1,1,2,15
Typhoid1423,1,14,8,6,2,0,1,1,2,15
warshadow,1,14,8,6,2,0,1,1,2,15
Will_P6,1,14,8,6,2,0,1,1,2,15
Yash42,1,14,8,6,2,0,1,1,2,15
zoopdud,1,14,8,6,2,0,1,1,2,15
3dg3dg,1,14,8,6,2,0,0,1,2,15
abcdthc,1,14,8,6,2,0,0,1,2,15
Akami,1,14,8,6,2,0,0,1,2,15
BigPapaBruce,1,14,8,6,2,0,0,1,2,15
ColtKenning,1,14,6,8,-2,4,0,1,2,15
dead_by_dawn_86,1,14,8,6,2,0,0,1,2,15
djfergyd,1,14,8,6,2,0,0,1,2,15
DrunkenKookaburra,1,14,8,6,2,0,0,1,2,15
ether-i-am,1,14,6,8,-2,4,0,1,2,15
Fudgcicle,1,14,8,6,2,0,0,1,2,15
JollyRoger46,1,14,8,6,2,0,0,1,2,15
judaman,1,14,8,6,2,0,0,1,2,15
kattypanda,1,14,8,6,2,0,0,1,2,15
Meeko94,1,14,8,6,2,0,0,1,2,15
mismol,1,14,5,9,-4,6,0,1,2,15
MrMojoRavage,1,14,8,6,2,0,0,1,2,15
nerdgasms_by_ryan,1,14,7,7,0,2,0,1,2,15
Nutterscm,1,14,7,7,0,2,0,1,2,15
ph1lthy,1,14,8,6,2,0,0,1,2,15
PooBalls69,1,14,8,6,2,0,0,1,2,15
rawkor911,1,14,8,6,2,0,0,1,2,15
rob_was_here,1,14,6,8,-2,4,0,1,2,15
RocksTots,1,14,8,6,2,0,0,1,2,15
rolsyenpost,1,14,8,6,2,0,0,1,2,15
runnerboy23,1,14,7,7,0,2,0,1,2,15
Shits-And-Giggles,1,14,8,6,2,0,0,1,2,15
snowgimp,1,14,5,9,-4,6,0,1,2,15
st1m,1,14,8,6,2,0,0,1,2,15
Texican4,1,14,7,7,0,2,0,1,2,15
thewildboy14,1,14,7,7,0,2,0,1,2,15
VanChillburg,1,14,8,6,2,0,0,1,2,15
Verboom147,1,14,8,6,2,0,0,1,2,15
werbeautifulwerdoomd,1,14,8,6,2,0,0,1,2,15
YUReadMyName,1,14,8,6,2,0,0,1,2,15
jim_the_anvil,2,13,6,7,-1,2,2,2,1,15
aloysiusthird,1,14,5,9,-4,5,1,1,1,15
boner__champ,1,14,6,8,-2,3,1,1,1,15
chazoid,1,15,8,7,1,0,1,0,1,15
DoingYourMomRightNow,1,14,4,10,-6,7,1,1,1,15
itchypits,1,15,8,7,1,0,1,0,1,15
KonigderWasserpfeife,1,14,6,8,-2,3,1,1,1,15
magic7ball,1,15,8,7,1,0,1,0,1,15
OhSwaggy,1,15,7,8,-1,2,1,0,1,15
optimuspenguin,1,14,6,8,-2,3,1,1,1,15
r346mck,1,14,6,8,-2,3,1,1,1,15
slapsticks89,2,13,7,6,1,0,1,2,1,15
Sneakiemike,1,14,6,8,-2,3,1,1,1,15
TenlbMoustache,1,14,6,8,-2,3,1,1,1,15
thescott2k,1,14,6,8,-2,3,1,1,1,15
xXKILLA_D21Xx,1,14,6,8,-2,3,1,1,1,15
yourofl10,1,15,8,7,1,0,1,0,1,15
absolutelarissa,1,14,6,8,-2,3,0,1,1,15
hopsnbarley,1,14,6,8,-2,3,0,1,1,15
Squealio,1,14,5,9,-4,5,0,1,1,15
1234holycow1234,1,14,7,7,0,0,1,1,0,15
Affectingtime_3,1,14,7,7,0,0,1,1,0,15
ANiceChap,1,14,7,7,0,0,1,1,0,15
b17722,1,14,7,7,0,0,1,1,0,15
Batst,1,14,6,8,-2,2,1,1,0,15
benttwig33,1,14,7,7,0,0,1,1,0,15
blonde-and-tan,1,14,7,7,0,0,1,1,0,15
Capitally,1,14,6,8,-2,2,1,1,0,15
cencal,1,14,7,7,0,0,1,1,0,15
cockhugger92,1,14,7,7,0,0,1,1,0,15
ConMan42,1,14,7,7,0,0,1,1,0,15
cracktastik,1,14,7,7,0,0,1,1,0,15
DAwson111,1,14,7,7,0,0,1,1,0,15
derpymuffins777,1,14,7,7,0,0,1,1,0,15
Descendingdove,1,14,5,9,-4,4,1,1,0,15
doppo307,1,14,7,7,0,0,1,1,0,15
elborbo,1,14,7,7,0,0,1,1,0,15
Elderly_Man,1,14,7,7,0,0,1,1,0,15
en0rt,1,14,7,7,0,0,1,1,0,15
etyson518,1,14,7,7,0,0,1,1,0,15
existentialpothole,1,14,7,7,0,0,1,1,0,15
fattie03,1,14,7,7,0,0,1,1,0,15
felipe86,1,14,7,7,0,0,1,1,0,15
FiggNewton,1,14,6,8,-2,2,1,1,0,15
FlyingDutchkid,1,14,7,7,0,0,1,1,0,15
fwaming_dragon,1,14,6,8,-2,2,1,1,0,15
Ilga96,1,14,7,7,0,0,1,1,0,15
ImJLu,1,14,6,8,-2,2,1,1,0,15
its_me_a_gan,1,14,7,7,0,0,1,1,0,15
jadawalk,1,14,7,7,0,0,1,1,0,15
Kandimix,1,14,7,7,0,0,1,1,0,15
Krimh,1,14,7,7,0,0,1,1,0,15
legalize_meth,1,14,7,7,0,0,1,1,0,15
Leyzr,1,14,6,8,-2,2,1,1,0,15
lokey,1,14,7,7,0,0,1,1,0,15
lolbigballs,1,14,7,7,0,0,1,1,0,15
longtrenton1,1,14,7,7,0,0,1,1,0,15
lyee01,1,14,7,7,0,0,1,1,0,15
m_chelsie,1,14,7,7,0,0,1,1,0,15
Magicaldancer,1,14,6,8,-2,2,1,1,0,15
Merfner,1,14,7,7,0,0,1,1,0,15
Michaelpoop,1,14,7,7,0,0,1,1,0,15
Minecraft_Wizzard,1,14,7,7,0,0,1,1,0,15
M-Lin,1,14,7,7,0,0,1,1,0,15
moononaut,1,14,7,7,0,0,1,1,0,15
mr0be00,1,14,6,8,-2,2,1,1,0,15
mrs_neontiger,1,14,7,7,0,0,1,1,0,15
MrScrax,1,14,4,10,-6,6,1,1,0,15
Namenobodytakes,1,14,7,7,0,0,1,1,0,15
noONEcaresTIM,1,14,6,8,-2,2,1,1,0,15
nosoul238,1,14,7,7,0,0,1,1,0,15
Papaphlurch,1,14,7,7,0,0,1,1,0,15
pieman928,1,14,7,7,0,0,1,1,0,15
PillowLegs,1,14,7,7,0,0,1,1,0,15
praetorian96,1,14,7,7,0,0,1,1,0,15
ProtosH,1,14,7,7,0,0,1,1,0,15
pxds,1,14,6,8,-2,2,1,1,0,15
pyreankh,1,14,7,7,0,0,1,1,0,15
redrumpanda,1,14,7,7,0,0,1,1,0,15
RHawkes,1,14,7,7,0,0,1,1,0,15
sraolson,1,14,7,7,0,0,1,1,0,15
thatsprettyracist02,1,14,4,10,-6,6,1,1,0,15
the_backtracer,1,14,5,9,-4,4,1,1,0,15
todaysuckstomorrow,1,14,7,7,0,0,1,1,0,15
ValenteGaming,1,14,6,8,-2,2,1,1,0,15
VALIS85,1,14,7,7,0,0,1,1,0,15
whitewateractual,1,14,7,7,0,0,1,1,0,15
willtobeweird,1,14,7,7,0,0,1,1,0,15
zebhel,1,14,7,7,0,0,1,1,0,15
ac519,1,14,6,8,-2,2,0,1,0,15
Baldwinism2010,1,14,7,7,0,0,0,1,0,15
BigPulpyThighs,1,14,7,7,0,0,0,1,0,15
Bobca,1,14,7,7,0,0,0,1,0,15
cajamian,1,14,7,7,0,0,0,1,0,15
Crimson_Eclipse,1,14,7,7,0,0,0,1,0,15
doctorperv,1,14,6,8,-2,2,0,1,0,15
HaveAGoodDayEh,1,14,7,7,0,0,0,1,0,15
Hidin,1,14,6,8,-2,2,0,1,0,15
ilike806,1,14,5,9,-4,4,0,1,0,15
irishboi,1,14,7,7,0,0,0,1,0,15
JohnnyOneTwo,1,14,7,7,0,0,0,1,0,15
Jonathan_Turnbuckle,1,14,7,7,0,0,0,1,0,15
Nowhere_Man_Forever,1,14,6,8,-2,2,0,1,0,15
overtaken,1,14,7,7,0,0,0,1,0,15
profduke49,1,14,7,7,0,0,0,1,0,15
senor_ww,1,14,7,7,0,0,0,1,0,15
snowman79,1,14,6,8,-2,2,0,1,0,15
SSOZ84,1,14,4,10,-6,6,0,1,0,15
thefinpope,1,14,7,7,0,0,0,1,0,15
Trojanpudding,1,14,7,7,0,0,0,1,0,15
deepredsky,1,15,7,8,-1,0,1,0,-1,15
DJmedia417,1,14,5,9,-4,3,1,1,-1,15
emmafrances,1,14,5,9,-4,3,1,1,-1,15
Mr-Rainbow_narwhal,1,15,7,8,-1,0,1,0,-1,15
Sarahst223,1,14,5,9,-4,3,1,1,-1,15
Scoldering,1,15,6,9,-3,2,1,0,-1,15
shizzler,1,14,5,9,-4,3,1,1,-1,15
sunriseauto,1,14,5,9,-4,3,1,1,-1,15
swosh_nyyaaaan_swosh,1,14,5,9,-4,3,1,1,-1,15
the_original_kiden,1,15,6,9,-3,2,1,0,-1,15
Varjon,1,15,7,8,-1,0,1,0,-1,15
vatosplace,1,14,5,9,-4,3,1,1,-1,15
xan13,1,14,5,9,-4,3,1,1,-1,15
bond5611,1,14,5,9,-4,3,0,1,-1,15
tinnman,2,13,6,7,-1,0,0,2,-1,15
AAAAA42,1,15,5,10,-5,3,1,0,-2,15
about100hippies,1,14,6,8,-2,0,1,1,-2,15
aceagle93,1,14,5,9,-4,2,1,1,-2,15
bayouekko,1,14,6,8,-2,0,1,1,-2,15
bballking99,1,14,6,8,-2,0,1,1,-2,15
bigbluesanta,1,14,5,9,-4,2,1,1,-2,15
Birddog23,1,14,5,9,-4,2,1,1,-2,15
birthday_boy_,1,14,5,9,-4,2,1,1,-2,15
Bplus_Asian,1,14,6,8,-2,0,1,1,-2,15
BrankSpankingNew,1,14,6,8,-2,0,1,1,-2,15
CannedShoes,1,14,5,9,-4,2,1,1,-2,15
Captain_TastyGrapes,1,14,6,8,-2,0,1,1,-2,15
cavo94,1,14,6,8,-2,0,1,1,-2,15
claytoris,1,14,6,8,-2,0,1,1,-2,15
czhark,1,14,6,8,-2,0,1,1,-2,15
d0mm,1,14,6,8,-2,0,1,1,-2,15
da_sheike,1,15,5,10,-5,3,1,0,-2,15
dakotacharlie,1,14,6,8,-2,0,1,1,-2,15
dannygallagher,1,14,4,10,-6,4,1,1,-2,15
DarthWindu,1,14,5,9,-4,2,1,1,-2,15
dearymereddit,1,14,6,8,-2,0,1,1,-2,15
doc624,1,14,6,8,-2,0,1,1,-2,15
DryImpact,1,14,6,8,-2,0,1,1,-2,15
eaglejim2003,1,14,6,8,-2,0,1,1,-2,15
effin530,1,14,6,8,-2,0,1,1,-2,15
Elchidote,1,14,6,8,-2,0,1,1,-2,15
ewajch,1,14,6,8,-2,0,1,1,-2,15
goofygooft,1,14,6,8,-2,0,1,1,-2,15
gravytown,1,14,6,8,-2,0,1,1,-2,15
Hellghost,1,14,6,8,-2,0,1,1,-2,15
hipstermonkeymane,1,14,5,9,-4,2,1,1,-2,15
IAm_Raptor_Jesus_AMA,1,14,6,8,-2,0,1,1,-2,15
inzanity575,1,14,4,10,-6,4,1,1,-2,15
jalinb,1,14,3,11,-8,6,1,1,-2,15
Jaxkr,1,14,4,10,-6,4,1,1,-2,15
jnlash,1,14,6,8,-2,0,1,1,-2,15
jonathanwtf,1,14,6,8,-2,0,1,1,-2,15
Kaskuye,1,14,6,8,-2,0,1,1,-2,15
Killer2000,1,14,6,8,-2,0,1,1,-2,15
L0v3isaverb,1,14,5,9,-4,2,1,1,-2,15
LeRageGuy,1,14,5,9,-4,2,1,1,-2,15
lookitsdan,1,14,6,8,-2,0,1,1,-2,15
magddaa,1,14,6,8,-2,0,1,1,-2,15
MantraLife,1,14,6,8,-2,0,1,1,-2,15
Mantup,1,14,5,9,-4,2,1,1,-2,15
mehabahaha,1,14,6,8,-2,0,1,1,-2,15
Micksoo,1,14,6,8,-2,0,1,1,-2,15
NeverEatenCerealAMA,1,14,6,8,-2,0,1,1,-2,15
NickLowe51,1,14,6,8,-2,0,1,1,-2,15
noodelzzz,1,14,6,8,-2,0,1,1,-2,15
Noskillz1989,1,14,6,8,-2,0,1,1,-2,15
oblomoloko,1,14,6,8,-2,0,1,1,-2,15
omgtybg,1,14,6,8,-2,0,1,1,-2,15
PHPcat,1,14,6,8,-2,0,1,1,-2,15
ratesyourADquote,1,14,6,8,-2,0,1,1,-2,15
Rawrimdino,1,14,6,8,-2,0,1,1,-2,15
renthead0505,1,14,6,8,-2,0,1,1,-2,15
scmill2160,1,14,6,8,-2,0,1,1,-2,15
scoboose,1,14,5,9,-4,2,1,1,-2,15
SDoyle,1,14,6,8,-2,0,1,1,-2,15
seanpmc,1,14,6,8,-2,0,1,1,-2,15
sentinelofdarkness,1,14,6,8,-2,0,1,1,-2,15
sir-manatee,1,14,6,8,-2,0,1,1,-2,15
Slugworf,1,14,6,8,-2,0,1,1,-2,15
Sneeblet,1,14,6,8,-2,0,1,1,-2,15
Soccer21x,1,14,6,8,-2,0,1,1,-2,15
Soyzilla,1,14,5,9,-4,2,1,1,-2,15
startinggl0ry,1,14,6,8,-2,0,1,1,-2,15
Tescobum44,1,14,6,8,-2,0,1,1,-2,15
the2amburrito,1,14,6,8,-2,0,1,1,-2,15
TheFinalCheeto,1,14,4,10,-6,4,1,1,-2,15
TheJoel2012,1,14,6,8,-2,0,1,1,-2,15
thelegalalien,1,14,6,8,-2,0,1,1,-2,15
ThePancaker,1,14,6,8,-2,0,1,1,-2,15
tnethacker,1,14,4,10,-6,4,1,1,-2,15
travisoliphant,1,14,6,8,-2,0,1,1,-2,15
TuckRaker,1,14,6,8,-2,0,1,1,-2,15
WakeUpDonnie,1,14,6,8,-2,0,1,1,-2,15
walofet,1,14,6,8,-2,0,1,1,-2,15
WEELEMONZ0,1,14,6,8,-2,0,1,1,-2,15
xyzalli,1,14,6,8,-2,0,1,1,-2,15
yo-dk,1,14,5,9,-4,2,1,1,-2,15
zombiegirl2010,1,14,6,8,-2,0,1,1,-2,15
Albie_there_22,1,14,6,8,-2,0,0,1,-2,15
chicachicken,1,14,6,8,-2,0,0,1,-2,15
dubgirl22,1,14,6,8,-2,0,0,1,-2,15
dustbunny88,1,14,6,8,-2,0,0,1,-2,15
eaveskc,1,14,6,8,-2,0,0,1,-2,15
GarfarkleSparkleFunk,1,14,6,8,-2,0,0,1,-2,15
Its_whats_for_dinner,1,14,6,8,-2,0,0,1,-2,15
jeffiguritout,1,14,6,8,-2,0,0,1,-2,15
jithin001,1,14,5,9,-4,2,0,1,-2,15
momo010,1,14,6,8,-2,0,0,1,-2,15
MrWainscotting,1,14,6,8,-2,0,0,1,-2,15
nh202,1,14,6,8,-2,0,0,1,-2,15
nym328,1,14,6,8,-2,0,0,1,-2,15
pkmnBlue,1,14,4,10,-6,4,0,1,-2,15
Pyropheonix,1,14,6,8,-2,0,0,1,-2,15
renfrewandbahn,1,14,6,8,-2,0,0,1,-2,15
sharriston,2,14,5,9,-4,2,0,1,-2,15
SpinfusorFan,1,14,4,10,-6,4,0,1,-2,15
three_horsemen,1,14,4,10,-6,4,0,1,-2,15
3emagdnim,1,15,6,9,-3,0,1,0,-3,15
bluemtfreerider,1,14,4,10,-6,3,1,1,-3,15
BrasaMaan,1,14,4,10,-6,3,1,1,-3,15
clandestineRabbit,1,14,4,10,-6,3,1,1,-3,15
DaddyTorres,1,14,4,10,-6,3,1,1,-3,15
Darric,1,14,4,10,-6,3,1,1,-3,15
dataoverride,1,14,4,10,-6,3,1,1,-3,15
detroitluv,1,14,4,10,-6,3,1,1,-3,15
guardiandevil,1,14,4,10,-6,3,1,1,-3,15
Mikeman70,1,14,4,10,-6,3,1,1,-3,15
Prcrstntr,1,14,4,10,-6,3,1,1,-3,15
Smithy2130,1,15,6,9,-3,0,1,0,-3,15
thegillenator,1,14,4,10,-6,3,1,1,-3,15
buttcrack,1,14,3,11,-8,5,0,1,-3,15
gregogree,2,13,4,9,-5,2,0,2,-3,15
johnlennonseviltwin,1,14,3,11,-8,5,0,1,-3,15
KRuX333,1,14,4,10,-6,3,0,1,-3,15
TexasAssassin97,1,14,4,10,-6,3,0,1,-3,15
zbaseball9,1,14,4,10,-6,3,0,1,-3,15
ForScale,2,13,3,10,-7,3,2,2,-4,15
_sherlock_,1,14,5,9,-4,0,1,1,-4,15
Allysay,1,14,5,9,-4,0,1,1,-4,15
ashes0122,1,14,5,9,-4,0,1,1,-4,15
AZN_Durrrr,1,14,4,10,-6,2,1,1,-4,15
BeeFiveAudi,1,14,5,9,-4,0,1,1,-4,15
bloofo,1,14,5,9,-4,0,1,1,-4,15
Blugpuff2,1,14,5,9,-4,0,1,1,-4,15
brilliantmojo,1,14,5,9,-4,0,1,1,-4,15
chlorine_kelsey,1,14,5,9,-4,0,1,1,-4,15
Cole1064,1,14,5,9,-4,0,1,1,-4,15
cornfarmer,1,14,5,9,-4,0,1,1,-4,15
cuzincuz,1,14,5,9,-4,0,1,1,-4,15
cuzzin,1,14,5,9,-4,0,1,1,-4,15
DailyPeep,1,14,5,9,-4,0,1,1,-4,15
darthsawyer,1,14,5,9,-4,0,1,1,-4,15
eddienski,1,14,5,9,-4,0,1,1,-4,15
eurooo_trash,1,14,5,9,-4,0,1,1,-4,15
FireCloud42,1,14,5,9,-4,0,1,1,-4,15
Fleurdecerisier,1,14,5,9,-4,0,1,1,-4,15
franklin9500,1,14,5,9,-4,0,1,1,-4,15
Gerbik448,1,14,5,9,-4,0,1,1,-4,15
gizadog,1,14,5,9,-4,0,1,1,-4,15
hi_yoooo,1,14,5,9,-4,0,1,1,-4,15
iamtcain,1,14,5,9,-4,0,1,1,-4,15
ickboblikescheese,1,14,5,9,-4,0,1,1,-4,15
illmakeyouRAGE,1,14,3,11,-8,4,1,1,-4,15
KatCatty,1,14,4,10,-6,2,1,1,-4,15
Kayawtic,1,14,5,9,-4,0,1,1,-4,15
Kelseakinkyston,1,14,5,9,-4,0,1,1,-4,15
king_of_queens,1,14,5,9,-4,0,1,1,-4,15
Lalalalalaa,1,14,4,10,-6,2,1,1,-4,15
LayOutSyndicate,1,14,5,9,-4,0,1,1,-4,15
leaguenerd,1,14,5,9,-4,0,1,1,-4,15
littleA123,1,14,5,9,-4,0,1,1,-4,15
mal_thecaptain,1,14,4,10,-6,2,1,1,-4,15
MatterSaves,1,14,4,10,-6,2,1,1,-4,15
mhmshine,1,14,5,9,-4,0,1,1,-4,15
morningsaystoidleon,1,14,5,9,-4,0,1,1,-4,15
MrToasy,1,14,5,9,-4,0,1,1,-4,15
Mud_BooDa,1,14,4,10,-6,2,1,1,-4,15
MumbaDumba,1,14,5,9,-4,0,1,1,-4,15
MvnTarget,1,14,5,9,-4,0,1,1,-4,15
NathuramGodse,1,14,5,9,-4,0,1,1,-4,15
nickyd123,1,14,5,9,-4,0,1,1,-4,15
playstationn103,1,14,5,9,-4,0,1,1,-4,15
project_sam,1,14,5,9,-4,0,1,1,-4,15
provooke,1,14,5,9,-4,0,1,1,-4,15
PSIStarstormOmega,1,14,5,9,-4,0,1,1,-4,15
RadDudeGuyDude,1,14,5,9,-4,0,1,1,-4,15
Raginbum,1,14,4,10,-6,2,1,1,-4,15
Raven-034,1,14,5,9,-4,0,1,1,-4,15
rawrebound,1,14,5,9,-4,0,1,1,-4,15
SacredJefe,1,14,4,10,-6,2,1,1,-4,15
Scooto,1,14,5,9,-4,0,1,1,-4,15
Scourger1,1,14,4,10,-6,2,1,1,-4,15
serux,1,14,5,9,-4,0,1,1,-4,15
Shithead_Fuckington,1,14,5,9,-4,0,1,1,-4,15
squashedniggaa,1,14,5,9,-4,0,1,1,-4,15
stizdizzle,1,14,5,9,-4,0,1,1,-4,15
teddytroll,1,14,5,9,-4,0,1,1,-4,15
tehbertl,1,15,4,11,-7,3,1,0,-4,15
terragreyling,1,14,4,10,-6,2,1,1,-4,15
thomaspearce200,1,14,5,9,-4,0,1,1,-4,15
thosegentlemen,1,14,4,10,-6,2,1,1,-4,15
Troll_Parrot,1,14,5,9,-4,0,1,1,-4,15
Twizzlerkiss119,1,14,5,9,-4,0,1,1,-4,15
VanillaOceans,1,14,5,9,-4,0,1,1,-4,15
wickerperlis18,1,14,5,9,-4,0,1,1,-4,15
Windchill,1,14,4,10,-6,2,1,1,-4,15
zackogenic,1,14,5,9,-4,0,1,1,-4,15
Zeonoth,1,14,5,9,-4,0,1,1,-4,15
Zoolutaylor,1,14,5,9,-4,0,1,1,-4,15
Akholic_BJK,1,14,4,10,-6,2,0,1,-4,15
ArthurSchumse,1,14,5,9,-4,0,0,1,-4,15
dylhugg,1,14,5,9,-4,0,0,1,-4,15
eliottruelove,1,14,5,9,-4,0,0,1,-4,15
GodsHands,1,14,5,9,-4,0,0,1,-4,15
HeineTroll,1,14,4,10,-6,2,0,1,-4,15
jethroboom,1,14,4,10,-6,2,0,1,-4,15
johannes0520,1,14,5,9,-4,0,0,1,-4,15
lagas5,1,14,5,9,-4,0,0,1,-4,15
martymb,1,14,4,10,-6,2,0,1,-4,15
mygrotesqueelegance,1,14,5,9,-4,0,0,1,-4,15
RepostsOfFury,1,14,5,9,-4,0,0,1,-4,15
Venal_System,1,14,5,9,-4,0,0,1,-4,15
vitalytv,1,14,4,10,-6,2,0,1,-4,15
949paintball,1,15,5,10,-5,0,1,0,-5,15
arbitrage10,1,14,3,11,-8,3,1,1,-5,15
Aspire101,1,15,5,10,-5,0,1,0,-5,15
BlakeYo,1,15,5,10,-5,0,1,0,-5,15
CBSniper,1,14,3,11,-8,3,1,1,-5,15
EagerSleeper,1,15,5,10,-5,0,1,0,-5,15
f1rstman,1,14,2,12,-10,5,1,1,-5,15
joshtreee,1,15,5,10,-5,0,1,0,-5,15
kymmib,2,13,4,9,-5,0,1,2,-5,15
malloryhair,1,14,3,11,-8,3,1,1,-5,15
Robertbobby91,1,15,4,11,-7,2,1,0,-5,15
SUcantare,1,14,3,11,-8,3,1,1,-5,15
threeetwo,1,15,5,10,-5,0,1,0,-5,15
qquicksilver,1,14,3,11,-8,3,0,1,-5,15
U_believe_me,1,14,3,11,-8,3,0,1,-5,15
aprilynn,1,14,4,10,-6,0,1,1,-6,15
armedNINJA,1,14,4,10,-6,0,1,1,-6,15
arrow1987,1,14,4,10,-6,0,1,1,-6,15
Bass171,1,14,4,10,-6,0,1,1,-6,15
Basspinda,1,14,4,10,-6,0,1,1,-6,15
BlakeFitzgerald,1,14,4,10,-6,0,1,1,-6,15
BlissfulEntropy,1,14,4,10,-6,0,1,1,-6,15
carlgrimsley,1,14,4,10,-6,0,1,1,-6,15
Deathbydoob,1,14,4,10,-6,0,1,1,-6,15
demiritz,1,14,4,10,-6,0,1,1,-6,15
dgasz,1,14,4,10,-6,0,1,1,-6,15
DinoPilot,1,14,4,10,-6,0,1,1,-6,15
downvotDeaded,1,14,4,10,-6,0,1,1,-6,15
DTurcotte2013,1,14,4,10,-6,0,1,1,-6,15
explodingbarrels,1,14,4,10,-6,0,1,1,-6,15
FazedChaos,1,14,4,10,-6,0,1,1,-6,15
frontierroots,1,14,4,10,-6,0,1,1,-6,15
gerrard214,1,14,4,10,-6,0,1,1,-6,15
goldenkey0304,1,14,4,10,-6,0,1,1,-6,15
Heraty,1,14,4,10,-6,0,1,1,-6,15
IcedHeat,1,14,4,10,-6,0,1,1,-6,15
iShagNasty,1,14,4,10,-6,0,1,1,-6,15
Jaredholland,1,14,4,10,-6,0,1,1,-6,15
KarmaBender,1,14,4,10,-6,0,1,1,-6,15
Lostcortex,1,14,4,10,-6,0,1,1,-6,15
mastermindxs,1,14,4,10,-6,0,1,1,-6,15
mellowmedium,1,14,4,10,-6,0,1,1,-6,15
Micherize,1,14,4,10,-6,0,1,1,-6,15
misenigmatic,1,14,4,10,-6,0,1,1,-6,15
mmcdani,1,14,4,10,-6,0,1,1,-6,15
MrMaverick182,1,14,4,10,-6,0,1,1,-6,15
neozen104,1,14,4,10,-6,0,1,1,-6,15
pogopunkxiii,1,14,4,10,-6,0,1,1,-6,15
Polderty,1,14,4,10,-6,0,1,1,-6,15
ponovo,1,14,4,10,-6,0,1,1,-6,15
Quentmnaster,1,14,4,10,-6,0,1,1,-6,15
Randywith8aaaaaaaa,1,14,4,10,-6,0,1,1,-6,15
Recke89,1,14,4,10,-6,0,1,1,-6,15
rheboo,1,14,4,10,-6,0,1,1,-6,15
ruairidoc,1,14,4,10,-6,0,1,1,-6,15
SillyAtTimes,1,14,4,10,-6,0,1,1,-6,15
SuperDoody,1,14,4,10,-6,0,1,1,-6,15
tatafornow22,1,14,4,10,-6,0,1,1,-6,15
ThePomelo,1,14,4,10,-6,0,1,1,-6,15
TheTruthIsNeverEasy,1,14,4,10,-6,0,1,1,-6,15
unsilentninja,1,14,4,10,-6,0,1,1,-6,15
Vayate,1,14,4,10,-6,0,1,1,-6,15
viserys-targaryen,1,14,4,10,-6,0,1,1,-6,15
weezrsucks,1,14,4,10,-6,0,1,1,-6,15
wowpin,1,14,4,10,-6,0,1,1,-6,15
x1bitx,1,14,2,12,-10,4,1,1,-6,15
YronK9,1,14,4,10,-6,0,1,1,-6,15
futbollife,1,14,4,10,-6,0,0,1,-6,15
Gjab,1,14,4,10,-6,0,0,1,-6,15
greydubstep,1,14,4,10,-6,0,0,1,-6,15
IAmA_meat_popsicle,1,14,4,10,-6,0,0,1,-6,15
newsupdates,1,14,4,10,-6,0,0,1,-6,15
roager,1,14,2,12,-10,4,0,1,-6,15
soblueful,1,14,4,10,-6,0,0,1,-6,15
teeski11,1,14,4,10,-6,0,0,1,-6,15
thecolorplaid,1,14,4,10,-6,0,0,1,-6,15
TheLastTimeLord9320,1,14,4,10,-6,0,0,1,-6,15
tkapp87,1,14,2,12,-10,4,0,1,-6,15
Wolfears,1,14,4,10,-6,0,0,1,-6,15
pafounapa,1,15,4,11,-7,0,1,0,-7,15
acotexx66,1,14,3,11,-8,0,1,1,-8,15
andyrowe,1,14,3,11,-8,0,1,1,-8,15
BobsmithDosey,1,14,2,12,-10,2,1,1,-8,15
breebeb,1,14,3,11,-8,0,1,1,-8,15
johnnyo24,1,14,3,11,-8,0,1,1,-8,15
KilltheFrikenChicken,1,14,3,11,-8,0,1,1,-8,15
lookupinthesky,1,14,3,11,-8,0,1,1,-8,15
macbenson,1,14,3,11,-8,0,1,1,-8,15
matrix54794,1,14,3,11,-8,0,1,1,-8,15
megan9080,1,14,3,11,-8,0,1,1,-8,15
MRogue,1,14,3,11,-8,0,1,1,-8,15
nathanweisser,1,14,3,11,-8,0,1,1,-8,15
pastramipaladin,1,14,2,12,-10,2,1,1,-8,15
Phenoiox,1,14,3,11,-8,0,1,1,-8,15
pistasje,1,14,3,11,-8,0,1,1,-8,15
pizzatacos,1,14,3,11,-8,0,1,1,-8,15
rightfultangent,1,14,3,11,-8,0,1,1,-8,15
TheSilenceMEh,1,14,3,11,-8,0,1,1,-8,15
Um_I_have_a_question,1,14,3,11,-8,0,1,1,-8,15
VEC7OR,1,14,3,11,-8,0,1,1,-8,15
YutesInAsia,1,14,3,11,-8,0,1,1,-8,15
CSTDude777,1,14,3,11,-8,0,0,1,-8,15
Felkenary,1,14,3,11,-8,0,0,1,-8,15
koew,1,14,3,11,-8,0,0,1,-8,15
monkat,1,14,3,11,-8,0,0,1,-8,15
ramboiowan17,1,14,3,11,-8,0,0,1,-8,15
whyuackinallcraycray,1,14,3,11,-8,0,0,1,-8,15
lil_waynexxoxx,1,14,1,13,-12,3,0,1,-9,15
Jarman81,1,14,1,13,-12,2,1,1,-10,15
r3dn1t3,1,14,2,12,-10,0,1,1,-10,15
kungfoojeebus,1,14,1,13,-12,0,1,1,-12,15
spatchattack,1,13,8,5,3,19,0,1,22,14
mijangos,1,13,12,1,11,6,1,1,17,14
2AndAHalfInchesOfFun,1,14,14,0,14,2,1,0,16,14
Nemoflow,1,13,13,0,13,3,0,1,16,14
earthw0rm,1,14,12,2,10,5,1,0,15,14
Geek_Agent,1,14,12,2,10,5,1,0,15,14
Jarl_Walnut,1,13,12,1,11,4,0,1,15,14
Eritrean_Redditor,1,13,11,2,9,5,1,1,14,14
ilovekittenss,1,14,14,0,14,0,1,0,14,14
J3niiSun,1,14,11,3,8,6,1,0,14,14
punksqerll,1,13,12,1,11,3,1,1,14,14
spumante,1,14,12,2,10,4,1,0,14,14
Tdog313,1,14,13,1,12,2,1,0,14,14
zpeed,1,14,13,1,12,2,1,0,14,14
anotherwhitekid,1,13,12,1,11,3,0,1,14,14
hergieherg,1,13,12,1,11,3,0,1,14,14
kornflakesxd,1,13,11,2,9,5,0,1,14,14
dudemantimm,1,13,11,2,9,4,1,1,13,14
Genie86,1,13,12,1,11,2,1,1,13,14
HembachG,1,13,12,1,11,2,1,1,13,14
ImWithHagen,1,13,10,3,7,6,1,1,13,14
kdcoco,1,13,13,0,13,0,1,1,13,14
klownxxx,1,13,13,0,13,0,1,1,13,14
metalfluff,1,13,12,1,11,2,1,1,13,14
Phatkidzgotaeat,1,13,12,1,11,2,1,1,13,14
rata_rasta,1,13,12,1,11,2,1,1,13,14
reginaldthesoupman,1,13,11,2,9,4,1,1,13,14
RoverDaddy,1,13,12,1,11,2,1,1,13,14
SneakyKiwiz,1,13,12,1,11,2,1,1,13,14
SunshineBrony,1,13,13,0,13,0,1,1,13,14
forhammer,1,13,12,1,11,2,0,1,13,14
JacobTalavera,1,13,12,1,11,2,0,1,13,14
kcouture,1,14,12,2,10,3,0,0,13,14
madeyemorgan,1,13,11,2,9,4,0,1,13,14
matter_compiler,1,13,12,1,11,2,0,1,13,14
munch3,1,13,12,1,11,2,0,1,13,14
Rtbender,1,13,13,0,13,0,0,1,13,14
twizzalsticks,1,13,13,0,13,0,0,1,13,14
angry_baconbits,1,14,11,3,8,4,1,0,12,14
bloometal,1,14,13,1,12,0,1,0,12,14
BrokenYozeff,1,14,10,4,6,6,1,0,12,14
colonel_clusterfuck,1,14,13,1,12,0,1,0,12,14
CORBED,1,13,11,2,9,3,1,1,12,14
fattony69,1,13,11,2,9,3,1,1,12,14
gypsydescent,1,14,12,2,10,2,1,0,12,14
immanuelcant,1,14,13,1,12,0,1,0,12,14
Smokebombe,1,14,12,2,10,2,1,0,12,14
starsweeper,1,13,7,6,1,11,1,1,12,14
Strangely_Calm,1,14,13,1,12,0,1,0,12,14
TTTDAniels,1,13,11,2,9,3,1,1,12,14
wuffo,1,14,12,2,10,2,1,0,12,14
jason_stevens55,1,13,11,2,9,3,0,1,12,14
TheMasterHand,1,13,10,3,7,5,0,1,12,14
ajago12598,1,13,12,1,11,0,1,1,11,14
anon22_,1,14,9,5,4,7,1,0,11,14
Binsky89,1,13,12,1,11,0,1,1,11,14
ButtSquid,1,13,12,1,11,0,1,1,11,14
chones_bros,1,13,11,2,9,2,1,1,11,14
crispy88,1,13,10,3,7,4,1,1,11,14
DevereuxRedux,1,13,12,1,11,0,1,1,11,14
Irish_Redditor,1,13,12,1,11,0,1,1,11,14
KearaQuinn,1,13,10,3,7,4,1,1,11,14
kianak,1,13,12,1,11,0,1,1,11,14
lemmeseedatass,1,13,10,3,7,4,1,1,11,14
LiiDo,1,13,11,2,9,2,1,1,11,14
MAKESOMEFLAMES,1,13,12,1,11,0,1,1,11,14
niobe127,1,13,11,2,9,2,1,1,11,14
rawrina,1,13,12,1,11,0,1,1,11,14
RicHii3,1,13,12,1,11,0,1,1,11,14
Rocky760,1,13,11,2,9,2,1,1,11,14
smartforever,1,13,9,4,5,6,1,1,11,14
Sondeian,1,13,11,2,9,2,1,1,11,14
stardude900,1,13,8,5,3,8,1,1,11,14
Togedude,1,13,11,2,9,2,1,1,11,14
whatgetsyouoff,1,14,11,3,8,3,1,0,11,14
whisker17,1,13,12,1,11,0,1,1,11,14
wizkid030994,1,13,12,1,11,0,1,1,11,14
Wundark,1,13,12,1,11,0,1,1,11,14
YouArentReasonable,1,13,12,1,11,0,1,1,11,14
Atomsk329,1,13,11,2,9,2,0,1,11,14
fuzzyhendrix,1,13,10,3,7,4,0,1,11,14
hotshotproducer,1,13,10,3,7,4,0,1,11,14
jjlqb,1,13,12,1,11,0,0,1,11,14
leatheryhamster,1,13,12,1,11,0,0,1,11,14
peteski10,1,13,11,2,9,2,0,1,11,14
saneiros,1,13,12,1,11,0,0,1,11,14
stockmasterflex,1,13,6,7,-1,12,0,1,11,14
afireinside7710,1,14,12,2,10,0,1,0,10,14
caseyw5555,1,14,12,2,10,0,1,0,10,14
Clint_Swift,1,13,10,3,7,3,1,1,10,14
coronad0,1,14,12,2,10,0,1,0,10,14
dumbbutterfly,1,14,12,2,10,0,1,0,10,14
heheyes,1,13,9,4,5,5,1,1,10,14
mast3rcylind3r,1,14,11,3,8,2,1,0,10,14
NickMode,1,13,10,3,7,3,1,1,10,14
Quintron,1,13,10,3,7,3,1,1,10,14
sabata00,1,14,12,2,10,0,1,0,10,14
SebbenandSebben,1,13,9,4,5,5,1,1,10,14
sirkyle,1,13,9,4,5,5,1,1,10,14
superfapfap,1,14,12,2,10,0,1,0,10,14
WildeNietzsche,1,14,12,2,10,0,1,0,10,14
Wilwheatonfan87,1,13,7,6,1,9,1,1,10,14
brauer1,2,13,10,3,7,3,0,1,10,14
jaggysnake3,1,13,10,3,7,3,0,1,10,14
scrogglez,1,13,10,3,7,3,0,1,10,14
sendtobo,2,12,11,1,10,0,0,2,10,14
aman10210,1,13,11,2,9,0,1,1,9,14
AxeToFall,1,13,11,2,9,0,1,1,9,14
Aztecius,1,13,11,2,9,0,1,1,9,14
cassegg,1,13,11,2,9,0,1,1,9,14
cualcrees,1,13,11,2,9,0,1,1,9,14
daledosdildales,1,13,11,2,9,0,1,1,9,14
dandyandys1,1,13,11,2,9,0,1,1,9,14
darbykitty,1,13,11,2,9,0,1,1,9,14
deputysalty,1,14,10,4,6,3,1,0,9,14
diddleybop,1,13,11,2,9,0,1,1,9,14
DJshaveyshave,1,13,11,2,9,0,1,1,9,14
extraterrestrial,1,13,11,2,9,0,1,1,9,14
g0dz1lla,1,13,8,5,3,6,1,1,9,14
GIS-Rockstar,1,13,10,3,7,2,1,1,9,14
GlimpseOfReality,1,13,9,4,5,4,1,1,9,14
glucose-fructose,1,14,9,5,4,5,1,0,9,14
goose_egg,1,13,10,3,7,2,1,1,9,14
hazurai,1,13,11,2,9,0,1,1,9,14
Hellbuny,1,13,11,2,9,0,1,1,9,14
InfiniteMonkeys,1,13,10,3,7,2,1,1,9,14
JackieOfAllTrades,1,14,10,4,6,3,1,0,9,14
jamo1414,1,13,10,3,7,2,1,1,9,14
Mackhasarack,1,13,9,4,5,4,1,1,9,14
omnipotent_master,1,13,9,4,5,4,1,1,9,14
Reposts_All_The_Time,1,13,8,5,3,6,1,1,9,14
Reverie37,1,13,11,2,9,0,1,1,9,14
Ron-asaurus,1,13,11,2,9,0,1,1,9,14
Sage0fKarma,1,13,11,2,9,0,1,1,9,14
SeriousBlack,1,13,11,2,9,0,1,1,9,14
skramblz,1,13,11,2,9,0,1,1,9,14
Speedy_Thief,1,14,12,2,10,-1,1,0,9,14
Staple_Tape,1,13,11,2,9,0,1,1,9,14
staticprotocol,1,13,11,2,9,0,1,1,9,14
stevenmc,1,13,10,3,7,2,1,1,9,14
StillCrookin,1,13,8,5,3,6,1,1,9,14
StudentoftheWise,1,13,11,2,9,0,1,1,9,14
Tinydavies,1,13,11,2,9,0,1,1,9,14
Ubimo,1,13,11,2,9,0,1,1,9,14
xeyve,1,13,9,4,5,4,1,1,9,14
xftin,1,13,11,2,9,0,1,1,9,14
Ziren,1,13,10,3,7,2,1,1,9,14
dan_blather,1,13,9,4,5,4,0,1,9,14
Demiguise92,1,13,11,2,9,0,0,1,9,14
dgrieder,1,13,11,2,9,0,0,1,9,14
Fastshrimp,1,14,9,5,4,5,0,0,9,14
HockeyRockz1414,1,13,11,2,9,0,0,1,9,14
holformr,1,13,11,2,9,0,0,1,9,14
MasterSprtn117,1,13,11,2,9,0,0,1,9,14
Mynarwhalbaconsatone,1,13,9,4,5,4,0,1,9,14
onemm,1,13,11,2,9,0,0,1,9,14
Regijack,1,13,10,3,7,2,0,1,9,14
sgtpeppersrevolver,1,13,10,3,7,2,0,1,9,14
shineheart,1,13,11,2,9,0,0,1,9,14
sraebaybay,1,13,10,3,7,2,0,1,9,14
__C3__,1,14,10,4,6,2,1,0,8,14
B0SH,1,13,8,5,3,5,1,1,8,14
beachesatnormandy,1,14,11,3,8,0,1,0,8,14
carrothouse,1,13,6,7,-1,9,1,1,8,14
cTrillz,1,14,11,3,8,0,1,0,8,14
dierythmus,1,14,10,4,6,2,1,0,8,14
Icy_Hot07,1,13,9,4,5,3,1,1,8,14
loveshinehero,1,14,10,4,6,2,1,0,8,14
macswishbliket,1,13,9,4,5,3,1,1,8,14
MattLieb,1,14,11,3,8,0,1,0,8,14
RideBMX4life,1,14,11,3,8,0,1,0,8,14
samuelstewart306,1,13,9,4,5,3,1,1,8,14
sonobenissimo,1,14,11,3,8,0,1,0,8,14
speshhh,1,14,11,3,8,0,1,0,8,14
Cake-lover,1,13,9,4,5,3,0,1,8,14
GeneticYeti,1,13,9,4,5,3,0,1,8,14
pastafarian14,1,13,9,4,5,3,0,1,8,14
running_musician,2,12,10,2,8,0,0,2,8,14
sacK12,1,13,9,4,5,3,0,1,8,14
SirDoreille,1,13,7,6,1,7,0,1,8,14
wolf2600,1,13,9,4,5,3,0,1,8,14
5othem,1,13,9,4,5,2,1,1,7,14
ArcticFrankie10,1,13,10,3,7,0,1,1,7,14
bigbeck555,1,14,8,6,2,5,1,0,7,14
buechler1,1,13,10,3,7,0,1,1,7,14
clam_chowda,1,13,8,5,3,4,1,1,7,14
coffeetablesex,1,13,7,6,1,6,1,1,7,14
devatrox,1,13,10,3,7,0,1,1,7,14
Gento,1,13,10,3,7,0,1,1,7,14
Hokie200proof,1,13,7,6,1,6,1,1,7,14
hummahummahumma,1,13,9,4,5,2,1,1,7,14
i_like_to_reddits,1,13,10,3,7,0,1,1,7,14
iamthelucky1,1,14,9,5,4,3,1,0,7,14
itypewithmyfeet,1,13,10,3,7,0,1,1,7,14
jarstult,1,13,10,3,7,0,1,1,7,14
javibarron,1,13,10,3,7,0,1,1,7,14
Joe_Kickass,1,13,7,6,1,6,1,1,7,14
johnshop,1,13,10,3,7,0,1,1,7,14
Just_walkinby,1,13,10,3,7,0,1,1,7,14
kevawn,1,13,6,7,-1,8,1,1,7,14
kimmiekimkim,1,13,10,3,7,0,1,1,7,14
LavisterGrey,1,13,9,4,5,2,1,1,7,14
Lazerdude,1,13,7,6,1,6,1,1,7,14
LudwigVonBaitOven,1,13,10,3,7,0,1,1,7,14
madhatty,1,13,10,3,7,0,1,1,7,14
MattnJax,1,13,8,5,3,4,1,1,7,14
meancommentredditor,1,13,8,5,3,4,1,1,7,14
mekranil,1,13,9,4,5,2,1,1,7,14
metalseargolid,1,13,9,4,5,2,1,1,7,14
mozenber,1,13,10,3,7,0,1,1,7,14
mrtristan,1,13,9,4,5,2,1,1,7,14
niggapleez,1,13,10,3,7,0,1,1,7,14
nomik2,1,13,10,3,7,0,1,1,7,14
official_TASKER,1,13,8,5,3,4,1,1,7,14
ralph122030,1,13,10,3,7,0,1,1,7,14
Rheasus,1,13,5,8,-3,10,1,1,7,14
rman374,1,13,8,5,3,4,1,1,7,14
roqqingit,1,13,8,5,3,4,1,1,7,14
rotinaj31,1,13,10,3,7,0,1,1,7,14
sammyboy213,1,13,10,3,7,0,1,1,7,14
southpaw19711,1,13,10,3,7,0,1,1,7,14
SpawnofMind,1,13,10,3,7,0,1,1,7,14
superfrog30,1,13,10,3,7,0,1,1,7,14
TheBacteriaMan,1,13,7,6,1,6,1,1,7,14
TheGuyInYourCloset,1,13,10,3,7,0,1,1,7,14
Theslightlybaldguy,1,13,8,5,3,4,1,1,7,14
tragedi4n,1,13,10,3,7,0,1,1,7,14
Ultimate_Redditor56,1,13,10,3,7,0,1,1,7,14
wapproval,1,13,10,3,7,0,1,1,7,14
xBUDDHAx,1,13,9,4,5,2,1,1,7,14
ChildrensBrigade,1,13,10,3,7,0,0,1,7,14
drucifer_haha,1,13,10,3,7,0,0,1,7,14
emayelee,1,13,10,3,7,0,0,1,7,14
friedspacecakes,1,13,10,3,7,0,0,1,7,14
JDTNTC,1,13,10,3,7,0,0,1,7,14
jonesz75,1,13,10,3,7,0,0,1,7,14
leo_neutrino,1,13,9,4,5,2,0,1,7,14
nicefin,1,13,9,4,5,2,0,1,7,14
patrik667,1,13,10,3,7,0,0,1,7,14
RealFast304,1,13,10,3,7,0,0,1,7,14
skylrk,1,13,10,3,7,0,0,1,7,14
SmurfShaker,1,13,9,4,5,2,0,1,7,14
snarlybumfutuks,1,13,10,3,7,0,0,1,7,14
Stettman,1,13,10,3,7,0,0,1,7,14
Stresy94,1,13,10,3,7,0,0,1,7,14
Thinggy42,1,13,8,5,3,4,0,1,7,14
vettfan,1,13,10,3,7,0,0,1,7,14
VictoriousBadger,1,13,8,5,3,4,0,1,7,14
xSilly,1,13,8,5,3,4,0,1,7,14
Eli83,2,12,9,3,6,0,2,2,6,14
aatThinker,1,13,8,5,3,3,1,1,6,14
alikation,1,13,8,5,3,3,1,1,6,14
bluereaper75,1,13,8,5,3,3,1,1,6,14
Fogram,1,13,8,5,3,3,1,1,6,14
fooshganoosh,1,13,8,5,3,3,1,1,6,14
ImGatton,1,14,9,5,4,2,1,0,6,14
JiggleBiscuit,1,13,8,5,3,3,1,1,6,14
jttran,1,13,8,5,3,3,1,1,6,14
LibidinousIntent,1,14,8,6,2,4,1,0,6,14
proviguy4,1,13,8,5,3,3,1,1,6,14
rax12,1,14,7,7,0,6,1,0,6,14
RifflerHD,1,13,7,6,1,5,1,1,6,14
SnowGoat,1,14,10,4,6,0,1,0,6,14
thedude710,1,13,8,5,3,3,1,1,6,14
TheGrumble,1,14,10,4,6,0,1,0,6,14
TheWashedBoys,1,13,8,5,3,3,1,1,6,14
TROOLLALA,1,13,8,5,3,3,1,1,6,14
YOUHATEMEhiiloveyou,1,13,8,5,3,3,1,1,6,14
BaconandPeanutbutter,1,13,8,5,3,3,0,1,6,14
bigman141,1,13,8,5,3,3,0,1,6,14
martyxiii,1,13,8,5,3,3,0,1,6,14
otternauts,1,13,8,5,3,3,0,1,6,14
Quinni,1,13,8,5,3,3,0,1,6,14
shall_2,1,13,7,6,1,5,0,1,6,14
GuanoQuesadilla,2,12,6,6,0,5,2,2,5,14
3dbdotcom,1,13,9,4,5,0,1,1,5,14
adiehl90,1,13,9,4,5,0,1,1,5,14
AnotherDouchebag,1,13,9,4,5,0,1,1,5,14
Anthropinos,1,13,9,4,5,0,1,1,5,14
ascent01,1,14,8,6,2,3,1,0,5,14
autumnfalln,1,13,9,4,5,0,1,1,5,14
beboshoulddie,1,13,9,4,5,0,1,1,5,14
BinaryCortex,1,13,9,4,5,0,1,1,5,14
bknutner,1,13,7,6,1,4,1,1,5,14
bmraovdeys,1,13,9,4,5,0,1,1,5,14
cambam29,1,13,9,4,5,0,1,1,5,14
CannibalPony,1,13,9,4,5,0,1,1,5,14
cbeckett22,1,13,9,4,5,0,1,1,5,14
crankshaft92,1,13,9,4,5,0,1,1,5,14
Dirty_Bandaid,1,13,8,5,3,2,1,1,5,14
dratlif1,1,13,8,5,3,2,1,1,5,14
fatboymonster,1,13,9,4,5,0,1,1,5,14
FireCrotchRockt,1,13,8,5,3,2,1,1,5,14
ForeverADrum,1,13,9,4,5,0,1,1,5,14
Fratitude,1,13,8,5,3,2,1,1,5,14
funismyname,1,13,8,5,3,2,1,1,5,14
Gap_Diggity,1,13,9,4,5,0,1,1,5,14
gshepps,1,13,9,4,5,0,1,1,5,14
Harukio,1,13,7,6,1,4,1,1,5,14
himynamesnicole,1,13,9,4,5,0,1,1,5,14
Hoboshank87,1,13,9,4,5,0,1,1,5,14
homersock,1,13,9,4,5,0,1,1,5,14
Homez78,1,13,9,4,5,0,1,1,5,14
ilanimage,1,13,9,4,5,0,1,1,5,14
jeffreyaj,1,13,9,4,5,0,1,1,5,14
JoHnFkEr,1,13,9,4,5,0,1,1,5,14
KrisHavok,1,13,9,4,5,0,1,1,5,14
Liamwitz,1,13,9,4,5,0,1,1,5,14
LotsOfCandy,1,13,7,6,1,4,1,1,5,14
lvl12,1,13,8,5,3,2,1,1,5,14
ManWhoSoldTheWorld94,1,13,9,4,5,0,1,1,5,14
mjclaycomb,1,13,9,4,5,0,1,1,5,14
Mordee,1,13,9,4,5,0,1,1,5,14
MorphineUsp,1,13,9,4,5,0,1,1,5,14
MrCobaltBlue,1,13,9,4,5,0,1,1,5,14
NotSoSlenderMan,1,13,8,5,3,2,1,1,5,14
PeterHousen,1,13,9,4,5,0,1,1,5,14
qedavis,1,13,9,4,5,0,1,1,5,14
rahsosprout,1,13,9,4,5,0,1,1,5,14
Rastamasta4321,1,13,8,5,3,2,1,1,5,14
RedditReid,1,13,9,4,5,0,1,1,5,14
rkalajian,1,13,6,7,-1,6,1,1,5,14
roziecheeks,1,13,9,4,5,0,1,1,5,14
SexySydneeCraig,1,13,9,4,5,0,1,1,5,14
silentgreatness,1,13,7,6,1,4,1,1,5,14
StarTrippy,1,13,9,4,5,0,1,1,5,14
Stregulator,1,13,9,4,5,0,1,1,5,14
thatonesillymexican,1,13,9,4,5,0,1,1,5,14
The_Analgesic,1,13,8,5,3,2,1,1,5,14
treyragan,1,13,9,4,5,0,1,1,5,14
wheehahahahoo,1,13,9,4,5,0,1,1,5,14
XxPikachuxX,1,13,9,4,5,0,1,1,5,14
AdvENTuring,1,13,8,5,3,2,0,1,5,14
agentofchaos68,1,13,9,4,5,0,0,1,5,14
alalaitsabomb,1,13,9,4,5,0,0,1,5,14
AMMOrape,1,13,9,4,5,0,0,1,5,14
Baker_Company,1,13,9,4,5,0,0,1,5,14
bcabano312,1,13,8,5,3,2,0,1,5,14
bioman96,1,13,9,4,5,0,0,1,5,14
bobber205,1,13,9,4,5,0,0,1,5,14
brakasha,1,13,9,4,5,0,0,1,5,14
brookepeterson,1,13,9,4,5,0,0,1,5,14
casualcass,1,13,9,4,5,0,0,1,5,14
chaynesore,1,13,9,4,5,0,0,1,5,14
EhTrain,1,13,9,4,5,0,0,1,5,14
ermagherrrrd,1,13,9,4,5,0,0,1,5,14
frank_n_bean,1,13,9,4,5,0,0,1,5,14
itsrattlesnake,1,13,9,4,5,0,0,1,5,14
JamesChadThompson,1,13,9,4,5,0,0,1,5,14
loud_alexandra,1,13,9,4,5,0,0,1,5,14
makemusicnotwar420,1,13,7,6,1,4,0,1,5,14
Markus_Serious,1,13,9,4,5,0,0,1,5,14
overjoyedlemur,1,13,6,7,-1,6,0,1,5,14
quotient,1,13,9,4,5,0,0,1,5,14
Rahsuno,1,13,9,4,5,0,0,1,5,14
Redstrawberry35,1,13,9,4,5,0,0,1,5,14
Shellshock666,1,13,9,4,5,0,0,1,5,14
slantypurgentoid,1,13,9,4,5,0,0,1,5,14
Sophophilic,2,13,9,4,5,0,0,1,5,14
Spearow2,1,13,9,4,5,0,0,1,5,14
Spray_on_tie,1,13,8,5,3,2,0,1,5,14
TheDude4bides,1,13,9,4,5,0,0,1,5,14
waffle_maker,1,13,9,4,5,0,0,1,5,14
ZackBeinZack,1,13,9,4,5,0,0,1,5,14
kazarnowicz,2,12,8,4,4,0,2,2,4,14
ALombardi,1,13,6,7,-1,5,1,1,4,14
cool_acid,1,13,7,6,1,3,1,1,4,14
Diamano,1,13,7,6,1,3,1,1,4,14
dopeydog75243,1,13,6,7,-1,5,1,1,4,14
I_SAVED_YOUR_LIFE,1,14,9,5,4,0,1,0,4,14
itsjonesin,1,14,8,6,2,2,1,0,4,14
JackTokes,1,14,9,5,4,0,1,0,4,14
jerseydevil2oo3,1,13,7,6,1,3,1,1,4,14
Mentalinertia,1,14,9,5,4,0,1,0,4,14
MrAdvisor,1,13,7,6,1,3,1,1,4,14
mustang321,1,14,8,6,2,2,1,0,4,14
P00NSLAYER69,1,13,7,6,1,3,1,1,4,14
radioshackhead,1,13,7,6,1,3,1,1,4,14
reddit7530,1,13,6,7,-1,5,1,1,4,14
redheadfever,2,12,8,4,4,0,1,2,4,14
seeamanaboutadog,1,13,7,6,1,3,1,1,4,14
Sniper26,1,13,7,6,1,3,1,1,4,14
kail_ellison,1,13,7,6,1,3,0,1,4,14
mini-you,1,13,7,6,1,3,0,1,4,14
MonkeyDLufy,1,13,7,6,1,3,0,1,4,14
SheStillMay,1,13,7,6,1,3,0,1,4,14
yelowpunk,1,13,7,6,1,3,0,1,4,14
Acidpussy,1,13,8,5,3,0,1,1,3,14
AdmiralVenture,1,13,8,5,3,0,1,1,3,14
AlmostChampion,1,13,8,5,3,0,1,1,3,14
AryaVarji,1,13,8,5,3,0,1,1,3,14
astromonkey101,1,13,7,6,1,2,1,1,3,14
audi-o,1,13,7,6,1,2,1,1,3,14
BeatleManiac2518,1,13,8,5,3,0,1,1,3,14
Blood_n_thunder,1,13,7,6,1,2,1,1,3,14
Bpsf83,1,13,6,7,-1,4,1,1,3,14
BroBeans1017,1,13,7,6,1,2,1,1,3,14
cassybat,1,13,8,5,3,0,1,1,3,14
Cheme2015,1,13,8,5,3,0,1,1,3,14
cmnd_joe,1,13,8,5,3,0,1,1,3,14
coffeefreeloader,1,13,8,5,3,0,1,1,3,14
colt1hryh,1,13,8,5,3,0,1,1,3,14
Cor_s,1,13,7,6,1,2,1,1,3,14
craxster,1,13,7,6,1,2,1,1,3,14
crookedhead,1,13,8,5,3,0,1,1,3,14
Curds_and_Whey,1,13,7,6,1,2,1,1,3,14
D_Robb,1,13,8,5,3,0,1,1,3,14
Danothan,1,13,7,6,1,2,1,1,3,14
Deep-Fried-Penguin,1,13,8,5,3,0,1,1,3,14
donkey_punch_kong64,1,13,8,5,3,0,1,1,3,14
dsesin,1,13,8,5,3,0,1,1,3,14
dskblade,1,13,8,5,3,0,1,1,3,14
dusters,1,13,8,5,3,0,1,1,3,14
EidoIon,1,13,8,5,3,0,1,1,3,14
enman,1,13,8,5,3,0,1,1,3,14
EternaTea,1,13,8,5,3,0,1,1,3,14
flip3quin,1,13,8,5,3,0,1,1,3,14
FlyingSaucerAttack,1,13,8,5,3,0,1,1,3,14
GaManiac_Blueyyy,1,13,7,6,1,2,1,1,3,14
GambitsHoes,1,13,8,5,3,0,1,1,3,14
GooglyEyeGlasses,1,13,8,5,3,0,1,1,3,14
GrandpaSmuggler,1,13,7,6,1,2,1,1,3,14
Gravybadger,1,13,6,7,-1,4,1,1,3,14
greenman42,1,13,6,7,-1,4,1,1,3,14
Half_a_Scotsman,1,13,8,5,3,0,1,1,3,14
Handeatingcat,1,13,8,5,3,0,1,1,3,14
HenryPete,1,13,8,5,3,0,1,1,3,14
hodorhodorhodor1,1,13,8,5,3,0,1,1,3,14
hotchelle,1,13,8,5,3,0,1,1,3,14
Hunter_G,1,13,7,6,1,2,1,1,3,14
Hydraplayshin,1,13,7,6,1,2,1,1,3,14
illthinkofitlater,1,13,8,5,3,0,1,1,3,14
izkar,1,13,7,6,1,2,1,1,3,14
jessiemoin,1,13,8,5,3,0,1,1,3,14
j-gags,1,13,5,8,-3,6,1,1,3,14
Joshuas6x,1,13,7,6,1,2,1,1,3,14
Justx_The_Tip,1,13,8,5,3,0,1,1,3,14
keithpetersen7,1,13,8,5,3,0,1,1,3,14
LargeWhale,1,13,6,7,-1,4,1,1,3,14
mack_95993,1,13,8,5,3,0,1,1,3,14
masimone,1,13,8,5,3,0,1,1,3,14
MasterMeme,1,13,8,5,3,0,1,1,3,14
mishiman99,1,13,8,5,3,0,1,1,3,14
moochensabe,1,13,8,5,3,0,1,1,3,14
mrdrsmashington123,1,13,7,6,1,2,1,1,3,14
MrKirthar,1,13,8,5,3,0,1,1,3,14
Mynameiszany,1,13,8,5,3,0,1,1,3,14
NancyGracesPORNdungn,1,13,8,5,3,0,1,1,3,14
noahhmltn,1,13,8,5,3,0,1,1,3,14
NOT_A_COCONUT,1,13,8,5,3,0,1,1,3,14
nuclearairplane,1,13,8,5,3,0,1,1,3,14
omiggie,1,13,8,5,3,0,1,1,3,14
pardy2424,1,13,7,6,1,2,1,1,3,14
pennies_and_dimes,1,13,8,5,3,0,1,1,3,14
project_seven,1,13,8,5,3,0,1,1,3,14
ptcptc,1,13,8,5,3,0,1,1,3,14
qfunk,1,13,8,5,3,0,1,1,3,14
Qumpers,1,13,6,7,-1,4,1,1,3,14
RambleLZOn,1,13,7,6,1,2,1,1,3,14
RandyKings,1,13,8,5,3,0,1,1,3,14
rd5493,1,13,8,5,3,0,1,1,3,14
realscary,1,13,8,5,3,0,1,1,3,14
Redmun,1,13,8,5,3,0,1,1,3,14
SenorBuckets,1,13,8,5,3,0,1,1,3,14
serenity10,1,13,7,6,1,2,1,1,3,14
SgtFuzzyNipple,1,13,8,5,3,0,1,1,3,14
shelivestowin,1,13,8,5,3,0,1,1,3,14
spacepirate001,1,13,8,5,3,0,1,1,3,14
Spam4119,1,13,8,5,3,0,1,1,3,14
starscream9289,1,13,8,5,3,0,1,1,3,14
SuddenlySpuds,1,13,8,5,3,0,1,1,3,14
supersoyary,1,13,7,6,1,2,1,1,3,14
Sword554,1,13,7,6,1,2,1,1,3,14
t_r_andson,1,13,8,5,3,0,1,1,3,14
thecoochiemonster,1,13,8,5,3,0,1,1,3,14
thefluffe,1,13,8,5,3,0,1,1,3,14
Themeantime,1,13,7,6,1,2,1,1,3,14
thepcguy,1,13,8,5,3,0,1,1,3,14
theristocrat,1,13,8,5,3,0,1,1,3,14
thunder_okie,1,13,8,5,3,0,1,1,3,14
tianan,1,13,8,5,3,0,1,1,3,14
Toothpicke,1,13,3,10,-7,10,1,1,3,14
TrueEnigma,1,13,8,5,3,0,1,1,3,14
UpajaI3,1,13,8,5,3,0,1,1,3,14
vagina_school_bus,1,14,6,8,-2,5,1,0,3,14
veryoriginal78,1,13,8,5,3,0,1,1,3,14
wervie67,1,13,8,5,3,0,1,1,3,14
what_american_dream,1,13,8,5,3,0,1,1,3,14
Wilderbeest,1,13,8,5,3,0,1,1,3,14
Yocairo,1,13,8,5,3,0,1,1,3,14
yourmomsnice,1,13,7,6,1,2,1,1,3,14
Zabuscus,1,13,8,5,3,0,1,1,3,14
AfricanAmerican_Swan,1,13,8,5,3,0,0,1,3,14
Anagoodman1234,1,13,4,9,-5,8,0,1,3,14
AprilFoolsCakeDay,1,13,8,5,3,0,0,1,3,14
Armughan,1,13,8,5,3,0,0,1,3,14
BlindDollar,1,13,7,6,1,2,0,1,3,14
bongwater5,2,13,7,6,1,2,0,1,3,14
BradDelo,1,13,8,5,3,0,0,1,3,14
charlieb1993,1,13,5,8,-3,6,0,1,3,14
dexaveroe,1,13,8,5,3,0,0,1,3,14
dlarosa12,1,13,8,5,3,0,0,1,3,14
dubuscus,1,13,8,5,3,0,0,1,3,14
gwords16,1,13,8,5,3,0,0,1,3,14
JoeyQuoms,1,13,8,5,3,0,0,1,3,14
jollymocha,1,13,8,5,3,0,0,1,3,14
mattvaughn12,1,13,8,5,3,0,0,1,3,14
Monkey_Cannon,1,13,8,5,3,0,0,1,3,14
Mr_Insomnia,1,13,8,5,3,0,0,1,3,14
nickk2,1,13,8,5,3,0,0,1,3,14
sgtpnut,1,13,7,6,1,2,0,1,3,14
thatlebelkid,1,13,7,6,1,2,0,1,3,14
TheOneInTheHat,1,13,8,5,3,0,0,1,3,14
trishstanden,1,13,8,5,3,0,0,1,3,14
writegray,1,13,8,5,3,0,0,1,3,14
shbababa,2,12,7,5,2,0,2,2,2,14
_GO_AWAY_,1,14,8,6,2,0,1,0,2,14
aaMikeyDaa,2,12,7,5,2,0,1,2,2,14
Awtron,1,13,6,7,-1,3,1,1,2,14
bobthebuilderman,1,13,6,7,-1,3,1,1,2,14
cloud9_hi,1,13,5,8,-3,5,1,1,2,14
ColonelMolerat,1,13,6,7,-1,3,1,1,2,14
creamyjoshy,1,13,6,7,-1,3,1,1,2,14
EnvisionRed,1,13,6,7,-1,3,1,1,2,14
Hydrbator,1,13,4,9,-5,7,1,1,2,14
iDrum9591,1,13,5,8,-3,5,1,1,2,14
iode,1,14,8,6,2,0,1,0,2,14
j0nes08,1,13,6,7,-1,3,1,1,2,14
jbeckfox,2,12,7,5,2,0,1,2,2,14
littleCharmQuark,1,14,8,6,2,0,1,0,2,14
lukaskywalker,1,13,6,7,-1,3,1,1,2,14
masterdabo,1,13,5,8,-3,5,1,1,2,14
MissCharmCity,1,14,8,6,2,0,1,0,2,14
MyDickIsAPotato,1,13,4,9,-5,7,1,1,2,14
OVNEV,1,13,6,7,-1,3,1,1,2,14
pandemoniker,1,13,6,7,-1,3,1,1,2,14
q_tiprox,1,13,6,7,-1,3,1,1,2,14
Snods,1,13,6,7,-1,3,1,1,2,14
songfromtheblackhole,1,14,8,6,2,0,1,0,2,14
trousered_ape,1,13,5,8,-3,5,1,1,2,14
Tuzzen,1,14,8,6,2,0,1,0,2,14
YouAllWantedToSayIt,1,13,5,8,-3,5,1,1,2,14
ADerpedTroll,1,13,4,9,-5,7,0,1,2,14
alank24,1,14,8,6,2,0,0,0,2,14
AnnieDex,1,13,6,7,-1,3,0,1,2,14
doctorbooshka,1,13,6,7,-1,3,0,1,2,14
MeGustaOnc,1,13,6,7,-1,3,0,1,2,14
wisey16,1,13,6,7,-1,3,0,1,2,14
2dayIpwnedu,1,13,7,6,1,0,1,1,1,14
agrajag9,1,13,7,6,1,0,1,1,1,14
AlexIsamexican,1,13,7,6,1,0,1,1,1,14
anubis26,1,13,5,8,-3,4,1,1,1,14
atomerika,1,13,7,6,1,0,1,1,1,14
blueskydiver76,1,13,7,6,1,0,1,1,1,14
Bob-8,1,13,7,6,1,0,1,1,1,14
Bronie1,1,13,6,7,-1,2,1,1,1,14
BuddhistNothing,1,13,7,6,1,0,1,1,1,14
Chill_Comment,1,13,7,6,1,0,1,1,1,14
chris8788,1,13,7,6,1,0,1,1,1,14
ckswim17,1,13,7,6,1,0,1,1,1,14
ClaireLaBear,1,13,7,6,1,0,1,1,1,14
cntcomupwthsmthngsmr,1,13,7,6,1,0,1,1,1,14
CoconutIsland1,1,13,7,6,1,0,1,1,1,14
CommanderDerpington,1,13,7,6,1,0,1,1,1,14
crystalnii,1,13,7,6,1,0,1,1,1,14
cvcvcvcv,1,13,7,6,1,0,1,1,1,14
debojangles,1,13,7,6,1,0,1,1,1,14
DedicatedLurker,1,13,7,6,1,0,1,1,1,14
Derpington88,1,13,7,6,1,0,1,1,1,14
Dr_ChimRichalds,1,13,5,8,-3,4,1,1,1,14
ElevenSleven,1,13,7,6,1,0,1,1,1,14
ELOSatan,1,13,7,6,1,0,1,1,1,14
fepeee,1,13,7,6,1,0,1,1,1,14
fifthdimensional,1,13,6,7,-1,2,1,1,1,14
fl31992,1,13,7,6,1,0,1,1,1,14
FuriousEpic,1,13,7,6,1,0,1,1,1,14
HEYPAUL17,1,13,7,6,1,0,1,1,1,14
hijessicarose,1,13,6,7,-1,2,1,1,1,14
IAmTheRealBob,1,13,7,6,1,0,1,1,1,14
ifinkufreakay,1,13,6,7,-1,2,1,1,1,14
ImaPiratelol,1,13,7,6,1,0,1,1,1,14
input_cords,1,13,6,7,-1,2,1,1,1,14
jakevenom,1,13,6,7,-1,2,1,1,1,14
joeDUBstep,1,13,7,6,1,0,1,1,1,14
Judgement777,1,13,7,6,1,0,1,1,1,14
jvorhes,1,13,6,7,-1,2,1,1,1,14
KarmaBot42,1,13,7,6,1,0,1,1,1,14
kass2389,2,13,7,6,1,0,1,1,1,14
king_swag,1,13,7,6,1,0,1,1,1,14
leet_onion,1,13,7,6,1,0,1,1,1,14
lexxfoxx,1,13,7,6,1,0,1,1,1,14
lindsatron,1,13,7,6,1,0,1,1,1,14
lockwoodx,1,13,7,6,1,0,1,1,1,14
lololmegalolol,1,13,7,6,1,0,1,1,1,14
LuckeyHaskens,1,13,7,6,1,0,1,1,1,14
luvmybox,1,13,7,6,1,0,1,1,1,14
mastertrollerz,1,13,7,6,1,0,1,1,1,14
Mean_Banana,1,13,7,6,1,0,1,1,1,14
MetalRockKid66,1,13,5,8,-3,4,1,1,1,14
Mikeman101,1,13,7,6,1,0,1,1,1,14
navybill1984,1,13,7,6,1,0,1,1,1,14
Nethzul,1,13,6,7,-1,2,1,1,1,14
ngahea,1,13,7,6,1,0,1,1,1,14
Norwegianmoustache,1,13,6,7,-1,2,1,1,1,14
nsfwdreamer,1,13,7,6,1,0,1,1,1,14
OsamaBinHiding,1,13,7,6,1,0,1,1,1,14
Paskizzle,1,13,7,6,1,0,1,1,1,14
Pigrapist66,1,13,7,6,1,0,1,1,1,14
principe_di_reddit,1,13,7,6,1,0,1,1,1,14
PringlesPranger,1,13,7,6,1,0,1,1,1,14
problematica,1,13,7,6,1,0,1,1,1,14
psih128,1,13,7,6,1,0,1,1,1,14
PuhPuhPlease,1,13,7,6,1,0,1,1,1,14
qantrell,1,13,5,8,-3,4,1,1,1,14
randomManDan,1,13,5,8,-3,4,1,1,1,14
RariSakz,1,13,7,6,1,0,1,1,1,14
Reposting4Karma,1,13,7,6,1,0,1,1,1,14
rustyarrowhead,1,13,7,6,1,0,1,1,1,14
sadsam,1,13,7,6,1,0,1,1,1,14
Saif-pineapple,2,13,7,6,1,0,1,1,1,14
saiyanpikachu,1,13,7,6,1,0,1,1,1,14
SASQUATCH_LOVER,1,13,7,6,1,0,1,1,1,14
sebneversleeps,1,13,7,6,1,0,1,1,1,14
sgamer,1,13,7,6,1,0,1,1,1,14
SkaggieStyle,1,13,7,6,1,0,1,1,1,14
skater296,1,13,7,6,1,0,1,1,1,14
SkinnyV,1,13,7,6,1,0,1,1,1,14
spartacusisaturtle,1,13,7,6,1,0,1,1,1,14
Spasticerror,1,13,7,6,1,0,1,1,1,14
Splashfisbro,1,13,7,6,1,0,1,1,1,14
StevenViper,1,13,7,6,1,0,1,1,1,14
Superpaka2,1,13,7,6,1,0,1,1,1,14
Supperhero,1,13,7,6,1,0,1,1,1,14
The_Chosen_Guy,1,13,7,6,1,0,1,1,1,14
TheDon83,1,13,7,6,1,0,1,1,1,14
TheShadowBox,1,13,7,6,1,0,1,1,1,14
TheTwistedFaith,1,13,7,6,1,0,1,1,1,14
tiktaalik89,1,13,7,6,1,0,1,1,1,14
TirSimpot,1,13,7,6,1,0,1,1,1,14
Viggotababs,1,13,7,6,1,0,1,1,1,14
weediereedie,1,13,7,6,1,0,1,1,1,14
weirdalec222,1,13,7,6,1,0,1,1,1,14
WhiskyWisdom,1,13,7,6,1,0,1,1,1,14
wowzas123,1,13,7,6,1,0,1,1,1,14
zora894,1,13,7,6,1,0,1,1,1,14
A_Yogurt_Million,1,13,7,6,1,0,0,1,1,14
aLickyBoomBoom,1,13,7,6,1,0,0,1,1,14
ArtsyTLF,1,13,7,6,1,0,0,1,1,14
asterstv,1,13,7,6,1,0,0,1,1,14
ban1c,1,13,5,8,-3,4,0,1,1,14
bjtl82,1,13,7,6,1,0,0,1,1,14
CMexAndSun,1,13,5,8,-3,4,0,1,1,14
cynismus,1,13,7,6,1,0,0,1,1,14
DanceFuckerDance111,1,13,7,6,1,0,0,1,1,14
Drewskeet,1,13,7,6,1,0,0,1,1,14
enemycrab,1,13,7,6,1,0,0,1,1,14
FatManManFat,1,13,7,6,1,0,0,1,1,14
foolishscarz,1,13,7,6,1,0,0,1,1,14
Hunto1,1,13,6,7,-1,2,0,1,1,14
iamthenarwhalrus,1,13,7,6,1,0,0,1,1,14
itzSino,1,13,6,7,-1,2,0,1,1,14
Jamesy_boy,1,13,7,6,1,0,0,1,1,14
JB0nd007,1,13,7,6,1,0,0,1,1,14
johnnysusername,1,13,6,7,-1,2,0,1,1,14
jrowleyxi,1,13,7,6,1,0,0,1,1,14
mingamongo,1,13,7,6,1,0,0,1,1,14
mirandacosgrove,1,13,7,6,1,0,0,1,1,14
MoeLou,1,13,7,6,1,0,0,1,1,14
mrduralast,1,13,7,6,1,0,0,1,1,14
MrQueso,1,13,7,6,1,0,0,1,1,14
MustngSS,1,13,7,6,1,0,0,1,1,14
MyAnusIsBroken,1,13,6,7,-1,2,0,1,1,14
mypillow,1,13,7,6,1,0,0,1,1,14
ObviousBob,1,13,7,6,1,0,0,1,1,14
parroting,1,13,6,7,-1,2,0,1,1,14
rowleyrolls360,1,13,7,6,1,0,0,1,1,14
silentcookiekiller,1,13,7,6,1,0,0,1,1,14
smeisel,1,13,6,7,-1,2,0,1,1,14
SubZeroWildman,1,13,7,6,1,0,0,1,1,14
thieledk,1,13,7,6,1,0,0,1,1,14
5tum813,1,13,4,9,-5,5,1,1,0,14
bertlove,1,14,7,7,0,0,1,0,0,14
Boobiefer,1,13,5,8,-3,3,1,1,0,14
C4r1b0u,1,14,7,7,0,0,1,0,0,14
cnanzer91,1,14,7,7,0,0,1,0,0,14
derptator,1,13,5,8,-3,3,1,1,0,14
hankthewhale,1,13,4,9,-5,5,1,1,0,14
HowAboutLauren,1,13,5,8,-3,3,1,1,0,14
NastiestNayt,1,13,5,8,-3,3,1,1,0,14
Specialkway,1,13,5,8,-3,3,1,1,0,14
tonytwotokes,1,14,7,7,0,0,1,0,0,14
VisionedThread,1,13,4,9,-5,5,1,1,0,14
winmtat05,1,13,5,8,-3,3,1,1,0,14
Yes_Nazi,1,13,4,9,-5,5,1,1,0,14
Zespoony,1,13,5,8,-3,3,1,1,0,14
LucoBuck,1,13,3,10,-7,7,0,1,0,14
manchesterfan1,1,13,5,8,-3,3,0,1,0,14
PossiblyPointless,1,13,5,8,-3,3,0,1,0,14
_random,1,13,6,7,-1,0,1,1,-1,14
Abeneezer,2,13,6,7,-1,0,1,1,-1,14
aintnodoubt,1,13,6,7,-1,0,1,1,-1,14
Alberico2016,1,13,6,7,-1,0,1,1,-1,14
alex95,1,13,5,8,-3,2,1,1,-1,14
AllMightyGuy,1,13,6,7,-1,0,1,1,-1,14
amin456789,1,13,6,7,-1,0,1,1,-1,14
atogo,1,13,6,7,-1,0,1,1,-1,14
AveriRae,1,13,5,8,-3,2,1,1,-1,14
Balls_deep_in_it,1,13,5,8,-3,2,1,1,-1,14
bbnn9922,1,13,6,7,-1,0,1,1,-1,14
boabw88,1,13,6,7,-1,0,1,1,-1,14
bunny1979,1,13,5,8,-3,2,1,1,-1,14
cleantowels,1,13,5,8,-3,2,1,1,-1,14
CorinGetorix,1,13,4,9,-5,4,1,1,-1,14
Deadhookersandblow,1,13,5,8,-3,2,1,1,-1,14
dedaaf,1,13,6,7,-1,0,1,1,-1,14
doer_of_evil,1,13,6,7,-1,0,1,1,-1,14
DrJokeExplainer,1,13,6,7,-1,0,1,1,-1,14
drwxrwxr-x,1,13,6,7,-1,0,1,1,-1,14
ermahgerdcats,1,13,6,7,-1,0,1,1,-1,14
Erutis,1,13,6,7,-1,0,1,1,-1,14
EXIT_SUCCESS,1,13,6,7,-1,0,1,1,-1,14
foips,1,13,6,7,-1,0,1,1,-1,14
foshdawg999,1,13,6,7,-1,0,1,1,-1,14
GIbDemAffenAcid,1,13,6,7,-1,0,1,1,-1,14
GimpySandwich,1,13,6,7,-1,0,1,1,-1,14
gmk5070,1,13,6,7,-1,0,1,1,-1,14
gogriz,1,13,6,7,-1,0,1,1,-1,14
Gr8_Whyt_G4m3r,1,13,6,7,-1,0,1,1,-1,14
hats31,1,13,6,7,-1,0,1,1,-1,14
Hc22444,1,13,5,8,-3,2,1,1,-1,14
HendersonHick,1,13,6,7,-1,0,1,1,-1,14
hipsterslayer,1,13,6,7,-1,0,1,1,-1,14
HIVEvali,1,13,6,7,-1,0,1,1,-1,14
IchTuDirWeh,1,13,6,7,-1,0,1,1,-1,14
inscrutable_turtle,1,13,6,7,-1,0,1,1,-1,14
Insta_Karma,1,13,6,7,-1,0,1,1,-1,14
Itsamepudgio,1,13,6,7,-1,0,1,1,-1,14
JayPatterson,1,13,6,7,-1,0,1,1,-1,14
jh1997sa,1,14,5,9,-4,3,1,0,-1,14
jlopez24,1,13,6,7,-1,0,1,1,-1,14
jocey,1,13,6,7,-1,0,1,1,-1,14
johnbon0522,1,13,5,8,-3,2,1,1,-1,14
kabo72,1,13,6,7,-1,0,1,1,-1,14
Kishkumen_Ill,1,13,6,7,-1,0,1,1,-1,14
kitchencrusader,1,13,6,7,-1,0,1,1,-1,14
koochkooch,1,13,5,8,-3,2,1,1,-1,14
KuroNekosama,1,13,6,7,-1,0,1,1,-1,14
Lebster24,1,13,6,7,-1,0,1,1,-1,14
LemonzSquare,1,13,6,7,-1,0,1,1,-1,14
malxthemalster,1,13,6,7,-1,0,1,1,-1,14
mariohead123,1,13,6,7,-1,0,1,1,-1,14
meep97,1,13,6,7,-1,0,1,1,-1,14
MeGustaGatos,1,13,6,7,-1,0,1,1,-1,14
menomenaa,1,13,5,8,-3,2,1,1,-1,14
mike413,1,13,5,8,-3,2,1,1,-1,14
minersrevolt,1,13,6,7,-1,0,1,1,-1,14
Mozeztheblack,1,13,6,7,-1,0,1,1,-1,14
mscones,1,13,6,7,-1,0,1,1,-1,14
murkler42,1,13,6,7,-1,0,1,1,-1,14
NakedChoker,1,13,3,10,-7,6,1,1,-1,14
Oliv2560,1,13,5,8,-3,2,1,1,-1,14
one_of_reddit,1,13,5,8,-3,2,1,1,-1,14
Panflutes23,1,13,6,7,-1,0,1,1,-1,14
PiGaKiLa,1,13,6,7,-1,0,1,1,-1,14
POKeMAWN,1,13,5,8,-3,2,1,1,-1,14
Poontickler,1,13,6,7,-1,0,1,1,-1,14
PrimaryWalrus,1,13,6,7,-1,0,1,1,-1,14
Psiclone09,1,13,6,7,-1,0,1,1,-1,14
Repostbot3000,1,13,6,7,-1,0,1,1,-1,14
Roached_N_Weeded,1,13,6,7,-1,0,1,1,-1,14
rob-tornoe,1,13,6,7,-1,0,1,1,-1,14
Saybyetotheaccount,1,13,6,7,-1,0,1,1,-1,14
sexiibitch,1,13,6,7,-1,0,1,1,-1,14
shoeler,1,13,6,7,-1,0,1,1,-1,14
sneakybadger7,1,13,6,7,-1,0,1,1,-1,14
spaceman6999,1,13,6,7,-1,0,1,1,-1,14
Studovich,1,13,6,7,-1,0,1,1,-1,14
SuNDaYSTaR_,1,13,5,8,-3,2,1,1,-1,14
superwario,1,13,5,8,-3,2,1,1,-1,14
thatguywithaboner,1,13,6,7,-1,0,1,1,-1,14
TheChessClub,1,13,6,7,-1,0,1,1,-1,14
TheGh0sty,1,13,6,7,-1,0,1,1,-1,14
theunicornmaster,1,13,5,8,-3,2,1,1,-1,14
throwTHEEyonder,1,13,6,7,-1,0,1,1,-1,14
toxick,1,13,6,7,-1,0,1,1,-1,14
tuckm,1,13,6,7,-1,0,1,1,-1,14
turkoid,1,13,6,7,-1,0,1,1,-1,14
WHATtheWEEZEL,1,13,5,8,-3,2,1,1,-1,14
wheezerboy,1,13,6,7,-1,0,1,1,-1,14
whiskeyfoxtrot_,1,13,6,7,-1,0,1,1,-1,14
Wonderful_Life,1,13,6,7,-1,0,1,1,-1,14
Zeroxis,1,13,6,7,-1,0,1,1,-1,14
acmfan,1,13,6,7,-1,0,0,1,-1,14
DustyBowl,1,13,6,7,-1,0,0,1,-1,14
emmaleebut,1,13,6,7,-1,0,0,1,-1,14
Eric_Snowmane,1,13,6,7,-1,0,0,1,-1,14
froggy_style,1,13,5,8,-3,2,0,1,-1,14
galactica101,1,13,6,7,-1,0,0,1,-1,14
hollywoodcali,1,13,5,8,-3,2,0,1,-1,14
jsphere1,1,13,6,7,-1,0,0,1,-1,14
Kaelizilla,1,13,6,7,-1,0,0,1,-1,14
KenMaster828,1,13,6,7,-1,0,0,1,-1,14
lessglide,1,13,5,8,-3,2,0,1,-1,14
orangesalads,1,13,6,7,-1,0,0,1,-1,14
Remag,1,13,5,8,-3,2,0,1,-1,14
shlockin,1,13,6,7,-1,0,0,1,-1,14
t3kn0_V1KnG,1,13,6,7,-1,0,0,1,-1,14
TaintedRabbit,1,13,6,7,-1,0,0,1,-1,14
thafighta,1,13,6,7,-1,0,0,1,-1,14
TheFreshestSpam,1,13,4,9,-5,4,0,1,-1,14
toomuchsushii,1,13,6,7,-1,0,0,1,-1,14
topaz_5,1,13,6,7,-1,0,0,1,-1,14
CoolGuyUncleDan,2,12,5,7,-2,0,2,2,-2,14
All-is-one,1,13,4,9,-5,3,1,1,-2,14
amberld,1,14,5,9,-4,2,1,0,-2,14
batmanphan,1,13,4,9,-5,3,1,1,-2,14
gawbbloof,1,14,6,8,-2,0,1,0,-2,14
lemre21,1,14,6,8,-2,0,1,0,-2,14
measter85,1,13,4,9,-5,3,1,1,-2,14
MITCHxT,1,13,4,9,-5,3,1,1,-2,14
mycroftx,1,13,4,9,-5,3,1,1,-2,14
nawt-a-bitch,1,14,6,8,-2,0,1,0,-2,14
Shmarshmishma,1,14,6,8,-2,0,1,0,-2,14
SmokethMinePole,1,13,4,9,-5,3,1,1,-2,14
Supertank,1,13,4,9,-5,3,1,1,-2,14
TheOneThatGotAwayy,1,13,4,9,-5,3,1,1,-2,14
Fausto1981,1,13,4,9,-5,3,0,1,-2,14
ghostriderx,1,13,4,9,-5,3,0,1,-2,14
Hoisington,1,13,4,9,-5,3,0,1,-2,14
A7XmanbeaRPiG,1,13,5,8,-3,0,1,1,-3,14
ant1dromic,1,13,5,8,-3,0,1,1,-3,14
antibrian,1,13,5,8,-3,0,1,1,-3,14
AtomicMasses,1,13,5,8,-3,0,1,1,-3,14
benjiballin,1,13,5,8,-3,0,1,1,-3,14
binky22,1,13,4,9,-5,2,1,1,-3,14
bluegrassfan,1,13,5,8,-3,0,1,1,-3,14
bonjojet,1,13,5,8,-3,0,1,1,-3,14
brdmkr13,1,13,5,8,-3,0,1,1,-3,14
cajunbander,1,13,4,9,-5,2,1,1,-3,14
CassiSmiles,1,13,5,8,-3,0,1,1,-3,14
Chendiesel03,1,13,5,8,-3,0,1,1,-3,14
cisco21c,1,13,5,8,-3,0,1,1,-3,14
cmister57,1,13,3,10,-7,4,1,1,-3,14
con_bacon,1,13,5,8,-3,0,1,1,-3,14
D_DUNCANATOR,1,13,5,8,-3,0,1,1,-3,14
daemoninthedark,1,13,5,8,-3,0,1,1,-3,14
Dan_Says,1,13,5,8,-3,0,1,1,-3,14
DapperDinner,1,13,5,8,-3,0,1,1,-3,14
Dday515,1,13,5,8,-3,0,1,1,-3,14
Deadly_Insomniac,1,13,5,8,-3,0,1,1,-3,14
djxfactor306,1,13,5,8,-3,0,1,1,-3,14
DontWetUrself,1,13,3,10,-7,4,1,1,-3,14
Dudeusuck250,1,13,5,8,-3,0,1,1,-3,14
eGTNavySEAL,1,13,4,9,-5,2,1,1,-3,14
emokittens,1,13,5,8,-3,0,1,1,-3,14
Evius,1,13,5,8,-3,0,1,1,-3,14
fg2srt4,1,13,5,8,-3,0,1,1,-3,14
gabe4sure,1,13,4,9,-5,2,1,1,-3,14
ganzta,1,13,5,8,-3,0,1,1,-3,14
GargoyleSparkles,1,13,4,9,-5,2,1,1,-3,14
Happybadger96,1,13,5,8,-3,0,1,1,-3,14
IAmAfter,1,13,5,8,-3,0,1,1,-3,14
JackieLawless,1,13,4,9,-5,2,1,1,-3,14
jadeinabiscuit,1,13,5,8,-3,0,1,1,-3,14
Jgsnowboarder,1,13,5,8,-3,0,1,1,-3,14
Jieuuh,1,13,5,8,-3,0,1,1,-3,14
jordo_s,1,13,5,8,-3,0,1,1,-3,14
kaldra27,1,13,4,9,-5,2,1,1,-3,14
khami,1,13,5,8,-3,0,1,1,-3,14
Kibapon,1,13,4,9,-5,2,1,1,-3,14
killswitchengage,1,13,4,9,-5,2,1,1,-3,14
lance61297,1,13,5,8,-3,0,1,1,-3,14
laurajill13087,1,13,5,8,-3,0,1,1,-3,14
Matildabear,1,13,4,9,-5,2,1,1,-3,14
matt10796,1,13,5,8,-3,0,1,1,-3,14
MichaelWilt25,1,13,4,9,-5,2,1,1,-3,14
Mister_Minister,1,13,5,8,-3,0,1,1,-3,14
MixMasterRudy,1,13,4,9,-5,2,1,1,-3,14
MoltenGold,1,13,5,8,-3,0,1,1,-3,14
MrFulu,1,13,5,8,-3,0,1,1,-3,14
musicplyr,1,13,5,8,-3,0,1,1,-3,14
Nick2the4reaper7,1,13,5,8,-3,0,1,1,-3,14
nodoubt63,1,13,4,9,-5,2,1,1,-3,14
Patsfan92,1,13,4,9,-5,2,1,1,-3,14
Phishfins,1,13,5,8,-3,0,1,1,-3,14
piffiest,1,13,5,8,-3,0,1,1,-3,14
Pondering_Puddle,1,13,5,8,-3,0,1,1,-3,14
PR3VI3W,1,13,5,8,-3,0,1,1,-3,14
puntini,1,13,5,8,-3,0,1,1,-3,14
PurposeFear,1,13,5,8,-3,0,1,1,-3,14
Ragnarokt,1,13,5,8,-3,0,1,1,-3,14
Rainbow_Dashin,1,13,5,8,-3,0,1,1,-3,14
rawwmoan,1,13,4,9,-5,2,1,1,-3,14
ReadingRainbowie,1,13,5,8,-3,0,1,1,-3,14
roccosrant,1,13,5,8,-3,0,1,1,-3,14
Rogue786,1,13,5,8,-3,0,1,1,-3,14
Russian_trafficker,1,13,4,9,-5,2,1,1,-3,14
Sasuage_Roll,1,13,5,8,-3,0,1,1,-3,14
secretsushi,1,13,3,10,-7,4,1,1,-3,14
sethorr2424,1,13,5,8,-3,0,1,1,-3,14
Sloppy310,1,13,5,8,-3,0,1,1,-3,14
smearcase,1,13,5,8,-3,0,1,1,-3,14
sportsman800,1,13,4,9,-5,2,1,1,-3,14
stdanya,1,13,5,8,-3,0,1,1,-3,14
tamnco,1,13,5,8,-3,0,1,1,-3,14
ThestolenToast,1,13,5,8,-3,0,1,1,-3,14
tnewhouse6,1,13,5,8,-3,0,1,1,-3,14
travkram,1,13,5,8,-3,0,1,1,-3,14
tuneznz,1,13,5,8,-3,0,1,1,-3,14
twosev,1,13,5,8,-3,0,1,1,-3,14
WillieMays03,1,13,5,8,-3,0,1,1,-3,14
wombat_kombat,1,13,5,8,-3,0,1,1,-3,14
zachlee2,1,13,5,8,-3,0,1,1,-3,14
Zlatex,1,13,5,8,-3,0,1,1,-3,14
acarvin,1,13,5,8,-3,0,0,1,-3,14
AlataFaChina,1,13,5,8,-3,0,0,1,-3,14
Eskittles,1,13,5,8,-3,0,0,1,-3,14
FieryNugget,1,13,5,8,-3,0,0,1,-3,14
Fillybuster,1,13,5,8,-3,0,0,1,-3,14
HoraceGrowley,1,13,5,8,-3,0,0,1,-3,14
Locklinn,1,13,4,9,-5,2,0,1,-3,14
Maguirrem2010,1,13,5,8,-3,0,0,1,-3,14
Makomac,1,13,5,8,-3,0,0,1,-3,14
MrBanjankri,1,13,4,9,-5,2,0,1,-3,14
murdoch623,1,13,4,9,-5,2,0,1,-3,14
Noobytoe,1,13,5,8,-3,0,0,1,-3,14
Patrick_Kane69,1,13,5,8,-3,0,0,1,-3,14
retsim,1,13,5,8,-3,0,0,1,-3,14
skyyisblack,1,13,5,8,-3,0,0,1,-3,14
SourMilk1220,1,13,5,8,-3,0,0,1,-3,14
Summincool,1,13,4,9,-5,2,0,1,-3,14
Triplett707,1,13,5,8,-3,0,0,1,-3,14
uglypeoplesex,1,13,4,9,-5,2,0,1,-3,14
BKWOP,1,13,3,10,-7,3,1,1,-4,14
danjswade,1,13,3,10,-7,3,1,1,-4,14
HealForAFeel,1,13,3,10,-7,3,1,1,-4,14
Keith_Meat,1,13,3,10,-7,3,1,1,-4,14
ohdalulz,1,13,3,10,-7,3,1,1,-4,14
poopsonkittens,1,13,3,10,-7,3,1,1,-4,14
Ringo6080,1,13,3,10,-7,3,1,1,-4,14
sandman84,1,14,5,9,-4,0,1,0,-4,14
TehEmperorOfLulz,2,12,4,8,-4,0,1,2,-4,14
scandal2ny,1,13,3,10,-7,3,0,1,-4,14
ThisFrigginKiDD,1,13,3,10,-7,3,0,1,-4,14
6milliondollarmon,1,13,4,9,-5,0,1,1,-5,14
allymarie2011,1,13,3,10,-7,2,1,1,-5,14
B0ldly_Going_N0where,1,13,4,9,-5,0,1,1,-5,14
Bigfish01,1,13,4,9,-5,0,1,1,-5,14
BIGMc_LARGEHUGE,1,13,3,10,-7,2,1,1,-5,14
bonerjamz13,1,13,4,9,-5,0,1,1,-5,14
boobadawapadedo,1,13,4,9,-5,0,1,1,-5,14
bw3733,1,13,4,9,-5,0,1,1,-5,14
carlaas,1,13,4,9,-5,0,1,1,-5,14
catlover2016,1,13,4,9,-5,0,1,1,-5,14
DoctorHarrison5,1,13,4,9,-5,0,1,1,-5,14
Doooo_It,1,13,4,9,-5,0,1,1,-5,14
Douchexmachina,1,13,4,9,-5,0,1,1,-5,14
drewruchti,1,13,4,9,-5,0,1,1,-5,14
DVsKat,1,13,4,9,-5,0,1,1,-5,14
fauxbos,1,13,4,9,-5,0,1,1,-5,14
feeish,1,13,4,9,-5,0,1,1,-5,14
foto_roffe,1,13,4,9,-5,0,1,1,-5,14
Germantim,1,13,4,9,-5,0,1,1,-5,14
GrandMasterOch,1,13,4,9,-5,0,1,1,-5,14
gucciloafers,1,13,4,9,-5,0,1,1,-5,14
hawkxcore,1,13,4,9,-5,0,1,1,-5,14
I3addog,1,13,4,9,-5,0,1,1,-5,14
Irishmen,1,13,4,9,-5,0,1,1,-5,14
Just_Another_Lurk,1,13,4,9,-5,0,1,1,-5,14
kasabian1988,1,13,4,9,-5,0,1,1,-5,14
kerserhilltophoods,1,13,4,9,-5,0,1,1,-5,14
ktpryde,1,13,4,9,-5,0,1,1,-5,14
LiquidPhoenix,1,13,4,9,-5,0,1,1,-5,14
Littledude0569,1,13,4,9,-5,0,1,1,-5,14
Loerel,1,13,4,9,-5,0,1,1,-5,14
magnumdopus,1,13,4,9,-5,0,1,1,-5,14
mistakensapien,1,13,4,9,-5,0,1,1,-5,14
mokoshina,1,13,4,9,-5,0,1,1,-5,14
monocentral,1,13,4,9,-5,0,1,1,-5,14
Mothmanx,1,13,4,9,-5,0,1,1,-5,14
Moto77,1,13,4,9,-5,0,1,1,-5,14
MrG0lden,1,13,4,9,-5,0,1,1,-5,14
mynameiskq,1,13,4,9,-5,0,1,1,-5,14
NegativeKarmaHipster,1,13,4,9,-5,0,1,1,-5,14
nic_cages_o_face,1,13,4,9,-5,0,1,1,-5,14
nomad4565,1,13,4,9,-5,0,1,1,-5,14
nurse91,1,13,4,9,-5,0,1,1,-5,14
P_r_d___cc__nt,1,13,4,9,-5,0,1,1,-5,14
passthepaintchips,1,13,4,9,-5,0,1,1,-5,14
Patchoolible,1,13,4,9,-5,0,1,1,-5,14
pburn883,1,13,4,9,-5,0,1,1,-5,14
pompla,1,13,4,9,-5,0,1,1,-5,14
ponchodegenious,1,13,4,9,-5,0,1,1,-5,14
racergr,1,13,4,9,-5,0,1,1,-5,14
reddityoi,1,13,4,9,-5,0,1,1,-5,14
Rekorc,1,14,3,11,-8,3,1,0,-5,14
rocio89,1,13,4,9,-5,0,1,1,-5,14
ryochan11189,1,13,4,9,-5,0,1,1,-5,14
SickasSickCanBe,1,13,4,9,-5,0,1,1,-5,14
slapshot36227,1,13,4,9,-5,0,1,1,-5,14
SomethingSuss,1,13,4,9,-5,0,1,1,-5,14
Speaking-of-segues,1,13,4,9,-5,0,1,1,-5,14
Suelukebr,1,13,4,9,-5,0,1,1,-5,14
terminatorteddy,1,13,4,9,-5,0,1,1,-5,14
ujeezy,1,13,4,9,-5,0,1,1,-5,14
unscanable,1,13,4,9,-5,0,1,1,-5,14
whyapplewhydelilah,1,13,4,9,-5,0,1,1,-5,14
XkEurtknup,1,13,4,9,-5,0,1,1,-5,14
Zambrew,1,13,4,9,-5,0,1,1,-5,14
acecharkie,1,13,4,9,-5,0,0,1,-5,14
AidanChristy,1,13,4,9,-5,0,0,1,-5,14
brave-new-world,1,13,4,9,-5,0,0,1,-5,14
brop162,1,13,4,9,-5,0,0,1,-5,14
bubblesmaster,1,13,4,9,-5,0,0,1,-5,14
Chubberknuckles,1,13,2,11,-9,4,0,1,-5,14
CrimsonKefka,1,13,4,9,-5,0,0,1,-5,14
elroy_jetson,1,13,4,9,-5,0,0,1,-5,14
Ilikefalcons,1,13,3,10,-7,2,0,1,-5,14
Indieguy,1,13,4,9,-5,0,0,1,-5,14
jelliott6,1,13,4,9,-5,0,0,1,-5,14
Kaibunny143,1,13,4,9,-5,0,0,1,-5,14
MrBonfire,1,13,4,9,-5,0,0,1,-5,14
MrIslander,1,13,4,9,-5,0,0,1,-5,14
occupyher,1,13,3,10,-7,2,0,1,-5,14
otterboxes,1,13,4,9,-5,0,0,1,-5,14
r2c3d,1,13,4,9,-5,0,0,1,-5,14
Rivejam,1,13,4,9,-5,0,0,1,-5,14
Satin-Knight,1,13,4,9,-5,0,0,1,-5,14
skocian,1,13,3,10,-7,2,0,1,-5,14
Swancho,1,13,3,10,-7,2,0,1,-5,14
tastosis,1,13,4,9,-5,0,0,1,-5,14
tilhow2reddit,1,13,4,9,-5,0,0,1,-5,14
whistleBlowme,1,13,4,9,-5,0,0,1,-5,14
BrawndoTTM,1,14,4,10,-6,0,1,0,-6,14
Fruitcaik,1,13,2,11,-9,3,1,1,-6,14
nidsjerome,1,14,4,10,-6,0,1,0,-6,14
4thelol,1,13,3,10,-7,0,1,1,-7,14
Armadillobabies,1,13,3,10,-7,0,1,1,-7,14
asharin_bosmer,1,13,2,11,-9,2,1,1,-7,14
BarkongX,1,13,3,10,-7,0,1,1,-7,14
cheerios15,1,13,3,10,-7,0,1,1,-7,14
chipCG,1,13,3,10,-7,0,1,1,-7,14
coachpgoesham,1,13,3,10,-7,0,1,1,-7,14
codemonkey69,1,13,3,10,-7,0,1,1,-7,14
Cosby_Sweater828,1,13,3,10,-7,0,1,1,-7,14
cubbiesbl22,1,13,3,10,-7,0,1,1,-7,14
dapperdapper,1,13,3,10,-7,0,1,1,-7,14
Daybreak108,1,13,3,10,-7,0,1,1,-7,14
DontPressAltF4,1,13,3,10,-7,0,1,1,-7,14
dwagonmommy,1,13,3,10,-7,0,1,1,-7,14
elliottstanger,1,13,3,10,-7,0,1,1,-7,14
FaceOff51,1,13,3,10,-7,0,1,1,-7,14
GiddyWraith,1,13,3,10,-7,0,1,1,-7,14
glacialgeology,1,13,3,10,-7,0,1,1,-7,14
Goodnews28,1,13,3,10,-7,0,1,1,-7,14
IdeoPraxist,1,13,3,10,-7,0,1,1,-7,14
Jackireland247,1,13,3,10,-7,0,1,1,-7,14
jizzontoast,1,13,3,10,-7,0,1,1,-7,14
Jman765,1,13,3,10,-7,0,1,1,-7,14
Karl1996,1,13,3,10,-7,0,1,1,-7,14
KonaCoiler,1,13,3,10,-7,0,1,1,-7,14
lizirene,1,13,3,10,-7,0,1,1,-7,14
Melonzzz,1,13,3,10,-7,0,1,1,-7,14
missamberkolleen,1,13,3,10,-7,0,1,1,-7,14
mortez1,1,13,3,10,-7,0,1,1,-7,14
njcaputo12,1,13,3,10,-7,0,1,1,-7,14
RightThatMakesSense,1,13,3,10,-7,0,1,1,-7,14
roronoazolo,1,13,3,10,-7,0,1,1,-7,14
Shirhan,1,13,3,10,-7,0,1,1,-7,14
shitsfuckedupalot,1,13,3,10,-7,0,1,1,-7,14
skwizzle,1,13,3,10,-7,0,1,1,-7,14
slugbuster,1,13,3,10,-7,0,1,1,-7,14
tescobob,1,13,3,10,-7,0,1,1,-7,14
therockshow269,1,13,3,10,-7,0,1,1,-7,14
tommy12343,1,13,3,10,-7,0,1,1,-7,14
VictusNex,1,13,3,10,-7,0,1,1,-7,14
chsheets89,1,13,3,10,-7,0,0,1,-7,14
I_am_loling,1,13,3,10,-7,0,0,1,-7,14
Jamie--Gib,1,13,3,10,-7,0,0,1,-7,14
lukepakter,1,13,3,10,-7,0,0,1,-7,14
NinjaStain,1,13,3,10,-7,0,0,1,-7,14
Superlimin,1,13,3,10,-7,0,0,1,-7,14
theaggressivenapkin,1,13,3,10,-7,0,0,1,-7,14
travcurtis,1,13,3,10,-7,0,0,1,-7,14
exfarker,1,13,1,12,-11,3,1,1,-8,14
A_Drunken_Koala,1,13,2,11,-9,0,1,1,-9,14
allwombatsday,1,13,2,11,-9,0,1,1,-9,14
OreoDunka,1,13,2,11,-9,0,1,1,-9,14
sam4059,1,13,2,11,-9,0,1,1,-9,14
youngdad33,1,13,2,11,-9,0,0,1,-9,14
fuck_you12,1,13,1,12,-11,0,1,1,-11,14
yellowumbrellaz,1,13,1,12,-11,0,0,1,-11,14
krishunt,1,12,9,3,6,13,1,1,19,13
tywie12,1,12,8,4,4,14,0,1,18,13
poopsnakes,1,12,4,8,-4,21,1,1,17,13
rephlex88,1,12,12,0,12,4,0,1,16,13
griffcon,1,12,10,2,8,7,1,1,15,13
Wilfred_sit,1,13,9,4,5,10,1,0,15,13
commandercookie,1,12,11,1,10,5,0,1,15,13
TheFictionist,1,12,11,1,10,4,1,1,14,13
froallmighty,1,12,10,2,8,6,0,1,14,13
milliardo,1,12,12,0,12,2,0,1,14,13
mathliability,1,13,13,0,13,0,1,0,13,13
mythieb,1,12,10,2,8,5,1,1,13,13
Red_Ace,1,12,9,3,6,7,1,1,13,13
ehird,1,13,13,0,13,0,0,0,13,13
littleday,1,12,9,3,6,7,0,1,13,13
sharksfan408,1,12,11,1,10,3,0,1,13,13
Basil27585,1,12,11,1,10,2,1,1,12,13
Chester_Snapdragon,1,12,10,2,8,4,1,1,12,13
EdgarAlanPwnd,1,12,12,0,12,0,1,1,12,13
eliseg14,1,12,12,0,12,0,1,1,12,13
FractaledJay,1,12,11,1,10,2,1,1,12,13
Hinode,1,12,11,1,10,2,1,1,12,13
LuckyMeeee,1,12,7,5,2,10,1,1,12,13
notmaryrose,1,12,12,0,12,0,1,1,12,13
pythagoras_rex,1,13,11,2,9,3,1,0,12,13
redditorsrgirls,1,12,12,0,12,0,1,1,12,13
salsa_sabrosa,1,12,11,1,10,2,1,1,12,13
ThatIsMyPassword,1,12,12,0,12,0,1,1,12,13
ThatPerson283,1,12,11,1,10,2,1,1,12,13
BadSanta99,1,12,12,0,12,0,0,1,12,13
BeatmyWheat,1,12,11,1,10,2,0,1,12,13
DarthF4der,1,12,10,2,8,4,0,1,12,13
magus0,1,12,10,2,8,4,0,1,12,13
puffypussy,1,12,9,3,6,6,0,1,12,13
super_smart,1,12,12,0,12,0,0,1,12,13
totallyteto,1,12,12,0,12,0,0,1,12,13
tree_dweller,1,12,12,0,12,0,0,1,12,13
Ackmar,1,12,10,2,8,3,1,1,11,13
baby_cakes12,1,13,12,1,11,0,1,0,11,13
Benjamak,1,13,12,1,11,0,1,0,11,13
BossIT9,1,12,7,5,2,9,1,1,11,13
carolcuad,1,13,12,1,11,0,1,0,11,13
DewdSoup,1,12,10,2,8,3,1,1,11,13
faba2990,1,13,12,1,11,0,1,0,11,13
qiezidaifu,1,12,10,2,8,3,1,1,11,13
soondot,1,13,12,1,11,0,1,0,11,13
warpedbritt,1,12,8,4,4,7,1,1,11,13
BindOnAccount,1,12,6,6,0,11,0,1,11,13
dpulliam,1,12,9,3,6,5,0,1,11,13
9460510,1,12,11,1,10,0,1,1,10,13
alpharetroid,1,12,11,1,10,0,1,1,10,13
AmaranthTiger,1,12,11,1,10,0,1,1,10,13
cornwallis1,1,12,11,1,10,0,1,1,10,13
ethangd,1,12,8,4,4,6,1,1,10,13
gwiz665,1,12,11,1,10,0,1,1,10,13
Harofi,1,12,11,1,10,0,1,1,10,13
hinos_ke,1,12,11,1,10,0,1,1,10,13
ImmortalWarrior,1,12,9,3,6,4,1,1,10,13
kookfreestyle,1,12,9,3,6,4,1,1,10,13
mad986,1,12,11,1,10,0,1,1,10,13
MyGooseisLoose,1,12,11,1,10,0,1,1,10,13
Oblimix,1,12,11,1,10,0,1,1,10,13
onejoey,1,12,10,2,8,2,1,1,10,13
Propane,1,12,11,1,10,0,1,1,10,13
psychic_parrots,1,12,10,2,8,2,1,1,10,13
RajanKian,1,12,9,3,6,4,1,1,10,13
scrunz,1,12,10,2,8,2,1,1,10,13
AntiCamper,1,12,11,1,10,0,0,1,10,13
bagboyzx,1,12,11,1,10,0,0,1,10,13
BlawQ,1,12,11,1,10,0,0,1,10,13
Burgerkiin,1,12,11,1,10,0,0,1,10,13
dutchieh,1,12,11,1,10,0,0,1,10,13
infernal_llamas,1,12,11,1,10,0,0,1,10,13
jamiller420,1,12,10,2,8,2,0,1,10,13
Oreokins,2,12,11,1,10,0,0,1,10,13
p0x0rz,1,12,11,1,10,0,0,1,10,13
thorsenize,1,12,11,1,10,0,0,1,10,13
wemtastic,1,12,10,2,8,2,0,1,10,13
yourcitysucks,2,11,9,2,7,3,0,2,10,13
wormyrocks,2,11,9,2,7,2,2,2,9,13
briantheted,1,12,9,3,6,3,1,1,9,13
cruddit,1,13,11,2,9,0,1,0,9,13
Im_still_at_school,1,12,8,4,4,5,1,1,9,13
kballa2,1,12,8,4,4,5,1,1,9,13
NoddingDog,1,12,9,3,6,3,1,1,9,13
ohthisagain,1,13,11,2,9,0,1,0,9,13
ploopers,1,13,11,2,9,0,1,0,9,13
SnarkSnout,1,12,8,4,4,5,1,1,9,13
SpazticSeal_69,1,12,9,3,6,3,1,1,9,13
Theige,1,12,8,4,4,5,1,1,9,13
TuringMachineH,1,13,11,2,9,0,1,0,9,13
vestra3,1,12,9,3,6,3,1,1,9,13
vibui,1,13,11,2,9,0,1,0,9,13
ZackZak30,1,12,7,5,2,7,1,1,9,13
SuperMinion,1,12,9,3,6,3,0,1,9,13
sweetteaaa,1,12,4,8,-4,13,0,1,9,13
acentrella,1,12,7,5,2,6,1,1,8,13
Actually_A_Chick,1,12,10,2,8,0,1,1,8,13
animatedastronaut,1,12,9,3,6,2,1,1,8,13
Anm2k4,1,12,10,2,8,0,1,1,8,13
Aprilfoolsa,1,12,9,3,6,2,1,1,8,13
barrybd,1,12,9,3,6,2,1,1,8,13
blacktalon47,1,12,10,2,8,0,1,1,8,13
Bloomkip,1,12,10,2,8,0,1,1,8,13
ButterfieldGolf,1,12,10,2,8,0,1,1,8,13
cystorm,1,12,10,2,8,0,1,1,8,13
danno1769,1,12,9,3,6,2,1,1,8,13
DillinghamPlace,1,12,10,2,8,0,1,1,8,13
DizeazedFly,1,12,10,2,8,0,1,1,8,13
doyouknowwatiamsayin,1,12,10,2,8,0,1,1,8,13
EcuadorQuality,1,12,8,4,4,4,1,1,8,13
Egan8,1,12,10,2,8,0,1,1,8,13
foreignlauren,1,12,10,2,8,0,1,1,8,13
frickinbears,1,12,10,2,8,0,1,1,8,13
Ghooble,1,12,8,4,4,4,1,1,8,13
gingerage108,1,12,9,3,6,2,1,1,8,13
herpderpness,1,12,10,2,8,0,1,1,8,13
howatkr,1,12,10,2,8,0,1,1,8,13
intelati,1,12,9,3,6,2,1,1,8,13
jethroque,1,12,9,3,6,2,1,1,8,13
Keltik,1,12,9,3,6,2,1,1,8,13
LeviSalt,1,12,8,4,4,4,1,1,8,13
lugasamom,1,12,10,2,8,0,1,1,8,13
NICE_GUY_CUMS_BLOOD,1,12,10,2,8,0,1,1,8,13
normalville,1,12,10,2,8,0,1,1,8,13
PoLaND198,1,12,10,2,8,0,1,1,8,13
ShongoMcForren,1,12,10,2,8,0,1,1,8,13
SidTheSperm,1,12,10,2,8,0,1,1,8,13
skyeleah,1,12,10,2,8,0,1,1,8,13
Squirk0,1,12,9,3,6,2,1,1,8,13
stelioscuntos,1,12,10,2,8,0,1,1,8,13
suptho,1,13,9,4,5,3,1,0,8,13
the747beast,1,12,9,3,6,2,1,1,8,13
ALLLOWERCASE,1,12,10,2,8,0,0,1,8,13
Axc3ss,1,12,8,4,4,4,0,1,8,13
cLIntTheBearded,1,12,8,4,4,4,0,1,8,13
deathbycactus,1,12,10,2,8,0,0,1,8,13
Debbie_Downs,1,12,10,2,8,0,0,1,8,13
ghettokhan,1,12,8,4,4,4,0,1,8,13
grierju,1,12,10,2,8,0,0,1,8,13
k1llallh1pp1es,1,12,10,2,8,0,0,1,8,13
LazarusRises,1,12,10,2,8,0,0,1,8,13
Leahrrr,1,12,9,3,6,2,0,1,8,13
MFWC,1,12,10,2,8,0,0,1,8,13
MyCatisATimeLord,1,12,9,3,6,2,0,1,8,13
NothingCleverAtAll,1,12,10,2,8,0,0,1,8,13
redsterl,1,12,10,2,8,0,0,1,8,13
StanchJam,1,12,10,2,8,0,0,1,8,13
StealAllTheInternets,1,12,10,2,8,0,0,1,8,13
the_flynn,2,12,10,2,8,0,0,1,8,13
veintisiete,1,12,10,2,8,0,0,1,8,13
walkingdead32,1,12,10,2,8,0,0,1,8,13
Baned0n,2,11,8,3,5,2,2,2,7,13
mitchman74,2,11,9,2,7,0,2,2,7,13
A_Hell_7_Fire_X,1,12,7,5,2,5,1,1,7,13
addedpulp,1,12,5,7,-2,9,1,1,7,13
ArcticChimp,1,12,8,4,4,3,1,1,7,13
borromakot,1,12,8,4,4,3,1,1,7,13
camilstoenescu,1,13,10,3,7,0,1,0,7,13
HarryHoodisGood,1,12,8,4,4,3,1,1,7,13
karsestar,1,12,8,4,4,3,1,1,7,13
kubabubba,1,12,8,4,4,3,1,1,7,13
littlespeck,1,12,8,4,4,3,1,1,7,13
lubita14,1,12,8,4,4,3,1,1,7,13
nuke_deal,1,12,7,5,2,5,1,1,7,13
redbaron666,1,12,7,5,2,5,1,1,7,13
sleepynow,1,13,8,5,3,4,1,0,7,13
slideyep,1,12,7,5,2,5,1,1,7,13
TakaKe,1,12,7,5,2,5,1,1,7,13
vitaminrad,1,12,8,4,4,3,1,1,7,13
YakkManKushPudding,1,13,10,3,7,0,1,0,7,13
6tothemax,1,12,8,4,4,3,0,1,7,13
comrh,1,12,8,4,4,3,0,1,7,13
goonbox,1,12,8,4,4,3,0,1,7,13
hbdamien2011,1,12,6,6,0,7,0,1,7,13
JohnEGeostigma,1,12,8,4,4,3,0,1,7,13
ladiesworld,1,12,8,4,4,3,0,1,7,13
Lestefania,1,12,7,5,2,5,0,1,7,13
moos3man,1,12,5,7,-2,9,0,1,7,13
nemaramen,1,12,6,6,0,7,0,1,7,13
queenofrad,1,12,7,5,2,5,0,1,7,13
stormin_norman138,1,12,7,5,2,5,0,1,7,13
ThatKidLix,2,11,7,4,3,4,0,2,7,13
According_To_Me,1,12,8,4,4,2,1,1,6,13
aghman,1,12,9,3,6,0,1,1,6,13
AMagicNarwhal,1,12,9,3,6,0,1,1,6,13
Anthropomorphico,1,12,9,3,6,0,1,1,6,13
BeastlyStudMuffin,1,12,8,4,4,2,1,1,6,13
ben0211,1,12,9,3,6,0,1,1,6,13
BigRojo,1,12,9,3,6,0,1,1,6,13
BigWooly1013,1,12,5,7,-2,8,1,1,6,13
Brickhaas,1,12,8,4,4,2,1,1,6,13
CaptainMudButt,1,12,9,3,6,0,1,1,6,13
civilian_pr0ject,1,12,7,5,2,4,1,1,6,13
cookienorth,1,12,9,3,6,0,1,1,6,13
CtrlAltDesu,1,13,7,6,1,5,1,0,6,13
DarthWho93,1,12,9,3,6,0,1,1,6,13
deanoau,1,12,9,3,6,0,1,1,6,13
Dhuggs,1,12,8,4,4,2,1,1,6,13
dizzle18,1,12,9,3,6,0,1,1,6,13
eggshapedtoiletpaper,1,12,7,5,2,4,1,1,6,13
eorld,1,12,6,6,0,6,1,1,6,13
eyeheartyou,1,12,8,4,4,2,1,1,6,13
grapeallday,1,12,8,4,4,2,1,1,6,13
GreenSteel,1,12,8,4,4,2,1,1,6,13
Hastyr,1,12,5,7,-2,8,1,1,6,13
HerbAsher1618,1,12,9,3,6,0,1,1,6,13
HoldFastSailorJerry,1,12,9,3,6,0,1,1,6,13
hollaplaya,1,12,9,3,6,0,1,1,6,13
hotsauce69247,1,12,9,3,6,0,1,1,6,13
humblebost,1,12,8,4,4,2,1,1,6,13
igetweird,1,12,8,4,4,2,1,1,6,13
IKnowHuh,1,13,8,5,3,3,1,0,6,13
JohnAudette,1,12,9,3,6,0,1,1,6,13
KC77,1,12,9,3,6,0,1,1,6,13
Kirbyfree,1,12,9,3,6,0,1,1,6,13
Kpedro1991,1,12,9,3,6,0,1,1,6,13
LogicFlakes,1,12,7,5,2,4,1,1,6,13
Meandmynuts,1,12,8,4,4,2,1,1,6,13
MegaPower124,1,12,8,4,4,2,1,1,6,13
mesonoxian_,1,12,9,3,6,0,1,1,6,13
mr_blue_penguin,1,12,9,3,6,0,1,1,6,13
nicknack1016,1,12,9,3,6,0,1,1,6,13
NYGHTLY,1,12,9,3,6,0,1,1,6,13
OpaBurrito,1,12,7,5,2,4,1,1,6,13
overpain,1,12,9,3,6,0,1,1,6,13
Postlurkial_times,1,12,9,3,6,0,1,1,6,13
Quangaroo,1,12,9,3,6,0,1,1,6,13
randomgamerfreak,1,12,8,4,4,2,1,1,6,13
redtuna,1,12,9,3,6,0,1,1,6,13
Rick_dangerously,1,12,9,3,6,0,1,1,6,13
SolidFlow,1,12,9,3,6,0,1,1,6,13
Sora107,1,12,9,3,6,0,1,1,6,13
StartSelect,1,12,7,5,2,4,1,1,6,13
swood514,1,12,9,3,6,0,1,1,6,13
teh_spazz,1,12,9,3,6,0,1,1,6,13
TheHoon,1,12,8,4,4,2,1,1,6,13
TheSwartz,1,12,9,3,6,0,1,1,6,13
TheTician,1,12,9,3,6,0,1,1,6,13
Twixxxxxxxx,1,12,7,5,2,4,1,1,6,13
wanderlustgizmo,1,12,8,4,4,2,1,1,6,13
webrebates,1,12,9,3,6,0,1,1,6,13
whale_pubes,1,12,9,3,6,0,1,1,6,13
YOU_ANGER_THE_VAG,1,12,7,5,2,4,1,1,6,13
Badface,1,12,8,4,4,2,0,1,6,13
BelGareth,1,12,9,3,6,0,0,1,6,13
bmosky,1,12,8,4,4,2,0,1,6,13
bobsaget112,1,12,7,5,2,4,0,1,6,13
cana-dan,1,12,9,3,6,0,0,1,6,13
chickadee428,1,12,9,3,6,0,0,1,6,13
CravenMerrill,1,12,9,3,6,0,0,1,6,13
Epic-Josh,1,12,7,5,2,4,0,1,6,13
Finn_M,1,12,9,3,6,0,0,1,6,13
GreyMatter22,1,12,9,3,6,0,0,1,6,13
jimmyjudgesyou,1,12,6,6,0,6,0,1,6,13
JimmyM0240,1,12,8,4,4,2,0,1,6,13
Keaton4494,1,12,8,4,4,2,0,1,6,13
LetsTalkAboutSects,1,12,7,5,2,4,0,1,6,13
Morrizc,1,12,9,3,6,0,0,1,6,13
nhgaudreau,1,12,9,3,6,0,0,1,6,13
ohnowaititscool,1,12,9,3,6,0,0,1,6,13
peaceman582,1,12,9,3,6,0,0,1,6,13
Rezlar,1,12,8,4,4,2,0,1,6,13
Spreyy,1,12,9,3,6,0,0,1,6,13
subie_05,1,12,9,3,6,0,0,1,6,13
SummerRoses,1,12,9,3,6,0,0,1,6,13
swirvgucci,1,12,9,3,6,0,0,1,6,13
TheFunnyBang,1,12,9,3,6,0,0,1,6,13
thugl1f3,1,12,9,3,6,0,0,1,6,13
unbwogable,1,12,8,4,4,2,0,1,6,13
Whatonearth1991,1,12,9,3,6,0,0,1,6,13
AC-asdeaa-m,1,12,7,5,2,3,1,1,5,13
brianmichaelhd,1,13,8,5,3,2,1,0,5,13
Freezlund,1,13,7,6,1,4,1,0,5,13
h2ozo,1,12,7,5,2,3,1,1,5,13
kil_2k,1,12,4,8,-4,9,1,1,5,13
lanimirchtooms,1,12,7,5,2,3,1,1,5,13
lilyisatiger,1,12,7,5,2,3,1,1,5,13
ManateeKing,1,13,9,4,5,0,1,0,5,13
mmsk123,1,12,7,5,2,3,1,1,5,13
RatedR4Rudy,1,12,7,5,2,3,1,1,5,13
rocks1ar,2,11,7,4,3,2,1,2,5,13
sarpedonx,1,12,6,6,0,5,1,1,5,13
seanabel,1,12,6,6,0,5,1,1,5,13
sharpstyx,1,13,9,4,5,0,1,0,5,13
sidianmsjones,1,12,7,5,2,3,1,1,5,13
smingram,1,13,9,4,5,0,1,0,5,13
SpiffyShindigs,1,13,7,6,1,4,1,0,5,13
Sudden_Psychopath,1,12,7,5,2,3,1,1,5,13
AmyThree,1,12,7,5,2,3,0,1,5,13
Blind_Architect,1,12,7,5,2,3,0,1,5,13
Ging3rPrime,1,12,7,5,2,3,0,1,5,13
gobble7gobble7,1,12,7,5,2,3,0,1,5,13
greaseballheaven,1,12,7,5,2,3,0,1,5,13
peva,1,12,4,8,-4,9,0,1,5,13
thecalamityman,1,12,7,5,2,3,0,1,5,13
TheMetalPotato,1,12,7,5,2,3,0,1,5,13
nm0s,2,11,6,5,1,3,2,2,4,13
agentinfo,1,12,8,4,4,0,1,1,4,13
alexmat,1,12,6,6,0,4,1,1,4,13
allhailsanta,1,12,8,4,4,0,1,1,4,13
angelmusikal,1,12,8,4,4,0,1,1,4,13
arya_1120,1,12,8,4,4,0,1,1,4,13
Baileylabs,1,12,8,4,4,0,1,1,4,13
basilisk_00,1,12,8,4,4,0,1,1,4,13
BBQSuperMelt,1,12,7,5,2,2,1,1,4,13
beyond_cake_and_lie,1,12,6,6,0,4,1,1,4,13
bnh16,1,12,7,5,2,2,1,1,4,13
brianghanda,1,12,8,4,4,0,1,1,4,13
BuddyleeR,1,12,7,5,2,2,1,1,4,13
buttnectar,1,12,8,4,4,0,1,1,4,13
CanofPandas,1,12,8,4,4,0,1,1,4,13
chowtime1993,1,12,8,4,4,0,1,1,4,13
cuteTiger,1,12,8,4,4,0,1,1,4,13
cyberal_20,1,12,6,6,0,4,1,1,4,13
dabears84,1,12,7,5,2,2,1,1,4,13
Deanz,1,12,8,4,4,0,1,1,4,13
Dissidius,1,12,8,4,4,0,1,1,4,13
Duhcoolasiankid,1,12,8,4,4,0,1,1,4,13
eucah,1,12,8,4,4,0,1,1,4,13
Evanescene6,1,12,8,4,4,0,1,1,4,13
expert_mode,1,12,8,4,4,0,1,1,4,13
flightless__bird,1,12,7,5,2,2,1,1,4,13
fobindianman,1,12,7,5,2,2,1,1,4,13
fuckjimmy,1,12,8,4,4,0,1,1,4,13
futuredan,1,12,8,4,4,0,1,1,4,13
Gibbonja,1,12,6,6,0,4,1,1,4,13
God-is-an-astronaut,1,12,8,4,4,0,1,1,4,13
gowompwomp,1,12,6,6,0,4,1,1,4,13
homeless_man_jogging,1,12,8,4,4,0,1,1,4,13
hon371,1,12,8,4,4,0,1,1,4,13
Hoosier_Jones,1,12,7,5,2,2,1,1,4,13
JalanarToker,1,12,8,4,4,0,1,1,4,13
Jay_rock,1,12,7,5,2,2,1,1,4,13
jaybee18,1,12,8,4,4,0,1,1,4,13
JazSemJulia,1,12,7,5,2,2,1,1,4,13
jerk_van_face,1,12,7,5,2,2,1,1,4,13
jessebc,1,12,7,5,2,2,1,1,4,13
Jesselivermore,1,12,7,5,2,2,1,1,4,13
Jumper8,1,12,8,4,4,0,1,1,4,13
kloomage,1,12,8,4,4,0,1,1,4,13
Krazyfart,1,12,8,4,4,0,1,1,4,13
leoie,1,12,8,4,4,0,1,1,4,13
lol2U,1,12,8,4,4,0,1,1,4,13
madamcuttleshock,1,12,7,5,2,2,1,1,4,13
Masuchievo,1,12,8,4,4,0,1,1,4,13
mballack91,1,12,7,5,2,2,1,1,4,13
MCSpee,1,12,6,6,0,4,1,1,4,13
MeSoKarma,1,12,8,4,4,0,1,1,4,13
michaelkraz,1,12,8,4,4,0,1,1,4,13
misspinaberry,1,12,8,4,4,0,1,1,4,13
Mitchgoblue,1,12,8,4,4,0,1,1,4,13
nesnum,1,12,8,4,4,0,1,1,4,13
Nethervex,1,12,8,4,4,0,1,1,4,13
niperwiper,1,12,8,4,4,0,1,1,4,13
Nutella_lover,1,12,8,4,4,0,1,1,4,13
olagon,1,12,8,4,4,0,1,1,4,13
penguinkitten,1,12,5,7,-2,6,1,1,4,13
PerfectlyDarkTails,1,12,8,4,4,0,1,1,4,13
phillychees10,1,12,8,4,4,0,1,1,4,13
Photog_guy,1,12,8,4,4,0,1,1,4,13
pinebanana,1,12,8,4,4,0,1,1,4,13
pixilizi,1,12,8,4,4,0,1,1,4,13
pnut_butter_jelly,1,12,8,4,4,0,1,1,4,13
pwncakesneggs,1,12,8,4,4,0,1,1,4,13
pyroclastic_viking,1,12,8,4,4,0,1,1,4,13
rebeccaAintBlack,1,12,8,4,4,0,1,1,4,13
rebmemerem,1,12,8,4,4,0,1,1,4,13
Redditor965,1,12,6,6,0,4,1,1,4,13
rickfrankenthal,1,12,6,6,0,4,1,1,4,13
Robotsadog,1,12,7,5,2,2,1,1,4,13
s_racer2003,1,12,8,4,4,0,1,1,4,13
SaganOne,1,12,6,6,0,4,1,1,4,13
saganrules,1,12,8,4,4,0,1,1,4,13
sagivh,1,12,8,4,4,0,1,1,4,13
Stormtrumper,1,12,7,5,2,2,1,1,4,13
TheCrzyMan,1,12,8,4,4,0,1,1,4,13
TheDalkingWead,1,12,7,5,2,2,1,1,4,13
TheWorstPossibleName,1,12,8,4,4,0,1,1,4,13
Timcast,1,12,7,5,2,2,1,1,4,13
VazDaSpazz,1,12,8,4,4,0,1,1,4,13
Wakeless_Jake,1,12,8,4,4,0,1,1,4,13
wickens89,1,12,8,4,4,0,1,1,4,13
xxajt1,1,12,8,4,4,0,1,1,4,13
YaUsedMeSkinner,1,12,7,5,2,2,1,1,4,13
Zan_is_Amazing,1,12,8,4,4,0,1,1,4,13
amaurer3210,1,12,8,4,4,0,0,1,4,13
AMightySandwich,1,12,8,4,4,0,0,1,4,13
anteup24,1,12,7,5,2,2,0,1,4,13
BitchPleaseImaNinja,1,12,8,4,4,0,0,1,4,13
bloodrocute,1,12,8,4,4,0,0,1,4,13
Canners,1,12,8,4,4,0,0,1,4,13
catnip83,1,12,8,4,4,0,0,1,4,13
covertmoose007,1,12,8,4,4,0,0,1,4,13
CrispyJoe,1,12,8,4,4,0,0,1,4,13
DallyJaxson,1,12,8,4,4,0,0,1,4,13
dan420,1,12,8,4,4,0,0,1,4,13
delubs,1,12,6,6,0,4,0,1,4,13
DemetriMartin,1,12,8,4,4,0,0,1,4,13
Djcrowhurst,1,12,7,5,2,2,0,1,4,13
drill_hands_420,1,12,7,5,2,2,0,1,4,13
ENRAGED_DINGO,1,12,8,4,4,0,0,1,4,13
Gdott,1,12,5,7,-2,6,0,1,4,13
Geoffbernier,1,12,8,4,4,0,0,1,4,13
INFIDELicious45,1,12,6,6,0,4,0,1,4,13
jechtsphere,1,12,8,4,4,0,0,1,4,13
Kaderade13,1,12,8,4,4,0,0,1,4,13
kplb,1,12,8,4,4,0,0,1,4,13
LaKree,1,12,8,4,4,0,0,1,4,13
lolerr,1,12,8,4,4,0,0,1,4,13
MrNoob1157,1,12,8,4,4,0,0,1,4,13
Neilas,1,12,8,4,4,0,0,1,4,13
Neskuaxa,1,12,8,4,4,0,0,1,4,13
Omgitsgunz,1,12,8,4,4,0,0,1,4,13
opiv,1,12,8,4,4,0,0,1,4,13
pisspantsing,1,12,8,4,4,0,0,1,4,13
Playdoh12,1,12,8,4,4,0,0,1,4,13
quesos_18,1,12,8,4,4,0,0,1,4,13
RepostFaggot,1,12,8,4,4,0,0,1,4,13
Shaboubalah,1,12,8,4,4,0,0,1,4,13
Simbaaaaaaa,1,12,8,4,4,0,0,1,4,13
SlayerXD001,1,12,7,5,2,2,0,1,4,13
StewyIsCool,1,12,8,4,4,0,0,1,4,13
the1strussian,1,12,8,4,4,0,0,1,4,13
TheCrazyCamel,1,12,8,4,4,0,0,1,4,13
xakryn,1,12,7,5,2,2,0,1,4,13
Zipable,1,12,8,4,4,0,0,1,4,13
CatWizard,1,12,6,6,0,3,1,1,3,13
davidwayne24,1,13,8,5,3,0,1,0,3,13
EternallyXIII,2,11,7,4,3,0,1,2,3,13
fionacinderella,1,13,6,7,-1,4,1,0,3,13
IAmNotASmartMan,1,13,8,5,3,0,1,0,3,13
mrcheyl,1,13,5,8,-3,6,1,0,3,13
Mxblinkday,1,13,8,5,3,0,1,0,3,13
natethegreat109,1,12,5,7,-2,5,1,1,3,13
ONE_BY_ONE,1,12,6,6,0,3,1,1,3,13
sahunt55,1,12,6,6,0,3,1,1,3,13
Slutallitits,1,12,5,7,-2,5,1,1,3,13
TbanksIV,1,12,6,6,0,3,1,1,3,13
tjmmotox,2,11,7,4,3,0,1,2,3,13
Whodatjedi5,1,13,8,5,3,0,1,0,3,13
carlito99,1,12,6,6,0,3,0,1,3,13
Daeldra,1,12,5,7,-2,5,0,1,3,13
Flippydoo,1,12,6,6,0,3,0,1,3,13
gorillaz2389,1,12,6,6,0,3,0,1,3,13
HoneyBadgers_Forever,2,11,6,5,1,2,0,2,3,13
InflamedMonkeyButts,1,13,8,5,3,0,0,0,3,13
Naveington,1,12,5,7,-2,5,0,1,3,13
obscene_banana,1,12,6,6,0,3,0,1,3,13
wally_z,1,12,6,6,0,3,0,1,3,13
Wuolle,1,12,6,6,0,3,0,1,3,13
0drew0,1,12,7,5,2,0,1,1,2,13
4ndr3wl,1,12,7,5,2,0,1,1,2,13
ahholden,1,12,7,5,2,0,1,1,2,13
ak71189,1,12,7,5,2,0,1,1,2,13
Alexthegreatbelgian,1,12,7,5,2,0,1,1,2,13
an0n9,1,12,7,5,2,0,1,1,2,13
annjellicle,1,12,7,5,2,0,1,1,2,13
arhorne,1,12,7,5,2,0,1,1,2,13
ariqpwn,1,12,6,6,0,2,1,1,2,13
astappaerts,1,12,7,5,2,0,1,1,2,13
Badminton,1,12,7,5,2,0,1,1,2,13
bangthedopplegang,1,12,7,5,2,0,1,1,2,13
BauceSauce321,1,12,7,5,2,0,1,1,2,13
Blandfrw,1,12,7,5,2,0,1,1,2,13
blastimir,1,12,5,7,-2,4,1,1,2,13
Bluedoggeh,1,12,7,5,2,0,1,1,2,13
brendonio5280,1,12,7,5,2,0,1,1,2,13
Byepolairbear,1,12,7,5,2,0,1,1,2,13
Chzbrgrs,1,12,7,5,2,0,1,1,2,13
diehardcubforever,1,12,7,5,2,0,1,1,2,13
dogfriend,1,12,7,5,2,0,1,1,2,13
Drwalrusbacon,1,12,7,5,2,0,1,1,2,13
el_tricky,1,12,7,5,2,0,1,1,2,13
EveryWind,1,12,5,7,-2,4,1,1,2,13
Finnishalzheimerskid,1,12,7,5,2,0,1,1,2,13
fistfightingthefog,1,12,7,5,2,0,1,1,2,13
Freethought923,1,12,7,5,2,0,1,1,2,13
Furidasu,1,12,7,5,2,0,1,1,2,13
Ganondorf66,1,12,7,5,2,0,1,1,2,13
garykainz,1,12,7,5,2,0,1,1,2,13
gasguzzler99,1,12,7,5,2,0,1,1,2,13
georgy11,1,12,7,5,2,0,1,1,2,13
ghostofpicasso,1,12,7,5,2,0,1,1,2,13
Godmcgod,1,12,7,5,2,0,1,1,2,13
gourmetburger,1,12,7,5,2,0,1,1,2,13
hardboiled13,1,12,7,5,2,0,1,1,2,13
hella_eloquent,1,12,7,5,2,0,1,1,2,13
HelplessDrunkenHorse,1,12,5,7,-2,4,1,1,2,13
HerbalCamel,1,12,7,5,2,0,1,1,2,13
hokieod,1,12,7,5,2,0,1,1,2,13
iangary619,1,12,7,5,2,0,1,1,2,13
illability,1,12,7,5,2,0,1,1,2,13
inaariana,1,12,7,5,2,0,1,1,2,13
Irrelevance7,1,12,7,5,2,0,1,1,2,13
itsjohn56,1,12,7,5,2,0,1,1,2,13
JayPetey,1,12,7,5,2,0,1,1,2,13
J-Fresh,1,12,7,5,2,0,1,1,2,13
JonnyRadical,1,12,7,5,2,0,1,1,2,13
justanothertut,1,12,7,5,2,0,1,1,2,13
JWander,1,12,7,5,2,0,1,1,2,13
KiD_GriMM,1,12,7,5,2,0,1,1,2,13
kneticz,1,12,7,5,2,0,1,1,2,13
Levitating_Walrus,1,12,6,6,0,2,1,1,2,13
lionsgoalie,1,12,7,5,2,0,1,1,2,13
liz4931,1,12,6,6,0,2,1,1,2,13
mahelke,1,12,7,5,2,0,1,1,2,13
mainegooner,1,12,7,5,2,0,1,1,2,13
MaskingSmiles,1,12,7,5,2,0,1,1,2,13
mdeeemer,1,12,7,5,2,0,1,1,2,13
nefertooty,1,12,6,6,0,2,1,1,2,13
nismomonkey,1,12,3,9,-6,8,1,1,2,13
nulleureka,1,12,7,5,2,0,1,1,2,13
Penguinz90,1,12,6,6,0,2,1,1,2,13
pimpin_cowboy,1,12,5,7,-2,4,1,1,2,13
PiratesOfAwesomeness,1,12,7,5,2,0,1,1,2,13
PlayNimbus,1,12,7,5,2,0,1,1,2,13
pleasemindthegap,1,12,7,5,2,0,1,1,2,13
PolishedBrass,1,12,7,5,2,0,1,1,2,13
Professor_Genius,1,12,7,5,2,0,1,1,2,13
Puppy-Love,1,12,7,5,2,0,1,1,2,13
redaa,1,12,7,5,2,0,1,1,2,13
Reddevil313,1,12,7,5,2,0,1,1,2,13
RedExorcist,1,12,7,5,2,0,1,1,2,13
s0mexguy,1,12,7,5,2,0,1,1,2,13
sammer87,1,12,6,6,0,2,1,1,2,13
shelbytheworm,1,12,7,5,2,0,1,1,2,13
sint0xicateme,1,12,7,5,2,0,1,1,2,13
Slutty_McFuck_Face,1,12,7,5,2,0,1,1,2,13
Spanktervision,1,12,7,5,2,0,1,1,2,13
stopinthenameofpants,1,12,7,5,2,0,1,1,2,13
Sutherlandtech,1,12,7,5,2,0,1,1,2,13
SWEPOW,1,12,7,5,2,0,1,1,2,13
talkaboom,1,12,5,7,-2,4,1,1,2,13
Tfritzinger15,1,12,7,5,2,0,1,1,2,13
Thohi,1,12,7,5,2,0,1,1,2,13
thorns0014,1,12,6,6,0,2,1,1,2,13
TTPKacey,1,12,7,5,2,0,1,1,2,13
UncleJuicy,1,12,7,5,2,0,1,1,2,13
UndeadPriest,1,12,6,6,0,2,1,1,2,13
vinspiration,1,12,7,5,2,0,1,1,2,13
wooferfish,1,12,6,6,0,2,1,1,2,13
Yegie,1,12,7,5,2,0,1,1,2,13
yotujonoo,1,12,7,5,2,0,1,1,2,13
Amathev,1,12,7,5,2,0,0,1,2,13
Bhangbhangduc,1,12,7,5,2,0,0,1,2,13
bleedblue16,1,12,7,5,2,0,0,1,2,13
effingcharcoal,1,12,7,5,2,0,0,1,2,13
elvesandnutella,1,12,7,5,2,0,0,1,2,13
fr0wneyface,1,12,6,6,0,2,0,1,2,13
FrquentFlyr85,1,12,6,6,0,2,0,1,2,13
FunnyFalcon,1,12,7,5,2,0,0,1,2,13
GeneralJPatts,1,12,7,5,2,0,0,1,2,13
HamsterBoo,1,12,7,5,2,0,0,1,2,13
JabbaTheButt16,1,12,7,5,2,0,0,1,2,13
jekelly07,1,12,7,5,2,0,0,1,2,13
mistidoi,1,12,7,5,2,0,0,1,2,13
mrsthranduilsion,1,12,7,5,2,0,0,1,2,13
oomio10,1,12,7,5,2,0,0,1,2,13
P3DR095,1,12,7,5,2,0,0,1,2,13
PatchStevens,1,12,7,5,2,0,0,1,2,13
pavementjive,1,12,7,5,2,0,0,1,2,13
Promeus,1,12,7,5,2,0,0,1,2,13
Redditaccount512,1,12,7,5,2,0,0,1,2,13
ru-clark,1,12,6,6,0,2,0,1,2,13
the_djeb,1,12,7,5,2,0,0,1,2,13
thehickies25,1,12,7,5,2,0,0,1,2,13
trollfriend,1,12,6,6,0,2,0,1,2,13
Ulfiboi,1,12,6,6,0,2,0,1,2,13
urjr8891,1,12,7,5,2,0,0,1,2,13
Vergil25,1,12,7,5,2,0,0,1,2,13
WCPointer,1,12,6,6,0,2,0,1,2,13
wisdom_of_pancakes,1,12,7,5,2,0,0,1,2,13
xPye,1,12,7,5,2,0,0,1,2,13
Gam3rbl00d,2,11,6,5,1,0,2,2,1,13
BRNXB0MBERS,1,12,4,8,-4,5,1,1,1,13
DannyBiker,1,12,4,8,-4,5,1,1,1,13
emperor_nerd,1,13,7,6,1,0,1,0,1,13
EthanGrimes,1,12,5,7,-2,3,1,1,1,13
gatsby365,1,13,7,6,1,0,1,0,1,13
JBFXPope,1,12,5,7,-2,3,1,1,1,13
jfa28,1,12,5,7,-2,3,1,1,1,13
Super_woodman,1,12,5,7,-2,3,1,1,1,13
tehSQUEE,1,12,5,7,-2,3,1,1,1,13
The_Great_Cucumber,1,13,7,6,1,0,1,0,1,13
themalellama,1,12,5,7,-2,3,1,1,1,13
brownshirleytemple,1,13,7,6,1,0,0,0,1,13
DoubleAustin,1,12,5,7,-2,3,0,1,1,13
jasonk11,1,12,5,7,-2,3,0,1,1,13
jbonex,1,12,5,7,-2,3,0,1,1,13
941626460,1,12,6,6,0,0,1,1,0,13
AbruptionDoctrine,1,12,6,6,0,0,1,1,0,13
acuna123,1,12,6,6,0,0,1,1,0,13
aengelpxl,1,12,6,6,0,0,1,1,0,13
arbitrary516,1,12,6,6,0,0,1,1,0,13
badredditjoker,1,12,6,6,0,0,1,1,0,13
Balles,1,12,5,7,-2,2,1,1,0,13
bballrocks245,1,12,6,6,0,0,1,1,0,13
cdepatie,1,12,6,6,0,0,1,1,0,13
danthemanwiththeplan,1,12,6,6,0,0,1,1,0,13
dcoats86,1,12,6,6,0,0,1,1,0,13
dcthatch,1,12,6,6,0,0,1,1,0,13
declanharkin,1,12,6,6,0,0,1,1,0,13
Defyingnoodles,1,12,6,6,0,0,1,1,0,13
Dovregubben,1,12,6,6,0,0,1,1,0,13
Dubzillaaa,1,12,5,7,-2,2,1,1,0,13
EngineeringMuscle,1,12,6,6,0,0,1,1,0,13
Fatalblade015,1,12,5,7,-2,2,1,1,0,13
FeaRedStRiiDeR,1,12,5,7,-2,2,1,1,0,13
flying_dutchmaster,1,12,5,7,-2,2,1,1,0,13
freakball,1,12,5,7,-2,2,1,1,0,13
Fudgy45,1,12,6,6,0,0,1,1,0,13
gold003,1,12,6,6,0,0,1,1,0,13
GossipOutsider,1,12,5,7,-2,2,1,1,0,13
grgcucu,1,12,6,6,0,0,1,1,0,13
haveagoodone,1,12,6,6,0,0,1,1,0,13
heliumcraft,1,12,6,6,0,0,1,1,0,13
HeroOfTime1987,1,12,5,7,-2,2,1,1,0,13
highlydoubtthat,1,12,4,8,-4,4,1,1,0,13
Hope_its_a_fart,1,12,6,6,0,0,1,1,0,13
HystericalAndUseless,1,12,6,6,0,0,1,1,0,13
IameAuhSomme,1,12,5,7,-2,2,1,1,0,13
iceviking,1,12,6,6,0,0,1,1,0,13
IcySeal,1,12,6,6,0,0,1,1,0,13
ImThatGuyYouKnow,1,12,6,6,0,0,1,1,0,13
InconspicuousMe,1,12,6,6,0,0,1,1,0,13
jaha1910,1,12,5,7,-2,2,1,1,0,13
jamers89000,1,12,6,6,0,0,1,1,0,13
jcurtis44,1,12,6,6,0,0,1,1,0,13
jessebanjo,1,12,4,8,-4,4,1,1,0,13
jhawker918,1,12,6,6,0,0,1,1,0,13
JJ1650,1,12,6,6,0,0,1,1,0,13
jkissl,1,12,6,6,0,0,1,1,0,13
JoePurdy,1,12,6,6,0,0,1,1,0,13
Joseman34,1,12,5,7,-2,2,1,1,0,13
jukejointjezabel,1,12,6,6,0,0,1,1,0,13
kainer211,1,12,6,6,0,0,1,1,0,13
kranium90,1,12,6,6,0,0,1,1,0,13
LordVald,1,12,4,8,-4,4,1,1,0,13
madhi19,1,12,6,6,0,0,1,1,0,13
make_me_squirtle,1,12,6,6,0,0,1,1,0,13
marauder3058,1,12,4,8,-4,4,1,1,0,13
MauveAvengerV,1,12,6,6,0,0,1,1,0,13
mazmrini,1,12,5,7,-2,2,1,1,0,13
metallica3790,1,12,6,6,0,0,1,1,0,13
MFLBsublime,1,12,6,6,0,0,1,1,0,13
Mike1479,1,12,6,6,0,0,1,1,0,13
molldawg,1,12,5,7,-2,2,1,1,0,13
muellzy,1,12,6,6,0,0,1,1,0,13
N3ight,1,12,5,7,-2,2,1,1,0,13
N7_Shepard,1,12,6,6,0,0,1,1,0,13
naalie,1,12,6,6,0,0,1,1,0,13
Nosolution_noproblem,1,12,6,6,0,0,1,1,0,13
nsotell,1,12,5,7,-2,2,1,1,0,13
obeymynature,1,12,6,6,0,0,1,1,0,13
Phoenix_21,1,12,5,7,-2,2,1,1,0,13
Psych_14,1,12,5,7,-2,2,1,1,0,13
r1ckYyFACE,1,12,6,6,0,0,1,1,0,13
Ray8157,1,12,6,6,0,0,1,1,0,13
riot123123,1,12,4,8,-4,4,1,1,0,13
ronconcoca,1,12,6,6,0,0,1,1,0,13
rwakey14,1,12,6,6,0,0,1,1,0,13
rwarner13,1,12,4,8,-4,4,1,1,0,13
scorntwist,1,12,5,7,-2,2,1,1,0,13
singularlydatarific,1,12,6,6,0,0,1,1,0,13
sipme,2,12,4,8,-4,4,1,1,0,13
SolaeD,1,12,6,6,0,0,1,1,0,13
sparrowlooksup,1,12,5,7,-2,2,1,1,0,13
Spraky23,1,13,5,8,-3,3,1,0,0,13
stunash01,1,12,5,7,-2,2,1,1,0,13
SunnyHaze,1,12,5,7,-2,2,1,1,0,13
super_guay,1,12,5,7,-2,2,1,1,0,13
superflous_dirigible,1,12,6,6,0,0,1,1,0,13
TECHCoalMiner,1,12,6,6,0,0,1,1,0,13
TheDemographic,1,12,6,6,0,0,1,1,0,13
TheNamesWolf,1,12,6,6,0,0,1,1,0,13
Theonlywhitepolar,1,12,6,6,0,0,1,1,0,13
Timortis,1,12,6,6,0,0,1,1,0,13
troxnor,1,12,6,6,0,0,1,1,0,13
ts5876,1,12,6,6,0,0,1,1,0,13
TubMaster,1,12,6,6,0,0,1,1,0,13
twosoon22,1,12,6,6,0,0,1,1,0,13
UnFrzNd0g,1,12,4,8,-4,4,1,1,0,13
weeman650,1,12,5,7,-2,2,1,1,0,13
WhiskeyMash,1,12,6,6,0,0,1,1,0,13
whowantscake,1,12,6,6,0,0,1,1,0,13
xavarn10,1,12,5,7,-2,2,1,1,0,13
xMCR,1,12,6,6,0,0,1,1,0,13
ytmnnk,1,12,4,8,-4,4,1,1,0,13
abenton,1,12,5,7,-2,2,0,1,0,13
AustinBoston_14,1,12,6,6,0,0,0,1,0,13
baengelbert8,1,12,6,6,0,0,0,1,0,13
bcell4u,1,12,6,6,0,0,0,1,0,13
blaze525,1,12,6,6,0,0,0,1,0,13
bo_jangles_mang,1,12,5,7,-2,2,0,1,0,13
chucky_norris33,1,12,6,6,0,0,0,1,0,13
CoffeeNTrees,1,12,6,6,0,0,0,1,0,13
controlmath,1,12,6,6,0,0,0,1,0,13
Deadeye5,1,12,5,7,-2,2,0,1,0,13
Destmonk,1,12,6,6,0,0,0,1,0,13
Dramon,1,12,6,6,0,0,0,1,0,13
frenchfries23,1,12,6,6,0,0,0,1,0,13
GreatGhastly,1,12,4,8,-4,4,0,1,0,13
ITEM_NINE_EXISTS,1,12,6,6,0,0,0,1,0,13
jesterhead888,1,12,6,6,0,0,0,1,0,13
JoseHerrias,1,12,4,8,-4,4,0,1,0,13
jovelle31,1,12,4,8,-4,4,0,1,0,13
LTavvy,1,12,4,8,-4,4,0,1,0,13
Lycaeum,1,12,6,6,0,0,0,1,0,13
maxime123450,1,12,6,6,0,0,0,1,0,13
MeGhosta1,1,12,6,6,0,0,0,1,0,13
Mexi_Can_do_it,1,12,6,6,0,0,0,1,0,13
modulus0,1,12,5,7,-2,2,0,1,0,13
MrKrone,1,12,6,6,0,0,0,1,0,13
Nasd-lla,1,12,6,6,0,0,0,1,0,13
Nyder,1,12,6,6,0,0,0,1,0,13
powduh,1,12,6,6,0,0,0,1,0,13
Probable_Foreigner,1,12,5,7,-2,2,0,1,0,13
provoko,1,12,5,7,-2,2,0,1,0,13
Purif1edd,1,12,2,10,-8,8,0,1,0,13
rainjur,1,12,6,6,0,0,0,1,0,13
ryana8,1,12,6,6,0,0,0,1,0,13
Skaft,1,12,5,7,-2,2,0,1,0,13
slabh8r,1,12,6,6,0,0,0,1,0,13
standardcake,1,12,6,6,0,0,0,1,0,13
thecorkster,1,12,6,6,0,0,0,1,0,13
Wagosh,1,12,6,6,0,0,0,1,0,13
Tdeckard2000,2,11,5,6,-1,0,2,2,-1,13
TrolliOlli,2,12,4,8,-4,3,2,1,-1,13
colinkd7,1,12,4,8,-4,3,1,1,-1,13
DaaraJ,1,13,6,7,-1,0,1,0,-1,13
is-what-it-is,1,12,4,8,-4,3,1,1,-1,13
JoniJabroni,1,12,4,8,-4,3,1,1,-1,13
keysnan,1,12,4,8,-4,3,1,1,-1,13
lokigreybush,1,13,6,7,-1,0,1,0,-1,13
pdekle,1,13,4,9,-5,4,1,0,-1,13
RaichuALoveS0ng,1,12,4,8,-4,3,1,1,-1,13
senorlurkmoar,1,12,4,8,-4,3,1,1,-1,13
taint_odour,1,12,4,8,-4,3,1,1,-1,13
TheGamerMan321,1,12,4,8,-4,3,1,1,-1,13
TheShadowStalker,1,12,4,8,-4,3,1,1,-1,13
_tiger_blood_,1,12,4,8,-4,3,0,1,-1,13
enzo1027,1,12,4,8,-4,3,0,1,-1,13
EyeOfNeutron,2,11,5,6,-1,0,0,2,-1,13
Foodler,1,12,4,8,-4,3,0,1,-1,13
ilstefano,1,12,3,9,-6,5,0,1,-1,13
notmyproblembro,1,12,3,9,-6,5,0,1,-1,13
RangerRaina,1,12,4,8,-4,3,0,1,-1,13
salvage,1,12,4,8,-4,3,0,1,-1,13
stevo474,1,12,3,9,-6,5,0,1,-1,13
tinylightshow,1,12,4,8,-4,3,0,1,-1,13
xixspiderxix,1,12,4,8,-4,3,0,1,-1,13
alwaysleaveanote21,1,12,5,7,-2,0,1,1,-2,13
amazinglights,1,12,5,7,-2,0,1,1,-2,13
anders91,1,12,5,7,-2,0,1,1,-2,13
AnEternityOf,1,12,5,7,-2,0,1,1,-2,13
Appleshxt,1,12,5,7,-2,0,1,1,-2,13
awesomefulness,1,12,5,7,-2,0,1,1,-2,13
aydoaris,1,12,5,7,-2,0,1,1,-2,13
Banehowler,1,12,5,7,-2,0,1,1,-2,13
Banjomaster_Jon,1,12,5,7,-2,0,1,1,-2,13
beansie69er,1,12,4,8,-4,2,1,1,-2,13
bentheawesome,1,12,5,7,-2,0,1,1,-2,13
bluezfawkx,1,12,5,7,-2,0,1,1,-2,13
bnurmi,1,12,4,8,-4,2,1,1,-2,13
Cephalopodic,1,12,5,7,-2,0,1,1,-2,13
Chazwald,1,12,5,7,-2,0,1,1,-2,13
chetti990,1,12,4,8,-4,2,1,1,-2,13
coma420,1,12,5,7,-2,0,1,1,-2,13
ConfusedAustin,1,12,5,7,-2,0,1,1,-2,13
crackercraze,1,12,5,7,-2,0,1,1,-2,13
Derpdina,1,12,5,7,-2,0,1,1,-2,13
derpson91,1,12,5,7,-2,0,1,1,-2,13
DjHyro,1,12,5,7,-2,0,1,1,-2,13
email_with_gloves_on,1,12,5,7,-2,0,1,1,-2,13
emilsco,1,12,5,7,-2,0,1,1,-2,13
EnglishSummerRain,1,12,5,7,-2,0,1,1,-2,13
ExleyUK,1,12,5,7,-2,0,1,1,-2,13
goskate_girl,1,12,5,7,-2,0,1,1,-2,13
Haroshia,1,12,5,7,-2,0,1,1,-2,13
Harrowmir,1,12,5,7,-2,0,1,1,-2,13
HomelessOvercoat,1,12,5,7,-2,0,1,1,-2,13
HotSauceInTheEye,1,12,4,8,-4,2,1,1,-2,13
I_slap_racist_faces,1,12,5,7,-2,0,1,1,-2,13
IAmAMinnesotan,1,12,3,9,-6,4,1,1,-2,13
infamousgerman,1,12,5,7,-2,0,1,1,-2,13
Jaksongitr,1,12,4,8,-4,2,1,1,-2,13
Jiffpants,1,12,5,7,-2,0,1,1,-2,13
joeblough,1,12,5,7,-2,0,1,1,-2,13
jormcquay,1,12,5,7,-2,0,1,1,-2,13
KellieMorgan,1,12,5,7,-2,0,1,1,-2,13
laurench,1,12,5,7,-2,0,1,1,-2,13
Life_Wasted96,1,12,5,7,-2,0,1,1,-2,13
lWarChicken,1,12,5,7,-2,0,1,1,-2,13
markevens,1,12,5,7,-2,0,1,1,-2,13
maxya,1,12,5,7,-2,0,1,1,-2,13
mindfolded,1,12,3,9,-6,4,1,1,-2,13
molsenmobile,1,12,5,7,-2,0,1,1,-2,13
mrpolitepenguin,1,12,5,7,-2,0,1,1,-2,13
MyPeasantVillage,1,12,5,7,-2,0,1,1,-2,13
nickpufpaf,1,12,5,7,-2,0,1,1,-2,13
nitz26,1,12,5,7,-2,0,1,1,-2,13
njb444,1,12,5,7,-2,0,1,1,-2,13
nodicemonkey,1,12,3,9,-6,4,1,1,-2,13
nominyomom,1,12,5,7,-2,0,1,1,-2,13
o_0jackalpha0_o,1,12,5,7,-2,0,1,1,-2,13
o0Brilliance0o,1,12,5,7,-2,0,1,1,-2,13
phatstock,1,12,5,7,-2,0,1,1,-2,13
Phillyboy101,1,12,5,7,-2,0,1,1,-2,13
Pinoypanda44,1,12,4,8,-4,2,1,1,-2,13
Potterberryspliff,1,12,5,7,-2,0,1,1,-2,13
Pyopi,1,12,5,7,-2,0,1,1,-2,13
randomkid88,1,12,5,7,-2,0,1,1,-2,13
RAPE_IS_HEALTHY,1,12,5,7,-2,0,1,1,-2,13
ReasonShallPrevail,1,12,5,7,-2,0,1,1,-2,13
Reddit_User_745,1,12,5,7,-2,0,1,1,-2,13
Ryaman,1,12,3,9,-6,4,1,1,-2,13
Ryan2534,1,12,5,7,-2,0,1,1,-2,13
schmithappens,1,12,4,8,-4,2,1,1,-2,13
secretwhalelover,1,12,5,7,-2,0,1,1,-2,13
Shaman189,1,12,5,7,-2,0,1,1,-2,13
skyfoxx,1,12,5,7,-2,0,1,1,-2,13
Spinaga,1,12,5,7,-2,0,1,1,-2,13
srekcornaivaf,1,12,5,7,-2,0,1,1,-2,13
Strasner,1,12,5,7,-2,0,1,1,-2,13
studlychris,1,12,4,8,-4,2,1,1,-2,13
subject1486,1,12,5,7,-2,0,1,1,-2,13
SZBVOH,1,12,5,7,-2,0,1,1,-2,13
TehPowers,1,12,5,7,-2,0,1,1,-2,13
thannam,1,12,5,7,-2,0,1,1,-2,13
thebarmyswami,1,12,5,7,-2,0,1,1,-2,13
thunderousthighs,1,12,5,7,-2,0,1,1,-2,13
tonx1705,1,12,5,7,-2,0,1,1,-2,13
TrapperRein,1,12,3,9,-6,4,1,1,-2,13
treetrunks_pies,1,12,5,7,-2,0,1,1,-2,13
turtle_beach,1,12,5,7,-2,0,1,1,-2,13
WhyteHouseCasino,1,12,5,7,-2,0,1,1,-2,13
wtforfunny,1,12,5,7,-2,0,1,1,-2,13
xJuturna,1,12,4,8,-4,2,1,1,-2,13
your_golden_shower,1,12,4,8,-4,2,1,1,-2,13
accostedbyhippies,1,12,5,7,-2,0,0,1,-2,13
ahenleben,1,12,3,9,-6,4,0,1,-2,13
ArturHawkwing,1,12,5,7,-2,0,0,1,-2,13
derrderr,1,12,5,7,-2,0,0,1,-2,13
ditchdoctor580,1,12,5,7,-2,0,0,1,-2,13
djchaiwallah,1,12,5,7,-2,0,0,1,-2,13
dontridethelemurs,1,12,4,8,-4,2,0,1,-2,13
DTFisMe,1,12,5,7,-2,0,0,1,-2,13
frash23,1,12,5,7,-2,0,0,1,-2,13
hpw1907,1,12,5,7,-2,0,0,1,-2,13
kulpy22,1,12,5,7,-2,0,0,1,-2,13
makaveli151,1,12,4,8,-4,2,0,1,-2,13
NACHO_MOTHA,1,12,5,7,-2,0,0,1,-2,13
ninjaonwikipedia,1,12,5,7,-2,0,0,1,-2,13
petunia_83,1,12,4,8,-4,2,0,1,-2,13
polyphiloprogenitive,1,12,5,7,-2,0,0,1,-2,13
Pretentious_Factoids,1,12,5,7,-2,0,0,1,-2,13
strawberriesortigers,1,12,5,7,-2,0,0,1,-2,13
thapsigargin,1,12,4,8,-4,2,0,1,-2,13
tonysolano11,1,12,5,7,-2,0,0,1,-2,13
treesatemypenis,1,12,5,7,-2,0,0,1,-2,13
TroTTen,1,12,5,7,-2,0,0,1,-2,13
vickyvictorya,1,12,5,7,-2,0,0,1,-2,13
WhyShouldTheyBeHappy,1,12,5,7,-2,0,0,1,-2,13
Yoplasticmonster,1,12,5,7,-2,0,0,1,-2,13
Another_by_Gin,1,13,5,8,-3,0,1,0,-3,13
batnuna,1,13,5,8,-3,0,1,0,-3,13
creamofcampbellsoup,1,12,3,9,-6,3,1,1,-3,13
decaf_moocows,1,13,5,8,-3,0,1,0,-3,13
eseybold31594,1,13,5,8,-3,0,1,0,-3,13
I_Hate_All_RedditorZ,1,12,3,9,-6,3,1,1,-3,13
Illgiveumygirlswag,1,12,3,9,-6,3,1,1,-3,13
k4rl0,1,13,5,8,-3,0,1,0,-3,13
madsushi,1,13,5,8,-3,0,1,0,-3,13
Mr_Waterproof_Dick,1,12,2,10,-8,5,1,1,-3,13
old_nobody,1,12,3,9,-6,3,1,1,-3,13
parksidekilla,1,12,3,9,-6,3,1,1,-3,13
rickyallen2,1,13,4,9,-5,2,1,0,-3,13
scrambledbrain,1,12,3,9,-6,3,1,1,-3,13
stinny7,1,13,5,8,-3,0,1,0,-3,13
violatedpatato,1,12,2,10,-8,5,1,1,-3,13
YourEvilHero,1,12,2,10,-8,5,1,1,-3,13
andyD04,1,12,3,9,-6,3,0,1,-3,13
ANONANONONO,1,12,3,9,-6,3,0,1,-3,13
RichKidChad,1,12,3,9,-6,3,0,1,-3,13
TrueElements,1,12,3,9,-6,3,0,1,-3,13
wibxer,1,12,3,9,-6,3,0,1,-3,13
abfool10,1,12,4,8,-4,0,1,1,-4,13
Akainote,1,12,3,9,-6,2,1,1,-4,13
ALI3N8,1,12,4,8,-4,0,1,1,-4,13
Australia300,1,12,3,9,-6,2,1,1,-4,13
BADA_Boy,1,12,3,9,-6,2,1,1,-4,13
batscrotum,1,12,4,8,-4,0,1,1,-4,13
beckoninggorilla,1,12,4,8,-4,0,1,1,-4,13
Bennyhick,1,12,4,8,-4,0,1,1,-4,13
Bloodglory,1,12,4,8,-4,0,1,1,-4,13
Bonsee,1,12,4,8,-4,0,1,1,-4,13
buckle_felt,2,12,4,8,-4,0,1,1,-4,13
Bullterrier,1,12,4,8,-4,0,1,1,-4,13
CraigTheDolphin,1,12,4,8,-4,0,1,1,-4,13
crheming,1,12,4,8,-4,0,1,1,-4,13
ctanner10126,1,12,2,10,-8,4,1,1,-4,13
dismeanswar,1,12,4,8,-4,0,1,1,-4,13
dubled,1,12,4,8,-4,0,1,1,-4,13
enhance_that,1,12,4,8,-4,0,1,1,-4,13
flyingryno,1,12,4,8,-4,0,1,1,-4,13
foxsquadron,1,12,4,8,-4,0,1,1,-4,13
FuzzyWuzzy4201,1,12,3,9,-6,2,1,1,-4,13
gary_olderman,1,12,4,8,-4,0,1,1,-4,13
Gingysmalls,1,12,4,8,-4,0,1,1,-4,13
Googooracer,1,12,4,8,-4,0,1,1,-4,13
Grizzly1,1,12,3,9,-6,2,1,1,-4,13
hels,1,12,4,8,-4,0,1,1,-4,13
henz56,1,12,4,8,-4,0,1,1,-4,13
I_have_it,1,12,4,8,-4,0,1,1,-4,13
jakebaren,1,12,3,9,-6,2,1,1,-4,13
jawnkruk,1,12,3,9,-6,2,1,1,-4,13
jbolin,1,12,4,8,-4,0,1,1,-4,13
Kalimonius,1,12,4,8,-4,0,1,1,-4,13
kamajo8991,1,12,4,8,-4,0,1,1,-4,13
killakane505,1,12,4,8,-4,0,1,1,-4,13
kokoscrappy,1,12,4,8,-4,0,1,1,-4,13
listentoyoda,1,12,4,8,-4,0,1,1,-4,13
magpie3d,1,12,4,8,-4,0,1,1,-4,13
manwithfriends,1,12,4,8,-4,0,1,1,-4,13
Meggiee,1,12,4,8,-4,0,1,1,-4,13
mosha123,1,12,3,9,-6,2,1,1,-4,13
mrtnhrtn,1,12,3,9,-6,2,1,1,-4,13
Neosamurai1986,1,12,4,8,-4,0,1,1,-4,13
noaster,1,12,4,8,-4,0,1,1,-4,13
Octaviom18,1,12,4,8,-4,0,1,1,-4,13
old_mj,1,12,4,8,-4,0,1,1,-4,13
osteoferocious,1,12,4,8,-4,0,1,1,-4,13
pattywagon,1,12,4,8,-4,0,1,1,-4,13
petersen305,1,12,3,9,-6,2,1,1,-4,13
phap_phap_phap,1,12,4,8,-4,0,1,1,-4,13
Qahnaarin,1,12,4,8,-4,0,1,1,-4,13
Quetzalcodeal,1,12,3,9,-6,2,1,1,-4,13
RevolutionaryTaco,1,12,4,8,-4,0,1,1,-4,13
rydercoaljacobsen,1,12,4,8,-4,0,1,1,-4,13
salaman2122,1,12,3,9,-6,2,1,1,-4,13
sanemonster,1,12,4,8,-4,0,1,1,-4,13
Senuminialtestion,1,12,3,9,-6,2,1,1,-4,13
smelliottb,1,12,4,8,-4,0,1,1,-4,13
straightBARSIIIIIIII,1,12,3,9,-6,2,1,1,-4,13
SwaggerLikeReddit,1,12,4,8,-4,0,1,1,-4,13
Swantee,1,12,4,8,-4,0,1,1,-4,13
te666as_mike,1,12,4,8,-4,0,1,1,-4,13
the_gongoozler,1,12,4,8,-4,0,1,1,-4,13
TheAmericanDiablo,1,12,4,8,-4,0,1,1,-4,13
theBoobMan,1,12,4,8,-4,0,1,1,-4,13
TheEl1m1nat0r,1,12,4,8,-4,0,1,1,-4,13
tigersluck,1,12,4,8,-4,0,1,1,-4,13
toosoonnn,1,12,4,8,-4,0,1,1,-4,13
voodoomurphy,1,12,3,9,-6,2,1,1,-4,13
WrinkleyWizard,1,12,4,8,-4,0,1,1,-4,13
wsweeneybw,1,12,4,8,-4,0,1,1,-4,13
Zelotic,1,12,4,8,-4,0,1,1,-4,13
zmagid,1,12,4,8,-4,0,1,1,-4,13
ZMichu,1,12,4,8,-4,0,1,1,-4,13
bumpfirestock,1,12,4,8,-4,0,0,1,-4,13
CanbolatComedy,1,12,4,8,-4,0,0,1,-4,13
CraterCroucher,1,12,4,8,-4,0,0,1,-4,13
Deiviux,1,12,4,8,-4,0,0,1,-4,13
ero79,1,12,4,8,-4,0,0,1,-4,13
GoldenGun321,1,12,3,9,-6,2,0,1,-4,13
I_like_to_say_yes,1,12,4,8,-4,0,0,1,-4,13
iLevity,1,12,4,8,-4,0,0,1,-4,13
nmberforty,1,12,4,8,-4,0,0,1,-4,13
platinumpixel,1,12,3,9,-6,2,0,1,-4,13
pootentogen,1,12,4,8,-4,0,0,1,-4,13
Pulp_Ficti0n,1,12,3,9,-6,2,0,1,-4,13
Roslagen,1,12,3,9,-6,2,0,1,-4,13
RubberDogTurds,1,12,4,8,-4,0,0,1,-4,13
ShortyBus123,1,12,4,8,-4,0,0,1,-4,13
sitzers,1,12,4,8,-4,0,0,1,-4,13
Strechless50,1,12,4,8,-4,0,0,1,-4,13
Uncle_,1,12,4,8,-4,0,0,1,-4,13
X_hale,1,12,4,8,-4,0,0,1,-4,13
BossChewbacca,1,13,4,9,-5,0,1,0,-5,13
cafe_sonora,1,13,4,9,-5,0,1,0,-5,13
chuckst3r,1,13,4,9,-5,0,1,0,-5,13
darkfreedom,1,12,2,10,-8,3,1,1,-5,13
Karmey2,1,12,2,10,-8,3,1,1,-5,13
KickinRockss,1,13,4,9,-5,0,1,0,-5,13
mcbuttfart,1,13,4,9,-5,0,1,0,-5,13
TheRealMattWalsh,1,12,2,10,-8,3,1,1,-5,13
half_shark_alligator,1,12,2,10,-8,3,0,1,-5,13
7omarortega2,1,12,3,9,-6,0,1,1,-6,13
ActionJackson22,1,12,3,9,-6,0,1,1,-6,13
amuhammed82393,1,12,3,9,-6,0,1,1,-6,13
amyface,1,12,3,9,-6,0,1,1,-6,13
AoAkie,1,12,3,9,-6,0,1,1,-6,13
Arcia,1,12,3,9,-6,0,1,1,-6,13
AtomicDog1471,1,12,2,10,-8,2,1,1,-6,13
bananablix,1,12,3,9,-6,0,1,1,-6,13
bologang,1,12,3,9,-6,0,1,1,-6,13
BreedMe,1,12,3,9,-6,0,1,1,-6,13
broadcastterp,1,12,3,9,-6,0,1,1,-6,13
Canker1,1,12,3,9,-6,0,1,1,-6,13
CentWafer,1,12,3,9,-6,0,1,1,-6,13
Cletus008,1,12,3,9,-6,0,1,1,-6,13
cman95and,1,12,3,9,-6,0,1,1,-6,13
Crazyask,1,12,3,9,-6,0,1,1,-6,13
crs2011,1,12,2,10,-8,2,1,1,-6,13
eddiebrown82,1,12,3,9,-6,0,1,1,-6,13
fick_Dich,1,12,3,9,-6,0,1,1,-6,13
frakk2000,1,12,3,9,-6,0,1,1,-6,13
Horse-cock-juggler,1,12,3,9,-6,0,1,1,-6,13
IdontWinAlot,1,12,3,9,-6,0,1,1,-6,13
ITriedMmkay,1,12,3,9,-6,0,1,1,-6,13
Jesseb1988,1,12,3,9,-6,0,1,1,-6,13
kaboomitsjoe,1,12,3,9,-6,0,1,1,-6,13
koolbacon,1,12,3,9,-6,0,1,1,-6,13
lazymangaka,1,12,3,9,-6,0,1,1,-6,13
LegendaryArtist,1,12,3,9,-6,0,1,1,-6,13
MasterBlazztor,1,12,3,9,-6,0,1,1,-6,13
MonkeyWithAPenisFace,1,12,2,10,-8,2,1,1,-6,13
nasp30,1,12,2,10,-8,2,1,1,-6,13
ndanick,1,12,3,9,-6,0,1,1,-6,13
NostalgicNut,1,12,3,9,-6,0,1,1,-6,13
Patchy_Burrito,1,12,3,9,-6,0,1,1,-6,13
pryme,1,12,3,9,-6,0,1,1,-6,13
Richard_Borrowitz,1,12,2,10,-8,2,1,1,-6,13
roboguy12,1,12,2,10,-8,2,1,1,-6,13
SethIsInSchool,1,12,3,9,-6,0,1,1,-6,13
SGV21,1,12,3,9,-6,0,1,1,-6,13
ShawtySayWhaaat,1,12,3,9,-6,0,1,1,-6,13
shaybaby15,1,12,3,9,-6,0,1,1,-6,13
Someninerguy,1,12,3,9,-6,0,1,1,-6,13
spCollam,1,12,3,9,-6,0,1,1,-6,13
Syren__,1,12,3,9,-6,0,1,1,-6,13
teewuane,1,12,3,9,-6,0,1,1,-6,13
tehe456,1,12,3,9,-6,0,1,1,-6,13
TheFullMonty1394,1,12,3,9,-6,0,1,1,-6,13
Trini1pop,1,12,3,9,-6,0,1,1,-6,13
VenemousCat,1,12,3,9,-6,0,1,1,-6,13
walker195,1,12,3,9,-6,0,1,1,-6,13
xmagusx,1,12,3,9,-6,0,1,1,-6,13
yarguss1,1,12,3,9,-6,0,1,1,-6,13
You_coward,1,12,3,9,-6,0,1,1,-6,13
398060001,1,12,3,9,-6,0,0,1,-6,13
88rarely,1,12,3,9,-6,0,0,1,-6,13
aceetobee,1,12,3,9,-6,0,0,1,-6,13
datsthetruth,1,12,3,9,-6,0,0,1,-6,13
GeorgeIsOnReddit,1,12,3,9,-6,0,0,1,-6,13
ImGonnaBeInPictures,1,12,3,9,-6,0,0,1,-6,13
immameoba,1,12,3,9,-6,0,0,1,-6,13
le_9gag_le_rules,1,12,3,9,-6,0,0,1,-6,13
mrdink064,1,12,3,9,-6,0,0,1,-6,13
ramboIII,1,12,3,9,-6,0,0,1,-6,13
realmenwearkilts,1,12,3,9,-6,0,0,1,-6,13
rnepmc,1,12,3,9,-6,0,0,1,-6,13
saemihemma,1,12,3,9,-6,0,0,1,-6,13
thegoodvibe,1,12,3,9,-6,0,0,1,-6,13
TT_Type_40_Mark_3,1,12,3,9,-6,0,0,1,-6,13
UFsurveyor85,1,12,3,9,-6,0,0,1,-6,13
Yinzer314,1,12,3,9,-6,0,0,1,-6,13
CaptainBojangles,1,13,3,10,-7,0,1,0,-7,13
CatsNarwhalsBacon,1,13,3,10,-7,0,1,0,-7,13
Fledgeling,1,12,1,11,-10,3,1,1,-7,13
IMYMEMINE,1,13,3,10,-7,0,1,0,-7,13
Biomed,1,12,2,10,-8,0,1,1,-8,13
conv3rsion,1,12,1,11,-10,2,1,1,-8,13
Dstroyer71,1,12,2,10,-8,0,1,1,-8,13
JaegerCat,1,12,2,10,-8,0,1,1,-8,13
jandemor,1,12,2,10,-8,0,1,1,-8,13
joshuarex,1,12,2,10,-8,0,1,1,-8,13
K1sauce,1,12,2,10,-8,0,1,1,-8,13
l3rowness,1,12,2,10,-8,0,1,1,-8,13
marksramey,1,12,2,10,-8,0,1,1,-8,13
Necro-skulllfuck,1,12,2,10,-8,0,1,1,-8,13
NoveltyGenitals,1,12,2,10,-8,0,1,1,-8,13
OrlyUCHeese,1,12,2,10,-8,0,1,1,-8,13
purple_shizzle,1,12,2,10,-8,0,1,1,-8,13
putthelotioninthebas,1,12,1,11,-10,2,1,1,-8,13
randywerner,1,12,2,10,-8,0,1,1,-8,13
schribner,1,12,2,10,-8,0,1,1,-8,13
Snappy374,1,12,2,10,-8,0,1,1,-8,13
test_tickles,1,12,2,10,-8,0,1,1,-8,13
thejuiceman23,1,12,2,10,-8,0,1,1,-8,13
urquhartnm,1,12,2,10,-8,0,1,1,-8,13
Weezybaby9,1,12,2,10,-8,0,1,1,-8,13
BoneHeadX367,1,12,2,10,-8,0,0,1,-8,13
browniebiznatch,1,12,2,10,-8,0,0,1,-8,13
Carl64,1,12,2,10,-8,0,0,1,-8,13
dathymes,1,12,2,10,-8,0,0,1,-8,13
DominicSkubishkoo,1,12,2,10,-8,0,0,1,-8,13
iliveinacave,1,12,2,10,-8,0,0,1,-8,13
virtualkitten,1,12,2,10,-8,0,0,1,-8,13
Wojciech10,1,12,2,10,-8,0,0,1,-8,13
MrFecteau,1,12,1,11,-10,0,1,1,-10,13
Ksyper,1,12,1,11,-10,0,0,1,-10,13
Kordenza,1,11,9,2,7,12,1,1,19,12
billy_G0010,1,11,11,0,11,7,1,1,18,12
JMets6986,1,11,5,6,-1,17,1,1,16,12
kuroshitsuji14,1,11,11,0,11,4,1,1,15,12
Teddy_Raptor,1,11,10,1,9,6,1,1,15,12
arekabsolute,1,11,11,0,11,3,1,1,14,12
Frankendodo,1,11,10,1,9,5,1,1,14,12
StuporCollider,1,12,11,1,10,4,1,0,14,12
AceTrainer_Li-Wang,1,12,11,1,10,3,1,0,13,12
epatti0914,1,11,9,2,7,6,1,1,13,12
Hazasoul,1,11,11,0,11,2,1,1,13,12
RootersRevenge,1,11,11,0,11,2,1,1,13,12
tunaffect,1,11,10,1,9,4,1,1,13,12
callumb,1,11,10,1,9,4,0,1,13,12
LilDeadGirl420,1,11,10,1,9,4,0,1,13,12
snowball58,1,11,10,1,9,4,0,1,13,12
Bernhoft,1,11,9,2,7,5,1,1,12,12
MadAboutMickey,1,12,12,0,12,0,1,0,12,12
misterhockeydetroit,1,12,11,1,10,2,1,0,12,12
tallahassee_smith,1,12,10,2,8,4,1,0,12,12
XbanditX,1,12,9,3,6,6,1,0,12,12
marko2511,1,11,7,4,3,9,0,1,12,12
co0ki3,1,11,10,1,9,2,1,1,11,12
finklecrotch,1,11,11,0,11,0,1,1,11,12
gonzo206,1,11,10,1,9,2,1,1,11,12
MySockHurts,1,11,11,0,11,0,1,1,11,12
ntc2e,1,11,11,0,11,0,1,1,11,12
skatebard,1,11,10,1,9,2,1,1,11,12
TheGreenShepherd,1,11,7,4,3,8,1,1,11,12
jesschester,1,11,4,7,-3,14,0,1,11,12
opus666,1,11,11,0,11,0,0,1,11,12
OvertheWhiteSpence,1,11,8,3,5,6,0,1,11,12
Ronnie_G,1,11,8,3,5,6,0,1,11,12
anktho3,1,11,9,2,7,3,1,1,10,12
fact_hunt,1,11,7,4,3,7,1,1,10,12
I_Gargled_Jarate,1,11,9,2,7,3,1,1,10,12
scottstin,1,11,9,2,7,3,1,1,10,12
ThisMayHurtABit,1,12,10,2,8,2,1,0,10,12
Triskut4u,1,11,9,2,7,3,1,1,10,12
ueegul,1,11,9,2,7,3,1,1,10,12
uhlbesorry,1,12,10,2,8,2,1,0,10,12
CreamyChris,1,11,9,2,7,3,0,1,10,12
dane83,1,11,9,2,7,3,0,1,10,12
reddititit123,1,11,9,2,7,3,0,1,10,12
rmest,1,11,9,2,7,3,0,1,10,12
The2012Erection,1,11,8,3,5,5,0,1,10,12
ToasterInABathtub,1,11,9,2,7,3,0,1,10,12
_chernozem,1,11,10,1,9,0,1,1,9,12
allshesaid,1,11,10,1,9,0,1,1,9,12
apaster16,1,11,10,1,9,0,1,1,9,12
apickett80,1,11,10,1,9,0,1,1,9,12
Booyakah81,1,11,8,3,5,4,1,1,9,12
Brnadon,1,11,9,2,7,2,1,1,9,12
eyydontdothat,1,11,10,1,9,0,1,1,9,12
GioDude8,1,11,10,1,9,0,1,1,9,12
grimskrotum,1,11,10,1,9,0,1,1,9,12
OklaHio,1,11,10,1,9,0,1,1,9,12
P_Mathers,1,11,10,1,9,0,1,1,9,12
Parceval,1,11,10,1,9,0,1,1,9,12
punkbra,1,11,10,1,9,0,1,1,9,12
quantumfox64,1,11,7,4,3,6,1,1,9,12
Razorgc,1,11,10,1,9,0,1,1,9,12
sandiego20y,1,11,9,2,7,2,1,1,9,12
Sexybeast-,1,11,10,1,9,0,1,1,9,12
SomeoneRedditOnce,1,11,10,1,9,0,1,1,9,12
sublime_mime,1,11,10,1,9,0,1,1,9,12
sugminfitta,1,11,10,1,9,0,1,1,9,12
TheKiwipie,1,11,10,1,9,0,1,1,9,12
toy1990,1,11,10,1,9,0,1,1,9,12
xBagh,1,11,8,3,5,4,1,1,9,12
bhattarai333,1,11,10,1,9,0,0,1,9,12
fiddle_me_timbers,1,11,10,1,9,0,0,1,9,12
GamerGrl1990,1,11,10,1,9,0,0,1,9,12
Glutos,1,11,9,2,7,2,0,1,9,12
Hbancroft30,1,11,10,1,9,0,0,1,9,12
Jester00,1,11,10,1,9,0,0,1,9,12
johniscool,1,11,10,1,9,0,0,1,9,12
RONNOR,1,11,10,1,9,0,0,1,9,12
spoc824,1,11,10,1,9,0,0,1,9,12
unidentifiableblarg,1,11,7,4,3,6,0,1,9,12
3Quarks4MasterMark,1,12,10,2,8,0,1,0,8,12
Catsup_on_EVERYTHING,1,11,8,3,5,3,1,1,8,12
DrKittyMittens,1,11,5,6,-1,9,1,1,8,12
EffYouSweetheart,1,12,7,5,2,6,1,0,8,12
Flawlessbraz,1,11,4,7,-3,11,1,1,8,12
Grisepik,1,11,8,3,5,3,1,1,8,12
jlrobins_ssc,1,11,7,4,3,5,1,1,8,12
kosanovskiy,1,11,7,4,3,5,1,1,8,12
MakeYouHamble,1,11,8,3,5,3,1,1,8,12
RexM,1,11,8,3,5,3,1,1,8,12
SaladBaron,1,11,8,3,5,3,1,1,8,12
theirishmidget,1,12,10,2,8,0,1,0,8,12
85Fiero,1,11,5,6,-1,9,0,1,8,12
Bluest_waters,1,11,6,5,1,7,0,1,8,12
BrokenClock98,1,11,7,4,3,5,0,1,8,12
DkaMarieka753,1,11,8,3,5,3,0,1,8,12
goose321,1,11,8,3,5,3,0,1,8,12
joedotcom,1,11,7,4,3,5,0,1,8,12
lindsayvulgar,1,11,8,3,5,3,0,1,8,12
NED992,1,12,10,2,8,0,0,0,8,12
4Rings,1,11,8,3,5,2,1,1,7,12
Anonymous_Yeti,1,11,9,2,7,0,1,1,7,12
blizzsource,1,11,9,2,7,0,1,1,7,12
Brookey86,1,11,8,3,5,2,1,1,7,12
brosen87,1,11,8,3,5,2,1,1,7,12
Carambar,1,12,8,4,4,3,1,0,7,12
cheezer5000,1,11,7,4,3,4,1,1,7,12
diamondxtyler,1,11,9,2,7,0,1,1,7,12
Dinky_82,1,11,9,2,7,0,1,1,7,12
dorourke4114,1,11,9,2,7,0,1,1,7,12
euroteen,1,11,9,2,7,0,1,1,7,12
gerusz,1,11,9,2,7,0,1,1,7,12
heymrk,1,11,9,2,7,0,1,1,7,12
hsdkenichi,1,11,8,3,5,2,1,1,7,12
ImageModeCMYK,1,11,9,2,7,0,1,1,7,12
IrishOsh,1,11,7,4,3,4,1,1,7,12
j4ck4ll,1,11,9,2,7,0,1,1,7,12
JHawk07,1,11,9,2,7,0,1,1,7,12
Joeboo25,1,11,9,2,7,0,1,1,7,12
Jon5151,1,11,9,2,7,0,1,1,7,12
Lexikoh,1,11,9,2,7,0,1,1,7,12
littleredsails,1,11,7,4,3,4,1,1,7,12
MARKERL,1,12,8,4,4,3,1,0,7,12
meinkohl,1,11,9,2,7,0,1,1,7,12
parallelTom,1,11,9,2,7,0,1,1,7,12
Patafix,1,11,8,3,5,2,1,1,7,12
Percussionist61,1,11,9,2,7,0,1,1,7,12
purrsian,1,11,9,2,7,0,1,1,7,12
red_scare50,1,11,8,3,5,2,1,1,7,12
rtyu57,1,11,9,2,7,0,1,1,7,12
sall3nback,1,11,9,2,7,0,1,1,7,12
scottsiegel,1,11,8,3,5,2,1,1,7,12
Spooooooooooooon,1,11,9,2,7,0,1,1,7,12
SwayingRhythm,1,11,8,3,5,2,1,1,7,12
trabenberg,1,11,7,4,3,4,1,1,7,12
TrippyChick97,1,11,7,4,3,4,1,1,7,12
vampyre01,1,11,7,4,3,4,1,1,7,12
VoiceOfJuxtaposition,1,11,8,3,5,2,1,1,7,12
xevster,1,11,9,2,7,0,1,1,7,12
zerozerozerozeroone,1,11,9,2,7,0,1,1,7,12
BloopBleepBlorp,1,11,9,2,7,0,0,1,7,12
btgramling10,1,11,9,2,7,0,0,1,7,12
chiri988,1,11,8,3,5,2,0,1,7,12
flying_giraffe,1,11,9,2,7,0,0,1,7,12
greatbigtossedsalad,1,11,9,2,7,0,0,1,7,12
hawkey1198,1,11,9,2,7,0,0,1,7,12
juxtap0zed,1,11,9,2,7,0,0,1,7,12
Mcskittleymuffin,1,11,8,3,5,2,0,1,7,12
megamenstels,1,11,9,2,7,0,0,1,7,12
MissFegg,1,11,9,2,7,0,0,1,7,12
saiftk,1,11,8,3,5,2,0,1,7,12
Sea_Bitch,1,11,9,2,7,0,0,1,7,12
Sgt_Peppper,1,11,9,2,7,0,0,1,7,12
SingleGirl_illa,1,11,9,2,7,0,0,1,7,12
slappingdrew,1,11,9,2,7,0,0,1,7,12
Slayd1,1,11,9,2,7,0,0,1,7,12
tbonewise,1,11,9,2,7,0,0,1,7,12
TheMrNiceGuy,1,11,9,2,7,0,0,1,7,12
1homer18,1,12,9,3,6,0,1,0,6,12
arabseed,1,11,7,4,3,3,1,1,6,12
bearcatjuugteam,1,11,6,5,1,5,1,1,6,12
deejaymikeyg,1,11,7,4,3,3,1,1,6,12
greyishguy,1,12,9,3,6,0,1,0,6,12
ILikeThemThick,1,12,9,3,6,0,1,0,6,12
imnotblackimbigboned,1,11,7,4,3,3,1,1,6,12
joshlikesbagels,1,11,7,4,3,3,1,1,6,12
Mitch1410,1,11,7,4,3,3,1,1,6,12
niko295,1,11,7,4,3,3,1,1,6,12
PMinch,1,11,7,4,3,3,1,1,6,12
tehclanijoski,1,11,7,4,3,3,1,1,6,12
th3battula,1,11,7,4,3,3,1,1,6,12
warped_verse,1,12,8,4,4,2,1,0,6,12
nagual,1,11,7,4,3,3,0,1,6,12
slawcat,1,11,7,4,3,3,0,1,6,12
StarchysABeelzebub,1,11,7,4,3,3,0,1,6,12
thenowherekid,1,11,6,5,1,5,0,1,6,12
XKairiX,1,11,7,4,3,3,0,1,6,12
_Relevant_Username,1,11,7,4,3,2,1,1,5,12
alexonthensow,1,11,7,4,3,2,1,1,5,12
AlphaSir,1,11,8,3,5,0,1,1,5,12
BadgerH8Owl,1,11,6,5,1,4,1,1,5,12
bckbck,1,11,8,3,5,0,1,1,5,12
biladi79,1,11,8,3,5,0,1,1,5,12
Blackultra,1,11,8,3,5,0,1,1,5,12
br80bron,1,11,7,4,3,2,1,1,5,12
BRAVCIN,1,11,8,3,5,0,1,1,5,12
bruik1,1,11,8,3,5,0,1,1,5,12
c13v31and,1,11,8,3,5,0,1,1,5,12
calvin_ra,1,11,7,4,3,2,1,1,5,12
CapnFancyPants,1,11,7,4,3,2,1,1,5,12
danielvonshmuck,1,11,8,3,5,0,1,1,5,12
dannzo_29,1,11,7,4,3,2,1,1,5,12
dBManiac,1,11,6,5,1,4,1,1,5,12
dictino,1,11,7,4,3,2,1,1,5,12
FatGirlRodeo,1,11,8,3,5,0,1,1,5,12
FlyingPandaRape,1,11,8,3,5,0,1,1,5,12
Freckleguy,1,11,8,3,5,0,1,1,5,12
Funkenwagnels,1,11,8,3,5,0,1,1,5,12
Furfordinner,2,11,8,3,5,0,1,1,5,12
GeoffPortnoy,1,11,8,3,5,0,1,1,5,12
iHaveNormalHands,1,11,7,4,3,2,1,1,5,12
Indycoone,1,11,7,4,3,2,1,1,5,12
its_not_rachel,1,11,8,3,5,0,1,1,5,12
JavaMoose,1,11,7,4,3,2,1,1,5,12
JayOneTheSk8,1,11,7,4,3,2,1,1,5,12
jclarkeftw,1,11,7,4,3,2,1,1,5,12
jhnyhoox,1,11,8,3,5,0,1,1,5,12
joecooool418,1,11,7,4,3,2,1,1,5,12
Joenobody211,1,11,8,3,5,0,1,1,5,12
johnman3366,1,11,8,3,5,0,1,1,5,12
klinquist,1,11,8,3,5,0,1,1,5,12
lefrenchguy101,1,11,6,5,1,4,1,1,5,12
lezbatron,1,11,8,3,5,0,1,1,5,12
MakingADumbPoint,1,11,7,4,3,2,1,1,5,12
masoc,1,11,8,3,5,0,1,1,5,12
MattyMatt5481,1,11,6,5,1,4,1,1,5,12
morgstang1,1,11,7,4,3,2,1,1,5,12
mozlum,1,11,8,3,5,0,1,1,5,12
mr_magician,1,11,8,3,5,0,1,1,5,12
MrJamesSharp,1,11,8,3,5,0,1,1,5,12
NickSparks94,1,11,7,4,3,2,1,1,5,12
nomadicfoodster,1,11,8,3,5,0,1,1,5,12
OneArmedBearWrestler,1,11,8,3,5,0,1,1,5,12
Oreoz478,1,11,8,3,5,0,1,1,5,12
paulz726,1,11,8,3,5,0,1,1,5,12
pixeldorff,1,11,7,4,3,2,1,1,5,12
Potter137,1,11,8,3,5,0,1,1,5,12
PsychoPsycho,1,11,8,3,5,0,1,1,5,12
Quilz,1,11,8,3,5,0,1,1,5,12
RphotoG,1,11,8,3,5,0,1,1,5,12
savvydooda,1,11,8,3,5,0,1,1,5,12
sboogaloo,1,11,8,3,5,0,1,1,5,12
Sidetracking,1,11,8,3,5,0,1,1,5,12
sighog,1,12,7,5,2,3,1,0,5,12
skapernik,1,11,5,6,-1,6,1,1,5,12
slapper,1,11,7,4,3,2,1,1,5,12
Snow_Commander,1,11,8,3,5,0,1,1,5,12
stevesy17,1,11,7,4,3,2,1,1,5,12
stumper93,1,12,7,5,2,3,1,0,5,12
ThatCrucible,1,11,8,3,5,0,1,1,5,12
The_Justice_Cluster,1,11,8,3,5,0,1,1,5,12
tofutard,1,11,8,3,5,0,1,1,5,12
womansemen,1,11,7,4,3,2,1,1,5,12
You_Go_Glenn_Coco,1,11,7,4,3,2,1,1,5,12
zandrews,1,11,8,3,5,0,1,1,5,12
zjunk,1,11,8,3,5,0,1,1,5,12
_For_Science_,1,11,8,3,5,0,0,1,5,12
bigredcar,1,11,8,3,5,0,0,1,5,12
carnagegusta,1,11,8,3,5,0,0,1,5,12
Daddyding,1,11,8,3,5,0,0,1,5,12
Deadlylegionniare,1,11,8,3,5,0,0,1,5,12
dirty_graveled,1,11,7,4,3,2,0,1,5,12
dnrrule,1,11,8,3,5,0,0,1,5,12
FapLegend,1,11,7,4,3,2,0,1,5,12
googlezurusername,1,11,8,3,5,0,0,1,5,12
Lederphead,1,11,8,3,5,0,0,1,5,12
manabri,1,11,8,3,5,0,0,1,5,12
mattylike,1,11,7,4,3,2,0,1,5,12
middleandoff,1,11,7,4,3,2,0,1,5,12
morganfreemanstoast,1,11,8,3,5,0,0,1,5,12
MsKingfish,1,11,5,6,-1,6,0,1,5,12
NinjaBoy0405,1,11,8,3,5,0,0,1,5,12
pahdgetim,1,11,8,3,5,0,0,1,5,12
Petter_,1,11,8,3,5,0,0,1,5,12
RhysDavies,1,11,8,3,5,0,0,1,5,12
samvacc,1,11,8,3,5,0,0,1,5,12
scubasteve7546,1,11,8,3,5,0,0,1,5,12
sherlockhousley,1,11,8,3,5,0,0,1,5,12
slendrman,1,11,7,4,3,2,0,1,5,12
TheStabbingHobo,1,11,8,3,5,0,0,1,5,12
whitcliffe,1,11,8,3,5,0,0,1,5,12
Xathus,1,11,7,4,3,2,0,1,5,12
zanadume,1,11,8,3,5,0,0,1,5,12
aurisor,1,11,6,5,1,3,1,1,4,12
ear_squeaker,1,11,6,5,1,3,1,1,4,12
erlowell,1,11,6,5,1,3,1,1,4,12
HeWhoSatDown,1,11,3,8,-5,9,1,1,4,12
hollarpeenyo,1,11,6,5,1,3,1,1,4,12
momenchantz,1,11,6,5,1,3,1,1,4,12
NaturalAnthem,2,10,7,3,4,0,1,2,4,12
ndhernandez,1,11,6,5,1,3,1,1,4,12
sethista,1,11,6,5,1,3,1,1,4,12
tboy4,1,11,5,6,-1,5,1,1,4,12
xo_periwinkle_xo,1,11,5,6,-1,5,1,1,4,12
YouAreMySunshine5,1,12,7,5,2,2,1,0,4,12
zagaluke,1,12,8,4,4,0,1,0,4,12
dcknight93,1,11,6,5,1,3,0,1,4,12
Detx,1,11,6,5,1,3,0,1,4,12
joetestktest,1,11,5,6,-1,5,0,1,4,12
mikesok988,1,11,6,5,1,3,0,1,4,12
TeaPotGirl,1,11,6,5,1,3,0,1,4,12
tom4ed,1,11,6,5,1,3,0,1,4,12
Tromben,2,12,6,6,0,4,0,0,4,12
ilumlia,2,11,7,4,3,0,2,1,3,12
A77ICUS,1,11,7,4,3,0,1,1,3,12
aguirre1,1,11,7,4,3,0,1,1,3,12
Amazedandconfused,1,11,7,4,3,0,1,1,3,12
animewatcherfreakmal,1,11,7,4,3,0,1,1,3,12
appleijunkie,1,11,7,4,3,0,1,1,3,12
Auflodern,1,11,7,4,3,0,1,1,3,12
aureality,1,11,7,4,3,0,1,1,3,12
bieberconda22,1,11,7,4,3,0,1,1,3,12
bilalhusain,1,11,7,4,3,0,1,1,3,12
Billsymons,1,11,7,4,3,0,1,1,3,12
bloodcharm,1,11,7,4,3,0,1,1,3,12
BludGeonT,1,11,7,4,3,0,1,1,3,12
btrucker94,1,11,7,4,3,0,1,1,3,12
Byrjun,1,11,6,5,1,2,1,1,3,12
CanadianTongue,1,11,7,4,3,0,1,1,3,12
carlossolrac,1,11,5,6,-1,4,1,1,3,12
Carousser,1,11,7,4,3,0,1,1,3,12
cha0swaffles,1,11,7,4,3,0,1,1,3,12
Chachcrotch,1,11,7,4,3,0,1,1,3,12
chubzzy,1,11,7,4,3,0,1,1,3,12
Connorrandall,1,11,7,4,3,0,1,1,3,12
Cosmonaught_D,1,11,7,4,3,0,1,1,3,12
daberu,1,11,7,4,3,0,1,1,3,12
daKINE792,1,11,6,5,1,2,1,1,3,12
dasze,1,11,7,4,3,0,1,1,3,12
daxxter,1,11,6,5,1,2,1,1,3,12
dbag22,1,11,7,4,3,0,1,1,3,12
deathfromfront,1,11,7,4,3,0,1,1,3,12
dmonarch,1,11,7,4,3,0,1,1,3,12
dubsackdude,1,11,7,4,3,0,1,1,3,12
elizabeth_marie,1,11,7,4,3,0,1,1,3,12
ERyd17,1,11,7,4,3,0,1,1,3,12
ewokonfire,1,12,5,7,-2,5,1,0,3,12
eyecam,1,11,5,6,-1,4,1,1,3,12
Fireboy637,1,11,7,4,3,0,1,1,3,12
gabelossus,1,11,7,4,3,0,1,1,3,12
gingersnaps13,1,11,7,4,3,0,1,1,3,12
godofchaos,1,11,7,4,3,0,1,1,3,12
gpot,1,11,7,4,3,0,1,1,3,12
GuinnessGreen,1,11,7,4,3,0,1,1,3,12
Gurubreed,1,11,7,4,3,0,1,1,3,12
Gzmi,1,11,7,4,3,0,1,1,3,12
Hit_or_Miss,1,11,7,4,3,0,1,1,3,12
Hit_that_yo,1,11,7,4,3,0,1,1,3,12
Hlaford,1,11,7,4,3,0,1,1,3,12
illShy,1,11,6,5,1,2,1,1,3,12
IntrinsicDesire,1,11,7,4,3,0,1,1,3,12
james_m_machell,1,11,5,6,-1,4,1,1,3,12
jewnicornRx,1,11,7,4,3,0,1,1,3,12
JohnPocheacha,1,11,7,4,3,0,1,1,3,12
Joseph_Valdez,1,11,7,4,3,0,1,1,3,12
jwsnake22,1,11,7,4,3,0,1,1,3,12
Kanishiwa,1,11,7,4,3,0,1,1,3,12
KevlarKitten,1,11,7,4,3,0,1,1,3,12
kg51,1,11,7,4,3,0,1,1,3,12
kimboslyce,1,11,7,4,3,0,1,1,3,12
Koda1515,1,11,7,4,3,0,1,1,3,12
kokesh,1,11,7,4,3,0,1,1,3,12
Kristianb89,1,11,7,4,3,0,1,1,3,12
LustAndEcstasy,1,11,6,5,1,2,1,1,3,12
Mavriq420,1,11,6,5,1,2,1,1,3,12
mej71,1,11,7,4,3,0,1,1,3,12
midtoke,1,11,7,4,3,0,1,1,3,12
MissyPeeStinkbottom,1,11,7,4,3,0,1,1,3,12
mister_cupcake21,1,11,7,4,3,0,1,1,3,12
MoonBearzzz,1,11,7,4,3,0,1,1,3,12
mr_swole,1,11,6,5,1,2,1,1,3,12
Msheno,1,11,6,5,1,2,1,1,3,12
MushyMonkey,1,11,7,4,3,0,1,1,3,12
nana_nana_batman,1,11,7,4,3,0,1,1,3,12
nicolle1990,1,11,6,5,1,2,1,1,3,12
NOSDuco,1,11,7,4,3,0,1,1,3,12
nycbrose,1,11,7,4,3,0,1,1,3,12
ohdaviing,1,11,7,4,3,0,1,1,3,12
Pandoraexpress,1,11,7,4,3,0,1,1,3,12
pegasus7,1,11,6,5,1,2,1,1,3,12
PersonalRobotJesus,1,11,7,4,3,0,1,1,3,12
Qaplalala,1,11,7,4,3,0,1,1,3,12
randomripper,1,11,7,4,3,0,1,1,3,12
Reddit_Thief,1,11,7,4,3,0,1,1,3,12
remusc,1,11,7,4,3,0,1,1,3,12
robiro6i,1,11,7,4,3,0,1,1,3,12
RonsSwanson,1,11,7,4,3,0,1,1,3,12
Rushified,1,11,7,4,3,0,1,1,3,12
SeeDeez,1,11,7,4,3,0,1,1,3,12
sexyhamster89,1,11,7,4,3,0,1,1,3,12
Sir_Trollz_Alot,1,11,7,4,3,0,1,1,3,12
skeptical_girl,1,11,7,4,3,0,1,1,3,12
soulspanker,1,11,7,4,3,0,1,1,3,12
Super_Fun_Time,1,11,7,4,3,0,1,1,3,12
Suurvisiiri,1,11,7,4,3,0,1,1,3,12
takesometime,1,11,7,4,3,0,1,1,3,12
thatblakekid,1,11,7,4,3,0,1,1,3,12
theycallmejaws,1,11,7,4,3,0,1,1,3,12
ThirdEye27,1,11,7,4,3,0,1,1,3,12
throwmeabonealready,1,11,7,4,3,0,1,1,3,12
tripj33,1,11,7,4,3,0,1,1,3,12
Tronberr,1,11,7,4,3,0,1,1,3,12
Twiggly,1,11,6,5,1,2,1,1,3,12
UncleverUsername,1,11,5,6,-1,4,1,1,3,12
vagacom,1,11,5,6,-1,4,1,1,3,12
Wallach96,1,11,7,4,3,0,1,1,3,12
WaterISThirsty,1,11,7,4,3,0,1,1,3,12
wee1020,1,11,7,4,3,0,1,1,3,12
wesleyt89,1,11,7,4,3,0,1,1,3,12
willargueforfood,1,11,7,4,3,0,1,1,3,12
Willis2014,1,11,7,4,3,0,1,1,3,12
xmissxcrissx,1,11,7,4,3,0,1,1,3,12
yewnique,1,11,7,4,3,0,1,1,3,12
YouTubeReference,1,11,7,4,3,0,1,1,3,12
_4570,1,11,7,4,3,0,0,1,3,12
2antihero1,1,11,7,4,3,0,0,1,3,12
Arcatus,1,11,7,4,3,0,0,1,3,12
BenGoesRawr,1,11,7,4,3,0,0,1,3,12
Borsteezy,1,11,7,4,3,0,0,1,3,12
CapedCrusader14,1,11,7,4,3,0,0,1,3,12
CatpainZmcSpice,1,11,7,4,3,0,0,1,3,12
cdk360,1,11,7,4,3,0,0,1,3,12
Cygnus_X1,1,11,7,4,3,0,0,1,3,12
DaneJeriss,1,11,7,4,3,0,0,1,3,12
Dickwang,1,11,7,4,3,0,0,1,3,12
discolando,1,11,7,4,3,0,0,1,3,12
dopetreeman,1,11,7,4,3,0,0,1,3,12
ehj,1,11,7,4,3,0,0,1,3,12
enigma1969,1,11,6,5,1,2,0,1,3,12
food_bag,1,11,7,4,3,0,0,1,3,12
hankbomb,1,11,6,5,1,2,0,1,3,12
holyenchiladas,1,11,7,4,3,0,0,1,3,12
hyperqwertz,1,11,7,4,3,0,0,1,3,12
Hypno82,1,11,7,4,3,0,0,1,3,12
jmelynnp,1,11,7,4,3,0,0,1,3,12
Mikey_Riot,1,11,7,4,3,0,0,1,3,12
Mrcoolhats,1,11,7,4,3,0,0,1,3,12
MyBawllzAreSaggin,1,11,6,5,1,2,0,1,3,12
mynameisbob69,1,11,3,8,-5,8,0,1,3,12
PISS_OUT_MY_DICK,1,11,7,4,3,0,0,1,3,12
ReallyBadToot,1,11,7,4,3,0,0,1,3,12
Saftbox,1,11,7,4,3,0,0,1,3,12
SawzeBawse,1,11,7,4,3,0,0,1,3,12
SClegends,1,11,6,5,1,2,0,1,3,12
Scr3wMaster,1,11,7,4,3,0,0,1,3,12
SeraphSirius,1,11,7,4,3,0,0,1,3,12
Seref15,1,11,7,4,3,0,0,1,3,12
seriouslyrad,1,11,7,4,3,0,0,1,3,12
Shawnalea3xp2,1,11,7,4,3,0,0,1,3,12
small_sandwich,1,11,7,4,3,0,0,1,3,12
The_Gooseman,1,11,7,4,3,0,0,1,3,12
The-Number-Forty-Two,1,11,7,4,3,0,0,1,3,12
TheUnexpectedHero,1,11,7,4,3,0,0,1,3,12
thongstain,1,11,7,4,3,0,0,1,3,12
Tygrsta,1,11,7,4,3,0,0,1,3,12
wearpurple,1,11,7,4,3,0,0,1,3,12
Wolfman87,1,11,7,4,3,0,0,1,3,12
deedsypoof,2,10,6,4,2,0,2,2,2,12
awefulpimkin,1,11,5,6,-1,3,1,1,2,12
baconsaurus_REX,1,11,5,6,-1,3,1,1,2,12
barackobamamama,1,12,7,5,2,0,1,0,2,12
Gerdel,1,11,4,7,-3,5,1,1,2,12
HuggeyBear,1,11,5,6,-1,3,1,1,2,12
ian_s,1,12,7,5,2,0,1,0,2,12
mrsfosoty,1,11,5,6,-1,3,1,1,2,12
Mythyx,1,11,3,8,-5,7,1,1,2,12
Seafamboonie,1,12,7,5,2,0,1,0,2,12
SocialiteIndy,1,12,7,5,2,0,1,0,2,12
thenormal,2,10,6,4,2,0,1,2,2,12
warunion,1,11,4,7,-3,5,1,1,2,12
DJ_DIZZY_D,1,11,5,6,-1,3,0,1,2,12
LegendaryPatMan,1,11,5,6,-1,3,0,1,2,12
secretlyunderurbed,1,11,5,6,-1,3,0,1,2,12
smoby06,1,12,7,5,2,0,0,0,2,12
0ett,1,12,5,7,-2,3,1,0,1,12
akelsamiri,1,11,6,5,1,0,1,1,1,12
akleos,1,11,5,6,-1,2,1,1,1,12
Alexbcf2,1,11,5,6,-1,2,1,1,1,12
AndriusLTU,1,11,6,5,1,0,1,1,1,12
archetype35,1,11,6,5,1,0,1,1,1,12
Assassinofmooo,1,11,4,7,-3,4,1,1,1,12
austinl738,1,11,6,5,1,0,1,1,1,12
beauhobbs,1,11,5,6,-1,2,1,1,1,12
Biggsavage,1,11,6,5,1,0,1,1,1,12
Bigshowkbg,1,11,6,5,1,0,1,1,1,12
BODILYFLUIDS,1,11,6,5,1,0,1,1,1,12
boogermanus,1,11,5,6,-1,2,1,1,1,12
bounce7,1,11,5,6,-1,2,1,1,1,12
BrainByte,1,11,5,6,-1,2,1,1,1,12
ByahhByahh,1,11,6,5,1,0,1,1,1,12
Byrdman1324,1,11,6,5,1,0,1,1,1,12
carcells,1,11,6,5,1,0,1,1,1,12
Carpenoctum-,1,11,6,5,1,0,1,1,1,12
Cat_on_a_Mac,1,11,6,5,1,0,1,1,1,12
chels_19,1,11,6,5,1,0,1,1,1,12
chrherr,1,11,6,5,1,0,1,1,1,12
climbtree,1,11,6,5,1,0,1,1,1,12
cloondog,1,11,6,5,1,0,1,1,1,12
Completesuccesss,1,11,6,5,1,0,1,1,1,12
Dengar,1,11,6,5,1,0,1,1,1,12
dingo0o,1,11,6,5,1,0,1,1,1,12
DJcodeword,1,11,6,5,1,0,1,1,1,12
dmgsmrg,1,11,6,5,1,0,1,1,1,12
dolphinflip,1,11,5,6,-1,2,1,1,1,12
dunphystar,1,11,6,5,1,0,1,1,1,12
elephant_catcher,1,11,6,5,1,0,1,1,1,12
emmakupo,1,11,5,6,-1,2,1,1,1,12
esquizoide,1,11,6,5,1,0,1,1,1,12
firespiky,1,11,6,5,1,0,1,1,1,12
Flufnstuf,1,11,6,5,1,0,1,1,1,12
fortytwoanswers,1,11,6,5,1,0,1,1,1,12
frankthebunnyrabbit,1,11,6,5,1,0,1,1,1,12
FuBuRu,1,11,6,5,1,0,1,1,1,12
gertnerbot,1,11,6,5,1,0,1,1,1,12
ghostwhales,1,11,6,5,1,0,1,1,1,12
gildedliberty,1,11,6,5,1,0,1,1,1,12
gsd65,1,11,6,5,1,0,1,1,1,12
gumguru,1,11,5,6,-1,2,1,1,1,12
Hapski,1,11,6,5,1,0,1,1,1,12
high_5_kai,1,11,6,5,1,0,1,1,1,12
hogthrob,1,11,6,5,1,0,1,1,1,12
idreamincolours,1,11,4,7,-3,4,1,1,1,12
IGaveHerBackHerHippo,1,11,6,5,1,0,1,1,1,12
IM_ON_A_ZEPPELIN,1,11,6,5,1,0,1,1,1,12
ironandinkgeekgirl,1,11,6,5,1,0,1,1,1,12
ItsJustMeAgainHarper,1,11,6,5,1,0,1,1,1,12
ItzSkwert,1,11,5,6,-1,2,1,1,1,12
j_tickles,1,11,6,5,1,0,1,1,1,12
jakeasaurous_rex,1,11,6,5,1,0,1,1,1,12
jatts7,1,11,5,6,-1,2,1,1,1,12
jawzman,1,11,6,5,1,0,1,1,1,12
Jellowizard,1,11,5,6,-1,2,1,1,1,12
Jnoggynog,1,11,6,5,1,0,1,1,1,12
joeyda3rd,1,11,6,5,1,0,1,1,1,12
JosMhan,1,11,5,6,-1,2,1,1,1,12
JushiBlue,1,11,6,5,1,0,1,1,1,12
Justye,1,11,5,6,-1,2,1,1,1,12
Kentowich,1,11,6,5,1,0,1,1,1,12
killinitinc,1,11,4,7,-3,4,1,1,1,12
kogler18,1,11,6,5,1,0,1,1,1,12
kuda36man,1,11,5,6,-1,2,1,1,1,12
LarsieSC2,1,11,5,6,-1,2,1,1,1,12
lwash44,1,11,6,5,1,0,1,1,1,12
me_coopsta,1,11,6,5,1,0,1,1,1,12
MHoffy,1,11,6,5,1,0,1,1,1,12
milleniummanp7,1,11,6,5,1,0,1,1,1,12
modjosdelight,1,11,6,5,1,0,1,1,1,12
NoahViBrittania,1,11,6,5,1,0,1,1,1,12
Ontru,1,11,4,7,-3,4,1,1,1,12
peanut_butta_jellay,1,11,6,5,1,0,1,1,1,12
ppotui,1,11,6,5,1,0,1,1,1,12
pwndapanda,1,11,6,5,1,0,1,1,1,12
quincy-jones,1,11,6,5,1,0,1,1,1,12
RAGErER,1,11,6,5,1,0,1,1,1,12
rais0n-detre,1,11,6,5,1,0,1,1,1,12
rascal999,1,11,5,6,-1,2,1,1,1,12
redgreenapple,1,11,6,5,1,0,1,1,1,12
retaihec,1,11,6,5,1,0,1,1,1,12
Robotu,1,11,4,7,-3,4,1,1,1,12
Rorick,1,11,6,5,1,0,1,1,1,12
Salvitore,1,11,6,5,1,0,1,1,1,12
samirmeziab,1,11,6,5,1,0,1,1,1,12
sangeth,1,11,5,6,-1,2,1,1,1,12
sarahjgamache,1,11,6,5,1,0,1,1,1,12
scarr83,1,11,5,6,-1,2,1,1,1,12
Schrodingers_Condom,1,11,5,6,-1,2,1,1,1,12
shelbynichole,1,11,5,6,-1,2,1,1,1,12
Shikaku,1,11,6,5,1,0,1,1,1,12
sirmandude,1,11,6,5,1,0,1,1,1,12
slros,1,11,6,5,1,0,1,1,1,12
snakekid3,1,11,6,5,1,0,1,1,1,12
SodomizingHipster,1,11,4,7,-3,4,1,1,1,12
Spermburger,1,11,6,5,1,0,1,1,1,12
stanmarsh44,1,11,6,5,1,0,1,1,1,12
starcrap2,1,11,6,5,1,0,1,1,1,12
stargirl44,1,11,6,5,1,0,1,1,1,12
STOPPP,1,11,6,5,1,0,1,1,1,12
Stripedkoala,1,11,5,6,-1,2,1,1,1,12
surgency23,1,11,6,5,1,0,1,1,1,12
Swayvil,1,11,6,5,1,0,1,1,1,12
tastyneat,1,11,6,5,1,0,1,1,1,12
Terrorswell,1,11,5,6,-1,2,1,1,1,12
TheBeesKnees85,1,11,4,7,-3,4,1,1,1,12
TheCrazedMadman,1,11,6,5,1,0,1,1,1,12
thehornygoat,1,11,6,5,1,0,1,1,1,12
tonnabelle,1,11,6,5,1,0,1,1,1,12
toohipsterforreddit,1,11,6,5,1,0,1,1,1,12
TwinTiger,1,11,6,5,1,0,1,1,1,12
unsafeguy,1,11,6,5,1,0,1,1,1,12
vdvdvd1,1,11,6,5,1,0,1,1,1,12
zkredux,1,11,6,5,1,0,1,1,1,12
a_large_farva,1,11,6,5,1,0,0,1,1,12
ArizonaWoodrat,1,11,6,5,1,0,0,1,1,12
B4ths4lt5,1,11,6,5,1,0,0,1,1,12
Blayllen,1,11,6,5,1,0,0,1,1,12
clouc1223,1,11,6,5,1,0,0,1,1,12
Dolemite420,1,11,6,5,1,0,0,1,1,12
drandol2,1,11,5,6,-1,2,0,1,1,12
FunkMa5terD,1,11,6,5,1,0,0,1,1,12
jCcrackhead,1,11,6,5,1,0,0,1,1,12
jokeswe,1,11,6,5,1,0,0,1,1,12
justapolishguy,1,11,6,5,1,0,0,1,1,12
kayret,1,11,5,6,-1,2,0,1,1,12
KnuxTheBeast,1,11,5,6,-1,2,0,1,1,12
LucasS11,1,11,5,6,-1,2,0,1,1,12
Matt23115,1,11,6,5,1,0,0,1,1,12
McCool45,1,11,6,5,1,0,0,1,1,12
Mcfreakin,1,11,5,6,-1,2,0,1,1,12
octaviuzdecool,1,11,6,5,1,0,0,1,1,12
pseudononymous1,1,11,6,5,1,0,0,1,1,12
RedditIsSahGay,1,11,6,5,1,0,0,1,1,12
Rick429CJ,1,11,6,5,1,0,0,1,1,12
Rompromp24,1,11,6,5,1,0,0,1,1,12
Slakward,1,11,4,7,-3,4,0,1,1,12
Socialmediajoker,1,11,6,5,1,0,0,1,1,12
Studlybeastman,1,11,6,5,1,0,0,1,1,12
tedanderson,1,11,5,6,-1,2,0,1,1,12
TerminalHypocrisy,1,11,6,5,1,0,0,1,1,12
the_other_princess,1,11,6,5,1,0,0,1,1,12
theicarusambition,1,11,6,5,1,0,0,1,1,12
WiggerWithAttitude,1,11,6,5,1,0,0,1,1,12
Hoodley,1,12,6,6,0,0,1,0,0,12
k0let,1,11,4,7,-3,3,1,1,0,12
knobcheez,1,11,4,7,-3,3,1,1,0,12
Lord-El,1,11,3,8,-5,5,1,1,0,12
murat2222,1,11,4,7,-3,3,1,1,0,12
my_little_epona,1,12,6,6,0,0,1,0,0,12
Nit1on,1,11,3,8,-5,5,1,1,0,12
pigwidegeon,1,11,4,7,-3,3,1,1,0,12
ronws23,1,11,4,7,-3,3,1,1,0,12
sebr,1,12,6,6,0,0,1,0,0,12
Soljah,1,11,3,8,-5,5,1,1,0,12
subverted_per,1,11,4,7,-3,3,1,1,0,12
The_Geek_Gurl11,1,11,4,7,-3,3,1,1,0,12
Thrumm,1,11,4,7,-3,3,1,1,0,12
rangergiya,1,11,4,7,-3,3,0,1,0,12
RollUp831,1,11,4,7,-3,3,0,1,0,12
_TRAP,1,11,5,6,-1,0,1,1,-1,12
10000fistsinherear,1,11,5,6,-1,0,1,1,-1,12
AzMedina,1,11,5,6,-1,0,1,1,-1,12
B_anon,1,11,5,6,-1,0,1,1,-1,12
baxman343,1,11,5,6,-1,0,1,1,-1,12
bennewt25,1,11,5,6,-1,0,1,1,-1,12
BillyfrmPhilly91,1,11,5,6,-1,0,1,1,-1,12
Blackmane,1,11,5,6,-1,0,1,1,-1,12
BM99,1,11,5,6,-1,0,1,1,-1,12
brandon2x4,1,11,5,6,-1,0,1,1,-1,12
bygonevexation,1,11,5,6,-1,0,1,1,-1,12
came_here_2_say,1,11,5,6,-1,0,1,1,-1,12
cherrios4siria,1,11,5,6,-1,0,1,1,-1,12
crobac0808,1,11,5,6,-1,0,1,1,-1,12
DemonZypher,1,11,5,6,-1,0,1,1,-1,12
Dewgong444,1,11,5,6,-1,0,1,1,-1,12
ForeverAlone3,1,11,5,6,-1,0,1,1,-1,12
fullhope614,1,11,5,6,-1,0,1,1,-1,12
gehlhoff,1,11,5,6,-1,0,1,1,-1,12
GetToDahChoppah,1,11,5,6,-1,0,1,1,-1,12
Homicidal_Panda7,1,11,4,7,-3,2,1,1,-1,12
IPOOPLIKEASPRINKLER,1,11,5,6,-1,0,1,1,-1,12
ItsJustMeZach,1,11,5,6,-1,0,1,1,-1,12
jacobbigshot,1,11,4,7,-3,2,1,1,-1,12
James_Effing_Bond,1,11,5,6,-1,0,1,1,-1,12
jdunn1034,1,11,5,6,-1,0,1,1,-1,12
JrrdWllms,1,11,4,7,-3,2,1,1,-1,12
jwsmelt,1,11,4,7,-3,2,1,1,-1,12
King_In_The_North_,1,11,5,6,-1,0,1,1,-1,12
kitekid21,1,11,5,6,-1,0,1,1,-1,12
kitten97purple,1,11,5,6,-1,0,1,1,-1,12
Lagoot,1,11,5,6,-1,0,1,1,-1,12
LightningGears,1,11,5,6,-1,0,1,1,-1,12
localsonlybrah,1,11,5,6,-1,0,1,1,-1,12
Lolllerson,1,11,3,8,-5,4,1,1,-1,12
Maine_Man,1,11,5,6,-1,0,1,1,-1,12
Martialis1,1,11,5,6,-1,0,1,1,-1,12
matthewswehttam,1,11,5,6,-1,0,1,1,-1,12
Meatball27,1,11,5,6,-1,0,1,1,-1,12
ninasaurusrex,1,11,3,8,-5,4,1,1,-1,12
Olibaba,1,11,5,6,-1,0,1,1,-1,12
OMFGSKITTLEZ,1,11,5,6,-1,0,1,1,-1,12
pezzotto,1,11,5,6,-1,0,1,1,-1,12
potatomadness,1,11,5,6,-1,0,1,1,-1,12
protoman115,1,11,5,6,-1,0,1,1,-1,12
PsycoJosh,1,11,5,6,-1,0,1,1,-1,12
reallybadwolf,1,11,5,6,-1,0,1,1,-1,12
RenB79,1,11,5,6,-1,0,1,1,-1,12
rewsiffer,1,11,5,6,-1,0,1,1,-1,12
rinaaa13,1,11,5,6,-1,0,1,1,-1,12
sawlostBBDamKing,1,11,5,6,-1,0,1,1,-1,12
Seekandestroy78,1,11,3,8,-5,4,1,1,-1,12
shadejester,1,11,5,6,-1,0,1,1,-1,12
swagster117,1,11,5,6,-1,0,1,1,-1,12
SweetIndie,1,11,5,6,-1,0,1,1,-1,12
tbedwar1,1,11,5,6,-1,0,1,1,-1,12
thedarksalmon,1,11,5,6,-1,0,1,1,-1,12
Thewalrus26,1,11,5,6,-1,0,1,1,-1,12
thisguystabspeople,1,11,5,6,-1,0,1,1,-1,12
TonicAndDjinn,1,11,5,6,-1,0,1,1,-1,12
Typical_Asain,1,11,5,6,-1,0,1,1,-1,12
Upvoteallthreads,1,11,5,6,-1,0,1,1,-1,12
WEIMDADDY,1,11,5,6,-1,0,1,1,-1,12
WHYinternetAREyouSLO,1,11,5,6,-1,0,1,1,-1,12
xqx2100,1,11,5,6,-1,0,1,1,-1,12
zen0ne,1,11,5,6,-1,0,1,1,-1,12
zhangdandan,1,11,5,6,-1,0,1,1,-1,12
aaronmoser,1,11,5,6,-1,0,0,1,-1,12
AnastasiaC,1,11,5,6,-1,0,0,1,-1,12
Blek_Le_Rat,1,11,5,6,-1,0,0,1,-1,12
budsy,1,11,5,6,-1,0,0,1,-1,12
canismajor44,1,11,3,8,-5,4,0,1,-1,12
Captain_Kablooie,1,11,5,6,-1,0,0,1,-1,12
ChrisCipher,1,11,5,6,-1,0,0,1,-1,12
cohenwills,1,11,5,6,-1,0,0,1,-1,12
dartx979x,1,11,5,6,-1,0,0,1,-1,12
flyingmonkieees,1,11,5,6,-1,0,0,1,-1,12
Forcepowered,1,11,5,6,-1,0,0,1,-1,12
GarySailor,1,11,5,6,-1,0,0,1,-1,12
hellcow,1,11,5,6,-1,0,0,1,-1,12
herbyurby,1,11,3,8,-5,4,0,1,-1,12
hossanna,1,11,5,6,-1,0,0,1,-1,12
IanEckie,1,11,5,6,-1,0,0,1,-1,12
ishallbecomeabat,1,11,4,7,-3,2,0,1,-1,12
killakeys,1,11,5,6,-1,0,0,1,-1,12
kimchigimchee,1,11,5,6,-1,0,0,1,-1,12
lochness1202,1,11,3,8,-5,4,0,1,-1,12
lolmastergeneral1337,1,11,5,6,-1,0,0,1,-1,12
madanchi,1,11,3,8,-5,4,0,1,-1,12
Michaellovesleah,1,11,5,6,-1,0,0,1,-1,12
midgettamer,1,11,5,6,-1,0,0,1,-1,12
MJappaya,1,11,5,6,-1,0,0,1,-1,12
MLGkinder,1,11,5,6,-1,0,0,1,-1,12
move_it1,1,11,5,6,-1,0,0,1,-1,12
muffinman43,1,11,5,6,-1,0,0,1,-1,12
MyGlockIsMyHo,1,11,5,6,-1,0,0,1,-1,12
nethound6,1,11,5,6,-1,0,0,1,-1,12
nrinard,1,11,5,6,-1,0,0,1,-1,12
PsycoMonkey42,1,11,5,6,-1,0,0,1,-1,12
PuffTheMagicPanda,1,11,5,6,-1,0,0,1,-1,12
Red_Chaos1,1,11,5,6,-1,0,0,1,-1,12
RiseandRemember,1,11,5,6,-1,0,0,1,-1,12
SamanthaACurtis7,1,11,5,6,-1,0,0,1,-1,12
sfsam415,1,11,5,6,-1,0,0,1,-1,12
Sharkkangaroo,1,11,5,6,-1,0,0,1,-1,12
spinx_webdesign,1,11,5,6,-1,0,0,1,-1,12
Watermelon_Man,1,11,3,8,-5,4,0,1,-1,12
Carlos_bro,1,11,3,8,-5,3,1,1,-2,12
elcombato,1,12,5,7,-2,0,1,0,-2,12
fenniless,1,12,5,7,-2,0,1,0,-2,12
GrassyEsso,1,12,5,7,-2,0,1,0,-2,12
Kyoukan,1,11,3,8,-5,3,1,1,-2,12
LordPoopyIV,1,12,5,7,-2,0,1,0,-2,12
michaelsm123,1,11,3,8,-5,3,1,1,-2,12
OnThatDay,1,12,5,7,-2,0,1,0,-2,12
papichulo916,1,12,5,7,-2,0,1,0,-2,12
wirthtd,1,11,3,8,-5,3,1,1,-2,12
1637,1,11,3,8,-5,3,0,1,-2,12
anotherjohnny,1,11,3,8,-5,3,0,1,-2,12
bobderiemacker,1,11,3,8,-5,3,0,1,-2,12
deff006,1,11,3,8,-5,3,0,1,-2,12
kajzersoze87,1,12,5,7,-2,0,0,0,-2,12
L320Y,1,11,3,8,-5,3,0,1,-2,12
thethingwiththelady,1,11,3,8,-5,3,0,1,-2,12
122gigawatts,1,11,4,7,-3,0,1,1,-3,12
2ashesWeReturn,1,11,3,8,-5,2,1,1,-3,12
454bosslife,1,11,4,7,-3,0,1,1,-3,12
afromologist,1,11,4,7,-3,0,1,1,-3,12
biggums21,1,11,3,8,-5,2,1,1,-3,12
blink182_allday,1,11,4,7,-3,0,1,1,-3,12
bobbyvanda,1,11,4,7,-3,0,1,1,-3,12
bosco64,1,11,4,7,-3,0,1,1,-3,12
bradders17,1,11,4,7,-3,0,1,1,-3,12
browncoat5,1,11,3,8,-5,2,1,1,-3,12
buddhaman001,1,11,4,7,-3,0,1,1,-3,12
Bulwersator,1,11,3,8,-5,2,1,1,-3,12
chaldea,1,11,4,7,-3,0,1,1,-3,12
Chente16,1,11,4,7,-3,0,1,1,-3,12
Cheyne44,1,11,4,7,-3,0,1,1,-3,12
Dangerousdbrown,1,11,4,7,-3,0,1,1,-3,12
Detriment3,1,11,3,8,-5,2,1,1,-3,12
dinosaurpoet,1,11,4,7,-3,0,1,1,-3,12
doogie_hoog,1,11,3,8,-5,2,1,1,-3,12
dudretro,1,11,4,7,-3,0,1,1,-3,12
EAT_UR_CHILDREN,1,11,4,7,-3,0,1,1,-3,12
freshbrownies,1,11,4,7,-3,0,1,1,-3,12
g1vemeahand,1,11,4,7,-3,0,1,1,-3,12
glittergoddess,1,11,4,7,-3,0,1,1,-3,12
GreenMilkshake,1,11,4,7,-3,0,1,1,-3,12
GrizzWarner,1,11,4,7,-3,0,1,1,-3,12
Hardfaps_baps,1,11,3,8,-5,2,1,1,-3,12
heyhololgo,1,11,4,7,-3,0,1,1,-3,12
heytriangleface,1,11,4,7,-3,0,1,1,-3,12
I_am_also_a_Walrus,1,11,4,7,-3,0,1,1,-3,12
iv20,1,12,3,9,-6,3,1,0,-3,12
JacobPhiltrum,1,11,4,7,-3,0,1,1,-3,12
JakeMWP,1,11,4,7,-3,0,1,1,-3,12
JLeron,1,11,4,7,-3,0,1,1,-3,12
JudgeFudge123,1,11,3,8,-5,2,1,1,-3,12
JustMadeYouYawn,1,11,3,8,-5,2,1,1,-3,12
kehoeman,1,11,4,7,-3,0,1,1,-3,12
KillerHoggle,1,11,4,7,-3,0,1,1,-3,12
KoalaEmbrace,1,11,4,7,-3,0,1,1,-3,12
KyleDaGoon,1,11,4,7,-3,0,1,1,-3,12
legendmaster,1,11,4,7,-3,0,1,1,-3,12
LeKathrynA_2,1,11,4,7,-3,0,1,1,-3,12
leriaz,1,11,4,7,-3,0,1,1,-3,12
likeachucknorris,1,11,4,7,-3,0,1,1,-3,12
LordAegeus,1,11,4,7,-3,0,1,1,-3,12
Massh0le,1,11,4,7,-3,0,1,1,-3,12
mgkitties,1,11,3,8,-5,2,1,1,-3,12
mmmapplesauce,1,11,4,7,-3,0,1,1,-3,12
movienoc101,1,11,4,7,-3,0,1,1,-3,12
MSMB99,1,11,4,7,-3,0,1,1,-3,12
nasdaf,1,11,4,7,-3,0,1,1,-3,12
nicholas_rage,1,11,4,7,-3,0,1,1,-3,12
normdaofficer,1,11,4,7,-3,0,1,1,-3,12
pasta_monster,1,11,4,7,-3,0,1,1,-3,12
peterpiperpickedpep,1,11,3,8,-5,2,1,1,-3,12
POLLOS,1,11,4,7,-3,0,1,1,-3,12
pyrowolf8,1,11,3,8,-5,2,1,1,-3,12
ratmfreak,1,11,4,7,-3,0,1,1,-3,12
relaximadoctor,1,11,3,8,-5,2,1,1,-3,12
revanredem,1,11,4,7,-3,0,1,1,-3,12
rickophis,1,11,4,7,-3,0,1,1,-3,12
Rozzelsniff,1,11,4,7,-3,0,1,1,-3,12
SamuelReddit,1,11,4,7,-3,0,1,1,-3,12
sanglupus,1,11,4,7,-3,0,1,1,-3,12
Seemyhammer,1,11,4,7,-3,0,1,1,-3,12
senteswins,1,11,4,7,-3,0,1,1,-3,12
Sharksfan831,1,11,4,7,-3,0,1,1,-3,12
slapoglue,1,11,4,7,-3,0,1,1,-3,12
smarticus_,1,11,4,7,-3,0,1,1,-3,12
smokeybearsb,1,11,4,7,-3,0,1,1,-3,12
Sn0wi,1,11,3,8,-5,2,1,1,-3,12
snakers,1,11,2,9,-7,4,1,1,-3,12
snood1205,1,11,4,7,-3,0,1,1,-3,12
SomaliaPirates,1,11,4,7,-3,0,1,1,-3,12
space1ord,1,11,3,8,-5,2,1,1,-3,12
Spitfires,1,11,4,7,-3,0,1,1,-3,12
splinty,1,11,4,7,-3,0,1,1,-3,12
stealthymountain,1,11,3,8,-5,2,1,1,-3,12
stevenwho,1,11,4,7,-3,0,1,1,-3,12
StinSquared,1,11,4,7,-3,0,1,1,-3,12
SuicidalSushi,1,11,4,7,-3,0,1,1,-3,12
suppermick,1,11,4,7,-3,0,1,1,-3,12
tacosandsushi,1,11,3,8,-5,2,1,1,-3,12
Testicular_Pancakes,1,11,4,7,-3,0,1,1,-3,12
texxmix,1,11,2,9,-7,4,1,1,-3,12
Thatguypaul_A,1,11,3,8,-5,2,1,1,-3,12
theCrocodilicus,1,11,4,7,-3,0,1,1,-3,12
topcity,1,11,3,8,-5,2,1,1,-3,12
Tyguy732,1,11,4,7,-3,0,1,1,-3,12
upper_crust,1,11,4,7,-3,0,1,1,-3,12
Vegerot,1,11,3,8,-5,2,1,1,-3,12
weallknowitall,1,11,4,7,-3,0,1,1,-3,12
Xurandor,1,11,4,7,-3,0,1,1,-3,12
YNot1989,1,11,4,7,-3,0,1,1,-3,12
Zeldafan26,1,11,3,8,-5,2,1,1,-3,12
Zikro,1,11,4,7,-3,0,1,1,-3,12
alloftheproblems,1,11,3,8,-5,2,0,1,-3,12
anobviouscomment71,1,11,4,7,-3,0,0,1,-3,12
Bestypoo,1,11,4,7,-3,0,0,1,-3,12
Captainoep,1,11,2,9,-7,4,0,1,-3,12
chazz94,1,11,4,7,-3,0,0,1,-3,12
cmj410,1,11,4,7,-3,0,0,1,-3,12
DNAthan42,1,11,4,7,-3,0,0,1,-3,12
Gunnoeb2,1,11,4,7,-3,0,0,1,-3,12
herpderpmeister,1,11,4,7,-3,0,0,1,-3,12
HumtY,1,11,4,7,-3,0,0,1,-3,12
Innis226,1,11,4,7,-3,0,0,1,-3,12
Joffmark,1,11,4,7,-3,0,0,1,-3,12
juanton,1,11,4,7,-3,0,0,1,-3,12
Konfuzus,1,11,4,7,-3,0,0,1,-3,12
lukasz345,1,11,4,7,-3,0,0,1,-3,12
Moreahlezz,1,11,4,7,-3,0,0,1,-3,12
MovieTheaterPickle,1,11,3,8,-5,2,0,1,-3,12
my5dollarFTlong,1,11,2,9,-7,4,0,1,-3,12
Native136,1,11,2,9,-7,4,0,1,-3,12
Neechan,1,11,4,7,-3,0,0,1,-3,12
Onlyhereforthelaughs,1,11,3,8,-5,2,0,1,-3,12
Perfect1onOwns,1,11,4,7,-3,0,0,1,-3,12
Plyson,1,11,4,7,-3,0,0,1,-3,12
Supercooldudeman,1,11,4,7,-3,0,0,1,-3,12
thebeastman13,1,11,4,7,-3,0,0,1,-3,12
TheRnegade,1,11,4,7,-3,0,0,1,-3,12
Thevirchow,1,11,4,7,-3,0,0,1,-3,12
xyphanite,1,11,4,7,-3,0,0,1,-3,12
Zakguymooman,1,11,4,7,-3,0,0,1,-3,12
b_p_b,1,12,3,9,-6,2,1,0,-4,12
cheapdrinks,1,12,4,8,-4,0,1,0,-4,12
lsuboy95,1,12,3,9,-6,2,1,0,-4,12
reliantk10,1,11,2,9,-7,3,1,1,-4,12
ScrotieMcBoogerBallz,1,12,4,8,-4,0,1,0,-4,12
stopthisdude,1,12,4,8,-4,0,1,0,-4,12
wowwpaigeex3,1,11,2,9,-7,3,1,1,-4,12
zombieslaya1138,1,12,4,8,-4,0,1,0,-4,12
candymoon,1,12,4,8,-4,0,0,0,-4,12
adrew0311,1,11,2,9,-7,2,1,1,-5,12
adrock3000,1,11,3,8,-5,0,1,1,-5,12
AnoNimTeck,1,11,3,8,-5,0,1,1,-5,12
applebites128k,1,11,3,8,-5,0,1,1,-5,12
babienoming,1,11,3,8,-5,0,1,1,-5,12
Bidoofboy,1,11,3,8,-5,0,1,1,-5,12
big_mac_heart_attack,1,11,2,9,-7,2,1,1,-5,12
blackoak365,1,11,3,8,-5,0,1,1,-5,12
boilerpete512,1,11,3,8,-5,0,1,1,-5,12
bstyle4455,1,11,3,8,-5,0,1,1,-5,12
CahirPL,1,11,3,8,-5,0,1,1,-5,12
cameron_2o1,1,11,3,8,-5,0,1,1,-5,12
chuck_jones,1,11,3,8,-5,0,1,1,-5,12
cocainehaiku,1,11,3,8,-5,0,1,1,-5,12
Codidly5,1,11,3,8,-5,0,1,1,-5,12
conddepast,1,11,3,8,-5,0,1,1,-5,12
CousinBear,1,11,3,8,-5,0,1,1,-5,12
cwal12,1,11,3,8,-5,0,1,1,-5,12
dajewo,1,11,3,8,-5,0,1,1,-5,12
dancer247attd1419,1,11,3,8,-5,0,1,1,-5,12
daneah,1,11,3,8,-5,0,1,1,-5,12
DeeJay731,1,11,3,8,-5,0,1,1,-5,12
Doomballs,1,11,3,8,-5,0,1,1,-5,12
emilyvci,1,11,2,9,-7,2,1,1,-5,12
Flacc0508,1,11,3,8,-5,0,1,1,-5,12
Freeyze,1,11,3,8,-5,0,1,1,-5,12
Friedchickenmonsta,1,11,2,9,-7,2,1,1,-5,12
futbolismylife21,1,11,3,8,-5,0,1,1,-5,12
G0ingToCalifornia,1,11,2,9,-7,2,1,1,-5,12
Ghenji,1,11,3,8,-5,0,1,1,-5,12
GingersLoveMe,1,11,3,8,-5,0,1,1,-5,12
GoodLeftUndone,1,11,3,8,-5,0,1,1,-5,12
Grouch97,1,11,2,9,-7,2,1,1,-5,12
GunnerIke,1,11,3,8,-5,0,1,1,-5,12
Hermonie_Grangederp,1,11,3,8,-5,0,1,1,-5,12
HouseChimey,1,11,3,8,-5,0,1,1,-5,12
howtobiteawolf1,1,11,3,8,-5,0,1,1,-5,12
ilovecrayons2,1,11,3,8,-5,0,1,1,-5,12
Jager-Sangre,1,11,3,8,-5,0,1,1,-5,12
jgrimmer,1,11,3,8,-5,0,1,1,-5,12
JonB23,1,11,3,8,-5,0,1,1,-5,12
kailua808,1,11,3,8,-5,0,1,1,-5,12
kamiikoneko,1,11,3,8,-5,0,1,1,-5,12
kattycoco,1,11,3,8,-5,0,1,1,-5,12
Kris10hope,1,11,3,8,-5,0,1,1,-5,12
kw711,1,11,3,8,-5,0,1,1,-5,12
lavitripathi,1,11,3,8,-5,0,1,1,-5,12
Loverbitch,1,11,2,9,-7,2,1,1,-5,12
Magnetosin,1,11,3,8,-5,0,1,1,-5,12
makesterriblejokes,1,11,3,8,-5,0,1,1,-5,12
Metaphoriak,1,11,3,8,-5,0,1,1,-5,12
MickeySwalwell,1,11,3,8,-5,0,1,1,-5,12
modman34,1,11,3,8,-5,0,1,1,-5,12
MrHarmonious,1,11,3,8,-5,0,1,1,-5,12
MrSnare,1,11,3,8,-5,0,1,1,-5,12
Muahaha128,1,11,3,8,-5,0,1,1,-5,12
Ninjapenguin897,1,11,3,8,-5,0,1,1,-5,12
NotMe16,1,11,3,8,-5,0,1,1,-5,12
orionlady,1,11,3,8,-5,0,1,1,-5,12
ownurpantz,1,11,3,8,-5,0,1,1,-5,12
poloman12345,1,11,3,8,-5,0,1,1,-5,12
pryzeofsin,1,11,3,8,-5,0,1,1,-5,12
RBI_Guy,1,11,3,8,-5,0,1,1,-5,12
reddina,1,11,2,9,-7,2,1,1,-5,12
reddit787,1,11,3,8,-5,0,1,1,-5,12
redshirttt,1,11,3,8,-5,0,1,1,-5,12
RingosTimeMachine,1,11,3,8,-5,0,1,1,-5,12
rstaab,1,11,3,8,-5,0,1,1,-5,12
seifer4737,1,11,3,8,-5,0,1,1,-5,12
sopunny2012,1,11,3,8,-5,0,1,1,-5,12
spiderguitar7,1,11,3,8,-5,0,1,1,-5,12
StotanPhoeniX,1,11,3,8,-5,0,1,1,-5,12
tamoor21,1,11,3,8,-5,0,1,1,-5,12
TeGrem,1,11,3,8,-5,0,1,1,-5,12
TehLastSpartan,1,11,3,8,-5,0,1,1,-5,12
ThatPurpleDrank,1,11,3,8,-5,0,1,1,-5,12
The_-Advocate-_,1,11,3,8,-5,0,1,1,-5,12
theruley,1,11,3,8,-5,0,1,1,-5,12
ToddingSpree,1,11,3,8,-5,0,1,1,-5,12
tripuri,1,11,3,8,-5,0,1,1,-5,12
0haymai,1,11,3,8,-5,0,0,1,-5,12
aksid,1,11,2,9,-7,2,0,1,-5,12
alacranez,1,11,3,8,-5,0,0,1,-5,12
badwolf456,1,11,2,9,-7,2,0,1,-5,12
ballerstatus89,1,11,3,8,-5,0,0,1,-5,12
bodysnatcer,1,11,3,8,-5,0,0,1,-5,12
Cogit,1,11,3,8,-5,0,0,1,-5,12
compostella,1,11,3,8,-5,0,0,1,-5,12
courtney_renee,1,11,3,8,-5,0,0,1,-5,12
D0ughnut,1,11,3,8,-5,0,0,1,-5,12
DatPost,1,11,3,8,-5,0,0,1,-5,12
fabianisawesomeful,1,11,2,9,-7,2,0,1,-5,12
Fr3nchtoastmafia,1,11,2,9,-7,2,0,1,-5,12
kjcorrea,1,11,3,8,-5,0,0,1,-5,12
Lawlicious,1,11,3,8,-5,0,0,1,-5,12
LeagueOfOrdinaryGuys,1,11,3,8,-5,0,0,1,-5,12
ocd_penguin,1,11,3,8,-5,0,0,1,-5,12
PilotInspektor,1,11,3,8,-5,0,0,1,-5,12
Potchi79,1,11,3,8,-5,0,0,1,-5,12
rotocol,1,11,3,8,-5,0,0,1,-5,12
tahlspin,1,11,3,8,-5,0,0,1,-5,12
TheRealGeddyLee,1,11,3,8,-5,0,0,1,-5,12
Vegasghoul,1,11,3,8,-5,0,0,1,-5,12
4nonymo,1,12,3,9,-6,0,1,0,-6,12
ccuster911,1,12,3,9,-6,0,1,0,-6,12
Darkez,1,12,3,9,-6,0,0,0,-6,12
Redsox2488,1,11,1,10,-9,3,0,1,-6,12
allouttaupvotes,1,11,2,9,-7,0,1,1,-7,12
ARPShahbazi,1,11,2,9,-7,0,1,1,-7,12
BagoBeefcake,1,11,2,9,-7,0,1,1,-7,12
Brigitaaugyte,1,12,1,11,-10,3,1,0,-7,12
cavemanmeateater,1,11,2,9,-7,0,1,1,-7,12
coolbeans5553,1,11,2,9,-7,0,1,1,-7,12
daisy8duke,1,11,2,9,-7,0,1,1,-7,12
dj_neogirl,1,11,2,9,-7,0,1,1,-7,12
DrunkenColonelSander,1,11,2,9,-7,0,1,1,-7,12
EliphasLimber,1,11,2,9,-7,0,1,1,-7,12
HodgeMks,1,11,2,9,-7,0,1,1,-7,12
Ilove_speakers,1,11,2,9,-7,0,1,1,-7,12
indie_cowgirl,1,11,2,9,-7,0,1,1,-7,12
ItsMrIncredible,1,11,2,9,-7,0,1,1,-7,12
justinwbb,1,11,2,9,-7,0,1,1,-7,12
juusto,1,11,2,9,-7,0,1,1,-7,12
KimJongUnbelievable,1,11,2,9,-7,0,1,1,-7,12
mercel,1,11,2,9,-7,0,1,1,-7,12
Mistakingblock,1,11,2,9,-7,0,1,1,-7,12
oopie45,1,11,2,9,-7,0,1,1,-7,12
rilothugnasty,1,11,2,9,-7,0,1,1,-7,12
scootypuffjr33,1,11,2,9,-7,0,1,1,-7,12
TitsMcGee_The_Great,1,11,2,9,-7,0,1,1,-7,12
xamarcos,1,11,2,9,-7,0,1,1,-7,12
zopermff,1,11,2,9,-7,0,1,1,-7,12
EighteenSpiders,1,11,2,9,-7,0,0,1,-7,12
genocideangel,1,11,2,9,-7,0,0,1,-7,12
GiveMeBackMyDaughter,1,11,2,9,-7,0,0,1,-7,12
heylowdeux,1,11,2,9,-7,0,0,1,-7,12
jaydubyah,1,11,2,9,-7,0,0,1,-7,12
kabloona,1,11,2,9,-7,0,0,1,-7,12
mrchicano209,1,11,2,9,-7,0,0,1,-7,12
Omi53,1,11,2,9,-7,0,0,1,-7,12
redditer1998,1,11,2,9,-7,0,0,1,-7,12
starseed22,1,11,2,9,-7,0,0,1,-7,12
UseWhatName,1,11,2,9,-7,0,0,1,-7,12
hockey16gt,1,12,2,10,-8,0,1,0,-8,12
ausgamer529,1,11,1,10,-9,0,1,1,-9,12
coreyzard,1,11,1,10,-9,0,1,1,-9,12
Cycopather,1,11,1,10,-9,0,1,1,-9,12
maxdoyle,1,11,1,10,-9,0,1,1,-9,12
Windyvale,1,11,1,10,-9,0,1,1,-9,12
md91,1,11,1,10,-9,0,0,1,-9,12
brightonmorning,1,11,9,2,7,10,1,0,17,11
mikester456,1,10,7,3,4,13,1,1,17,11
1.10E+12,1,10,10,0,10,5,1,1,15,11
CommanderV,1,10,8,2,6,9,1,1,15,11
faRawrie,1,11,8,3,5,10,1,0,15,11
Toxicnerd,1,10,4,6,-2,17,0,1,15,11
Decebalus,1,10,7,3,4,10,1,1,14,11
ericeastcoast,1,10,10,0,10,4,1,1,14,11
rapture_wraith,1,10,7,3,4,10,1,1,14,11
Mushucanbar,1,10,10,0,10,2,1,1,12,11
Cool_Black_Chick,1,10,6,4,2,9,1,1,11,11
Raumkreuzer,1,11,11,0,11,0,1,0,11,11
Fruitxdream,1,10,8,2,6,5,0,1,11,11
livewiththelions,1,10,9,1,8,3,0,1,11,11
mrmoe777,1,10,5,5,0,11,0,1,11,11
aliasays,1,10,10,0,10,0,1,1,10,11
battierpeeler,1,10,7,3,4,6,1,1,10,11
brokensocialscene,1,10,9,1,8,2,1,1,10,11
catsnapper,1,10,10,0,10,0,1,1,10,11
donettes,1,10,9,1,8,2,1,1,10,11
donkify,1,10,10,0,10,0,1,1,10,11
emmabethebest,1,10,9,1,8,2,1,1,10,11
ericpantsford,1,10,10,0,10,0,1,1,10,11
EwokCommando,1,10,9,1,8,2,1,1,10,11
Gimmee,1,10,9,1,8,2,1,1,10,11
h0ckey87,1,10,10,0,10,0,1,1,10,11
iliketoeatmudkipz,1,10,10,0,10,0,1,1,10,11
isamudragon,1,10,8,2,6,4,1,1,10,11
pinkspyder,1,10,10,0,10,0,1,1,10,11
retroriggs,1,11,8,3,5,5,1,0,10,11
romeodidntdie,1,10,10,0,10,0,1,1,10,11
Scarlet_Mae,1,10,10,0,10,0,1,1,10,11
snowwarrior,1,10,9,1,8,2,1,1,10,11
StreetsOfRage,1,10,5,5,0,10,1,1,10,11
TheDanNeck,1,10,10,0,10,0,1,1,10,11
tlk6357,1,10,10,0,10,0,1,1,10,11
zacthemaster,1,10,10,0,10,0,1,1,10,11
ZsZso,1,10,10,0,10,0,1,1,10,11
and1296,1,10,10,0,10,0,0,1,10,11
crimsdings,1,10,10,0,10,0,0,1,10,11
Morocco_Llama,1,10,6,4,2,8,0,1,10,11
OsteBonden,1,10,10,0,10,0,0,1,10,11
otterbry,1,10,10,0,10,0,0,1,10,11
ralpo08,1,10,9,1,8,2,0,1,10,11
bgrumps603,1,11,10,1,9,0,1,0,9,11
enc7tj,1,11,10,1,9,0,1,0,9,11
Foosball421,1,11,10,1,9,0,1,0,9,11
Kywer,1,10,7,3,4,5,1,1,9,11
MisterNetflix,1,10,8,2,6,3,1,1,9,11
robsumbry,1,10,8,2,6,3,1,1,9,11
Sherman1234,1,10,7,3,4,5,1,1,9,11
thelaziestgoth,1,10,6,4,2,7,1,1,9,11
Yomarao,1,11,10,1,9,0,1,0,9,11
GladMadamMim,1,10,8,2,6,3,0,1,9,11
Anonymous_User_101,1,10,9,1,8,0,1,1,8,11
carl8888,1,10,9,1,8,0,1,1,8,11
citychamp1093,1,10,9,1,8,0,1,1,8,11
CMoreKillz14,1,10,8,2,6,2,1,1,8,11
Cowmurder,1,10,9,1,8,0,1,1,8,11
FrenjaminBanklin,1,10,9,1,8,0,1,1,8,11
iPinheadLarry,1,10,9,1,8,0,1,1,8,11
Jacob356,1,10,8,2,6,2,1,1,8,11
jmirvish,1,10,9,1,8,0,1,1,8,11
mushfique,1,10,7,3,4,4,1,1,8,11
N0tAUsername,1,10,7,3,4,4,1,1,8,11
Orlandomushroom,1,10,9,1,8,0,1,1,8,11
potatoerok,1,10,7,3,4,4,1,1,8,11
rot_in_peace,1,10,6,4,2,6,1,1,8,11
samthebassman,1,10,9,1,8,0,1,1,8,11
ThestralTamer,1,10,7,3,4,4,1,1,8,11
Unsure_Of_Opinion,1,10,9,1,8,0,1,1,8,11
unusualbob,1,10,9,1,8,0,1,1,8,11
Wishful-Thinking,1,10,7,3,4,4,1,1,8,11
Archer18,1,10,8,2,6,2,0,1,8,11
bklyn66,1,10,9,1,8,0,0,1,8,11
chillax_bro_im_jk,1,10,7,3,4,4,0,1,8,11
Damger,1,10,8,2,6,2,0,1,8,11
equestrianelf,1,10,8,2,6,2,0,1,8,11
FishesDelicious,1,10,8,2,6,2,0,1,8,11
french12392,1,10,8,2,6,2,0,1,8,11
ManMadeDreams,1,10,8,2,6,2,0,1,8,11
Metapsychosis,1,10,9,1,8,0,0,1,8,11
Munster570,1,10,8,2,6,2,0,1,8,11
putnut00,1,10,9,1,8,0,0,1,8,11
RyderSchnyder,1,10,9,1,8,0,0,1,8,11
Satanz666,1,10,7,3,4,4,0,1,8,11
Tangled_Asshair,1,10,9,1,8,0,0,1,8,11
the_baker_chick,1,10,8,2,6,2,0,1,8,11
unicornsever,1,10,9,1,8,0,0,1,8,11
xnune,2,9,8,1,7,0,2,2,7,11
amandera,1,10,7,3,4,3,1,1,7,11
awcreative,1,10,7,3,4,3,1,1,7,11
BullshitUsername,1,11,8,3,5,2,1,0,7,11
Chuckm8,1,11,7,4,3,4,1,0,7,11
dvlerner,1,10,7,3,4,3,1,1,7,11
hellojoe93,1,11,8,3,5,2,1,0,7,11
ieataquacrayons,1,10,6,4,2,5,1,1,7,11
jschmizel,1,10,6,4,2,5,1,1,7,11
LeviLaFonte,1,11,8,3,5,2,1,0,7,11
Outwest970,1,10,7,3,4,3,1,1,7,11
pushthru,1,10,7,3,4,3,1,1,7,11
shanninhailey,1,10,7,3,4,3,1,1,7,11
the_old_in_out,1,10,6,4,2,5,1,1,7,11
wiinskii,1,10,7,3,4,3,1,1,7,11
BokehBurgher,1,10,7,3,4,3,0,1,7,11
lightningcolt17,1,10,4,6,-2,9,0,1,7,11
OneHeartBeat,1,10,7,3,4,3,0,1,7,11
Sayfog,1,10,6,4,2,5,0,1,7,11
TheStinkus,1,10,7,3,4,3,0,1,7,11
Xdexter23,1,10,7,3,4,3,0,1,7,11
adnan252,1,10,8,2,6,0,1,1,6,11
ARgn,1,10,8,2,6,0,1,1,6,11
asaleh41,1,11,7,4,3,3,1,0,6,11
avogregenboo,1,10,8,2,6,0,1,1,6,11
balanceandcomposure,1,10,8,2,6,0,1,1,6,11
bunzee96,1,10,8,2,6,0,1,1,6,11
Callidrad,1,10,8,2,6,0,1,1,6,11
Carl_The_Sagan,1,10,8,2,6,0,1,1,6,11
Cartmansimon,1,10,8,2,6,0,1,1,6,11
caseythebulldozer,1,10,8,2,6,0,1,1,6,11
cecilpunk,1,10,7,3,4,2,1,1,6,11
Champie,1,10,8,2,6,0,1,1,6,11
CharlieTango,1,10,7,3,4,2,1,1,6,11
cjmkay97,1,10,8,2,6,0,1,1,6,11
clamb2,1,10,7,3,4,2,1,1,6,11
clarkstunnin,1,10,8,2,6,0,1,1,6,11
Demi-God94,1,10,8,2,6,0,1,1,6,11
DOGMANATOR,1,10,7,3,4,2,1,1,6,11
drunk3nmonky,1,10,6,4,2,4,1,1,6,11
dwade420,1,10,8,2,6,0,1,1,6,11
DylanRos,1,10,8,2,6,0,1,1,6,11
fluffykittensandshit,1,10,8,2,6,0,1,1,6,11
GingerSauce,1,10,8,2,6,0,1,1,6,11
greatben1943,1,10,8,2,6,0,1,1,6,11
Grrrben,1,10,8,2,6,0,1,1,6,11
HornyPoney,1,10,8,2,6,0,1,1,6,11
IronManz,1,10,8,2,6,0,1,1,6,11
japanesetaurus,1,10,6,4,2,4,1,1,6,11
jbogie,1,10,7,3,4,2,1,1,6,11
kbobayla,1,10,8,2,6,0,1,1,6,11
KidLouis,1,10,7,3,4,2,1,1,6,11
Knillish,1,10,8,2,6,0,1,1,6,11
Lozokia,1,10,8,2,6,0,1,1,6,11
LXH,1,10,8,2,6,0,1,1,6,11
MasterCylinder71,1,10,8,2,6,0,1,1,6,11
metalmasterloz,1,10,8,2,6,0,1,1,6,11
omgdinosaurs,1,10,8,2,6,0,1,1,6,11
plasticmadness,1,10,8,2,6,0,1,1,6,11
Politibrah,1,10,8,2,6,0,1,1,6,11
Porter22,1,10,7,3,4,2,1,1,6,11
portlandisleavin,1,10,8,2,6,0,1,1,6,11
pp19dd,1,10,7,3,4,2,1,1,6,11
Psychopauser,1,10,8,2,6,0,1,1,6,11
rshangale,1,10,8,2,6,0,1,1,6,11
sabrefudge,1,10,8,2,6,0,1,1,6,11
Samurai_Wookiee,1,10,8,2,6,0,1,1,6,11
Shwop,1,10,6,4,2,4,1,1,6,11
silentm,1,10,8,2,6,0,1,1,6,11
TastyJams,1,10,7,3,4,2,1,1,6,11
tbonecrush11,1,10,8,2,6,0,1,1,6,11
ThatYoungTrojan,1,10,8,2,6,0,1,1,6,11
TOUCH_MY_ASS,1,10,8,2,6,0,1,1,6,11
TransPM,1,10,8,2,6,0,1,1,6,11
wt65074,1,10,8,2,6,0,1,1,6,11
x70x,1,10,8,2,6,0,1,1,6,11
zoppe122,1,10,8,2,6,0,1,1,6,11
8LBS_6OZ_BABY_JESUS,1,10,8,2,6,0,0,1,6,11
AdmiralDiarrhea,1,10,6,4,2,4,0,1,6,11
AdmiralPancake,1,10,8,2,6,0,0,1,6,11
Burton21,1,10,8,2,6,0,0,1,6,11
CallMeNeo,1,10,6,4,2,4,0,1,6,11
Cheese101511,1,10,6,4,2,4,0,1,6,11
ChunKeeSoop,1,10,8,2,6,0,0,1,6,11
deafblindmute,1,10,8,2,6,0,0,1,6,11
eaglesfan83,1,10,8,2,6,0,0,1,6,11
Enterprise37,1,10,7,3,4,2,0,1,6,11
F_S_Rocks,1,10,8,2,6,0,0,1,6,11
galaxiesfaraway,1,10,8,2,6,0,0,1,6,11
geo845,1,10,8,2,6,0,0,1,6,11
landerp,1,10,7,3,4,2,0,1,6,11
lildevil225,1,10,8,2,6,0,0,1,6,11
lorne1010,1,10,8,2,6,0,0,1,6,11
MasterRouge,1,10,8,2,6,0,0,1,6,11
misunderstoodunicorn,1,10,8,2,6,0,0,1,6,11
nordism,1,10,8,2,6,0,0,1,6,11
omoxo,1,10,7,3,4,2,0,1,6,11
Sexua1Beast,1,10,8,2,6,0,0,1,6,11
Sjc96,1,10,8,2,6,0,0,1,6,11
why_not_agnosticism,1,10,8,2,6,0,0,1,6,11
xXBeachy,1,10,7,3,4,2,0,1,6,11
XxDrPownMonkyxX,1,10,8,2,6,0,0,1,6,11
Youre_Cool,1,10,8,2,6,0,0,1,6,11
THE_ARTYST,2,9,6,3,3,2,2,2,5,11
b_Man,1,11,8,3,5,0,1,0,5,11
backpackwayne,1,11,6,5,1,4,1,0,5,11
bigballzmcgee,1,10,6,4,2,3,1,1,5,11
cachivaches,1,10,6,4,2,3,1,1,5,11
CellularBeing,1,11,6,5,1,4,1,0,5,11
Cornopolis,1,10,5,5,0,5,1,1,5,11
dupontcircle,1,10,5,5,0,5,1,1,5,11
flobernoggin,1,10,6,4,2,3,1,1,5,11
gregadamson,1,10,5,5,0,5,1,1,5,11
ImitateReality,1,10,6,4,2,3,1,1,5,11
jons420,1,11,6,5,1,4,1,0,5,11
KaseyB,1,10,5,5,0,5,1,1,5,11
Martianfromdowntown,1,11,8,3,5,0,1,0,5,11
Nickjv87,1,11,8,3,5,0,1,0,5,11
Room2426,1,10,6,4,2,3,1,1,5,11
samvimesmusic,1,10,5,5,0,5,1,1,5,11
theladypaige,1,10,6,4,2,3,1,1,5,11
WO0Tz,1,10,6,4,2,3,1,1,5,11
ZumaZoom,1,10,5,5,0,5,1,1,5,11
Alfidtot,1,10,5,5,0,5,0,1,5,11
Diretemus,2,10,6,4,2,3,0,1,5,11
dragonlordxx,1,10,6,4,2,3,0,1,5,11
MackerLad93,1,10,5,5,0,5,0,1,5,11
OHaiDar,1,10,6,4,2,3,0,1,5,11
Perry_1_,1,10,6,4,2,3,0,1,5,11
t_penn,1,10,6,4,2,3,0,1,5,11
_MacAttack_,1,10,7,3,4,0,1,1,4,11
aarg34,1,10,7,3,4,0,1,1,4,11
Aaron252016,1,10,7,3,4,0,1,1,4,11
Aegist,1,10,4,6,-2,6,1,1,4,11
allieskittles7,1,10,5,5,0,4,1,1,4,11
AlliWanrisaHug,1,10,7,3,4,0,1,1,4,11
Alvarez1590,1,10,6,4,2,2,1,1,4,11
benzee,1,10,6,4,2,2,1,1,4,11
Bewkitty,1,10,6,4,2,2,1,1,4,11
BitterVenkata,1,10,7,3,4,0,1,1,4,11
bRownies21,1,10,6,4,2,2,1,1,4,11
ButtMuncher89,1,10,7,3,4,0,1,1,4,11
bzapp,1,10,6,4,2,2,1,1,4,11
Ca-aseere5d,1,10,7,3,4,0,1,1,4,11
CaptainJester42,1,10,7,3,4,0,1,1,4,11
coolskier89,1,10,7,3,4,0,1,1,4,11
crabeerily,1,10,6,4,2,2,1,1,4,11
CraptainHammer,1,10,7,3,4,0,1,1,4,11
cronik92,1,10,7,3,4,0,1,1,4,11
dailydoseofdogfood,1,10,7,3,4,0,1,1,4,11
dannybetch,1,10,7,3,4,0,1,1,4,11
DashH90Three,1,10,7,3,4,0,1,1,4,11
daxl70,1,10,6,4,2,2,1,1,4,11
DFogify,1,10,6,4,2,2,1,1,4,11
DiceDawson,1,10,7,3,4,0,1,1,4,11
DiirtySanch,1,10,7,3,4,0,1,1,4,11
Dizzle1218,1,10,6,4,2,2,1,1,4,11
Doc_Vestibule,1,10,7,3,4,0,1,1,4,11
DoubleAceHigh,1,10,7,3,4,0,1,1,4,11
drboom,1,10,7,3,4,0,1,1,4,11
dyslecticr,1,10,6,4,2,2,1,1,4,11
dyslexicliger,1,10,6,4,2,2,1,1,4,11
eggsandbricks,1,10,7,3,4,0,1,1,4,11
elvis8mybaby,1,10,7,3,4,0,1,1,4,11
expertonbreasts,1,10,7,3,4,0,1,1,4,11
fairbanksy,1,10,7,3,4,0,1,1,4,11
Firehazard12,1,10,7,3,4,0,1,1,4,11
fish1190,1,10,7,3,4,0,1,1,4,11
focusing,1,10,6,4,2,2,1,1,4,11
greekboy,1,10,6,4,2,2,1,1,4,11
grim869,1,10,5,5,0,4,1,1,4,11
grizzlypacker,1,10,6,4,2,2,1,1,4,11
Headgothunt,1,10,7,3,4,0,1,1,4,11
hung_like_an_ant,1,10,6,4,2,2,1,1,4,11
hungrydyke,1,10,7,3,4,0,1,1,4,11
iamjacksparrow,1,10,7,3,4,0,1,1,4,11
illumiuiili,1,10,6,4,2,2,1,1,4,11
Integralds,1,10,3,7,-4,8,1,1,4,11
Jariekho,1,10,7,3,4,0,1,1,4,11
JerzOnReddit,1,10,7,3,4,0,1,1,4,11
jianfeifan,1,10,7,3,4,0,1,1,4,11
JoeBourgeois,1,10,7,3,4,0,1,1,4,11
joshthefoolish,1,10,7,3,4,0,1,1,4,11
khavyer,1,10,7,3,4,0,1,1,4,11
Lanaru,1,10,6,4,2,2,1,1,4,11
long_eared_ganmen,1,10,7,3,4,0,1,1,4,11
m_Pony,1,10,6,4,2,2,1,1,4,11
marinqf,1,10,7,3,4,0,1,1,4,11
meiotta,1,10,7,3,4,0,1,1,4,11
moonias,1,10,6,4,2,2,1,1,4,11
MrHalocatz,1,10,7,3,4,0,1,1,4,11
mrobviousguy,1,10,6,4,2,2,1,1,4,11
Natchil,1,10,6,4,2,2,1,1,4,11
neaston1990,1,10,7,3,4,0,1,1,4,11
niro88,1,10,6,4,2,2,1,1,4,11
Not_a_RTard,1,10,7,3,4,0,1,1,4,11
Omeedian,1,10,7,3,4,0,1,1,4,11
Ostolation,1,10,7,3,4,0,1,1,4,11
peppermintsocks,1,10,7,3,4,0,1,1,4,11
Phorm2012,1,10,7,3,4,0,1,1,4,11
pingprocess,1,10,7,3,4,0,1,1,4,11
Proudblackman,1,10,7,3,4,0,1,1,4,11
reach78,1,10,7,3,4,0,1,1,4,11
RealJonOC,1,10,7,3,4,0,1,1,4,11
Reddit864,1,10,7,3,4,0,1,1,4,11
richytherichman,1,10,7,3,4,0,1,1,4,11
rooomatethaw,1,10,7,3,4,0,1,1,4,11
sageofrage6789,1,10,7,3,4,0,1,1,4,11
schlichtm,1,10,7,3,4,0,1,1,4,11
SebackAttack,1,10,7,3,4,0,1,1,4,11
sjmurray,1,10,7,3,4,0,1,1,4,11
Spaghetti69,1,10,7,3,4,0,1,1,4,11
sparklypaper,1,10,7,3,4,0,1,1,4,11
spikeparker,1,10,7,3,4,0,1,1,4,11
squadramerdoso,1,10,7,3,4,0,1,1,4,11
stopmia,1,10,7,3,4,0,1,1,4,11
swdarsey,1,10,7,3,4,0,1,1,4,11
Takeoisblack,1,10,6,4,2,2,1,1,4,11
tehwabb1t,1,10,7,3,4,0,1,1,4,11
TempUser420,1,10,7,3,4,0,1,1,4,11
TheFunNamesAreTaken,1,10,7,3,4,0,1,1,4,11
TheRealSandman,1,10,6,4,2,2,1,1,4,11
therisnotry,1,10,7,3,4,0,1,1,4,11
theycallmetedus,1,10,7,3,4,0,1,1,4,11
three_came_out_of_me,1,10,6,4,2,2,1,1,4,11
tidweezy,1,10,6,4,2,2,1,1,4,11
Toadvine90,1,10,7,3,4,0,1,1,4,11
TomcatZ06,1,10,7,3,4,0,1,1,4,11
twoturboz,1,10,7,3,4,0,1,1,4,11
urstrulee,1,10,6,4,2,2,1,1,4,11
verik,1,10,7,3,4,0,1,1,4,11
Waltz_Tides,1,10,7,3,4,0,1,1,4,11
WhitefangdDS,1,10,6,4,2,2,1,1,4,11
wickeddream,1,10,7,3,4,0,1,1,4,11
xPKx,1,10,7,3,4,0,1,1,4,11
youseeff,1,10,7,3,4,0,1,1,4,11
zackbigdog,1,10,7,3,4,0,1,1,4,11
cboswel1,1,10,6,4,2,2,0,1,4,11
cornpete,1,10,6,4,2,2,0,1,4,11
deerchild,1,10,7,3,4,0,0,1,4,11
dinoswagger,1,10,6,4,2,2,0,1,4,11
Dioxyss,1,10,7,3,4,0,0,1,4,11
DrAculaAttorneyAtLaw,1,10,7,3,4,0,0,1,4,11
EmbarkingZebra,1,10,7,3,4,0,0,1,4,11
himattswan,1,10,7,3,4,0,0,1,4,11
internetexplorerftw,1,10,7,3,4,0,0,1,4,11
iphonealot,1,10,7,3,4,0,0,1,4,11
Jenna_vieve,1,10,7,3,4,0,0,1,4,11
Kiwipwner,1,10,7,3,4,0,0,1,4,11
Lindsar,1,10,7,3,4,0,0,1,4,11
lnotarangelo,1,10,7,3,4,0,0,1,4,11
Noogen13,1,10,6,4,2,2,0,1,4,11
personalanon,1,10,7,3,4,0,0,1,4,11
PrincessIceheart,1,10,7,3,4,0,0,1,4,11
RageQuitRebels,1,10,6,4,2,2,0,1,4,11
robotosaurus,1,10,7,3,4,0,0,1,4,11
TACITUM,1,10,7,3,4,0,0,1,4,11
ThatAppleNerd,1,10,6,4,2,2,0,1,4,11
TheLeibonator,1,10,6,4,2,2,0,1,4,11
UncomfortablyRacist,1,10,4,6,-2,6,0,1,4,11
unireed,1,10,7,3,4,0,0,1,4,11
yeebianca,1,10,5,5,0,4,0,1,4,11
Zintack,1,10,7,3,4,0,0,1,4,11
adamus1red,1,11,7,4,3,0,1,0,3,11
bushbooger,1,10,5,5,0,3,1,1,3,11
goraks,1,10,5,5,0,3,1,1,3,11
joshszman09,1,11,7,4,3,0,1,0,3,11
marybfmv,1,10,5,5,0,3,1,1,3,11
MoarBaconStrips,1,10,5,5,0,3,1,1,3,11
MrHashish,1,10,4,6,-2,5,1,1,3,11
rogerrhoads,2,10,5,5,0,3,1,1,3,11
RooGuru,1,11,7,4,3,0,1,0,3,11
Searingm1,1,10,4,6,-2,5,1,1,3,11
Shaggycarpet,1,10,5,5,0,3,1,1,3,11
smatty_three,1,11,7,4,3,0,1,0,3,11
Somethingfunny222,1,11,7,4,3,0,1,0,3,11
stanleythemanley44,2,9,6,3,3,0,1,2,3,11
SurferSwag,1,10,4,6,-2,5,1,1,3,11
xoday,1,10,5,5,0,3,1,1,3,11
Yoman99,1,10,5,5,0,3,1,1,3,11
jonathachapman,1,10,5,5,0,3,0,1,3,11
tempranos,1,10,5,5,0,3,0,1,3,11
404Lucky,1,10,6,4,2,0,1,1,2,11
A_Random_Man_45,1,10,6,4,2,0,1,1,2,11
ajgarcia29,1,10,6,4,2,0,1,1,2,11
ajree210,1,10,6,4,2,0,1,1,2,11
alexbu62395,1,10,5,5,0,2,1,1,2,11
alibee27,1,10,6,4,2,0,1,1,2,11
amac34,1,10,6,4,2,0,1,1,2,11
anastasia-zabini,1,10,6,4,2,0,1,1,2,11
astronautassblaster,1,10,5,5,0,2,1,1,2,11
BelmontZiimon,1,10,6,4,2,0,1,1,2,11
BigNeecs,1,10,6,4,2,0,1,1,2,11
bjorndaunicorn,1,10,6,4,2,0,1,1,2,11
BobTokington,1,10,5,5,0,2,1,1,2,11
boutros_boutros,1,11,4,7,-3,5,1,0,2,11
Bricktamlinsmom,1,10,6,4,2,0,1,1,2,11
Burgee3236,1,10,6,4,2,0,1,1,2,11
c1ph3r88,1,10,6,4,2,0,1,1,2,11
caddrt,1,10,6,4,2,0,1,1,2,11
capncrayola,1,10,6,4,2,0,1,1,2,11
Carrot_Flower_King,1,10,6,4,2,0,1,1,2,11
Casper_the_Cracker,1,10,5,5,0,2,1,1,2,11
cc_cheeks,1,10,6,4,2,0,1,1,2,11
cjm_d,1,10,6,4,2,0,1,1,2,11
cmtoox,1,10,5,5,0,2,1,1,2,11
colkurtz7,1,10,6,4,2,0,1,1,2,11
combustiblemushroom,1,10,5,5,0,2,1,1,2,11
CondoKP,1,10,6,4,2,0,1,1,2,11
Corporal_Tasty,1,10,6,4,2,0,1,1,2,11
cupkatezz,1,10,6,4,2,0,1,1,2,11
daddyfatsacs,1,10,6,4,2,0,1,1,2,11
DanLevy,1,10,6,4,2,0,1,1,2,11
dbasinge,1,10,6,4,2,0,1,1,2,11
dexemplu,1,10,6,4,2,0,1,1,2,11
DiscoverSooke,1,10,5,5,0,2,1,1,2,11
Dopamine__x,1,10,6,4,2,0,1,1,2,11
Dot8911,1,10,6,4,2,0,1,1,2,11
Dr-Mugg,1,10,6,4,2,0,1,1,2,11
droy0,1,10,4,6,-2,4,1,1,2,11
DynamicSDH,1,10,6,4,2,0,1,1,2,11
EmilyFaith77,1,10,6,4,2,0,1,1,2,11
end_all_wars,1,10,6,4,2,0,1,1,2,11
Evofck,1,10,6,4,2,0,1,1,2,11
fat_lingam,1,10,6,4,2,0,1,1,2,11
fatjesusftfbc,1,10,6,4,2,0,1,1,2,11
fatmaynard,1,10,6,4,2,0,1,1,2,11
fbrzoska,1,10,6,4,2,0,1,1,2,11
foxh8er,1,10,6,4,2,0,1,1,2,11
gaylordsforce,1,10,6,4,2,0,1,1,2,11
gigac0ck,1,10,6,4,2,0,1,1,2,11
GlennChervins,1,10,6,4,2,0,1,1,2,11
gm104nate,1,10,5,5,0,2,1,1,2,11
grapefruitlickamole,1,10,5,5,0,2,1,1,2,11
HadesRising,1,10,6,4,2,0,1,1,2,11
halffullhackysack,1,10,6,4,2,0,1,1,2,11
hawke4u,1,10,6,4,2,0,1,1,2,11
HeavyWeapon1,1,10,6,4,2,0,1,1,2,11
HunterzBlade,1,10,6,4,2,0,1,1,2,11
igotwaaaybaked,1,10,5,5,0,2,1,1,2,11
inviso_bill,1,10,5,5,0,2,1,1,2,11
J_burgreen12,1,10,6,4,2,0,1,1,2,11
jared030858,1,10,5,5,0,2,1,1,2,11
jimparsonsrox,1,10,5,5,0,2,1,1,2,11
john_jeffries,1,10,6,4,2,0,1,1,2,11
jonnyboyo,1,10,6,4,2,0,1,1,2,11
Jontallica,1,10,6,4,2,0,1,1,2,11
justinkasereddditor,1,10,6,4,2,0,1,1,2,11
JustSavage,1,10,6,4,2,0,1,1,2,11
jvslacker,1,10,5,5,0,2,1,1,2,11
kananixx,1,10,6,4,2,0,1,1,2,11
kendrahwithanh,1,10,6,4,2,0,1,1,2,11
KickingPigeons,1,10,6,4,2,0,1,1,2,11
KillaM701,1,10,5,5,0,2,1,1,2,11
Koboldd,1,10,6,4,2,0,1,1,2,11
korpiklaani123,1,10,6,4,2,0,1,1,2,11
ktbeme23,1,10,6,4,2,0,1,1,2,11
kusoman,1,10,4,6,-2,4,1,1,2,11
le_bravery,1,10,6,4,2,0,1,1,2,11
leveewasbri,1,10,6,4,2,0,1,1,2,11
lonb,1,10,6,4,2,0,1,1,2,11
macintoshx11,1,10,6,4,2,0,1,1,2,11
MasterBaetenTron,1,10,6,4,2,0,1,1,2,11
MCd0nutz,1,10,6,4,2,0,1,1,2,11
MechEngineer21,1,10,5,5,0,2,1,1,2,11
MendedSlinky,1,10,6,4,2,0,1,1,2,11
mfnprincess,1,10,6,4,2,0,1,1,2,11
Mines_Skyline,1,10,6,4,2,0,1,1,2,11
misterwizzard,1,10,6,4,2,0,1,1,2,11
moistlipwig,1,10,6,4,2,0,1,1,2,11
mrcarter5820,1,10,6,4,2,0,1,1,2,11
MYZO,1,10,6,4,2,0,1,1,2,11
N8Caldwell,1,10,6,4,2,0,1,1,2,11
NapolianDino,1,10,6,4,2,0,1,1,2,11
nJoyy,1,10,6,4,2,0,1,1,2,11
ogpartyanimal,1,10,6,4,2,0,1,1,2,11
ohmeohmy22,1,10,6,4,2,0,1,1,2,11
overattachedwife,1,10,6,4,2,0,1,1,2,11
palmanus,1,10,6,4,2,0,1,1,2,11
pikuoff,1,10,6,4,2,0,1,1,2,11
pmcderm11,1,10,6,4,2,0,1,1,2,11
potato_tomato,1,10,5,5,0,2,1,1,2,11
psychiclemonade,1,10,5,5,0,2,1,1,2,11
pussyking69,1,10,6,4,2,0,1,1,2,11
RainyRat,1,10,4,6,-2,4,1,1,2,11
rdudejr,1,10,6,4,2,0,1,1,2,11
redanimalwarrior,1,10,6,4,2,0,1,1,2,11
redrage56,1,10,6,4,2,0,1,1,2,11
regularredditer,1,10,6,4,2,0,1,1,2,11
riddlefox,1,10,5,5,0,2,1,1,2,11
RogerWolfe,1,10,6,4,2,0,1,1,2,11
Romney-is-an-alien,1,10,6,4,2,0,1,1,2,11
ScoobyDooBoop,1,10,6,4,2,0,1,1,2,11
Scubaboy26,1,10,6,4,2,0,1,1,2,11
sepiaknight,1,10,4,6,-2,4,1,1,2,11
Sharobob,1,10,6,4,2,0,1,1,2,11
Sherifican,1,10,6,4,2,0,1,1,2,11
stinkbug2010,1,10,6,4,2,0,1,1,2,11
super_uninteresting,1,10,6,4,2,0,1,1,2,11
Swag_monkey,1,10,6,4,2,0,1,1,2,11
tazer93,1,10,6,4,2,0,1,1,2,11
The__Government,1,10,6,4,2,0,1,1,2,11
the_rider9,1,10,6,4,2,0,1,1,2,11
thehandsomepanther,1,10,5,5,0,2,1,1,2,11
TheLoungeTiki,1,10,6,4,2,0,1,1,2,11
thephilth,1,10,6,4,2,0,1,1,2,11
theycalmemrfarenheit,1,10,6,4,2,0,1,1,2,11
tightbutth0le,1,10,5,5,0,2,1,1,2,11
TRoldemand,1,10,6,4,2,0,1,1,2,11
uwishbuddy,1,10,6,4,2,0,1,1,2,11
Wally_Jack,1,10,6,4,2,0,1,1,2,11
WhereisWaldorph,1,10,6,4,2,0,1,1,2,11
WindexKills,1,10,6,4,2,0,1,1,2,11
yeahyknow,1,10,6,4,2,0,1,1,2,11
youessbee,1,10,6,4,2,0,1,1,2,11
zemmiala,1,10,5,5,0,2,1,1,2,11
zfrancavilla,1,10,6,4,2,0,1,1,2,11
aes5335,1,10,6,4,2,0,0,1,2,11
alexblackkitty,1,10,4,6,-2,4,0,1,2,11
amp960,1,10,6,4,2,0,0,1,2,11
aseppo,1,10,6,4,2,0,0,1,2,11
baddonny,1,10,6,4,2,0,0,1,2,11
bloorondo,1,10,4,6,-2,4,0,1,2,11
BroodlordBBQ,1,10,6,4,2,0,0,1,2,11
cgalanko,1,10,6,4,2,0,0,1,2,11
Coltmeister,1,10,6,4,2,0,0,1,2,11
dirtydmix,1,10,6,4,2,0,0,1,2,11
DonPepper007,1,10,6,4,2,0,0,1,2,11
dudeitsmason,1,10,6,4,2,0,0,1,2,11
ElGatoConBotas,1,10,6,4,2,0,0,1,2,11
FKvelez,1,10,6,4,2,0,0,1,2,11
freddeado93,1,10,6,4,2,0,0,1,2,11
Hobbycoder,1,10,5,5,0,2,0,1,2,11
honeydee,1,10,6,4,2,0,0,1,2,11
iaintcranky,1,10,6,4,2,0,0,1,2,11
iamthegutsofaniphone,1,10,6,4,2,0,0,1,2,11
jakerhenry,1,10,6,4,2,0,0,1,2,11
jgoff35,1,10,6,4,2,0,0,1,2,11
Jimmyryan14,1,10,6,4,2,0,0,1,2,11
keagmcG,1,10,6,4,2,0,0,1,2,11
kebert11,1,10,6,4,2,0,0,1,2,11
komandokost,1,10,6,4,2,0,0,1,2,11
letmefixthatfracture,1,10,6,4,2,0,0,1,2,11
lithiumdrive,1,10,6,4,2,0,0,1,2,11
Matt_Ron,1,10,6,4,2,0,0,1,2,11
Menderr,1,10,6,4,2,0,0,1,2,11
Mike_Oxafloppin,1,10,6,4,2,0,0,1,2,11
MiniPenguino,1,10,6,4,2,0,0,1,2,11
mitchellisawesome,1,10,6,4,2,0,0,1,2,11
mixitman92,1,10,6,4,2,0,0,1,2,11
morrissey617,1,10,5,5,0,2,0,1,2,11
nerrd,1,10,6,4,2,0,0,1,2,11
never_been_to_belize,1,10,6,4,2,0,0,1,2,11
newtdogg,1,10,6,4,2,0,0,1,2,11
norwigga,1,10,6,4,2,0,0,1,2,11
PC_Peasant,1,10,4,6,-2,4,0,1,2,11
photozel,1,10,6,4,2,0,0,1,2,11
RecycledGum,1,10,6,4,2,0,0,1,2,11
roadofexxcess,1,10,5,5,0,2,0,1,2,11
rshortman,1,10,5,5,0,2,0,1,2,11
sargentrepost,1,10,6,4,2,0,0,1,2,11
savedabol,1,10,6,4,2,0,0,1,2,11
Sick_Wid_It,1,10,4,6,-2,4,0,1,2,11
singhtalwinder,1,10,5,5,0,2,0,1,2,11
smashlyadams,1,10,6,4,2,0,0,1,2,11
StarcraftSnake,1,10,6,4,2,0,0,1,2,11
swkingz23,1,10,5,5,0,2,0,1,2,11
TeeRoyAL,1,10,6,4,2,0,0,1,2,11
teteterdetet,1,10,6,4,2,0,0,1,2,11
Themadartist,1,10,5,5,0,2,0,1,2,11
thetones,1,10,6,4,2,0,0,1,2,11
T-REX_CALEB,1,10,6,4,2,0,0,1,2,11
trustmeimadocotr,1,10,6,4,2,0,0,1,2,11
ufo_pizza,1,10,6,4,2,0,0,1,2,11
V9k,1,10,6,4,2,0,0,1,2,11
wakeandbakon,1,10,5,5,0,2,0,1,2,11
zandertchoco,1,10,6,4,2,0,0,1,2,11
zzqqzz,1,10,6,4,2,0,0,1,2,11
aimmerman,1,11,6,5,1,0,1,0,1,11
EquanimousMind,1,11,6,5,1,0,1,0,1,11
girfl,1,10,3,7,-4,5,1,1,1,11
heartheus,1,11,6,5,1,0,1,0,1,11
hellabellaboo,1,10,4,6,-2,3,1,1,1,11
Idrathernotpickaname,1,11,6,5,1,0,1,0,1,11
Kaddie,1,10,4,6,-2,3,1,1,1,11
Largoisme,1,10,3,7,-4,5,1,1,1,11
lilysherman,1,10,4,6,-2,3,1,1,1,11
phobotron,1,10,4,6,-2,3,1,1,1,11
squirrellshit,1,11,6,5,1,0,1,0,1,11
SubtleVelociraptor,1,11,6,5,1,0,1,0,1,11
modern_knight,1,10,4,6,-2,3,0,1,1,11
vb622,1,11,6,5,1,0,0,0,1,11
808Dredd,1,10,5,5,0,0,1,1,0,11
android_jesus,1,10,5,5,0,0,1,1,0,11
AngryKoltova,1,10,5,5,0,0,1,1,0,11
AnonMattymous,1,10,5,5,0,0,1,1,0,11
ArianaDeathwish,1,10,5,5,0,0,1,1,0,11
Ashl,1,10,4,6,-2,2,1,1,0,11
awesomeone99,1,10,5,5,0,0,1,1,0,11
badnewsandliars,1,10,5,5,0,0,1,1,0,11
BanHammor,1,10,5,5,0,0,1,1,0,11
Becaus789,1,10,5,5,0,0,1,1,0,11
BigMacintosh501,1,10,4,6,-2,2,1,1,0,11
bliz82390,1,10,4,6,-2,2,1,1,0,11
Blk_Mamba4Twizzle,1,10,5,5,0,0,1,1,0,11
Bloodbath-McGrath,1,10,5,5,0,0,1,1,0,11
Bozy86,1,10,5,5,0,0,1,1,0,11
Bullshit-slinger,1,10,5,5,0,0,1,1,0,11
Burnhunt,1,10,5,5,0,0,1,1,0,11
Cardboard_Mantis,1,10,5,5,0,0,1,1,0,11
chicken_combo,1,10,5,5,0,0,1,1,0,11
chowdertheclam,1,10,5,5,0,0,1,1,0,11
chrsco92,1,10,5,5,0,0,1,1,0,11
cloud4197,1,10,5,5,0,0,1,1,0,11
CozzaNG,1,10,5,5,0,0,1,1,0,11
craggsy,1,10,5,5,0,0,1,1,0,11
CrooksAndCastles,1,10,5,5,0,0,1,1,0,11
DaAznKevin,1,10,5,5,0,0,1,1,0,11
DannyG625,1,10,5,5,0,0,1,1,0,11
dashiznit101,1,10,5,5,0,0,1,1,0,11
DCSRM,1,10,5,5,0,0,1,1,0,11
diabeticwalrus0,1,10,5,5,0,0,1,1,0,11
dimdig23,1,10,5,5,0,0,1,1,0,11
djbrew15,1,10,5,5,0,0,1,1,0,11
DP123,1,10,4,6,-2,2,1,1,0,11
dubstepping_tortoise,1,10,5,5,0,0,1,1,0,11
dwbabcock,1,10,5,5,0,0,1,1,0,11
eXquared,1,10,5,5,0,0,1,1,0,11
fifthkingdom,1,10,4,6,-2,2,1,1,0,11
FillyMays,1,10,5,5,0,0,1,1,0,11
fjhollings,1,10,5,5,0,0,1,1,0,11
Flyboy214,1,10,5,5,0,0,1,1,0,11
Frankr433,1,10,5,5,0,0,1,1,0,11
fuck_your_dad,1,10,5,5,0,0,1,1,0,11
fuk_shoes,1,10,5,5,0,0,1,1,0,11
fuzewall,1,10,5,5,0,0,1,1,0,11
Garcia92,1,10,5,5,0,0,1,1,0,11
GiantCrabCake,1,10,5,5,0,0,1,1,0,11
gigom,1,10,5,5,0,0,1,1,0,11
giovans,1,10,2,8,-6,6,1,1,0,11
Goonies_nvr_say_die,1,10,5,5,0,0,1,1,0,11
Granpa_jo,1,10,5,5,0,0,1,1,0,11
haabsters,1,10,5,5,0,0,1,1,0,11
HardcoreChocobo,1,10,5,5,0,0,1,1,0,11
HITLER_BEAR_PENIS,1,10,5,5,0,0,1,1,0,11
HJL1,1,10,4,6,-2,2,1,1,0,11
ianbleaker,1,10,5,5,0,0,1,1,0,11
Instagrunt,1,10,5,5,0,0,1,1,0,11
ItzDizaster,1,10,5,5,0,0,1,1,0,11
jackmusso,1,10,5,5,0,0,1,1,0,11
jerthebear,1,10,5,5,0,0,1,1,0,11
JoeTheO,1,10,5,5,0,0,1,1,0,11
Kables07,1,10,5,5,0,0,1,1,0,11
Kage_Kaldaka,1,10,5,5,0,0,1,1,0,11
kevster333,1,10,5,5,0,0,1,1,0,11
khan38019,1,10,5,5,0,0,1,1,0,11
KillaVendace,1,10,5,5,0,0,1,1,0,11
KittyGoesRoar,1,10,5,5,0,0,1,1,0,11
Kyleoleo,1,10,5,5,0,0,1,1,0,11
largadeer,1,10,5,5,0,0,1,1,0,11
lostmusician06,1,10,5,5,0,0,1,1,0,11
Lymf,1,10,5,5,0,0,1,1,0,11
mad_chemist,1,10,5,5,0,0,1,1,0,11
madeline14789,1,10,3,7,-4,4,1,1,0,11
MyCatSneezes,1,10,5,5,0,0,1,1,0,11
NarwhalNumber5,1,10,5,5,0,0,1,1,0,11
Nebbles,1,10,5,5,0,0,1,1,0,11
Paradox009,1,10,5,5,0,0,1,1,0,11
paulnpugh,1,10,5,5,0,0,1,1,0,11
peznagua,1,10,4,6,-2,2,1,1,0,11
pofo7,1,10,5,5,0,0,1,1,0,11
PoopySmellyFartButt,1,10,5,5,0,0,1,1,0,11
positive_rate,1,10,5,5,0,0,1,1,0,11
PronkDaMonk,1,10,4,6,-2,2,1,1,0,11
QJP23,1,10,5,5,0,0,1,1,0,11
QuidHD,1,10,5,5,0,0,1,1,0,11
reddit0019,1,10,5,5,0,0,1,1,0,11
reinywhiny,1,10,5,5,0,0,1,1,0,11
RL-Eversor,1,10,5,5,0,0,1,1,0,11
RockMeAmadeus69,1,10,5,5,0,0,1,1,0,11
Romney2020,1,10,5,5,0,0,1,1,0,11
sarge420,1,10,5,5,0,0,1,1,0,11
shakybusters,1,10,4,6,-2,2,1,1,0,11
sigm0id,1,10,5,5,0,0,1,1,0,11
Sissifiss,1,10,5,5,0,0,1,1,0,11
smex182,1,10,5,5,0,0,1,1,0,11
smiley52,1,10,4,6,-2,2,1,1,0,11
Smolaj,1,10,2,8,-6,6,1,1,0,11
Snoibi,1,10,5,5,0,0,1,1,0,11
sonicinfinity,1,10,5,5,0,0,1,1,0,11
Spiderdan,1,10,3,7,-4,4,1,1,0,11
srdus,1,10,4,6,-2,2,1,1,0,11
srx600guy,1,10,4,6,-2,2,1,1,0,11
stephvach,1,10,5,5,0,0,1,1,0,11
stoofu,1,10,5,5,0,0,1,1,0,11
tantalicatom689,1,10,5,5,0,0,1,1,0,11
Telp,1,10,5,5,0,0,1,1,0,11
TERRiBEAR,1,10,5,5,0,0,1,1,0,11
thascarecro,1,10,4,6,-2,2,1,1,0,11
theFBkid17,1,10,5,5,0,0,1,1,0,11
TheOneTrueCripple,1,10,5,5,0,0,1,1,0,11
theraineydaze,1,10,5,5,0,0,1,1,0,11
thewretchedspawn,1,10,5,5,0,0,1,1,0,11
Thrugg,1,10,5,5,0,0,1,1,0,11
timex40,1,10,5,5,0,0,1,1,0,11
TrainwreckAbortion,1,10,5,5,0,0,1,1,0,11
XCAIUSXCASSIUSX,1,10,4,6,-2,2,1,1,0,11
xzibith46,1,10,5,5,0,0,1,1,0,11
yeahhhok,1,10,5,5,0,0,1,1,0,11
Adrian_Macrowave,1,10,5,5,0,0,0,1,0,11
aharley40,1,10,5,5,0,0,0,1,0,11
baddislol,1,10,5,5,0,0,0,1,0,11
bfowler114,1,10,4,6,-2,2,0,1,0,11
boringzebra,1,10,5,5,0,0,0,1,0,11
Bouils,1,10,4,6,-2,2,0,1,0,11
chpwssn,1,10,5,5,0,0,0,1,0,11
crzymn4723,1,10,5,5,0,0,0,1,0,11
Dubzil,1,10,5,5,0,0,0,1,0,11
evanigga,1,10,5,5,0,0,0,1,0,11
fishwithlegs,1,10,5,5,0,0,0,1,0,11
grandson39,1,10,4,6,-2,2,0,1,0,11
harsh2k5,1,10,5,5,0,0,0,1,0,11
HOWDOIMAKEAUSERNAME,1,10,5,5,0,0,0,1,0,11
J13K,1,10,5,5,0,0,0,1,0,11
jakeupnorth,1,10,5,5,0,0,0,1,0,11
johnjcurtis,1,10,5,5,0,0,0,1,0,11
kimttar,1,10,5,5,0,0,0,1,0,11
Klyka,1,10,5,5,0,0,0,1,0,11
l0l_cabbage,1,10,4,6,-2,2,0,1,0,11
lBurglekuttl,1,10,5,5,0,0,0,1,0,11
MhmmGuuurl,1,10,5,5,0,0,0,1,0,11
muzeofmobo,1,10,3,7,-4,4,0,1,0,11
nexusscope,1,10,5,5,0,0,0,1,0,11
not_czarbob,1,10,5,5,0,0,0,1,0,11
oddvr,1,10,5,5,0,0,0,1,0,11
oonix8,1,10,5,5,0,0,0,1,0,11
Peekee,1,10,5,5,0,0,0,1,0,11
PewDiePieBro,1,10,3,7,-4,4,0,1,0,11
pwfx,1,10,5,5,0,0,0,1,0,11
shepherd96,1,10,4,6,-2,2,0,1,0,11
Tartelon,1,10,5,5,0,0,0,1,0,11
THE_M1X3,1,10,5,5,0,0,0,1,0,11
The_New_Kid22,1,10,5,5,0,0,0,1,0,11
TheKeibler,1,10,5,5,0,0,0,1,0,11
titykaka,1,10,5,5,0,0,0,1,0,11
TreesForMePlease,1,10,5,5,0,0,0,1,0,11
tysmith12,1,10,5,5,0,0,0,1,0,11
VaultNate,1,10,5,5,0,0,0,1,0,11
vkfresh,1,10,5,5,0,0,0,1,0,11
yosciencebitch,1,10,5,5,0,0,0,1,0,11
advtorrin,2,11,5,6,-1,0,1,0,-1,11
AlanFord,1,10,3,7,-4,3,1,1,-1,11
arnold1251,1,11,5,6,-1,0,1,0,-1,11
baconplatypus,1,10,2,8,-6,5,1,1,-1,11
CloudNebula,1,10,3,7,-4,3,1,1,-1,11
DeadHead13087,1,11,5,6,-1,0,1,0,-1,11
IAmABearAMAA,1,11,5,6,-1,0,1,0,-1,11
ilemi,1,11,5,6,-1,0,1,0,-1,11
jacklunn,1,11,5,6,-1,0,1,0,-1,11
mca207,1,11,5,6,-1,0,1,0,-1,11
ToxWatrs,1,10,2,8,-6,5,1,1,-1,11
vaddtheawesome,1,10,3,7,-4,3,1,1,-1,11
wagmagma,1,11,4,7,-3,2,1,0,-1,11
biffthestiff,1,10,2,8,-6,5,0,1,-1,11
pgrechwrites,1,10,3,7,-4,3,0,1,-1,11
waxmycrax,1,10,3,7,-4,3,0,1,-1,11
_ducksauce_,1,10,3,7,-4,2,1,1,-2,11
ajbollom,1,10,4,6,-2,0,1,1,-2,11
Andolii,1,10,4,6,-2,0,1,1,-2,11
Aorknappstur,1,10,4,6,-2,0,1,1,-2,11
ApocalypseTomorrow,1,10,4,6,-2,0,1,1,-2,11
balloon_grrl,1,10,4,6,-2,0,1,1,-2,11
BananaManJones,1,10,4,6,-2,0,1,1,-2,11
black4ty,1,10,4,6,-2,0,1,1,-2,11
Bowmister,1,10,3,7,-4,2,1,1,-2,11
bruthasmith,1,10,3,7,-4,2,1,1,-2,11
catfoodsushi,1,10,4,6,-2,0,1,1,-2,11
cccxvii,1,10,4,6,-2,0,1,1,-2,11
cdoenges16,1,10,4,6,-2,0,1,1,-2,11
CommunistBlock,1,10,4,6,-2,0,1,1,-2,11
connorlax,1,10,4,6,-2,0,1,1,-2,11
cuddlemier,1,10,4,6,-2,0,1,1,-2,11
DadWontGangnam,1,10,2,8,-6,4,1,1,-2,11
deadpool917,1,10,4,6,-2,0,1,1,-2,11
devinpalmer,1,10,4,6,-2,0,1,1,-2,11
Downvotes_Cat_Pics,1,11,3,8,-5,3,1,0,-2,11
DyingSpartan,1,10,4,6,-2,0,1,1,-2,11
dynoo,1,10,4,6,-2,0,1,1,-2,11
efro4472,1,10,4,6,-2,0,1,1,-2,11
enneads169,1,10,4,6,-2,0,1,1,-2,11
entboy123456789,1,10,4,6,-2,0,1,1,-2,11
ev93,1,10,4,6,-2,0,1,1,-2,11
everyday_youtuber,1,10,4,6,-2,0,1,1,-2,11
FALCONN_PAAWNCH,1,10,4,6,-2,0,1,1,-2,11
frazorblade,1,10,4,6,-2,0,1,1,-2,11
goodarmcindy,1,10,4,6,-2,0,1,1,-2,11
gregohs8,1,10,4,6,-2,0,1,1,-2,11
Grimneco,1,10,4,6,-2,0,1,1,-2,11
hmanders1,1,10,4,6,-2,0,1,1,-2,11
HughMan1488,1,10,4,6,-2,0,1,1,-2,11
ibbi132,1,10,4,6,-2,0,1,1,-2,11
Indevilduality,1,10,4,6,-2,0,1,1,-2,11
Injector22,1,10,4,6,-2,0,1,1,-2,11
jameswhite0123,1,10,4,6,-2,0,1,1,-2,11
JayButters,1,10,4,6,-2,0,1,1,-2,11
jeffneezi,1,10,4,6,-2,0,1,1,-2,11
JintarmLubu,1,10,4,6,-2,0,1,1,-2,11
Jrice2769,1,10,4,6,-2,0,1,1,-2,11
jspare22,1,10,4,6,-2,0,1,1,-2,11
ka0123,1,10,4,6,-2,0,1,1,-2,11
katpadi,1,10,4,6,-2,0,1,1,-2,11
Knorssman,1,10,4,6,-2,0,1,1,-2,11
LancerAL,1,10,3,7,-4,2,1,1,-2,11
LawrenceLongshot,1,10,4,6,-2,0,1,1,-2,11
LePwnz0rs,1,10,4,6,-2,0,1,1,-2,11
lordbrom,1,10,4,6,-2,0,1,1,-2,11
mattockk,1,10,4,6,-2,0,1,1,-2,11
meansoody,1,10,4,6,-2,0,1,1,-2,11
mimsters,1,10,4,6,-2,0,1,1,-2,11
mingyulee,1,10,4,6,-2,0,1,1,-2,11
MoBiebsFTW,1,10,4,6,-2,0,1,1,-2,11
msbaenz,1,10,2,8,-6,4,1,1,-2,11
mwilson444419,1,10,4,6,-2,0,1,1,-2,11
NaturallyAbnormal,1,10,3,7,-4,2,1,1,-2,11
NergyXAlpha,1,10,4,6,-2,0,1,1,-2,11
Neurobiologist333,1,10,3,7,-4,2,1,1,-2,11
nocapsrage,1,10,4,6,-2,0,1,1,-2,11
noshatsherlock,1,10,4,6,-2,0,1,1,-2,11
Noxxic,1,10,4,6,-2,0,1,1,-2,11
OnboardDevices,1,10,4,6,-2,0,1,1,-2,11
Ookami-95,1,10,4,6,-2,0,1,1,-2,11
Pandarosa,1,10,4,6,-2,0,1,1,-2,11
pasta_batman96,1,10,4,6,-2,0,1,1,-2,11
pfdsotm73,1,10,4,6,-2,0,1,1,-2,11
rodneycharles,1,10,4,6,-2,0,1,1,-2,11
ronaldhoelscher,1,10,4,6,-2,0,1,1,-2,11
rozling,1,10,4,6,-2,0,1,1,-2,11
schampanes,1,10,4,6,-2,0,1,1,-2,11
scottkimchi,1,10,4,6,-2,0,1,1,-2,11
Senorhip,1,10,4,6,-2,0,1,1,-2,11
seriouschiz,1,10,4,6,-2,0,1,1,-2,11
slinky_1,1,10,4,6,-2,0,1,1,-2,11
SolFlorus,1,10,4,6,-2,0,1,1,-2,11
SoundManCO,1,10,4,6,-2,0,1,1,-2,11
Sran_Wrap,1,10,4,6,-2,0,1,1,-2,11
Stelzig,1,10,4,6,-2,0,1,1,-2,11
SVT_Lightning,1,10,4,6,-2,0,1,1,-2,11
ThatCoxKid,1,10,4,6,-2,0,1,1,-2,11
the_amazingpepe,1,10,4,6,-2,0,1,1,-2,11
the-ace,1,10,4,6,-2,0,1,1,-2,11
Thellamasong,1,10,4,6,-2,0,1,1,-2,11
thewatcher369,1,10,4,6,-2,0,1,1,-2,11
thewhatnowyousay,1,10,4,6,-2,0,1,1,-2,11
thirtysixCF,1,10,4,6,-2,0,1,1,-2,11
Throwaway55528,1,10,4,6,-2,0,1,1,-2,11
Tiran541,1,10,4,6,-2,0,1,1,-2,11
urmymom145,1,10,4,6,-2,0,1,1,-2,11
WarrenFCKINGHarding,1,10,4,6,-2,0,1,1,-2,11
Xeonj,1,10,4,6,-2,0,1,1,-2,11
Youngandwrong,1,10,3,7,-4,2,1,1,-2,11
Zancanda,1,10,4,6,-2,0,1,1,-2,11
adog234,1,10,4,6,-2,0,0,1,-2,11
Akeliminator,1,10,4,6,-2,0,0,1,-2,11
AustinFound,1,10,3,7,-4,2,0,1,-2,11
berrycoms,1,10,4,6,-2,0,0,1,-2,11
ChuckNorrisMonster,1,10,4,6,-2,0,0,1,-2,11
cogint,1,10,3,7,-4,2,0,1,-2,11
coryfairweather,1,10,3,7,-4,2,0,1,-2,11
DanielBVBorussia,1,10,4,6,-2,0,0,1,-2,11
dannibou123,1,10,4,6,-2,0,0,1,-2,11
donttryathomekids,1,10,4,6,-2,0,0,1,-2,11
Doonerabnf,1,10,4,6,-2,0,0,1,-2,11
earn13,1,10,4,6,-2,0,0,1,-2,11
ejn07,1,10,4,6,-2,0,0,1,-2,11
Freyu,1,10,4,6,-2,0,0,1,-2,11
G-D-R,1,10,3,7,-4,2,0,1,-2,11
HoratioBlogposter,1,10,4,6,-2,0,0,1,-2,11
Hotridin,1,10,3,7,-4,2,0,1,-2,11
IfIPostedYoureWrong,1,10,4,6,-2,0,0,1,-2,11
im-just-a-tease,1,10,4,6,-2,0,0,1,-2,11
JoeCool888,1,10,4,6,-2,0,0,1,-2,11
jubi23,1,10,4,6,-2,0,0,1,-2,11
Mericanumber1111,1,10,4,6,-2,0,0,1,-2,11
nick7ps,1,10,4,6,-2,0,0,1,-2,11
nigtots,1,10,4,6,-2,0,0,1,-2,11
Ninja_Guin,1,10,4,6,-2,0,0,1,-2,11
Paragora,1,10,4,6,-2,0,0,1,-2,11
parispeary,1,10,4,6,-2,0,0,1,-2,11
rosscoe,1,10,4,6,-2,0,0,1,-2,11
rwhit13,1,10,3,7,-4,2,0,1,-2,11
Sawmill,1,10,4,6,-2,0,0,1,-2,11
skye985,1,10,4,6,-2,0,0,1,-2,11
Sleepserapissleep,1,10,4,6,-2,0,0,1,-2,11
SolidSnake1162,1,10,4,6,-2,0,0,1,-2,11
swooosh2000,1,10,4,6,-2,0,0,1,-2,11
the_Brave1,1,10,4,6,-2,0,0,1,-2,11
thegreenwoman,1,10,4,6,-2,0,0,1,-2,11
TheJakeNoble,1,10,4,6,-2,0,0,1,-2,11
TheTedinator,1,10,4,6,-2,0,0,1,-2,11
trudann,1,10,4,6,-2,0,0,1,-2,11
BrySigh,1,10,2,8,-6,3,1,1,-3,11
jianxioy,1,10,2,8,-6,3,1,1,-3,11
jscali18,1,11,4,7,-3,0,1,0,-3,11
KaotikHell,1,11,3,8,-5,2,1,0,-3,11
konungursvia,1,10,2,8,-6,3,1,1,-3,11
Pusuby,1,10,2,8,-6,3,1,1,-3,11
Randy_Marsh_Sr,1,10,1,9,-8,5,1,1,-3,11
sheepdawg7,1,11,4,7,-3,0,1,0,-3,11
sp3ng,1,11,4,7,-3,0,1,0,-3,11
swag_4_gays,1,11,4,7,-3,0,1,0,-3,11
whyoji,1,10,2,8,-6,3,1,1,-3,11
awelldressedscreamer,1,10,2,8,-6,3,0,1,-3,11
888wired8,1,10,3,7,-4,0,1,1,-4,11
Abrinjoe,1,10,3,7,-4,0,1,1,-4,11
acidus1,1,10,3,7,-4,0,1,1,-4,11
alexsord,1,10,3,7,-4,0,1,1,-4,11
Amino3,1,10,3,7,-4,0,1,1,-4,11
AndroniX,1,10,2,8,-6,2,1,1,-4,11
AwesomeTreehouse,1,10,3,7,-4,0,1,1,-4,11
bakesail316,1,10,3,7,-4,0,1,1,-4,11
bastarden,1,10,3,7,-4,0,1,1,-4,11
Bene_Panda,1,10,3,7,-4,0,1,1,-4,11
beretsandberettas,1,10,3,7,-4,0,1,1,-4,11
Briebird,1,10,2,8,-6,2,1,1,-4,11
BushidoSniper,1,10,3,7,-4,0,1,1,-4,11
CaffeineParadigm,1,10,3,7,-4,0,1,1,-4,11
Courtneypandas,1,10,3,7,-4,0,1,1,-4,11
djpug,1,10,3,7,-4,0,1,1,-4,11
dogboyboy,1,10,3,7,-4,0,1,1,-4,11
DoThisJohn,1,10,3,7,-4,0,1,1,-4,11
ElBomberoLoco,1,10,3,7,-4,0,1,1,-4,11
Esham,1,10,3,7,-4,0,1,1,-4,11
Faifur,1,10,3,7,-4,0,1,1,-4,11
fender88,1,10,3,7,-4,0,1,1,-4,11
FilOfTheFuture90,1,10,3,7,-4,0,1,1,-4,11
fjlwood,1,10,3,7,-4,0,1,1,-4,11
flawlessbrown,1,10,3,7,-4,0,1,1,-4,11
friedcash,1,10,3,7,-4,0,1,1,-4,11
Friis93,1,10,3,7,-4,0,1,1,-4,11
Fuckusedusernames,1,10,3,7,-4,0,1,1,-4,11
gknightmusic,1,10,3,7,-4,0,1,1,-4,11
guitarquiero,1,10,3,7,-4,0,1,1,-4,11
hibork,1,10,3,7,-4,0,1,1,-4,11
hugababoo,1,10,3,7,-4,0,1,1,-4,11
Imryanz,1,10,3,7,-4,0,1,1,-4,11
iprobablyliedsorry,1,10,3,7,-4,0,1,1,-4,11
jack_off_pz,1,10,3,7,-4,0,1,1,-4,11
jasp2660,1,10,3,7,-4,0,1,1,-4,11
JeffMcBiscuit,1,10,3,7,-4,0,1,1,-4,11
JerkMurphy,1,10,3,7,-4,0,1,1,-4,11
KA05W01f,1,10,3,7,-4,0,1,1,-4,11
laxkid418,1,10,3,7,-4,0,1,1,-4,11
loliberri,1,10,3,7,-4,0,1,1,-4,11
lucvanluca,1,10,3,7,-4,0,1,1,-4,11
mdlivengood,1,10,3,7,-4,0,1,1,-4,11
mindinellis,1,10,3,7,-4,0,1,1,-4,11
netwizard221,1,10,3,7,-4,0,1,1,-4,11
Philosophyforever,1,10,3,7,-4,0,1,1,-4,11
Pirateless,1,10,2,8,-6,2,1,1,-4,11
plewis157,1,10,3,7,-4,0,1,1,-4,11
Ppeter10000,1,10,3,7,-4,0,1,1,-4,11
RadtasticNinjaChick,1,10,3,7,-4,0,1,1,-4,11
RebirthOfCool,1,10,3,7,-4,0,1,1,-4,11
reposting_reposts,1,10,3,7,-4,0,1,1,-4,11
rjostrand,1,10,3,7,-4,0,1,1,-4,11
rossharrison,1,10,3,7,-4,0,1,1,-4,11
sequaloben,1,10,3,7,-4,0,1,1,-4,11
shaneoffline,1,10,3,7,-4,0,1,1,-4,11
silvergun_superman,1,10,3,7,-4,0,1,1,-4,11
simwil96,1,10,3,7,-4,0,1,1,-4,11
Sir_Llama,1,10,3,7,-4,0,1,1,-4,11
spinnerofmeat,1,10,2,8,-6,2,1,1,-4,11
staceyisdead,1,10,3,7,-4,0,1,1,-4,11
StephJane,1,10,3,7,-4,0,1,1,-4,11
Stonedflame,1,10,3,7,-4,0,1,1,-4,11
stuffdude,1,10,3,7,-4,0,1,1,-4,11
Tails94,1,10,3,7,-4,0,1,1,-4,11
thejustducky1,1,10,2,8,-6,2,1,1,-4,11
Theropissed,1,10,3,7,-4,0,1,1,-4,11
tikitoko2,1,10,3,7,-4,0,1,1,-4,11
truefrogma,1,10,3,7,-4,0,1,1,-4,11
tygaismydog,1,10,3,7,-4,0,1,1,-4,11
Vaso123,1,10,3,7,-4,0,1,1,-4,11
Watergoshi,1,10,2,8,-6,2,1,1,-4,11
WizKoulikov,1,10,3,7,-4,0,1,1,-4,11
XiKiilzziX,1,10,3,7,-4,0,1,1,-4,11
Y_U_NOOO,1,10,3,7,-4,0,1,1,-4,11
yowassucheesecak,1,10,2,8,-6,2,1,1,-4,11
zeroexe43,1,10,3,7,-4,0,1,1,-4,11
ZimbabweanPie,1,10,3,7,-4,0,1,1,-4,11
badlucklincoln,1,10,3,7,-4,0,0,1,-4,11
ch41n54w,1,10,3,7,-4,0,0,1,-4,11
ColeKeph6,1,10,3,7,-4,0,0,1,-4,11
Davork,1,10,3,7,-4,0,0,1,-4,11
DrAlabamaJones,1,10,2,8,-6,2,0,1,-4,11
figman2,1,10,3,7,-4,0,0,1,-4,11
fozzie24,1,10,3,7,-4,0,0,1,-4,11
G3N3R4L_Bl4Nk5,1,10,3,7,-4,0,0,1,-4,11
ibealpaca,1,10,3,7,-4,0,0,1,-4,11
inshead,1,10,3,7,-4,0,0,1,-4,11
Josefus,1,10,2,8,-6,2,0,1,-4,11
mrepickid,1,10,2,8,-6,2,0,1,-4,11
Rekuiemu,1,10,3,7,-4,0,0,1,-4,11
rgramza,1,10,3,7,-4,0,0,1,-4,11
SilverMonkey,1,10,3,7,-4,0,0,1,-4,11
SUQMAQUOK,1,10,3,7,-4,0,0,1,-4,11
ThatCrankyGuy,1,10,2,8,-6,2,0,1,-4,11
torage,1,10,2,8,-6,2,0,1,-4,11
zaidcapone,1,10,3,7,-4,0,0,1,-4,11
ChesterJester11,1,10,1,9,-8,3,1,1,-5,11
cjsalazam,1,10,1,9,-8,3,1,1,-5,11
imtweakin24,1,11,3,8,-5,0,1,0,-5,11
ktizkhanilov,1,11,3,8,-5,0,1,0,-5,11
nerdmuscle52,1,10,1,9,-8,3,1,1,-5,11
regreB,1,11,3,8,-5,0,1,0,-5,11
sarahariel17,1,11,2,9,-7,2,1,0,-5,11
zman0404,1,11,3,8,-5,0,1,0,-5,11
gsbinc,1,10,1,9,-8,3,0,1,-5,11
qoilox,1,10,1,9,-8,3,0,1,-5,11
stansalad,1,11,3,8,-5,0,0,0,-5,11
amy04,1,10,2,8,-6,0,1,1,-6,11
AnassRhammar,1,10,2,8,-6,0,1,1,-6,11
Atlas138,1,10,2,8,-6,0,1,1,-6,11
babyluster,1,10,1,9,-8,2,1,1,-6,11
Black_DEMON_Tiger,1,10,2,8,-6,0,1,1,-6,11
BldSgrSxMgk,1,10,2,8,-6,0,1,1,-6,11
bonefig,1,10,2,8,-6,0,1,1,-6,11
boomeroom,1,10,2,8,-6,0,1,1,-6,11
bringthereign3,1,10,2,8,-6,0,1,1,-6,11
BrutishElf,1,10,2,8,-6,0,1,1,-6,11
buccimane,1,10,2,8,-6,0,1,1,-6,11
buck7131,1,10,2,8,-6,0,1,1,-6,11
cosmicsans,1,10,2,8,-6,0,1,1,-6,11
cpenny,1,10,1,9,-8,2,1,1,-6,11
deafscrafty7734,1,10,2,8,-6,0,1,1,-6,11
Deuxsh,1,10,2,8,-6,0,1,1,-6,11
DoctaFunke,1,10,2,8,-6,0,1,1,-6,11
drdeteck,1,10,2,8,-6,0,1,1,-6,11
DrDubstepLive,1,10,2,8,-6,0,1,1,-6,11
ender749,1,10,2,8,-6,0,1,1,-6,11
ErikDrummer,1,10,2,8,-6,0,1,1,-6,11
ferio252,1,10,2,8,-6,0,1,1,-6,11
ForBears,1,10,2,8,-6,0,1,1,-6,11
freakyanimalz,1,10,2,8,-6,0,1,1,-6,11
FrodoTheHobo,1,10,2,8,-6,0,1,1,-6,11
honey_bunny55,1,10,2,8,-6,0,1,1,-6,11
JambaQueen,1,10,2,8,-6,0,1,1,-6,11
Jeffreymark,1,10,2,8,-6,0,1,1,-6,11
jobscopter,1,10,2,8,-6,0,1,1,-6,11
Kernkraftritter2,1,10,2,8,-6,0,1,1,-6,11
Kronus021,1,10,2,8,-6,0,1,1,-6,11
kunnerr,1,10,2,8,-6,0,1,1,-6,11
LAMcNamara,1,10,2,8,-6,0,1,1,-6,11
llBLAZENll,1,10,2,8,-6,0,1,1,-6,11
Metjoeblack,1,10,2,8,-6,0,1,1,-6,11
Migelino64,1,10,2,8,-6,0,1,1,-6,11
momypants,1,10,2,8,-6,0,1,1,-6,11
mtrayno1,1,10,2,8,-6,0,1,1,-6,11
Nite_0wl,1,10,2,8,-6,0,1,1,-6,11
Not_Sure_If_232,1,10,2,8,-6,0,1,1,-6,11
OhMyWhatIsThat,1,10,2,8,-6,0,1,1,-6,11
Omnamah,1,10,2,8,-6,0,1,1,-6,11
Phedder91,1,10,2,8,-6,0,1,1,-6,11
potatanata,1,10,2,8,-6,0,1,1,-6,11
Ratmatazz,1,10,2,8,-6,0,1,1,-6,11
Raxyn13,1,10,2,8,-6,0,1,1,-6,11
schithead,1,10,2,8,-6,0,1,1,-6,11
shmemy,1,10,2,8,-6,0,1,1,-6,11
SouthCoco10,1,10,2,8,-6,0,1,1,-6,11
Spoon-Man,1,10,2,8,-6,0,1,1,-6,11
tgoldie,1,10,2,8,-6,0,1,1,-6,11
uleximon,1,10,2,8,-6,0,1,1,-6,11
unauthorizeduser,1,10,2,8,-6,0,1,1,-6,11
vomit_straw,1,10,2,8,-6,0,1,1,-6,11
walterwhiteswife_yo,1,10,2,8,-6,0,1,1,-6,11
Bobo_dude16,1,10,2,8,-6,0,0,1,-6,11
edgecuatro,1,10,2,8,-6,0,0,1,-6,11
EnglandRamaman,1,10,2,8,-6,0,0,1,-6,11
gentledavid,1,10,2,8,-6,0,0,1,-6,11
Lyl3,1,10,2,8,-6,0,0,1,-6,11
mang3lo,1,10,2,8,-6,0,0,1,-6,11
Mr_Euginovich,1,10,2,8,-6,0,0,1,-6,11
murgoo,1,10,2,8,-6,0,0,1,-6,11
seahorsesgalore,1,10,2,8,-6,0,0,1,-6,11
shoryukenist,1,10,2,8,-6,0,0,1,-6,11
Sonnydays,1,10,2,8,-6,0,0,1,-6,11
ThisIsTakingForever,1,10,2,8,-6,0,0,1,-6,11
Thunder-ten-tronckh,1,10,2,8,-6,0,0,1,-6,11
tininsteelian,1,10,2,8,-6,0,0,1,-6,11
DrSmoke,1,10,1,9,-8,0,1,1,-8,11
Gibbonslayer4,1,10,1,9,-8,0,1,1,-8,11
McD419,1,10,1,9,-8,0,1,1,-8,11
Namnilb,1,10,1,9,-8,0,1,1,-8,11
patricknayani,1,10,1,9,-8,0,1,1,-8,11
Phoenix_1300,1,10,1,9,-8,0,1,1,-8,11
SkinnyNiggaBigBalls,1,10,1,9,-8,0,1,1,-8,11
swagonwheel,1,10,1,9,-8,0,1,1,-8,11
TheKoyfee,1,10,1,9,-8,0,1,1,-8,11
zackerrh,1,10,1,9,-8,0,1,1,-8,11
Buonaparte,1,10,1,9,-8,0,0,1,-8,11
DK42021,1,10,1,9,-8,0,0,1,-8,11
jonathancurry82,1,10,1,9,-8,0,0,1,-8,11
brownboy13,1,9,9,0,9,12,1,1,21,10
ChaosMotor,1,9,4,5,-1,14,1,1,13,10
ecurtis,1,9,7,2,5,8,1,1,13,10
huwr,1,10,10,0,10,3,1,0,13,10
-AlmightyGod-,1,10,10,0,10,2,1,0,12,10
EggsAndBaccon,1,9,6,3,3,9,1,1,12,10
haloquent,1,10,9,1,8,4,1,0,12,10
PartiallyRibena,1,9,3,6,-3,15,1,1,12,10
pushpin101,1,9,9,0,9,3,1,1,12,10
TheGreatShazbot,1,9,8,1,7,5,1,1,12,10
bmckeati,1,9,7,2,5,7,0,1,12,10
decemvrezerg,1,9,9,0,9,3,0,1,12,10
mepd001,1,9,9,0,9,3,0,1,12,10
tellhimhello,1,9,9,0,9,3,0,1,12,10
DrMcQueeny,1,9,7,2,5,6,1,1,11,10
nanopoop,1,9,9,0,9,2,1,1,11,10
Sanyle,1,9,7,2,5,6,1,1,11,10
Humilitas,1,9,8,1,7,3,1,1,10,10
Jcausey91,1,10,10,0,10,0,1,0,10,10
ShenaniganCannon,1,9,7,2,5,5,1,1,10,10
bcr1299,1,9,4,5,-1,11,0,1,10,10
beckretary,1,9,8,1,7,3,0,1,10,10
reximilian,1,9,8,1,7,3,0,1,10,10
Alchisme,1,9,8,1,7,2,1,1,9,10
brunseidon,1,9,6,3,3,6,1,1,9,10
DavidVee,1,9,7,2,5,4,1,1,9,10
freshprinceofdarfur,1,9,8,1,7,2,1,1,9,10
Fufufu7,1,9,9,0,9,0,1,1,9,10
isawhovianavacuum,1,9,9,0,9,0,1,1,9,10
mwok,1,9,9,0,9,0,1,1,9,10
pikapikaapikachu,1,9,9,0,9,0,1,1,9,10
Pygar,1,9,8,1,7,2,1,1,9,10
see_spot_run_,1,9,7,2,5,4,1,1,9,10
shanerGT,1,9,6,3,3,6,1,1,9,10
whattrees,1,9,9,0,9,0,1,1,9,10
chainzster,1,9,3,6,-3,12,0,1,9,10
Glamdering,1,9,5,4,1,8,0,1,9,10
Mustang-202,1,9,9,0,9,0,0,1,9,10
scarabthegenius,1,9,7,2,5,4,0,1,9,10
seracious,1,9,8,1,7,2,0,1,9,10
skull_blader,1,9,8,1,7,2,0,1,9,10
tayrs,1,9,8,1,7,2,0,1,9,10
wordcitystudio,1,9,8,1,7,2,0,1,9,10
zen4,1,9,8,1,7,2,0,1,9,10
Zeusifer,1,9,7,2,5,4,0,1,9,10
Booty_Pirate,1,9,7,2,5,3,1,1,8,10
CaptainAmericasWife,1,10,8,2,6,2,1,0,8,10
crapinator114,1,9,7,2,5,3,1,1,8,10
DoomsDay13,1,9,6,3,3,5,1,1,8,10
fencerfish78,1,9,7,2,5,3,1,1,8,10
framedcrookedly,1,9,5,4,1,7,1,1,8,10
jgoogster,1,9,4,5,-1,9,1,1,8,10
Jihx,1,9,7,2,5,3,1,1,8,10
maury234,1,9,7,2,5,3,1,1,8,10
minimartRutherford,1,10,9,1,8,0,1,0,8,10
minko7,1,9,7,2,5,3,1,1,8,10
Nachosleaze,1,10,9,1,8,0,1,0,8,10
nothingreallyspecial,1,9,6,3,3,5,1,1,8,10
noyougirls,1,10,6,4,2,6,1,0,8,10
Omega711,1,9,6,3,3,5,1,1,8,10
WalterWhiteBB,1,9,6,3,3,5,1,1,8,10
TrippedOutCat,1,9,7,2,5,3,0,1,8,10
A_Midsummer_Poop,1,9,7,2,5,2,1,1,7,10
andresvillacres1,1,9,8,1,7,0,1,1,7,10
Bigpat6732,1,9,7,2,5,2,1,1,7,10
bigredneville,1,9,7,2,5,2,1,1,7,10
BLR_0719,1,9,8,1,7,0,1,1,7,10
claystone,1,9,7,2,5,2,1,1,7,10
ComradeGinger,1,9,7,2,5,2,1,1,7,10
Cookielol,1,9,7,2,5,2,1,1,7,10
cranksohard,1,9,5,4,1,6,1,1,7,10
dpnem,1,9,8,1,7,0,1,1,7,10
DrewciferCDXX,1,9,8,1,7,0,1,1,7,10
gizmola,1,9,8,1,7,0,1,1,7,10
gorgomgz,1,9,8,1,7,0,1,1,7,10
GrossAleXXX,1,9,8,1,7,0,1,1,7,10
gvsb82,1,9,8,1,7,0,1,1,7,10
haikuginger,1,9,8,1,7,0,1,1,7,10
jbrown101st,1,9,7,2,5,2,1,1,7,10
Kiddie_Brave,1,9,8,1,7,0,1,1,7,10
kimochris,1,9,5,4,1,6,1,1,7,10
KingGamer757,1,9,8,1,7,0,1,1,7,10
krypt2nite,1,9,7,2,5,2,1,1,7,10
ladysnake,1,9,7,2,5,2,1,1,7,10
LusciousNugs,1,9,7,2,5,2,1,1,7,10
Mirrabell,1,9,7,2,5,2,1,1,7,10
Mrs_me24,1,9,8,1,7,0,1,1,7,10
mrtommins,1,9,7,2,5,2,1,1,7,10
Nehaldsouza,1,9,8,1,7,0,1,1,7,10
pl8er,1,9,6,3,3,4,1,1,7,10
s1225m,1,9,7,2,5,2,1,1,7,10
satayjo2,1,9,8,1,7,0,1,1,7,10
SawssBawss,1,9,8,1,7,0,1,1,7,10
slickmcghee,1,9,8,1,7,0,1,1,7,10
Smar_tass,1,9,7,2,5,2,1,1,7,10
speedy991,1,9,7,2,5,2,1,1,7,10
SynxS-,1,9,7,2,5,2,1,1,7,10
THE_GOLDEN_TICKET,1,9,7,2,5,2,1,1,7,10
the_lone_pickle,1,9,7,2,5,2,1,1,7,10
Toasterattack,1,10,7,3,4,3,1,0,7,10
Alfnosbest,1,9,8,1,7,0,0,1,7,10
arandomnumber1,1,9,8,1,7,0,0,1,7,10
cubicle_jockey,1,9,8,1,7,0,0,1,7,10
GhostKey911,1,9,8,1,7,0,0,1,7,10
glauspel,1,9,8,1,7,0,0,1,7,10
goldenboy808,1,9,8,1,7,0,0,1,7,10
gorrak_svensen,1,9,8,1,7,0,0,1,7,10
gorvetus,1,9,7,2,5,2,0,1,7,10
jacksreddit,1,9,7,2,5,2,0,1,7,10
knusperknugen,1,9,7,2,5,2,0,1,7,10
mdemytrk12,1,9,8,1,7,0,0,1,7,10
MistahCharles,1,9,8,1,7,0,0,1,7,10
trumancatpote,1,9,8,1,7,0,0,1,7,10
urbane1,1,9,8,1,7,0,0,1,7,10
DialUpCaterpillar,1,9,6,3,3,3,1,1,6,10
HeadPhonesL,1,10,6,4,2,4,1,0,6,10
hereticmemory,1,10,7,3,4,2,1,0,6,10
Lingispingis,1,9,1,8,-7,13,1,1,6,10
makeminemaudlin,1,10,8,2,6,0,1,0,6,10
monkeychess,1,10,8,2,6,0,1,0,6,10
Nilad,1,10,8,2,6,0,1,0,6,10
nschimmo,1,10,8,2,6,0,1,0,6,10
oddlygorgeous,1,10,8,2,6,0,1,0,6,10
peacemake,1,9,6,3,3,3,1,1,6,10
randomlyoblivious,1,9,6,3,3,3,1,1,6,10
Sgt_Insomnia,1,10,8,2,6,0,1,0,6,10
singletracks,1,9,6,3,3,3,1,1,6,10
Badtuna,1,9,6,3,3,3,0,1,6,10
poochiekins,1,9,6,3,3,3,0,1,6,10
SirSchilly,1,9,6,3,3,3,0,1,6,10
Sw0rDz,1,9,6,3,3,3,0,1,6,10
thedoc_aware,1,9,5,4,1,5,0,1,6,10
100octane,1,9,7,2,5,0,1,1,5,10
abby1417,1,9,7,2,5,0,1,1,5,10
abramsv,1,9,7,2,5,0,1,1,5,10
Alepoudakis,1,9,6,3,3,2,1,1,5,10
AmiroZ,1,9,7,2,5,0,1,1,5,10
Avatar1909,1,9,7,2,5,0,1,1,5,10
babiestgiraffe,1,9,7,2,5,0,1,1,5,10
bobsaget45,1,9,7,2,5,0,1,1,5,10
byfuryattheheart,1,9,7,2,5,0,1,1,5,10
christianmm,1,9,7,2,5,0,1,1,5,10
Chutes123,1,9,7,2,5,0,1,1,5,10
ConstipatedCarrot,1,9,7,2,5,0,1,1,5,10
CrewCamel,1,9,6,3,3,2,1,1,5,10
CTFO,1,9,7,2,5,0,1,1,5,10
daldalian,1,9,7,2,5,0,1,1,5,10
damnyoureloud,1,9,6,3,3,2,1,1,5,10
darth_fader,1,9,7,2,5,0,1,1,5,10
DeputySchmiegal,1,9,7,2,5,0,1,1,5,10
DJ-Anakin,1,9,7,2,5,0,1,1,5,10
Fluffy433,1,9,6,3,3,2,1,1,5,10
happyboxes,1,9,7,2,5,0,1,1,5,10
harDCore182,1,9,7,2,5,0,1,1,5,10
heptakaideka,1,9,7,2,5,0,1,1,5,10
high_sky,1,9,7,2,5,0,1,1,5,10
HugDrug,1,9,6,3,3,2,1,1,5,10
Imveryunoriginal,1,9,7,2,5,0,1,1,5,10
itchytits,1,9,7,2,5,0,1,1,5,10
ItsAnAlienSpaceShip,1,9,7,2,5,0,1,1,5,10
izimulation,1,9,7,2,5,0,1,1,5,10
keepforgettingthis,1,9,7,2,5,0,1,1,5,10
Konorr,1,9,7,2,5,0,1,1,5,10
labox,1,9,4,5,-1,6,1,1,5,10
lepton42,1,9,7,2,5,0,1,1,5,10
LinkCreedZ,1,9,6,3,3,2,1,1,5,10
Maemobley,1,9,7,2,5,0,1,1,5,10
master_commander,1,9,7,2,5,0,1,1,5,10
Maximallimit,1,9,7,2,5,0,1,1,5,10
mojisim,1,10,6,4,2,3,1,0,5,10
MysteriousFellow,1,9,7,2,5,0,1,1,5,10
Nata3lie,1,9,7,2,5,0,1,1,5,10
nomadz98,1,9,6,3,3,2,1,1,5,10
NotHerbert,1,9,6,3,3,2,1,1,5,10
ownagemobile1337,1,9,6,3,3,2,1,1,5,10
pellari,1,9,7,2,5,0,1,1,5,10
promarkman,1,9,7,2,5,0,1,1,5,10
RaceConsciousZebra,1,9,7,2,5,0,1,1,5,10
rendej0,1,9,7,2,5,0,1,1,5,10
RitchieCunningham,1,9,5,4,1,4,1,1,5,10
rolobrowntowntony,1,9,7,2,5,0,1,1,5,10
simonsaysnono,1,9,7,2,5,0,1,1,5,10
slshy,1,9,7,2,5,0,1,1,5,10
SpaceAzn_Zen,1,9,7,2,5,0,1,1,5,10
Squarish_Ball,1,9,6,3,3,2,1,1,5,10
The_ranga_banga,1,9,7,2,5,0,1,1,5,10
thequesogrande,1,9,7,2,5,0,1,1,5,10
toasterbagel,1,9,7,2,5,0,1,1,5,10
Topremqt,1,9,7,2,5,0,1,1,5,10
Ur_Avrg_Dude,1,9,7,2,5,0,1,1,5,10
whatthenig,1,9,7,2,5,0,1,1,5,10
ylli101,1,9,7,2,5,0,1,1,5,10
10gags,1,9,7,2,5,0,0,1,5,10
3digits,1,9,7,2,5,0,0,1,5,10
Beef_Strokinoff,1,9,6,3,3,2,0,1,5,10
berlsmerl,1,9,6,3,3,2,0,1,5,10
brian_thebear,1,9,6,3,3,2,0,1,5,10
Casual_Redditer,1,9,7,2,5,0,0,1,5,10
Drearify,1,9,6,3,3,2,0,1,5,10
flashvenom,1,9,7,2,5,0,0,1,5,10
gatehous3,1,9,6,3,3,2,0,1,5,10
hoolio2007,1,9,7,2,5,0,0,1,5,10
iveriver,1,9,6,3,3,2,0,1,5,10
JGRIFF123,1,9,7,2,5,0,0,1,5,10
momofsho89,1,9,7,2,5,0,0,1,5,10
mr_william,1,9,6,3,3,2,0,1,5,10
mutyang,1,9,7,2,5,0,0,1,5,10
natpaterson,1,9,6,3,3,2,0,1,5,10
NoHornCorn,1,9,7,2,5,0,0,1,5,10
Olette,1,9,6,3,3,2,0,1,5,10
Om_hilal,1,9,7,2,5,0,0,1,5,10
PauliEffect,1,9,7,2,5,0,0,1,5,10
Philipp,1,9,7,2,5,0,0,1,5,10
phillyJ,1,9,6,3,3,2,0,1,5,10
Renae82,1,9,5,4,1,4,0,1,5,10
rollinonhighway420,1,9,5,4,1,4,0,1,5,10
shanny2218,1,9,7,2,5,0,0,1,5,10
smellslikecomcast,1,9,7,2,5,0,0,1,5,10
snappl3_cap,1,9,7,2,5,0,0,1,5,10
StringMaple,1,9,6,3,3,2,0,1,5,10
theFute,1,9,7,2,5,0,0,1,5,10
ThemightyDarmick,1,9,7,2,5,0,0,1,5,10
tntman34,1,9,7,2,5,0,0,1,5,10
-Will-,1,9,7,2,5,0,0,1,5,10
XcelentTrees,1,9,6,3,3,2,0,1,5,10
Zephyrjk65,1,9,7,2,5,0,0,1,5,10
arssi,1,9,5,4,1,3,1,1,4,10
austin-mclovin,1,9,5,4,1,3,1,1,4,10
Brain13,1,10,7,3,4,0,1,0,4,10
GhostOfPluto,1,10,5,5,0,4,1,0,4,10
HowAreYouTodayBro,1,9,5,4,1,3,1,1,4,10
hrasko,1,9,5,4,1,3,1,1,4,10
KrunkButter,1,9,5,4,1,3,1,1,4,10
MatCauthonsHat,1,9,4,5,-1,5,1,1,4,10
MissMega,1,9,5,4,1,3,1,1,4,10
NickCB,1,10,6,4,2,2,1,0,4,10
shaione,1,9,5,4,1,3,1,1,4,10
spoofex,1,10,6,4,2,2,1,0,4,10
sullyosullivan,1,10,7,3,4,0,1,0,4,10
thelolotov,1,9,5,4,1,3,1,1,4,10
Tikkietegek,1,10,7,3,4,0,1,0,4,10
TwoDaysRide,1,10,6,4,2,2,1,0,4,10
Yoyo8,1,10,7,3,4,0,1,0,4,10
abhavsar54,1,9,5,4,1,3,0,1,4,10
God_theCreator,1,9,5,4,1,3,0,1,4,10
govatos,1,9,3,6,-3,7,0,1,4,10
LongTallTexan,1,9,5,4,1,3,0,1,4,10
LordApocalyptica,1,10,7,3,4,0,0,0,4,10
Magus9901,1,9,5,4,1,3,0,1,4,10
Noob_Rider,1,9,5,4,1,3,0,1,4,10
Accidental_Feltcher,1,9,6,3,3,0,1,1,3,10
afarbz,1,9,6,3,3,0,1,1,3,10
ALargeTuna,1,9,6,3,3,0,1,1,3,10
alquicksilver,1,9,6,3,3,0,1,1,3,10
alshaw,1,9,6,3,3,0,1,1,3,10
antxsupreme,1,9,5,4,1,2,1,1,3,10
ArchangelPT,1,9,6,3,3,0,1,1,3,10
bagher1,1,9,6,3,3,0,1,1,3,10
Beefpile,1,9,6,3,3,0,1,1,3,10
bellysmiley,1,9,6,3,3,0,1,1,3,10
billraydrums,1,9,3,6,-3,6,1,1,3,10
Blue_Starfish,1,9,6,3,3,0,1,1,3,10
BoulderSloth,1,9,6,3,3,0,1,1,3,10
Brendis,1,9,6,3,3,0,1,1,3,10
Captainj321,1,9,6,3,3,0,1,1,3,10
Carthic,1,9,6,3,3,0,1,1,3,10
Chamaleon,1,9,6,3,3,0,1,1,3,10
CheezyMcWang,1,9,5,4,1,2,1,1,3,10
chronicpayne,1,9,6,3,3,0,1,1,3,10
connor_g,1,9,6,3,3,0,1,1,3,10
davidlilly1000,1,9,5,4,1,2,1,1,3,10
Djupgrayedd,1,9,6,3,3,0,1,1,3,10
DoubleRainbowUnicorn,1,9,6,3,3,0,1,1,3,10
DrKenshin,1,9,5,4,1,2,1,1,3,10
DuckyFuck,1,9,4,5,-1,4,1,1,3,10
Estefanapolis,1,9,6,3,3,0,1,1,3,10
fishboner,1,9,6,3,3,0,1,1,3,10
flamethrower78,1,9,6,3,3,0,1,1,3,10
fu_fu_bear,1,9,6,3,3,0,1,1,3,10
geekrevolution,1,9,6,3,3,0,1,1,3,10
Geoffles,1,9,5,4,1,2,1,1,3,10
gingerwithglasses,1,9,6,3,3,0,1,1,3,10
glenardbazar,1,9,6,3,3,0,1,1,3,10
goozinheimer,1,9,6,3,3,0,1,1,3,10
GrassChick,1,9,6,3,3,0,1,1,3,10
gusnyc,1,9,5,4,1,2,1,1,3,10
hawkin712,1,9,6,3,3,0,1,1,3,10
hidravas,1,9,6,3,3,0,1,1,3,10
I_ARE_GOALIE,1,9,6,3,3,0,1,1,3,10
imadoood,1,9,6,3,3,0,1,1,3,10
imridiculous,1,9,5,4,1,2,1,1,3,10
intimatestranger,1,9,6,3,3,0,1,1,3,10
j0be,1,9,6,3,3,0,1,1,3,10
Jebus_Christ,1,9,6,3,3,0,1,1,3,10
JimmySticks2001,1,9,6,3,3,0,1,1,3,10
joshkennedy,1,9,6,3,3,0,1,1,3,10
KillerBri,1,9,6,3,3,0,1,1,3,10
LawdBeast,1,9,6,3,3,0,1,1,3,10
LazarusWorms,1,9,6,3,3,0,1,1,3,10
lethly,1,9,6,3,3,0,1,1,3,10
LetMeFuckYourFace,1,9,6,3,3,0,1,1,3,10
lexicon1909,1,9,6,3,3,0,1,1,3,10
logjam101,1,9,6,3,3,0,1,1,3,10
M1RSH3,1,9,6,3,3,0,1,1,3,10
manjoeso,1,9,6,3,3,0,1,1,3,10
mickyrow42,1,9,6,3,3,0,1,1,3,10
Multikulti_cult,1,9,6,3,3,0,1,1,3,10
MYMIDDLENAMEISEARL,1,9,6,3,3,0,1,1,3,10
NDN_perspective,1,9,6,3,3,0,1,1,3,10
NeverReddit18,1,9,6,3,3,0,1,1,3,10
NicolasCagesRoommate,1,9,6,3,3,0,1,1,3,10
Nidzo,1,9,6,3,3,0,1,1,3,10
Nizzi177,1,9,6,3,3,0,1,1,3,10
ohmanitsdan,1,9,6,3,3,0,1,1,3,10
Oliver_Hirmouth,1,9,6,3,3,0,1,1,3,10
pat_skelly,1,9,5,4,1,2,1,1,3,10
phumble45,1,9,5,4,1,2,1,1,3,10
pircio,1,9,5,4,1,2,1,1,3,10
PolarBen,1,9,5,4,1,2,1,1,3,10
ppo0103,1,9,6,3,3,0,1,1,3,10
precociouslilscamp,1,9,6,3,3,0,1,1,3,10
ProphecyPwns,1,9,6,3,3,0,1,1,3,10
punchlineking32,1,9,6,3,3,0,1,1,3,10
puzzleia,1,9,6,3,3,0,1,1,3,10
ragogumi,1,9,4,5,-1,4,1,1,3,10
rcaicedo,1,9,5,4,1,2,1,1,3,10
Reag89,1,9,6,3,3,0,1,1,3,10
rootintoot,1,9,2,7,-5,8,1,1,3,10
rspeight1470,1,9,6,3,3,0,1,1,3,10
RyanBC,1,9,6,3,3,0,1,1,3,10
Sdstyphoon,1,9,6,3,3,0,1,1,3,10
SGFactionLoL,1,9,5,4,1,2,1,1,3,10
sharakarazinski,1,9,5,4,1,2,1,1,3,10
Sharthrae13,1,9,6,3,3,0,1,1,3,10
SilentJawa,1,9,6,3,3,0,1,1,3,10
SimplyJam1,1,9,6,3,3,0,1,1,3,10
SolidDrake,1,9,6,3,3,0,1,1,3,10
south_will_rise,1,9,6,3,3,0,1,1,3,10
super_toker_420,1,9,5,4,1,2,1,1,3,10
SwiftShattuck,1,9,6,3,3,0,1,1,3,10
Tbird90677,1,9,6,3,3,0,1,1,3,10
TheMightyShrub,1,9,6,3,3,0,1,1,3,10
TheRealLobo,1,9,6,3,3,0,1,1,3,10
TheSquirlyStub,1,9,6,3,3,0,1,1,3,10
TheZethon,1,9,6,3,3,0,1,1,3,10
thischarmingman18,1,9,6,3,3,0,1,1,3,10
throat_yogurt,1,9,6,3,3,0,1,1,3,10
Vinosec,1,9,6,3,3,0,1,1,3,10
Why_you_do_nao,1,9,6,3,3,0,1,1,3,10
writenow003,1,9,6,3,3,0,1,1,3,10
yagnu,1,9,6,3,3,0,1,1,3,10
afbaxter7,1,9,6,3,3,0,0,1,3,10
Aftershauck,1,9,6,3,3,0,0,1,3,10
arewenotmen_weardevo,1,9,6,3,3,0,0,1,3,10
Atomiccam,1,9,6,3,3,0,0,1,3,10
bambibones,1,9,6,3,3,0,0,1,3,10
cman8tor,1,9,6,3,3,0,0,1,3,10
daisymerolling,1,9,6,3,3,0,0,1,3,10
darkslyde,1,9,6,3,3,0,0,1,3,10
deec0rd,1,9,6,3,3,0,0,1,3,10
Derpaholic91,1,9,6,3,3,0,0,1,3,10
DirtyChickenLungs,1,9,6,3,3,0,0,1,3,10
DoughnutHolschtein,1,9,6,3,3,0,0,1,3,10
drempire,1,9,6,3,3,0,0,1,3,10
elmugtheman0,1,9,6,3,3,0,0,1,3,10
GeganMeorge,1,9,6,3,3,0,0,1,3,10
gt14199,1,9,6,3,3,0,0,1,3,10
gutwar,1,9,6,3,3,0,0,1,3,10
hulkrules22085,1,9,5,4,1,2,0,1,3,10
imdafreakinbest,1,9,6,3,3,0,0,1,3,10
itsbrennan,1,9,6,3,3,0,0,1,3,10
jbear2themax,1,9,6,3,3,0,0,1,3,10
Jerster24,1,9,6,3,3,0,0,1,3,10
JonnyCams,1,9,6,3,3,0,0,1,3,10
lavosler,1,9,6,3,3,0,0,1,3,10
meltedcandy,1,9,6,3,3,0,0,1,3,10
missythemoo,1,9,6,3,3,0,0,1,3,10
Moaks,1,9,6,3,3,0,0,1,3,10
monk3yboy305,1,9,6,3,3,0,0,1,3,10
mtupyro,1,9,6,3,3,0,0,1,3,10
MyNameIsHax,1,9,6,3,3,0,0,1,3,10
mystlineid,1,9,5,4,1,2,0,1,3,10
need_my_amphetamines,1,9,6,3,3,0,0,1,3,10
Notmyeveryday-,1,9,6,3,3,0,0,1,3,10
Nwm3597,1,9,6,3,3,0,0,1,3,10
ohfuckyeah2012,1,9,5,4,1,2,0,1,3,10
origamidude96,1,9,6,3,3,0,0,1,3,10
qarl,1,9,6,3,3,0,0,1,3,10
Salfedious,1,9,6,3,3,0,0,1,3,10
SofaKingSwayze,1,9,6,3,3,0,0,1,3,10
tapput561,1,9,6,3,3,0,0,1,3,10
That_Ohio_Guy,1,9,6,3,3,0,0,1,3,10
Todd--Gack,1,9,6,3,3,0,0,1,3,10
turkeysnake,1,9,6,3,3,0,0,1,3,10
twhiz,1,9,4,5,-1,4,0,1,3,10
verrtex,1,9,5,4,1,2,0,1,3,10
walrus99,1,9,6,3,3,0,0,1,3,10
aiden904,1,10,6,4,2,0,1,0,2,10
ARUNNINGTAC0,1,10,5,5,0,2,1,0,2,10
bingbong9,1,9,4,5,-1,3,1,1,2,10
CommunistPig,1,9,4,5,-1,3,1,1,2,10
ink_fink,1,9,3,6,-3,5,1,1,2,10
kingoftherastas,1,9,3,6,-3,5,1,1,2,10
lilbromarky1,1,9,3,6,-3,5,1,1,2,10
LTL374,1,9,4,5,-1,3,1,1,2,10
mr_w,1,10,6,4,2,0,1,0,2,10
Nikitah,1,10,6,4,2,0,1,0,2,10
ran22147i,1,9,4,5,-1,3,1,1,2,10
Tb5,1,9,2,7,-5,7,1,1,2,10
TimeforaSEXYPARTY,1,9,4,5,-1,3,1,1,2,10
Trimalim,1,10,6,4,2,0,1,0,2,10
vee506,1,10,6,4,2,0,1,0,2,10
walshbrn,1,10,4,6,-2,4,1,0,2,10
LookUpStupid,1,9,4,5,-1,3,0,1,2,10
tigho,1,9,4,5,-1,3,0,1,2,10
3dglados,1,9,5,4,1,0,1,1,1,10
aboredgerman,1,9,5,4,1,0,1,1,1,10
affytaffy,1,9,5,4,1,0,1,1,1,10
alehbye,1,9,5,4,1,0,1,1,1,10
allama699,1,9,5,4,1,0,1,1,1,10
AmazingSax,1,9,5,4,1,0,1,1,1,10
Angoth,1,9,5,4,1,0,1,1,1,10
Anim8me2,1,9,4,5,-1,2,1,1,1,10
AreUnotEntertained,1,9,4,5,-1,2,1,1,1,10
AsHLeRoSe,1,9,5,4,1,0,1,1,1,10
AThoughtLikeMine,1,9,5,4,1,0,1,1,1,10
BadAim,1,9,5,4,1,0,1,1,1,10
Bigbuddhabelly,1,9,5,4,1,0,1,1,1,10
bloodjun,1,9,5,4,1,0,1,1,1,10
bonadzz,1,9,5,4,1,0,1,1,1,10
Bozobrain24,1,9,4,5,-1,2,1,1,1,10
brandontoms,1,9,5,4,1,0,1,1,1,10
britmyers89,1,9,5,4,1,0,1,1,1,10
Bruising,1,9,5,4,1,0,1,1,1,10
bs1252,1,9,5,4,1,0,1,1,1,10
Buezy,1,9,5,4,1,0,1,1,1,10
cameron0208,1,9,5,4,1,0,1,1,1,10
Cardioth,1,9,4,5,-1,2,1,1,1,10
Cheesetoes,1,9,5,4,1,0,1,1,1,10
christian95c,1,9,5,4,1,0,1,1,1,10
clescach,1,9,5,4,1,0,1,1,1,10
cmspi,1,9,5,4,1,0,1,1,1,10
cpthead,1,9,5,4,1,0,1,1,1,10
CptObvious156,1,9,5,4,1,0,1,1,1,10
Cry_of_Dracula,1,9,5,4,1,0,1,1,1,10
daveofrepublicofdave,1,9,5,4,1,0,1,1,1,10
ddxxdd,1,9,5,4,1,0,1,1,1,10
Deus_,1,9,5,4,1,0,1,1,1,10
dftr4life,1,9,5,4,1,0,1,1,1,10
Diplexer,1,9,5,4,1,0,1,1,1,10
Dolores_Lays,1,9,5,4,1,0,1,1,1,10
Drknyss,1,9,5,4,1,0,1,1,1,10
DuexFlam,1,9,4,5,-1,2,1,1,1,10
Engineerthegreat,1,9,4,5,-1,2,1,1,1,10
Eriiiii,1,9,5,4,1,0,1,1,1,10
evarynearson,1,9,5,4,1,0,1,1,1,10
forgotmypassword169,1,9,5,4,1,0,1,1,1,10
froggles2004,1,9,5,4,1,0,1,1,1,10
gan12ohman,1,9,4,5,-1,2,1,1,1,10
Goatsandstuff,1,9,5,4,1,0,1,1,1,10
gohappynoodleboy,1,9,5,4,1,0,1,1,1,10
granimal,1,9,4,5,-1,2,1,1,1,10
helloreloran,1,9,5,4,1,0,1,1,1,10
himmeltoast,1,9,5,4,1,0,1,1,1,10
Hixtra111,1,9,5,4,1,0,1,1,1,10
HouseWork85,1,9,5,4,1,0,1,1,1,10
ht15,1,9,5,4,1,0,1,1,1,10
ImEpic12,1,9,5,4,1,0,1,1,1,10
JayDillon1000,1,9,5,4,1,0,1,1,1,10
jElean,1,9,5,4,1,0,1,1,1,10
JohnMLTX,1,9,5,4,1,0,1,1,1,10
Julie0310,1,9,5,4,1,0,1,1,1,10
KarlMalownz,1,9,5,4,1,0,1,1,1,10
KevinGamertag,1,9,5,4,1,0,1,1,1,10
Knuckles99,1,9,5,4,1,0,1,1,1,10
KTwhatitis,1,9,5,4,1,0,1,1,1,10
leal626,1,9,4,5,-1,2,1,1,1,10
leighroy01,1,9,5,4,1,0,1,1,1,10
LgNBullseye,1,9,5,4,1,0,1,1,1,10
likeabosh,1,9,5,4,1,0,1,1,1,10
LustMorm,1,9,5,4,1,0,1,1,1,10
lymath,1,9,5,4,1,0,1,1,1,10
markian12,1,9,5,4,1,0,1,1,1,10
Marzipan_Badger,1,9,5,4,1,0,1,1,1,10
MeatloafCupcake,1,9,5,4,1,0,1,1,1,10
Mobeo,1,9,5,4,1,0,1,1,1,10
MrConfucius,1,9,5,4,1,0,1,1,1,10
MrRgrs,1,9,5,4,1,0,1,1,1,10
mrstrbuk,1,9,5,4,1,0,1,1,1,10
myetel,1,9,5,4,1,0,1,1,1,10
norbertjones,1,9,4,5,-1,2,1,1,1,10
not_your_sister,1,9,5,4,1,0,1,1,1,10
Nov3mberist,1,9,5,4,1,0,1,1,1,10
noyolo946,1,9,4,5,-1,2,1,1,1,10
nyintensity,1,9,5,4,1,0,1,1,1,10
OfficialTownRetard,1,9,5,4,1,0,1,1,1,10
onceuponatimebomb,1,9,5,4,1,0,1,1,1,10
Organic_Mechanic,1,9,5,4,1,0,1,1,1,10
poohlala,1,9,4,5,-1,2,1,1,1,10
protege97,1,9,5,4,1,0,1,1,1,10
pterodactylia,1,9,5,4,1,0,1,1,1,10
quiksaaand,1,9,5,4,1,0,1,1,1,10
rectumstrangler,1,9,5,4,1,0,1,1,1,10
Republicope,1,9,5,4,1,0,1,1,1,10
rupertina,1,9,5,4,1,0,1,1,1,10
sailorbob134280,1,9,5,4,1,0,1,1,1,10
ScepticalOfYourLogic,1,9,5,4,1,0,1,1,1,10
SchwuleSau,1,9,5,4,1,0,1,1,1,10
seltzerbottle,1,9,4,5,-1,2,1,1,1,10
shazam99301,1,9,5,4,1,0,1,1,1,10
shouldgetworkdone,1,9,5,4,1,0,1,1,1,10
sim0n16,1,9,5,4,1,0,1,1,1,10
Sm1l3,1,9,5,4,1,0,1,1,1,10
snuffawuffagus,1,9,4,5,-1,2,1,1,1,10
sounds84,1,9,5,4,1,0,1,1,1,10
spottymickey,1,9,4,5,-1,2,1,1,1,10
stephy151,1,9,5,4,1,0,1,1,1,10
Stthads,1,9,5,4,1,0,1,1,1,10
take_this_username,1,9,5,4,1,0,1,1,1,10
The_Bone_Rules,1,9,4,5,-1,2,1,1,1,10
The_Gabagool,1,9,5,4,1,0,1,1,1,10
The_Masterofbation,1,9,5,4,1,0,1,1,1,10
therealdemoncarcass,1,9,5,4,1,0,1,1,1,10
therep,2,9,4,5,-1,2,1,1,1,10
thestonedmartian,1,9,5,4,1,0,1,1,1,10
TheWizardofId,1,9,5,4,1,0,1,1,1,10
ThisWhit3Guy,1,9,5,4,1,0,1,1,1,10
thunderstruck614,1,9,5,4,1,0,1,1,1,10
tilfordkage,1,9,5,4,1,0,1,1,1,10
tmothy07,1,9,5,4,1,0,1,1,1,10
turkycat,1,9,5,4,1,0,1,1,1,10
Twatbagel,1,9,5,4,1,0,1,1,1,10
twopacuafina,1,9,5,4,1,0,1,1,1,10
UGHHHWHY,1,9,5,4,1,0,1,1,1,10
urbangentlman,1,9,5,4,1,0,1,1,1,10
valhon99,1,9,4,5,-1,2,1,1,1,10
Viniguez487,1,9,5,4,1,0,1,1,1,10
wckdDev,1,9,5,4,1,0,1,1,1,10
WhiskeyJahn,1,9,5,4,1,0,1,1,1,10
whussupbrah,1,9,5,4,1,0,1,1,1,10
wicski,1,9,5,4,1,0,1,1,1,10
work_while_bent,1,9,5,4,1,0,1,1,1,10
ZecoraIsABoss,1,9,5,4,1,0,1,1,1,10
anon9725,1,9,4,5,-1,2,0,1,1,10
Awsome_David,1,9,5,4,1,0,0,1,1,10
BeyondTheGate,1,9,5,4,1,0,0,1,1,10
BootDanger,1,9,5,4,1,0,0,1,1,10
bunnytrox,1,9,5,4,1,0,0,1,1,10
ckilhefner,1,9,5,4,1,0,0,1,1,10
claymore_kitten,1,9,5,4,1,0,0,1,1,10
clifford_i,1,10,4,6,-2,3,0,0,1,10
Crazytom23,1,9,5,4,1,0,0,1,1,10
Crookward,1,9,5,4,1,0,0,1,1,10
GeorgeRulez,1,9,5,4,1,0,0,1,1,10
Greenbuffalo,1,9,5,4,1,0,0,1,1,10
Gregor330,1,9,5,4,1,0,0,1,1,10
huitlacoche,1,9,5,4,1,0,0,1,1,10
ibexwithanitchybum,1,9,5,4,1,0,0,1,1,10
ienjoyedit,1,9,5,4,1,0,0,1,1,10
iPoopFrenchOnionSoup,1,9,4,5,-1,2,0,1,1,10
J_Kett,1,9,5,4,1,0,0,1,1,10
lights25,1,9,5,4,1,0,0,1,1,10
minorwin,1,9,4,5,-1,2,0,1,1,10
misterAction,1,9,4,5,-1,2,0,1,1,10
Moneyfly,1,9,3,6,-3,4,0,1,1,10
mrpugglywuggly,1,9,5,4,1,0,0,1,1,10
Platinum_Graphite,1,9,5,4,1,0,0,1,1,10
Proportional_Switch,1,9,5,4,1,0,0,1,1,10
RemovedUser,1,9,5,4,1,0,0,1,1,10
Revick,1,9,4,5,-1,2,0,1,1,10
Salmon_And_Rice,1,9,5,4,1,0,0,1,1,10
SaucerPinto,1,9,5,4,1,0,0,1,1,10
Savagecow,1,9,5,4,1,0,0,1,1,10
scandel95,1,9,5,4,1,0,0,1,1,10
Scaryhair,1,9,5,4,1,0,0,1,1,10
ScruffyLooking7,1,9,5,4,1,0,0,1,1,10
stu_h,1,9,4,5,-1,2,0,1,1,10
swordinthedarkness14,1,9,5,4,1,0,0,1,1,10
Tennyson98,1,9,4,5,-1,2,0,1,1,10
tevert,1,9,5,4,1,0,0,1,1,10
torvalder,1,9,3,6,-3,4,0,1,1,10
vipix,1,9,5,4,1,0,0,1,1,10
WHY-YOU-LITTLE,1,9,5,4,1,0,0,1,1,10
xScallewagsx,1,9,5,4,1,0,0,1,1,10
bhahne,1,9,3,6,-3,3,1,1,0,10
Boltftw,1,10,5,5,0,0,1,0,0,10
calebg1,1,9,3,6,-3,3,1,1,0,10
Dinosawrus15,1,9,3,6,-3,3,1,1,0,10
gossipgoat,1,10,4,6,-2,2,1,0,0,10
Hobo_Knife,1,10,5,5,0,0,1,0,0,10
isevenx,1,10,5,5,0,0,1,0,0,10
JimWalkz,1,10,5,5,0,0,1,0,0,10
k-splotion,1,10,5,5,0,0,1,0,0,10
leelu946,1,10,5,5,0,0,1,0,0,10
Matti_Matti_Matti,1,9,2,7,-5,5,1,1,0,10
theone6152,1,9,3,6,-3,3,1,1,0,10
uberbeaner,1,10,5,5,0,0,1,0,0,10
Whinvotat,1,9,3,6,-3,3,1,1,0,10
witcoheibn,1,9,2,7,-5,5,1,1,0,10
BeerInMyButt,1,9,3,6,-3,3,0,1,0,10
bernie_lomax8,1,9,3,6,-3,3,0,1,0,10
ineedtp,1,10,5,5,0,0,0,0,0,10
Skwuat,1,9,3,6,-3,3,0,1,0,10
ACELLEN,1,9,4,5,-1,0,1,1,-1,10
ActuallyMyRealNameIs,1,9,4,5,-1,0,1,1,-1,10
akramadam,1,9,3,6,-3,2,1,1,-1,10
anunlikelything,1,9,4,5,-1,0,1,1,-1,10
astarvingartistt,1,9,4,5,-1,0,1,1,-1,10
Azrayel,1,9,4,5,-1,0,1,1,-1,10
balt11t,1,9,4,5,-1,0,1,1,-1,10
bbcchoir,1,9,4,5,-1,0,1,1,-1,10
bcperry,1,9,4,5,-1,0,1,1,-1,10
Bearhat54,1,9,4,5,-1,0,1,1,-1,10
ben0wn4g3,1,9,4,5,-1,0,1,1,-1,10
benjamin_jack,1,9,4,5,-1,0,1,1,-1,10
BluntMastermind,1,9,4,5,-1,0,1,1,-1,10
Bobberkus3011,1,9,4,5,-1,0,1,1,-1,10
bobosa911,1,9,4,5,-1,0,1,1,-1,10
boingi2,1,9,4,5,-1,0,1,1,-1,10
Captain_Jesusman,1,9,4,5,-1,0,1,1,-1,10
charolettecharles,1,9,4,5,-1,0,1,1,-1,10
cippo25,1,9,4,5,-1,0,1,1,-1,10
coinpurse,1,9,4,5,-1,0,1,1,-1,10
cowboygeek,1,9,3,6,-3,2,1,1,-1,10
cowgrlbabe19,1,9,4,5,-1,0,1,1,-1,10
crickit2626,1,9,4,5,-1,0,1,1,-1,10
Critz,1,9,4,5,-1,0,1,1,-1,10
Cross474,1,9,4,5,-1,0,1,1,-1,10
czar357,1,9,3,6,-3,2,1,1,-1,10
DarthLysergis,1,9,4,5,-1,0,1,1,-1,10
deaksterr,1,9,4,5,-1,0,1,1,-1,10
dnor1335,1,9,3,6,-3,2,1,1,-1,10
doonkune,1,9,4,5,-1,0,1,1,-1,10
douchymcface,1,9,4,5,-1,0,1,1,-1,10
dracy69,1,9,4,5,-1,0,1,1,-1,10
eb86,1,9,4,5,-1,0,1,1,-1,10
ermarkus15,1,9,4,5,-1,0,1,1,-1,10
EZCherneezy,1,9,4,5,-1,0,1,1,-1,10
fatalillusion,1,9,4,5,-1,0,1,1,-1,10
Fiddlefly,1,9,4,5,-1,0,1,1,-1,10
Flappage,1,9,4,5,-1,0,1,1,-1,10
flsurf7,1,9,4,5,-1,0,1,1,-1,10
Forbsey,1,9,4,5,-1,0,1,1,-1,10
georgelucas420,1,9,4,5,-1,0,1,1,-1,10
G-Lamb,1,9,4,5,-1,0,1,1,-1,10
grumbo1563,1,9,4,5,-1,0,1,1,-1,10
Guesty_,1,9,4,5,-1,0,1,1,-1,10
gythorg,1,9,3,6,-3,2,1,1,-1,10
H3ft3,1,9,4,5,-1,0,1,1,-1,10
I_am_a_weenie,1,9,4,5,-1,0,1,1,-1,10
I_ate_it_all,1,9,4,5,-1,0,1,1,-1,10
i_be_likewtf,1,9,4,5,-1,0,1,1,-1,10
iloling,1,9,4,5,-1,0,1,1,-1,10
jkldemon,1,9,4,5,-1,0,1,1,-1,10
jomar1234567jm,1,9,4,5,-1,0,1,1,-1,10
kazo0,1,9,4,5,-1,0,1,1,-1,10
Kingbrandon,1,9,4,5,-1,0,1,1,-1,10
Kingofwhat,1,9,4,5,-1,0,1,1,-1,10
lolfriendss,1,9,4,5,-1,0,1,1,-1,10
lvallerie,1,9,3,6,-3,2,1,1,-1,10
mastercactapus,1,9,4,5,-1,0,1,1,-1,10
matari,1,9,4,5,-1,0,1,1,-1,10
mck-,1,9,4,5,-1,0,1,1,-1,10
Me_hav_ADD,1,9,4,5,-1,0,1,1,-1,10
Mister_9,1,9,4,5,-1,0,1,1,-1,10
mnnmnmnnm,1,9,4,5,-1,0,1,1,-1,10
mongo617,1,9,4,5,-1,0,1,1,-1,10
MonkeyUranium,1,9,4,5,-1,0,1,1,-1,10
MtRainier,1,9,4,5,-1,0,1,1,-1,10
MyGenerationIsWorse,1,9,4,5,-1,0,1,1,-1,10
Nalrod,1,9,4,5,-1,0,1,1,-1,10
narwhaleninja,1,9,4,5,-1,0,1,1,-1,10
Nighthawk700,1,9,4,5,-1,0,1,1,-1,10
Nonexistent_Nate,1,9,3,6,-3,2,1,1,-1,10
nRRe,1,9,4,5,-1,0,1,1,-1,10
Pachuka,1,9,4,5,-1,0,1,1,-1,10
paiggler,1,9,3,6,-3,2,1,1,-1,10
PersianCyrus,1,9,4,5,-1,0,1,1,-1,10
pinkerton13,1,9,4,5,-1,0,1,1,-1,10
PrescientPoster,1,9,3,6,-3,2,1,1,-1,10
Raspieman,1,9,4,5,-1,0,1,1,-1,10
redfox2go,1,9,4,5,-1,0,1,1,-1,10
rhythm123,1,9,4,5,-1,0,1,1,-1,10
Richardchambuhs,1,9,4,5,-1,0,1,1,-1,10
samepiceveryday,1,9,4,5,-1,0,1,1,-1,10
scantics,1,9,4,5,-1,0,1,1,-1,10
sethbenw,1,9,4,5,-1,0,1,1,-1,10
shoekiss,1,9,4,5,-1,0,1,1,-1,10
sims2linkkh,1,9,4,5,-1,0,1,1,-1,10
SirSilentBob,1,9,4,5,-1,0,1,1,-1,10
sisyphism,1,9,2,7,-5,4,1,1,-1,10
Sivear,1,9,4,5,-1,0,1,1,-1,10
sledgod859,1,9,4,5,-1,0,1,1,-1,10
slimkwik,1,9,4,5,-1,0,1,1,-1,10
soadzombi,1,9,4,5,-1,0,1,1,-1,10
StCory,1,9,4,5,-1,0,1,1,-1,10
Steelmonkeyking,1,9,4,5,-1,0,1,1,-1,10
StraightBars,1,9,4,5,-1,0,1,1,-1,10
ThBlkBlzr,1,9,4,5,-1,0,1,1,-1,10
themap69,1,9,4,5,-1,0,1,1,-1,10
ThePantsThief,1,9,4,5,-1,0,1,1,-1,10
TheRussian961,1,9,3,6,-3,2,1,1,-1,10
TheSeanyG,1,9,3,6,-3,2,1,1,-1,10
TheWaterTemple,1,9,4,5,-1,0,1,1,-1,10
True_Mammoth,1,9,4,5,-1,0,1,1,-1,10
Username777,1,9,4,5,-1,0,1,1,-1,10
Vasd-ert,1,9,3,6,-3,2,1,1,-1,10
WackyGuy,1,9,4,5,-1,0,1,1,-1,10
Weaver94,1,9,4,5,-1,0,1,1,-1,10
wolfsmile3000,1,9,4,5,-1,0,1,1,-1,10
ya-ya-oh-oh,1,9,4,5,-1,0,1,1,-1,10
Zamboni91,1,9,4,5,-1,0,1,1,-1,10
ZellnuuEon,1,9,4,5,-1,0,1,1,-1,10
Zimmmyy,1,9,4,5,-1,0,1,1,-1,10
zodiac686,1,9,4,5,-1,0,1,1,-1,10
albert135,1,9,4,5,-1,0,0,1,-1,10
artbs,1,9,4,5,-1,0,0,1,-1,10
Captain_Tetraplegic,1,9,4,5,-1,0,0,1,-1,10
CasioQuartz,1,9,4,5,-1,0,0,1,-1,10
CDCosma,1,9,4,5,-1,0,0,1,-1,10
Ego9,1,9,3,6,-3,2,0,1,-1,10
elfitzo,1,9,4,5,-1,0,0,1,-1,10
ellewhitedove,1,9,4,5,-1,0,0,1,-1,10
fostbd,1,9,4,5,-1,0,0,1,-1,10
HaPlsYourJelly,1,9,4,5,-1,0,0,1,-1,10
ImaNrrrd,1,9,4,5,-1,0,0,1,-1,10
issyo,1,9,4,5,-1,0,0,1,-1,10
kingdill,1,9,4,5,-1,0,0,1,-1,10
kpeterson2011,1,9,4,5,-1,0,0,1,-1,10
Leonarthius,1,9,4,5,-1,0,0,1,-1,10
Mach1avell,1,9,2,7,-5,4,0,1,-1,10
Matt-chew,1,9,4,5,-1,0,0,1,-1,10
MeGusta1999,1,9,4,5,-1,0,0,1,-1,10
mmmhbacon,1,9,4,5,-1,0,0,1,-1,10
moxy800,1,9,4,5,-1,0,0,1,-1,10
narlynn,1,9,4,5,-1,0,0,1,-1,10
Raion05,1,9,4,5,-1,0,0,1,-1,10
recursivegamer,1,9,4,5,-1,0,0,1,-1,10
Right_on_q,1,9,4,5,-1,0,0,1,-1,10
Shagga__son_of_Dolf,1,9,4,5,-1,0,0,1,-1,10
squiggitysquashua,1,9,4,5,-1,0,0,1,-1,10
ta88nk,1,9,4,5,-1,0,0,1,-1,10
thedarkknight21,1,9,4,5,-1,0,0,1,-1,10
thelevinator522,1,9,3,6,-3,2,0,1,-1,10
Toeflesh,1,9,4,5,-1,0,0,1,-1,10
typhoon90,1,9,4,5,-1,0,0,1,-1,10
VA-loasdkolaa,1,9,4,5,-1,0,0,1,-1,10
WasabiStorm,1,9,4,5,-1,0,0,1,-1,10
alexub,1,9,2,7,-5,3,1,1,-2,10
chrisjortiz,1,10,4,6,-2,0,1,0,-2,10
fakeamerica,1,10,4,6,-2,0,1,0,-2,10
hardooooo,1,10,4,6,-2,0,1,0,-2,10
HeavenlyChris,1,9,2,7,-5,3,1,1,-2,10
majique,1,9,2,7,-5,3,1,1,-2,10
rapor,1,9,1,8,-7,5,1,1,-2,10
Who_Dat_Guy,1,10,4,6,-2,0,1,0,-2,10
claymick,1,9,2,7,-5,3,0,1,-2,10
fatmiketizzle,1,9,2,7,-5,3,0,1,-2,10
supermonkey1313,1,9,2,7,-5,3,0,1,-2,10
TomatosauceMessiah,1,9,2,7,-5,3,0,1,-2,10
17AndNOTpregnant,1,9,3,6,-3,0,1,1,-3,10
2ndTallestAsian,1,9,3,6,-3,0,1,1,-3,10
2roa,1,9,3,6,-3,0,1,1,-3,10
9bananaman,1,9,2,7,-5,2,1,1,-3,10
ajm2298,1,9,3,6,-3,0,1,1,-3,10
amma_maam,1,9,3,6,-3,0,1,1,-3,10
andreabeth09,2,9,3,6,-3,0,1,1,-3,10
animalboom,1,9,2,7,-5,2,1,1,-3,10
astanzo9,1,9,3,6,-3,0,1,1,-3,10
bamitsmeg,1,9,3,6,-3,0,1,1,-3,10
bamramirez,1,9,3,6,-3,0,1,1,-3,10
Barney32,1,9,3,6,-3,0,1,1,-3,10
Bl00d,1,9,3,6,-3,0,1,1,-3,10
blgdinger,1,9,2,7,-5,2,1,1,-3,10
blizzy461,1,9,3,6,-3,0,1,1,-3,10
Broseidon_75,1,9,3,6,-3,0,1,1,-3,10
bubz0rz,1,9,3,6,-3,0,1,1,-3,10
calikid559,1,9,3,6,-3,0,1,1,-3,10
chunkybearcub137,1,9,3,6,-3,0,1,1,-3,10
colmemaybe,1,9,3,6,-3,0,1,1,-3,10
crayclaycray,1,9,3,6,-3,0,1,1,-3,10
CrazyWickedChick,1,9,3,6,-3,0,1,1,-3,10
critiquelywhat,1,9,3,6,-3,0,1,1,-3,10
cuteleper,1,9,3,6,-3,0,1,1,-3,10
Deadmonkey01,1,9,3,6,-3,0,1,1,-3,10
editingphotos,1,9,3,6,-3,0,1,1,-3,10
ericorbit,1,9,3,6,-3,0,1,1,-3,10
Faaay,1,9,3,6,-3,0,1,1,-3,10
gitanium,1,9,3,6,-3,0,1,1,-3,10
grande_oso,1,9,3,6,-3,0,1,1,-3,10
gretchee,1,9,3,6,-3,0,1,1,-3,10
HarmfulChe3se,1,9,3,6,-3,0,1,1,-3,10
I_live_in_a_sink,1,9,3,6,-3,0,1,1,-3,10
itsthechaz,1,9,3,6,-3,0,1,1,-3,10
JasonWxM,1,9,3,6,-3,0,1,1,-3,10
johnnycollege,1,9,3,6,-3,0,1,1,-3,10
just_todays_account,1,9,2,7,-5,2,1,1,-3,10
Kangurue,1,9,3,6,-3,0,1,1,-3,10
labeille87,1,9,3,6,-3,0,1,1,-3,10
lagamemnon,1,9,3,6,-3,0,1,1,-3,10
LarzHoneytoast,1,9,3,6,-3,0,1,1,-3,10
Lisurgec,1,9,3,6,-3,0,1,1,-3,10
London20,1,9,2,7,-5,2,1,1,-3,10
LoveMyTomatos,1,9,3,6,-3,0,1,1,-3,10
Mampt,1,9,3,6,-3,0,1,1,-3,10
metind,1,9,3,6,-3,0,1,1,-3,10
mike06,1,9,2,7,-5,2,1,1,-3,10
missyprez99,1,9,3,6,-3,0,1,1,-3,10
Mycatisalego,1,9,2,7,-5,2,1,1,-3,10
Ninjapandaz,1,9,3,6,-3,0,1,1,-3,10
onyx_penguin,1,9,3,6,-3,0,1,1,-3,10
peck112,1,9,3,6,-3,0,1,1,-3,10
phillyfan1995,1,9,3,6,-3,0,1,1,-3,10
plead_tha_fifth,1,9,3,6,-3,0,1,1,-3,10
Psych0kill3r,1,9,3,6,-3,0,1,1,-3,10
Puglord64,1,9,3,6,-3,0,1,1,-3,10
qu3sadi11a,1,9,2,7,-5,2,1,1,-3,10
rails512,1,9,3,6,-3,0,1,1,-3,10
rayraylewis,1,9,3,6,-3,0,1,1,-3,10
rfreeman85,1,9,3,6,-3,0,1,1,-3,10
RowBoatsInDisguise,1,9,3,6,-3,0,1,1,-3,10
ruskitskit,1,9,3,6,-3,0,1,1,-3,10
rygurr,1,9,3,6,-3,0,1,1,-3,10
SethZx,1,9,3,6,-3,0,1,1,-3,10
Shazmog,1,9,3,6,-3,0,1,1,-3,10
SilentScar,1,9,3,6,-3,0,1,1,-3,10
singlewhitewolf,1,9,3,6,-3,0,1,1,-3,10
SoundlessAssault,1,9,2,7,-5,2,1,1,-3,10
spamtron,1,9,3,6,-3,0,1,1,-3,10
spookydrew,1,9,3,6,-3,0,1,1,-3,10
ThatCrookedBoy,1,9,3,6,-3,0,1,1,-3,10
TheGreatDainius,1,9,3,6,-3,0,1,1,-3,10
theharris24,1,9,3,6,-3,0,1,1,-3,10
TKdEvin,1,9,3,6,-3,0,1,1,-3,10
tnthomas,1,9,3,6,-3,0,1,1,-3,10
trollpain,1,9,3,6,-3,0,1,1,-3,10
turtledoved,1,9,3,6,-3,0,1,1,-3,10
vw2005,1,9,3,6,-3,0,1,1,-3,10
xCARDx,1,9,3,6,-3,0,1,1,-3,10
arsonal,1,9,3,6,-3,0,0,1,-3,10
CaffeineTripp,1,9,3,6,-3,0,0,1,-3,10
Cp7Chris009,1,9,3,6,-3,0,0,1,-3,10
CraftyCactus,1,9,3,6,-3,0,0,1,-3,10
CronosDage,1,9,3,6,-3,0,0,1,-3,10
dieezus,1,9,2,7,-5,2,0,1,-3,10
hurricane658,1,9,3,6,-3,0,0,1,-3,10
jackn81,1,9,2,7,-5,2,0,1,-3,10
jbmonster,1,9,3,6,-3,0,0,1,-3,10
Lady_Bernini,1,9,3,6,-3,0,0,1,-3,10
Luisthebeast182,1,9,3,6,-3,0,0,1,-3,10
Lurking_Grue,1,9,2,7,-5,2,0,1,-3,10
MafiaZac,1,9,3,6,-3,0,0,1,-3,10
melissaesoteric,1,9,3,6,-3,0,0,1,-3,10
robmardis,1,9,3,6,-3,0,0,1,-3,10
scsk8r831,1,9,3,6,-3,0,0,1,-3,10
Syrion_Wraith,1,9,3,6,-3,0,0,1,-3,10
Uhhhhh55,1,9,3,6,-3,0,0,1,-3,10
W1k3,1,9,3,6,-3,0,0,1,-3,10
warlox_and_glox,1,9,3,6,-3,0,0,1,-3,10
youli1992,1,9,3,6,-3,0,0,1,-3,10
aces1818,1,10,3,7,-4,0,1,0,-4,10
cor3ntin,1,10,3,7,-4,0,1,0,-4,10
dadabing,1,10,3,7,-4,0,1,0,-4,10
nonrate,1,9,1,8,-7,3,1,1,-4,10
SIthmusen,1,10,3,7,-4,0,1,0,-4,10
Travwritesstuff,1,9,1,8,-7,3,1,1,-4,10
wheelybin_1,1,9,1,8,-7,3,1,1,-4,10
IXIJacquesIXI,1,9,1,8,-7,3,0,1,-4,10
jjagnrew,1,9,1,8,-7,3,0,1,-4,10
Nondo,1,10,3,7,-4,0,0,0,-4,10
1djpain,1,9,2,7,-5,0,1,1,-5,10
2TBofCakeFarts,1,9,2,7,-5,0,1,1,-5,10
42isthenumber_,1,9,2,7,-5,0,1,1,-5,10
AccidentalBuggery,1,9,2,7,-5,0,1,1,-5,10
adam266001,1,9,2,7,-5,0,1,1,-5,10
adriangzz,1,9,2,7,-5,0,1,1,-5,10
ammbo,1,9,2,7,-5,0,1,1,-5,10
andanother4,1,9,2,7,-5,0,1,1,-5,10
axeman123454321,1,9,2,7,-5,0,1,1,-5,10
beardface909,1,9,2,7,-5,0,1,1,-5,10
becarkey,1,9,2,7,-5,0,1,1,-5,10
beeshaboosha,1,9,2,7,-5,0,1,1,-5,10
bloodygonzo,1,9,2,7,-5,0,1,1,-5,10
boson89,1,9,2,7,-5,0,1,1,-5,10
ceranna,1,9,2,7,-5,0,1,1,-5,10
cgnsa,1,9,2,7,-5,0,1,1,-5,10
cheady04,1,9,2,7,-5,0,1,1,-5,10
Chrisichan,1,9,2,7,-5,0,1,1,-5,10
cmassey0403,1,9,2,7,-5,0,1,1,-5,10
DankMcNugz,1,9,2,7,-5,0,1,1,-5,10
DrCatbus,1,9,2,7,-5,0,1,1,-5,10
Emauren,1,9,2,7,-5,0,1,1,-5,10
Fromkas,1,9,2,7,-5,0,1,1,-5,10
gangrenous_ghoul,1,9,2,7,-5,0,1,1,-5,10
general_kush,1,9,2,7,-5,0,1,1,-5,10
Generevolution,1,9,2,7,-5,0,1,1,-5,10
Georgeman33,1,9,2,7,-5,0,1,1,-5,10
HelpdeskGrunt,1,9,2,7,-5,0,1,1,-5,10
HiddenDumpling,1,9,2,7,-5,0,1,1,-5,10
HoboStabz,1,9,2,7,-5,0,1,1,-5,10
HotBrown,1,9,2,7,-5,0,1,1,-5,10
igginator77,1,9,2,7,-5,0,1,1,-5,10
Imasignnotacop,1,9,2,7,-5,0,1,1,-5,10
itmightbeaseizure,1,9,2,7,-5,0,1,1,-5,10
jamescameronisokay,1,9,2,7,-5,0,1,1,-5,10
jerkfacepunner,1,9,2,7,-5,0,1,1,-5,10
jessejdena,1,9,2,7,-5,0,1,1,-5,10
joepasca,1,9,2,7,-5,0,1,1,-5,10
JOOMPA,1,9,2,7,-5,0,1,1,-5,10
Kallexan,1,9,2,7,-5,0,1,1,-5,10
Kruust,1,9,2,7,-5,0,1,1,-5,10
LasciviousGork,1,9,1,8,-7,2,1,1,-5,10
liek_this,1,9,2,7,-5,0,1,1,-5,10
lightcage,1,9,2,7,-5,0,1,1,-5,10
lukazas,1,9,2,7,-5,0,1,1,-5,10
luxpsycho,1,9,2,7,-5,0,1,1,-5,10
madcaplaughter,1,9,2,7,-5,0,1,1,-5,10
magnificent_magnolia,1,9,2,7,-5,0,1,1,-5,10
Mitrix,1,9,2,7,-5,0,1,1,-5,10
moeshapoppins,1,9,2,7,-5,0,1,1,-5,10
moldy_laundry,1,9,2,7,-5,0,1,1,-5,10
munguitox,1,9,2,7,-5,0,1,1,-5,10
Murdaaa,1,9,2,7,-5,0,1,1,-5,10
N4KEDB4CON,1,9,2,7,-5,0,1,1,-5,10
Nyclops,1,9,2,7,-5,0,1,1,-5,10
OldBeercan,1,9,2,7,-5,0,1,1,-5,10
peacenerd,1,9,2,7,-5,0,1,1,-5,10
pharasyko,1,9,1,8,-7,2,1,1,-5,10
philterz,1,9,2,7,-5,0,1,1,-5,10
PlainOleMe,1,9,2,7,-5,0,1,1,-5,10
PolarBurs,1,9,2,7,-5,0,1,1,-5,10
protozoo,1,9,2,7,-5,0,1,1,-5,10
rcwin1,1,9,2,7,-5,0,1,1,-5,10
robotpirateninja,1,9,2,7,-5,0,1,1,-5,10
RxDiablo,1,9,2,7,-5,0,1,1,-5,10
salqoy,1,9,2,7,-5,0,1,1,-5,10
SatansDancePartner,1,9,2,7,-5,0,1,1,-5,10
shanedii,1,9,1,8,-7,2,1,1,-5,10
sing_king,1,9,2,7,-5,0,1,1,-5,10
skula,1,9,2,7,-5,0,1,1,-5,10
Snikenjon,1,9,2,7,-5,0,1,1,-5,10
strezz05,1,9,2,7,-5,0,1,1,-5,10
superdooperuberpoopr,1,9,2,7,-5,0,1,1,-5,10
SuperObviousComment,1,9,2,7,-5,0,1,1,-5,10
takeitasyouwill1,1,9,2,7,-5,0,1,1,-5,10
Theconspiracyunfolds,1,9,2,7,-5,0,1,1,-5,10
ThisGuyCarlos,1,9,2,7,-5,0,1,1,-5,10
thisisthewaytoamaaaa,1,9,2,7,-5,0,1,1,-5,10
Tr33sHugger,1,9,2,7,-5,0,1,1,-5,10
TRAGEDY123123,1,9,2,7,-5,0,1,1,-5,10
tubbytubbs666,1,9,2,7,-5,0,1,1,-5,10
ViNtaGeRiFF,1,9,2,7,-5,0,1,1,-5,10
y123456,1,9,2,7,-5,0,1,1,-5,10
zenstreams,1,9,2,7,-5,0,1,1,-5,10
ZMGorman,1,9,2,7,-5,0,1,1,-5,10
101wishingstarr,1,9,2,7,-5,0,0,1,-5,10
antioedipus,1,9,2,7,-5,0,0,1,-5,10
beto_atx,1,9,2,7,-5,0,0,1,-5,10
BoilingCorn,1,9,2,7,-5,0,0,1,-5,10
cosmonot1,1,9,2,7,-5,0,0,1,-5,10
danceforu,1,9,2,7,-5,0,0,1,-5,10
Dildo___Baggins,1,9,2,7,-5,0,0,1,-5,10
FudgeSickle44,1,9,2,7,-5,0,0,1,-5,10
GreenMountainFBS,1,9,2,7,-5,0,0,1,-5,10
Manxy56,1,9,1,8,-7,2,0,1,-5,10
njsam,1,9,2,7,-5,0,0,1,-5,10
red-guard,1,9,2,7,-5,0,0,1,-5,10
RubReddit,1,9,2,7,-5,0,0,1,-5,10
Scissorqueen,1,9,2,7,-5,0,0,1,-5,10
TheBumfuzzler,1,9,2,7,-5,0,0,1,-5,10
time_lord_victorious,1,9,2,7,-5,0,0,1,-5,10
van5000111,1,9,2,7,-5,0,0,1,-5,10
Winkelkater,1,9,1,8,-7,2,0,1,-5,10
IPickOnYou,1,9,0,9,-9,3,0,1,-6,10
ohshitdude1994,1,10,2,8,-6,0,0,0,-6,10
Bersonic,1,9,1,8,-7,0,1,1,-7,10
conspeakus,1,9,1,8,-7,0,1,1,-7,10
Crutches,1,9,1,8,-7,0,1,1,-7,10
Flying_Turd,1,9,1,8,-7,0,1,1,-7,10
frontsight,1,9,1,8,-7,0,1,1,-7,10
Greywyn,1,9,1,8,-7,0,1,1,-7,10
is_a_troll,1,9,1,8,-7,0,1,1,-7,10
Newbya,1,9,1,8,-7,0,1,1,-7,10
rgzzo,1,9,1,8,-7,0,1,1,-7,10
rhys91,1,9,1,8,-7,0,1,1,-7,10
richardoftheyear,1,9,1,8,-7,0,1,1,-7,10
sexpressed,1,9,1,8,-7,0,1,1,-7,10
ShoesandSocks,1,9,1,8,-7,0,1,1,-7,10
The_Determinator,1,9,1,8,-7,0,1,1,-7,10
the_mbx,1,9,1,8,-7,0,1,1,-7,10
TY4PMO,1,9,1,8,-7,0,1,1,-7,10
warsy26,1,9,1,8,-7,0,1,1,-7,10
facepalminghomer,1,9,1,8,-7,0,0,1,-7,10
hibork1,1,9,1,8,-7,0,0,1,-7,10
joefromsears,1,9,1,8,-7,0,0,1,-7,10
MrVagTickler,1,9,1,8,-7,0,0,1,-7,10
omgcats_17,1,9,1,8,-7,0,0,1,-7,10
Roronoaa,1,9,1,8,-7,0,0,1,-7,10
ThenewChrisFarley,1,9,1,8,-7,0,0,1,-7,10
jacob_h26,1,10,1,9,-8,0,1,0,-8,10
Uwould222,1,10,1,9,-8,0,1,0,-8,10
Mary80,1,8,8,0,8,8,0,1,16,9
mangster83,1,8,4,4,0,14,1,1,14,9
hi_blue,1,8,8,0,8,4,1,1,12,9
dansofe0r,1,8,8,0,8,4,0,1,12,9
ICONnor,1,8,7,1,6,6,0,1,12,9
malcontent344,1,8,6,2,4,8,0,1,12,9
xSkyy,1,8,8,0,8,2,1,1,10,9
drummer0702,1,8,7,1,6,4,0,1,10,9
gagnerocs38,1,8,6,2,4,6,0,1,10,9
AnsemsDeath,1,8,5,3,2,7,1,1,9,9
chizzle,1,9,9,0,9,0,1,0,9,9
miurabull,1,8,7,1,6,3,1,1,9,9
presynaptic,1,8,6,2,4,5,1,1,9,9
Kiddgamer,1,8,5,3,2,7,0,1,9,9
PinkMonkeySlippers,1,8,6,2,4,5,0,1,9,9
theoriginalmrkit,2,7,6,1,5,3,2,2,8,9
_catfacts,1,8,7,1,6,2,1,1,8,9
blellow,1,9,7,2,5,3,1,0,8,9
CaptMo18,1,8,7,1,6,2,1,1,8,9
cfstras,1,8,8,0,8,0,1,1,8,9
ConradFerguson,1,8,8,0,8,0,1,1,8,9
dancingsquirrel,1,8,7,1,6,2,1,1,8,9
Dear_Occupant,1,8,8,0,8,0,1,1,8,9
dreadul,1,8,5,3,2,6,1,1,8,9
mcctee,1,8,8,0,8,0,1,1,8,9
MISTRESSshake,1,8,4,4,0,8,1,1,8,9
Nomes2012,1,8,5,3,2,6,1,1,8,9
onlineamiga,1,8,7,1,6,2,1,1,8,9
PowerKiegal,1,8,7,1,6,2,1,1,8,9
pumkinseedz,1,8,6,2,4,4,1,1,8,9
rubels44,1,8,8,0,8,0,1,1,8,9
satisfiedsardine,1,8,5,3,2,6,1,1,8,9
ShipwreckedSiren,1,8,7,1,6,2,1,1,8,9
sondermannm,1,8,6,2,4,4,1,1,8,9
TeHMetronomE,1,8,8,0,8,0,1,1,8,9
Terminz,1,8,4,4,0,8,1,1,8,9
th3thund3r,1,8,8,0,8,0,1,1,8,9
tiditidi,1,8,7,1,6,2,1,1,8,9
99greenballoons,1,8,6,2,4,4,0,1,8,9
colacadstink,1,8,7,1,6,2,0,1,8,9
laserx12,1,8,8,0,8,0,0,1,8,9
montyp2000,1,8,6,2,4,4,0,1,8,9
nickiscool88,1,8,8,0,8,0,0,1,8,9
Seizure-Man,1,8,8,0,8,0,0,1,8,9
slartibar,1,8,7,1,6,2,0,1,8,9
trshtehdsh,1,8,6,2,4,4,0,1,8,9
Glorplox,1,9,7,2,5,2,1,0,7,9
Howl-The-Wolf,1,9,8,1,7,0,1,0,7,9
luthifer,1,8,5,3,2,5,1,1,7,9
mxraider2000,1,8,6,2,4,3,1,1,7,9
nittanylionstorm07,1,8,5,3,2,5,1,1,7,9
WatchYouChoke,1,8,6,2,4,3,1,1,7,9
_Egypt_,1,9,6,3,3,4,0,0,7,9
arijitdas,1,8,5,3,2,5,0,1,7,9
ASKS_WHO_CARES,1,8,5,3,2,5,0,1,7,9
NoiCantSpell,1,8,6,2,4,3,0,1,7,9
Simdogga,1,8,5,3,2,5,0,1,7,9
toodrunktounderstand,1,8,6,2,4,3,0,1,7,9
znc16,1,8,6,2,4,3,0,1,7,9
1tepa1,1,8,6,2,4,2,1,1,6,9
airickanderson,1,8,7,1,6,0,1,1,6,9
Bastard_of_Action,1,8,7,1,6,0,1,1,6,9
blackbelt94,1,8,7,1,6,0,1,1,6,9
blm95tehe,1,8,7,1,6,0,1,1,6,9
BURT_COCAIN,1,8,7,1,6,0,1,1,6,9
ClimbingCactus,1,8,7,1,6,0,1,1,6,9
crave_mcsteak,1,8,5,3,2,4,1,1,6,9
das216,1,8,7,1,6,0,1,1,6,9
enzofall,1,8,7,1,6,0,1,1,6,9
Foreveraloneparty101,1,8,7,1,6,0,1,1,6,9
GLeppert,1,8,7,1,6,0,1,1,6,9
gregorious13,1,8,7,1,6,0,1,1,6,9
helloamigo,1,8,6,2,4,2,1,1,6,9
ILikeTerdals,1,8,7,1,6,0,1,1,6,9
JarheadPilot,1,8,7,1,6,0,1,1,6,9
juicyjumbo,1,8,7,1,6,0,1,1,6,9
KeaneSenses,1,8,7,1,6,0,1,1,6,9
leeloodallasmultipas,1,8,7,1,6,0,1,1,6,9
LightningXCE,1,8,7,1,6,0,1,1,6,9
loucatelli,1,8,7,1,6,0,1,1,6,9
MrMagicMarker43,1,8,6,2,4,2,1,1,6,9
Patrick_the_Saint,1,8,6,2,4,2,1,1,6,9
Perrywinklefox,1,8,7,1,6,0,1,1,6,9
RandomLebowskiQuote,1,8,7,1,6,0,1,1,6,9
robinthehood,1,8,6,2,4,2,1,1,6,9
rutgerswhat,1,8,7,1,6,0,1,1,6,9
Seanofthebread112,1,8,6,2,4,2,1,1,6,9
sprremix,1,8,7,1,6,0,1,1,6,9
stephanie_0379,1,8,7,1,6,0,1,1,6,9
Swaddels,1,8,7,1,6,0,1,1,6,9
t_Lancer,1,8,7,1,6,0,1,1,6,9
tigahwoodyall,1,8,6,2,4,2,1,1,6,9
TyStevie,1,8,7,1,6,0,1,1,6,9
vandalais,1,8,6,2,4,2,1,1,6,9
venexxx,1,8,5,3,2,4,1,1,6,9
77madsquirrel77,1,8,7,1,6,0,0,1,6,9
asacchet,1,8,7,1,6,0,0,1,6,9
audiofyl,1,8,7,1,6,0,0,1,6,9
b33k3rz,1,8,7,1,6,0,0,1,6,9
baaaatmaaan,1,8,7,1,6,0,0,1,6,9
Bronze_Alien,1,8,6,2,4,2,0,1,6,9
DictatorSupa,1,8,6,2,4,2,0,1,6,9
Gmack4Pres,1,8,7,1,6,0,0,1,6,9
gregisonfire,1,8,7,1,6,0,0,1,6,9
greyambience,1,8,7,1,6,0,0,1,6,9
igryllbears,1,8,6,2,4,2,0,1,6,9
ingestiblebulk,1,8,7,1,6,0,0,1,6,9
jabby1,1,8,7,1,6,0,0,1,6,9
jargo1,1,8,5,3,2,4,0,1,6,9
jmart1392,1,8,7,1,6,0,0,1,6,9
JoaoZF,1,8,5,3,2,4,0,1,6,9
kalimatas,1,8,6,2,4,2,0,1,6,9
marilauxe,1,8,7,1,6,0,0,1,6,9
mteck,1,8,7,1,6,0,0,1,6,9
proseqt,1,8,7,1,6,0,0,1,6,9
Ulysius,1,8,7,1,6,0,0,1,6,9
Willaman_,1,8,7,1,6,0,0,1,6,9
976chip,1,8,5,3,2,3,1,1,5,9
BaconPoutine,1,8,5,3,2,3,1,1,5,9
biggus-dickus,1,9,6,3,3,2,1,0,5,9
chillcruise,1,9,7,2,5,0,1,0,5,9
dhaley6,1,9,7,2,5,0,1,0,5,9
fatcat111,1,8,5,3,2,3,1,1,5,9
GenKin,1,8,5,3,2,3,1,1,5,9
givemetheworld,1,8,5,3,2,3,1,1,5,9
GTRULES2,1,9,7,2,5,0,1,0,5,9
ingenium2012,1,9,6,3,3,2,1,0,5,9
iwantedtoexplode,1,9,6,3,3,2,1,0,5,9
jbpounders,1,8,4,4,0,5,1,1,5,9
Magneticturtle,1,8,5,3,2,3,1,1,5,9
mask34,1,8,5,3,2,3,1,1,5,9
mrsloblaw,1,9,7,2,5,0,1,0,5,9
Ongar,1,9,7,2,5,0,1,0,5,9
Patrot,1,8,5,3,2,3,1,1,5,9
rooster_cogburn1010,1,8,5,3,2,3,1,1,5,9
scooke85,1,8,5,3,2,3,1,1,5,9
sharkenleo,1,8,5,3,2,3,1,1,5,9
slimatk,1,9,6,3,3,2,1,0,5,9
chickendendlers,1,8,4,4,0,5,0,1,5,9
LegalChicanery,1,8,5,3,2,3,0,1,5,9
MrTomMarvoloRiddle,1,8,5,3,2,3,0,1,5,9
RynoSauce,1,8,5,3,2,3,0,1,5,9
sleepytimeredditor,1,8,5,3,2,3,0,1,5,9
SlimMaculate,1,8,4,4,0,5,0,1,5,9
TheRockingHorse,1,8,5,3,2,3,0,1,5,9
Unidraulico,1,9,4,5,-1,6,0,0,5,9
476899,1,8,6,2,4,0,1,1,4,9
4W350M3,1,8,5,3,2,2,1,1,4,9
ahampster,1,8,5,3,2,2,1,1,4,9
antap,1,8,6,2,4,0,1,1,4,9
appleybo97,1,8,5,3,2,2,1,1,4,9
benmarchiony,1,8,6,2,4,0,1,1,4,9
betcheslovethis,1,8,6,2,4,0,1,1,4,9
BLURAY149,1,8,6,2,4,0,1,1,4,9
BlurrySandwich,1,8,6,2,4,0,1,1,4,9
bmkid1,1,8,6,2,4,0,1,1,4,9
breakyunit,1,8,6,2,4,0,1,1,4,9
buttaids,1,8,6,2,4,0,1,1,4,9
China_boyy,1,8,5,3,2,2,1,1,4,9
chip8222,1,8,6,2,4,0,1,1,4,9
cloomdub,1,8,5,3,2,2,1,1,4,9
contraryexample,1,8,6,2,4,0,1,1,4,9
coumesam,1,8,6,2,4,0,1,1,4,9
CptnJack99,1,8,6,2,4,0,1,1,4,9
craigwhyte,1,8,6,2,4,0,1,1,4,9
DJUltra23,1,8,6,2,4,0,1,1,4,9
DockerZ,1,8,5,3,2,2,1,1,4,9
dorten,1,8,5,3,2,2,1,1,4,9
druedan,1,8,6,2,4,0,1,1,4,9
Dyngus2013,1,8,6,2,4,0,1,1,4,9
el_monstruo,1,8,6,2,4,0,1,1,4,9
FDCat,1,8,6,2,4,0,1,1,4,9
FordMustang50Fan,1,8,6,2,4,0,1,1,4,9
FranklyMyDearest,1,8,6,2,4,0,1,1,4,9
freshmozz,1,8,5,3,2,2,1,1,4,9
fresohoi,1,8,6,2,4,0,1,1,4,9
Funi1234,1,8,5,3,2,2,1,1,4,9
Goreins,1,9,5,4,1,3,1,0,4,9
Goronsruby,1,8,6,2,4,0,1,1,4,9
Grocery-Storr,1,8,6,2,4,0,1,1,4,9
HalfDOME,1,8,5,3,2,2,1,1,4,9
HeLlOtHeRee,1,8,6,2,4,0,1,1,4,9
heycameron,1,8,6,2,4,0,1,1,4,9
I_Dont_Get_Out_Much,1,8,4,4,0,4,1,1,4,9
iismatt,1,8,6,2,4,0,1,1,4,9
Illest_Mofo_Alive,1,8,6,2,4,0,1,1,4,9
inimtheTARDIS,1,8,6,2,4,0,1,1,4,9
InTheWilde,1,8,5,3,2,2,1,1,4,9
jannisjr,1,8,6,2,4,0,1,1,4,9
jaredweisman,1,8,6,2,4,0,1,1,4,9
jfrazz21,1,8,6,2,4,0,1,1,4,9
jibbs386,1,8,5,3,2,2,1,1,4,9
jillay,1,8,6,2,4,0,1,1,4,9
jombacious,1,8,6,2,4,0,1,1,4,9
jonny_D_N,1,8,5,3,2,2,1,1,4,9
Killerkat9793,1,8,6,2,4,0,1,1,4,9
krageman,1,8,6,2,4,0,1,1,4,9
kropotk1n,1,8,6,2,4,0,1,1,4,9
La_La_Bla,1,8,6,2,4,0,1,1,4,9
lorayne,1,8,6,2,4,0,1,1,4,9
LORDPHIL,1,8,5,3,2,2,1,1,4,9
lorenzothejackal,1,8,6,2,4,0,1,1,4,9
mcoope,1,8,6,2,4,0,1,1,4,9
McWake,1,8,6,2,4,0,1,1,4,9
mizclean,1,8,6,2,4,0,1,1,4,9
narcoticfx,1,8,5,3,2,2,1,1,4,9
OneBrokeGamer,1,8,6,2,4,0,1,1,4,9
PoormansTaco,1,9,5,4,1,3,1,0,4,9
RetortNation,1,8,6,2,4,0,1,1,4,9
RFC0xC14,1,8,6,2,4,0,1,1,4,9
rifaak,1,8,6,2,4,0,1,1,4,9
RonWisely,1,9,5,4,1,3,1,0,4,9
Servant_Grunt1,1,8,5,3,2,2,1,1,4,9
Shaguar92,1,8,6,2,4,0,1,1,4,9
simonmaui,1,8,6,2,4,0,1,1,4,9
SirSchumacher,1,8,6,2,4,0,1,1,4,9
spoonlassassin,1,8,6,2,4,0,1,1,4,9
stormyzmondayz,1,8,6,2,4,0,1,1,4,9
TeamMolotov,1,8,6,2,4,0,1,1,4,9
theexiled13,1,8,5,3,2,2,1,1,4,9
thegreatgrapist,1,8,5,3,2,2,1,1,4,9
TheZachrau,1,8,6,2,4,0,1,1,4,9
Thiswhatyawanted,1,8,6,2,4,0,1,1,4,9
thokk2,1,8,6,2,4,0,1,1,4,9
Timma1231,1,8,5,3,2,2,1,1,4,9
tmotom,1,8,6,2,4,0,1,1,4,9
toniclaire,1,8,6,2,4,0,1,1,4,9
tulisaconstopolopoli,1,8,6,2,4,0,1,1,4,9
turtlegreen,1,8,6,2,4,0,1,1,4,9
verttex,1,8,5,3,2,2,1,1,4,9
VibrationMan,1,8,4,4,0,4,1,1,4,9
WeaponsGradeHumanity,1,9,4,5,-1,5,1,0,4,9
WeHateEachOther,1,8,6,2,4,0,1,1,4,9
white618,1,8,6,2,4,0,1,1,4,9
WhiteLightning10,1,8,6,2,4,0,1,1,4,9
withoutanypants,1,8,6,2,4,0,1,1,4,9
Yalnif,1,8,5,3,2,2,1,1,4,9
yauna,1,8,6,2,4,0,1,1,4,9
Your_Jaws_My_Balls,1,8,6,2,4,0,1,1,4,9
zane496,1,8,6,2,4,0,1,1,4,9
aguycalledluke,1,8,6,2,4,0,0,1,4,9
Bewaretheboomstick,1,8,6,2,4,0,0,1,4,9
blue_barracuda,1,8,3,5,-2,6,0,1,4,9
Cadoc,1,8,6,2,4,0,0,1,4,9
cdude38,1,8,6,2,4,0,0,1,4,9
ChristMasNinja,1,8,6,2,4,0,0,1,4,9
Chuck8842,1,8,6,2,4,0,0,1,4,9
Do_Ya_Smell_It,1,8,6,2,4,0,0,1,4,9
doyfucko,1,8,6,2,4,0,0,1,4,9
flameofmemories,1,8,6,2,4,0,0,1,4,9
flandered,1,8,6,2,4,0,0,1,4,9
Forezz,1,8,6,2,4,0,0,1,4,9
GarleyCavidson,1,8,6,2,4,0,0,1,4,9
Gutlanko,1,8,6,2,4,0,0,1,4,9
itty_bitty_kitty,1,8,6,2,4,0,0,1,4,9
Jiek09,1,8,6,2,4,0,0,1,4,9
jimmierustler03,1,8,6,2,4,0,0,1,4,9
lester_burnhamd,1,8,5,3,2,2,0,1,4,9
Leviathan93,1,8,6,2,4,0,0,1,4,9
McCat416,1,8,5,3,2,2,0,1,4,9
MitchNetzer,1,8,6,2,4,0,0,1,4,9
Mrdogger,1,8,5,3,2,2,0,1,4,9
NativeKing,1,8,5,3,2,2,0,1,4,9
nechell,1,8,6,2,4,0,0,1,4,9
nibbling_totoros,1,8,6,2,4,0,0,1,4,9
ofcourseitsloaded,1,8,6,2,4,0,0,1,4,9
Peanut_Larry,1,8,6,2,4,0,0,1,4,9
RackCity,1,8,6,2,4,0,0,1,4,9
ResolutionX,1,8,6,2,4,0,0,1,4,9
ridleyaran,1,8,6,2,4,0,0,1,4,9
Rx_cake,1,8,6,2,4,0,0,1,4,9
Schonnk,1,8,6,2,4,0,0,1,4,9
shigz,1,8,6,2,4,0,0,1,4,9
skrabbit,1,8,6,2,4,0,0,1,4,9
smoochmyguch,1,8,6,2,4,0,0,1,4,9
snelldiablo,1,8,5,3,2,2,0,1,4,9
snowboy437,1,8,6,2,4,0,0,1,4,9
sqveesh,1,8,6,2,4,0,0,1,4,9
TheOilyGoat,1,8,5,3,2,2,0,1,4,9
Tympst,1,8,6,2,4,0,0,1,4,9
vaneeus,1,8,6,2,4,0,0,1,4,9
vSully,1,8,3,5,-2,6,0,1,4,9
weatherbys,1,8,6,2,4,0,0,1,4,9
Woman_Tamer,1,8,6,2,4,0,0,1,4,9
y0ur_Liver,1,8,5,3,2,2,0,1,4,9
ZachPaj,1,8,5,3,2,2,0,1,4,9
aashu1690,1,8,3,5,-2,5,1,1,3,9
ArmenianG,1,9,6,3,3,0,1,0,3,9
bwhi,1,8,4,4,0,3,1,1,3,9
Hattontown,1,8,4,4,0,3,1,1,3,9
HISTORYBLAST,1,9,6,3,3,0,1,0,3,9
Hoyarugby,1,9,6,3,3,0,1,0,3,9
humanseeds,1,8,4,4,0,3,1,1,3,9
Kalebra47,1,8,4,4,0,3,1,1,3,9
kittykitty_bangbang,1,8,4,4,0,3,1,1,3,9
Lilgaybike,1,8,4,4,0,3,1,1,3,9
mcevoy80,1,9,5,4,1,2,1,0,3,9
RaouR,1,8,4,4,0,3,1,1,3,9
scubasteve1979,1,9,6,3,3,0,1,0,3,9
seaburn,1,9,6,3,3,0,1,0,3,9
sjamil,1,9,5,4,1,2,1,0,3,9
SweetJoni,1,9,6,3,3,0,1,0,3,9
tivo17,1,8,3,5,-2,5,1,1,3,9
Tsmith0095,1,8,4,4,0,3,1,1,3,9
Ziggystarfire,1,9,6,3,3,0,1,0,3,9
arcooke,1,8,4,4,0,3,0,1,3,9
Arctic-Ice,1,8,4,4,0,3,0,1,3,9
chad_sechsington,1,8,4,4,0,3,0,1,3,9
colsatre,1,8,3,5,-2,5,0,1,3,9
DaftPunkLoveChild,1,8,4,4,0,3,0,1,3,9
El_Fez,1,8,3,5,-2,5,0,1,3,9
McRibMadman,1,8,4,4,0,3,0,1,3,9
SonOfTK421,1,8,3,5,-2,5,0,1,3,9
theshins_simplesong,1,8,4,4,0,3,0,1,3,9
_whatever_you_like_,1,8,5,3,2,0,1,1,2,9
32BitWhore,1,8,5,3,2,0,1,1,2,9
666PSYCHOTIC,1,8,5,3,2,0,1,1,2,9
aaclaprix,1,8,5,3,2,0,1,1,2,9
aj1342,1,8,4,4,0,2,1,1,2,9
AmboC,1,8,3,5,-2,4,1,1,2,9
arorua,1,8,5,3,2,0,1,1,2,9
b_combs,1,8,5,3,2,0,1,1,2,9
BearHoldingAshark,1,8,5,3,2,0,1,1,2,9
beaverscleaver,1,8,5,3,2,0,1,1,2,9
BenjaminStarr,1,8,5,3,2,0,1,1,2,9
bilbo_swaggins,1,8,5,3,2,0,1,1,2,9
bookwyrmpoet,1,8,4,4,0,2,1,1,2,9
BScatterplot,1,8,5,3,2,0,1,1,2,9
cakedayisjune3,1,8,5,3,2,0,1,1,2,9
cassidymccormick,1,8,5,3,2,0,1,1,2,9
ColouredPants,1,8,5,3,2,0,1,1,2,9
Dachom,1,8,4,4,0,2,1,1,2,9
dagumboss,1,8,4,4,0,2,1,1,2,9
damndirty_apes,1,8,5,3,2,0,1,1,2,9
DirkDiggler330,1,8,5,3,2,0,1,1,2,9
dmeisel411,1,8,5,3,2,0,1,1,2,9
doingagoodthang13,1,8,5,3,2,0,1,1,2,9
Dunedineclipse,1,8,5,3,2,0,1,1,2,9
eakius,1,8,5,3,2,0,1,1,2,9
ebbflowin,1,8,5,3,2,0,1,1,2,9
eleventee,1,8,5,3,2,0,1,1,2,9
emilyprox,1,8,5,3,2,0,1,1,2,9
emulama,1,8,5,3,2,0,1,1,2,9
Enuz,1,8,4,4,0,2,1,1,2,9
estenlol,1,8,5,3,2,0,1,1,2,9
facepalm925,2,8,5,3,2,0,1,1,2,9
fappetyfap,1,8,4,4,0,2,1,1,2,9
fattypopo1,1,8,4,4,0,2,1,1,2,9
Fjark,1,8,4,4,0,2,1,1,2,9
fluzzard,1,8,5,3,2,0,1,1,2,9
FragrantFrank,1,8,5,3,2,0,1,1,2,9
Frodorr,1,8,5,3,2,0,1,1,2,9
ftp67,1,8,3,5,-2,4,1,1,2,9
Gamergonewild,1,8,5,3,2,0,1,1,2,9
grapefruitbrain,1,8,4,4,0,2,1,1,2,9
haberg82,1,8,5,3,2,0,1,1,2,9
hadioread,1,8,4,4,0,2,1,1,2,9
I_BLATANTLY_REPOST,1,8,5,3,2,0,1,1,2,9
iadoninja,1,8,5,3,2,0,1,1,2,9
IchabodNyx,1,8,5,3,2,0,1,1,2,9
infomaniacgirl,1,8,5,3,2,0,1,1,2,9
Insight54,1,8,4,4,0,2,1,1,2,9
ironwaffle250,1,8,4,4,0,2,1,1,2,9
izuhhbel,1,8,5,3,2,0,1,1,2,9
JacobPGalvetron,1,8,5,3,2,0,1,1,2,9
Jamesswitchy621,1,8,5,3,2,0,1,1,2,9
JayEssArr,1,8,5,3,2,0,1,1,2,9
jedi_knt,1,8,5,3,2,0,1,1,2,9
joehertler,1,8,4,4,0,2,1,1,2,9
Jokkerb,1,8,5,3,2,0,1,1,2,9
joumunji,1,8,5,3,2,0,1,1,2,9
JOV0006,1,8,4,4,0,2,1,1,2,9
Kiwix86,1,8,5,3,2,0,1,1,2,9
kreiderman,1,8,5,3,2,0,1,1,2,9
Kulpo,1,8,5,3,2,0,1,1,2,9
kyle47,1,8,5,3,2,0,1,1,2,9
Malice1904,1,8,5,3,2,0,1,1,2,9
mrbeezie,1,8,4,4,0,2,1,1,2,9
mungchamp,1,8,5,3,2,0,1,1,2,9
mwilliams117,1,8,5,3,2,0,1,1,2,9
nerd217,1,8,5,3,2,0,1,1,2,9
nomadic_soul,1,8,4,4,0,2,1,1,2,9
OhHeyRayeMay,1,8,5,3,2,0,1,1,2,9
oldpanda,1,8,5,3,2,0,1,1,2,9
oskillator,1,8,4,4,0,2,1,1,2,9
PeachyOmnivore,1,8,5,3,2,0,1,1,2,9
putinspenis,1,8,5,3,2,0,1,1,2,9
ranson2012,1,8,5,3,2,0,1,1,2,9
redundantrhino,1,8,5,3,2,0,1,1,2,9
reidfelly,1,8,5,3,2,0,1,1,2,9
ringetb,1,8,5,3,2,0,1,1,2,9
rjc630,1,8,5,3,2,0,1,1,2,9
rockingoff,1,8,5,3,2,0,1,1,2,9
rooster_rob,1,8,5,3,2,0,1,1,2,9
roughsketch,1,8,5,3,2,0,1,1,2,9
rramzi,1,8,5,3,2,0,1,1,2,9
rusticks,1,8,5,3,2,0,1,1,2,9
SanDiegose,1,8,5,3,2,0,1,1,2,9
savvy422,1,8,5,3,2,0,1,1,2,9
shadyk84,1,8,5,3,2,0,1,1,2,9
shaunbyoung,1,8,5,3,2,0,1,1,2,9
sigmuna,1,8,5,3,2,0,1,1,2,9
SinkKitty,1,8,5,3,2,0,1,1,2,9
snoopywaves,1,8,4,4,0,2,1,1,2,9
SolovusUltima,1,8,5,3,2,0,1,1,2,9
Souilly,1,8,4,4,0,2,1,1,2,9
Sp0il,1,8,5,3,2,0,1,1,2,9
tarer666,1,8,5,3,2,0,1,1,2,9
tayszy,1,8,4,4,0,2,1,1,2,9
TebowsThrow22,1,8,5,3,2,0,1,1,2,9
Thewhitearab,1,8,5,3,2,0,1,1,2,9
TheWhiteeKnight,1,8,5,3,2,0,1,1,2,9
thomasjuma,1,8,5,3,2,0,1,1,2,9
tiinaj,1,8,5,3,2,0,1,1,2,9
tyflood,1,8,5,3,2,0,1,1,2,9
whistler404,1,8,5,3,2,0,1,1,2,9
yazdo,1,8,5,3,2,0,1,1,2,9
_bazinga,1,8,5,3,2,0,0,1,2,9
1991Ryan,1,8,5,3,2,0,0,1,2,9
4B61696E,1,8,5,3,2,0,0,1,2,9
A1Blu3,1,8,5,3,2,0,0,1,2,9
agnl,1,8,5,3,2,0,0,1,2,9
AquaDooker,1,8,4,4,0,2,0,1,2,9
Ascetiq,1,8,4,4,0,2,0,1,2,9
b1hiker,1,8,5,3,2,0,0,1,2,9
bambi_18,1,8,5,3,2,0,0,1,2,9
Banzaiiiii,1,8,5,3,2,0,0,1,2,9
Beaver_In_A_Fedora,1,8,5,3,2,0,0,1,2,9
bergermiesterz,1,8,5,3,2,0,0,1,2,9
Bums_Arent_Cool,1,8,4,4,0,2,0,1,2,9
ChalupaBatman2012,1,8,5,3,2,0,0,1,2,9
CheddersB,1,8,5,3,2,0,0,1,2,9
Chips28,1,8,5,3,2,0,0,1,2,9
clappy990,1,8,5,3,2,0,0,1,2,9
d3m0n_,1,8,5,3,2,0,0,1,2,9
DannyHall,1,8,5,3,2,0,0,1,2,9
darthdeighan,1,8,5,3,2,0,0,1,2,9
Dereksbob,1,8,5,3,2,0,0,1,2,9
DisBitchRight_Here,1,8,5,3,2,0,0,1,2,9
djonn,1,8,4,4,0,2,0,1,2,9
Dr4ven,1,8,5,3,2,0,0,1,2,9
dubsin,1,8,5,3,2,0,0,1,2,9
durka72,1,8,3,5,-2,4,0,1,2,9
ekoorb333,1,8,5,3,2,0,0,1,2,9
erkr,1,8,5,3,2,0,0,1,2,9
grappler0116,1,8,5,3,2,0,0,1,2,9
HighImStephen,1,8,5,3,2,0,0,1,2,9
iamroth,1,8,5,3,2,0,0,1,2,9
itiseye,1,8,5,3,2,0,0,1,2,9
itstravisnigga,1,8,5,3,2,0,0,1,2,9
Jake_L,1,8,5,3,2,0,0,1,2,9
liamt25,1,8,5,3,2,0,0,1,2,9
Mackscheese,1,8,5,3,2,0,0,1,2,9
maxwell11mccord,1,8,5,3,2,0,0,1,2,9
Media_Adept,1,8,4,4,0,2,0,1,2,9
meleole,1,8,5,3,2,0,0,1,2,9
mexicanjester,1,8,5,3,2,0,0,1,2,9
mythoughtsaregold,1,8,5,3,2,0,0,1,2,9
Norland,1,8,4,4,0,2,0,1,2,9
numb_fingersssdfgh,1,8,4,4,0,2,0,1,2,9
Nydaln,1,8,5,3,2,0,0,1,2,9
Or0ku_Saki,1,8,4,4,0,2,0,1,2,9
PeacePig,1,8,5,3,2,0,0,1,2,9
piiing,1,8,5,3,2,0,0,1,2,9
PlaceDaPig,1,8,5,3,2,0,0,1,2,9
quozzin,1,8,5,3,2,0,0,1,2,9
radasen,1,8,5,3,2,0,0,1,2,9
rescats,1,8,5,3,2,0,0,1,2,9
Sausages_Everywhere,1,8,4,4,0,2,0,1,2,9
Sk33tLord,1,8,5,3,2,0,0,1,2,9
SmashleyHendrix,1,8,5,3,2,0,0,1,2,9
Suckmydak666,1,8,5,3,2,0,0,1,2,9
TaterNubbz,1,8,5,3,2,0,0,1,2,9
theycallme_bob,1,8,5,3,2,0,0,1,2,9
zachtothejohnson,1,8,5,3,2,0,0,1,2,9
Zyrinth,1,8,5,3,2,0,0,1,2,9
ASLF92,1,8,3,5,-2,3,1,1,1,9
bananamoes,1,9,5,4,1,0,1,0,1,9
bobojojo12,1,8,3,5,-2,3,1,1,1,9
Castiella,1,8,3,5,-2,3,1,1,1,9
doryphoros,1,8,3,5,-2,3,1,1,1,9
dtdunham,1,9,5,4,1,0,1,0,1,9
epox_e,1,9,5,4,1,0,1,0,1,9
GermanAmerican216,1,8,3,5,-2,3,1,1,1,9
grindcore4lyfe,1,8,2,6,-4,5,1,1,1,9
heypopeitsjohnny,1,9,5,4,1,0,1,0,1,9
Jod99,1,8,3,5,-2,3,1,1,1,9
matty509,1,9,5,4,1,0,1,0,1,9
MavavaRisto,1,8,3,5,-2,3,1,1,1,9
mr_frostee,1,9,5,4,1,0,1,0,1,9
regrettable_at_best,1,8,3,5,-2,3,1,1,1,9
RJPay,1,8,3,5,-2,3,1,1,1,9
supremeapple,1,9,5,4,1,0,1,0,1,9
Twaddles,1,8,3,5,-2,3,1,1,1,9
argentinoloco87,1,8,2,6,-4,5,0,1,1,9
bellysmiley11,1,8,3,5,-2,3,0,1,1,9
hockey16g,1,8,2,6,-4,5,0,1,1,9
5T0RM,1,8,3,5,-2,2,1,1,0,9
ajaxsoup,1,8,4,4,0,0,1,1,0,9
angelsvictim,1,8,4,4,0,0,1,1,0,9
atree496,1,8,4,4,0,0,1,1,0,9
avicide,1,8,4,4,0,0,1,1,0,9
bamaman11,1,8,4,4,0,0,1,1,0,9
beacher_johnson,1,8,4,4,0,0,1,1,0,9
because_its_friday,1,8,3,5,-2,2,1,1,0,9
beefybear,1,8,4,4,0,0,1,1,0,9
bilalibrar,1,8,4,4,0,0,1,1,0,9
BJJKempoMan,1,8,4,4,0,0,1,1,0,9
BkkGrl,1,8,4,4,0,0,1,1,0,9
blasterguy10,1,8,4,4,0,0,1,1,0,9
blatzfan,1,8,4,4,0,0,1,1,0,9
BreezeTheZephyr,1,8,4,4,0,0,1,1,0,9
brookec859,1,8,4,4,0,0,1,1,0,9
brownyboy177,1,8,4,4,0,0,1,1,0,9
Calackyo,1,8,4,4,0,0,1,1,0,9
Calthyr,1,8,4,4,0,0,1,1,0,9
ChampX2,1,8,4,4,0,0,1,1,0,9
chillwithme,1,8,4,4,0,0,1,1,0,9
cjboone,1,8,4,4,0,0,1,1,0,9
Clarify3ht,1,8,4,4,0,0,1,1,0,9
clobes,1,8,4,4,0,0,1,1,0,9
Colieflow,1,8,4,4,0,0,1,1,0,9
commander8track,1,8,3,5,-2,2,1,1,0,9
CreeperMast,1,8,4,4,0,0,1,1,0,9
CuzGrandpa,1,8,4,4,0,0,1,1,0,9
danomano65,1,8,4,4,0,0,1,1,0,9
Darkstranger111,1,8,4,4,0,0,1,1,0,9
Djyet,1,8,4,4,0,0,1,1,0,9
doctorn1234,1,8,4,4,0,0,1,1,0,9
dontcareimabear,1,8,4,4,0,0,1,1,0,9
dre2001,1,8,4,4,0,0,1,1,0,9
DrStarwhale,1,8,4,4,0,0,1,1,0,9
drumart,1,8,4,4,0,0,1,1,0,9
drumbum1000,1,8,4,4,0,0,1,1,0,9
electroncarl,1,8,4,4,0,0,1,1,0,9
Elementhol,1,8,4,4,0,0,1,1,0,9
EliteSlayer,1,8,4,4,0,0,1,1,0,9
Flabbergastedly,1,8,4,4,0,0,1,1,0,9
Fluffy-bear,1,8,4,4,0,0,1,1,0,9
frankjxliu,1,8,3,5,-2,2,1,1,0,9
Getatmebrah1028,1,8,4,4,0,0,1,1,0,9
heyronii,1,8,4,4,0,0,1,1,0,9
hikemhigh,1,8,4,4,0,0,1,1,0,9
hi-liter24,1,8,4,4,0,0,1,1,0,9
his_tallness,1,8,4,4,0,0,1,1,0,9
holla_get_dollas,1,8,3,5,-2,2,1,1,0,9
IllIllIllII,1,8,4,4,0,0,1,1,0,9
ItsAMetaphorFool,1,8,4,4,0,0,1,1,0,9
J_Valente,1,8,4,4,0,0,1,1,0,9
JackinOff,1,8,4,4,0,0,1,1,0,9
jake67111,1,8,4,4,0,0,1,1,0,9
jamesyfbaby,1,8,4,4,0,0,1,1,0,9
je_kay24,1,8,4,4,0,0,1,1,0,9
jfakdjf2389013tjfdfa,1,8,4,4,0,0,1,1,0,9
jimmytangosmethod,1,8,4,4,0,0,1,1,0,9
jkvernon,1,8,4,4,0,0,1,1,0,9
jnorton0914,1,8,4,4,0,0,1,1,0,9
Jordanreddit,1,8,3,5,-2,2,1,1,0,9
jurble,1,8,4,4,0,0,1,1,0,9
kelliezorous,1,8,4,4,0,0,1,1,0,9
Kitguy,1,8,4,4,0,0,1,1,0,9
KrunoS,1,8,4,4,0,0,1,1,0,9
Lazermissile,1,8,4,4,0,0,1,1,0,9
lesbian_iamtrue,1,8,4,4,0,0,1,1,0,9
lolfactorx,1,8,4,4,0,0,1,1,0,9
love2brew,1,8,4,4,0,0,1,1,0,9
loz_brewer,1,8,4,4,0,0,1,1,0,9
LUNACY17,1,8,4,4,0,0,1,1,0,9
Lurkier,1,8,3,5,-2,2,1,1,0,9
luther1194,1,8,4,4,0,0,1,1,0,9
majormajor45,1,8,4,4,0,0,1,1,0,9
mam8cc,1,8,4,4,0,0,1,1,0,9
masrock97,1,8,4,4,0,0,1,1,0,9
Master_Qief,1,8,4,4,0,0,1,1,0,9
Matemato,1,8,3,5,-2,2,1,1,0,9
mcpoopymcfly,1,8,4,4,0,0,1,1,0,9
MemeMrMustard,1,8,4,4,0,0,1,1,0,9
MidWestJoke,1,8,4,4,0,0,1,1,0,9
mighty-jota,1,8,4,4,0,0,1,1,0,9
mightymdc,1,8,4,4,0,0,1,1,0,9
Modest_Horse,1,8,4,4,0,0,1,1,0,9
Mogie67,1,8,4,4,0,0,1,1,0,9
Montresoring,1,8,4,4,0,0,1,1,0,9
moshrider3,1,8,4,4,0,0,1,1,0,9
Mr_Wolfgang_Beard,1,8,4,4,0,0,1,1,0,9
MrSoviet,1,8,4,4,0,0,1,1,0,9
munchkinator,1,8,4,4,0,0,1,1,0,9
Narutofan846,1,8,4,4,0,0,1,1,0,9
nawmsayn,1,8,4,4,0,0,1,1,0,9
neurator,1,8,4,4,0,0,1,1,0,9
NinjaPlatypus1,1,8,4,4,0,0,1,1,0,9
Not_Korean_Enough,1,8,4,4,0,0,1,1,0,9
ofa776,1,8,4,4,0,0,1,1,0,9
PantsMcGillicuddy,1,8,4,4,0,0,1,1,0,9
Pede_reddit,1,8,4,4,0,0,1,1,0,9
PeopleAreOkay,1,8,4,4,0,0,1,1,0,9
Phlat_Dog,1,8,4,4,0,0,1,1,0,9
pieshops,1,8,4,4,0,0,1,1,0,9
Pkrockinomega,1,8,4,4,0,0,1,1,0,9
porneyes,1,8,4,4,0,0,1,1,0,9
potatoes71,1,8,4,4,0,0,1,1,0,9
psno1994,1,8,4,4,0,0,1,1,0,9
queenoftheuniverse,1,8,4,4,0,0,1,1,0,9
RapidFireReaper,1,8,4,4,0,0,1,1,0,9
ReaderDigest,1,8,4,4,0,0,1,1,0,9
redbeardb,1,8,4,4,0,0,1,1,0,9
regular_joe,1,8,4,4,0,0,1,1,0,9
Rekesz,1,8,4,4,0,0,1,1,0,9
rigomortis,1,8,4,4,0,0,1,1,0,9
rise7,1,8,4,4,0,0,1,1,0,9
Sandcracker,1,8,4,4,0,0,1,1,0,9
SaphiraArach,1,8,4,4,0,0,1,1,0,9
seeems_legit,1,8,4,4,0,0,1,1,0,9
sergma09,1,8,4,4,0,0,1,1,0,9
SheHasMySpleen,1,8,4,4,0,0,1,1,0,9
sibles,1,8,4,4,0,0,1,1,0,9
silverdumper,1,8,4,4,0,0,1,1,0,9
slap_n_giggle,1,8,4,4,0,0,1,1,0,9
Spaderman,1,8,4,4,0,0,1,1,0,9
spriteburn,1,8,4,4,0,0,1,1,0,9
squ1bs,1,8,3,5,-2,2,1,1,0,9
ssu22,1,8,4,4,0,0,1,1,0,9
stagemystic,1,8,4,4,0,0,1,1,0,9
stieger3,1,8,4,4,0,0,1,1,0,9
strangelyourown,1,8,4,4,0,0,1,1,0,9
SublaciniateCarboloy,1,8,4,4,0,0,1,1,0,9
SUPERmegaPIEman,1,8,4,4,0,0,1,1,0,9
sygede,1,8,4,4,0,0,1,1,0,9
takkjr,1,8,3,5,-2,2,1,1,0,9
thane_of_st_college,1,8,4,4,0,0,1,1,0,9
Thatone_guy88,1,8,4,4,0,0,1,1,0,9
The_Switzer,1,8,4,4,0,0,1,1,0,9
thedefiant,1,8,4,4,0,0,1,1,0,9
TheFistOfStalin,1,8,4,4,0,0,1,1,0,9
TheMrJackem,1,8,4,4,0,0,1,1,0,9
TheRotex04,1,8,4,4,0,0,1,1,0,9
thezoso,1,8,4,4,0,0,1,1,0,9
thoughtfix,1,8,4,4,0,0,1,1,0,9
TriggerTheTaco,1,8,4,4,0,0,1,1,0,9
Trinhidad,1,8,4,4,0,0,1,1,0,9
upbeatchris,1,8,4,4,0,0,1,1,0,9
vClancy,1,8,4,4,0,0,1,1,0,9
warb0rn,1,8,4,4,0,0,1,1,0,9
wat_the_deuce,1,8,4,4,0,0,1,1,0,9
Wetish,1,8,4,4,0,0,1,1,0,9
Wilax,1,8,4,4,0,0,1,1,0,9
willford55543,1,8,4,4,0,0,1,1,0,9
ziggytherage,1,8,4,4,0,0,1,1,0,9
2Lobsters,1,8,2,6,-4,4,0,1,0,9
abes_10,1,8,4,4,0,0,0,1,0,9
abominabletrollman,1,8,4,4,0,0,0,1,0,9
bessiemucho,1,8,4,4,0,0,0,1,0,9
BillFuckingMurray1,1,8,4,4,0,0,0,1,0,9
Bonsaur,1,8,4,4,0,0,0,1,0,9
bsonk,1,8,4,4,0,0,0,1,0,9
cal-badger,1,8,4,4,0,0,0,1,0,9
Chalmun,1,8,4,4,0,0,0,1,0,9
davydogsucks,1,8,4,4,0,0,0,1,0,9
djcalmitchell,1,8,3,5,-2,2,0,1,0,9
Donthatecelebrate,1,8,4,4,0,0,0,1,0,9
doovidooves,1,8,4,4,0,0,0,1,0,9
DrQueefQripler,1,8,4,4,0,0,0,1,0,9
EldEredit,1,8,4,4,0,0,0,1,0,9
geocar,1,8,4,4,0,0,0,1,0,9
gimmiedacash,1,8,4,4,0,0,0,1,0,9
Groovesoft,1,8,4,4,0,0,0,1,0,9
HALP_I_DONT_GET_IT,1,8,4,4,0,0,0,1,0,9
izzidora,1,8,4,4,0,0,0,1,0,9
JohnDiggler,1,8,4,4,0,0,0,1,0,9
julianbr,1,8,3,5,-2,2,0,1,0,9
limberlumberjack,1,8,4,4,0,0,0,1,0,9
Messor7,1,8,4,4,0,0,0,1,0,9
moleary7,1,8,4,4,0,0,0,1,0,9
nsmol22,1,8,4,4,0,0,0,1,0,9
o_oPeter,1,8,4,4,0,0,0,1,0,9
oskyyo,1,8,4,4,0,0,0,1,0,9
pagutt96,2,8,4,4,0,0,0,1,0,9
Paradoxos,1,8,4,4,0,0,0,1,0,9
pokergrinder,1,8,3,5,-2,2,0,1,0,9
raftdunk,1,8,4,4,0,0,0,1,0,9
Rexxman,1,8,4,4,0,0,0,1,0,9
rosaneves,1,8,4,4,0,0,0,1,0,9
s0x,1,8,4,4,0,0,0,1,0,9
skippermonkey,1,8,4,4,0,0,0,1,0,9
sweetkarmajuice,1,8,4,4,0,0,0,1,0,9
TehkyTa,1,8,4,4,0,0,0,1,0,9
toytler,1,8,4,4,0,0,0,1,0,9
ttnorac,1,8,4,4,0,0,0,1,0,9
unicorns_for_life,1,8,4,4,0,0,0,1,0,9
vonRichth0fen,1,8,4,4,0,0,0,1,0,9
WEIGHED,1,8,3,5,-2,2,0,1,0,9
whompyourwillow,1,8,4,4,0,0,0,1,0,9
youcancallmeaaronbur,1,8,4,4,0,0,0,1,0,9
Anaract,1,9,4,5,-1,0,1,0,-1,9
backwater,1,9,4,5,-1,0,1,0,-1,9
Chastain86,1,9,4,5,-1,0,1,0,-1,9
chrissair,1,9,4,5,-1,0,1,0,-1,9
gtwy,1,8,2,6,-4,3,1,1,-1,9
Keyser_S0ze,1,8,2,6,-4,3,1,1,-1,9
lancelen,1,8,2,6,-4,3,1,1,-1,9
ragweed,1,8,2,6,-4,3,1,1,-1,9
unnaturalhigh,1,9,4,5,-1,0,1,0,-1,9
vincent_nerotho,1,9,3,6,-3,2,1,0,-1,9
michaelfeder,1,9,4,5,-1,0,0,0,-1,9
Sprawkitz,1,8,1,7,-6,5,0,1,-1,9
addylovesyou23,1,8,3,5,-2,0,1,1,-2,9
AgFirefighter,1,8,3,5,-2,0,1,1,-2,9
aknaturegirl,1,8,3,5,-2,0,1,1,-2,9
AMG550,1,8,3,5,-2,0,1,1,-2,9
amma223,1,8,3,5,-2,0,1,1,-2,9
andrewtuckr,1,8,3,5,-2,0,1,1,-2,9
athayes,1,8,3,5,-2,0,1,1,-2,9
BBQuandry,1,8,3,5,-2,0,1,1,-2,9
Beth4forbes,1,8,3,5,-2,0,1,1,-2,9
cicis,1,8,3,5,-2,0,1,1,-2,9
CrotchetyCurmudgeon,1,8,3,5,-2,0,1,1,-2,9
davedatrave,1,8,3,5,-2,0,1,1,-2,9
DeadWade,1,8,3,5,-2,0,1,1,-2,9
Delavy,1,8,3,5,-2,0,1,1,-2,9
Donkeylaughs,1,8,3,5,-2,0,1,1,-2,9
EkansSeeClearlyNow,1,8,3,5,-2,0,1,1,-2,9
elusivewater,1,8,3,5,-2,0,1,1,-2,9
Epcon,1,8,3,5,-2,0,1,1,-2,9
Exemanion,1,8,2,6,-4,2,1,1,-2,9
FacelessGod,1,8,3,5,-2,0,1,1,-2,9
gerter1,1,8,3,5,-2,0,1,1,-2,9
gradewation,1,8,3,5,-2,0,1,1,-2,9
greatdegn91,1,8,3,5,-2,0,1,1,-2,9
Harkebi,1,8,3,5,-2,0,1,1,-2,9
hotjava23,1,8,3,5,-2,0,1,1,-2,9
Iluvmaybe,1,8,3,5,-2,0,1,1,-2,9
impossibru65,1,8,3,5,-2,0,1,1,-2,9
itwasclose,1,8,3,5,-2,0,1,1,-2,9
IveBeenDildozed,1,8,3,5,-2,0,1,1,-2,9
Jaayy,1,8,3,5,-2,0,1,1,-2,9
jeepsareus,1,8,3,5,-2,0,1,1,-2,9
Jewsian,1,8,3,5,-2,0,1,1,-2,9
jhertel2,1,8,3,5,-2,0,1,1,-2,9
JimmyPebbles,1,8,3,5,-2,0,1,1,-2,9
joeybane,1,8,3,5,-2,0,1,1,-2,9
kainindark,1,8,2,6,-4,2,1,1,-2,9
KessryCheese,1,8,3,5,-2,0,1,1,-2,9
knytrix,1,8,2,6,-4,2,1,1,-2,9
kyle7king,1,8,3,5,-2,0,1,1,-2,9
Kynaeus,1,8,3,5,-2,0,1,1,-2,9
liz-to-the-e-bitches,1,8,3,5,-2,0,1,1,-2,9
Massin,1,8,3,5,-2,0,1,1,-2,9
Mastercraft22,1,8,3,5,-2,0,1,1,-2,9
mjohnstone1113,1,8,3,5,-2,0,1,1,-2,9
Monxey,1,8,3,5,-2,0,1,1,-2,9
n0_maam,1,8,3,5,-2,0,1,1,-2,9
nummycarrots,1,8,3,5,-2,0,1,1,-2,9
obamabuiltthat,1,8,3,5,-2,0,1,1,-2,9
PooPatrol,1,8,3,5,-2,0,1,1,-2,9
postingtoast,1,8,2,6,-4,2,1,1,-2,9
ppsedit,1,8,3,5,-2,0,1,1,-2,9
puma0927,1,8,3,5,-2,0,1,1,-2,9
Rbtrockstar,1,8,3,5,-2,0,1,1,-2,9
Redimo,1,8,3,5,-2,0,1,1,-2,9
Ryan4516,1,8,3,5,-2,0,1,1,-2,9
SALYLOLO,1,8,3,5,-2,0,1,1,-2,9
SeanyOrrsum,1,8,3,5,-2,0,1,1,-2,9
seikot,1,8,3,5,-2,0,1,1,-2,9
senatorTonsOfFun,1,8,3,5,-2,0,1,1,-2,9
SenorCardgage,1,8,3,5,-2,0,1,1,-2,9
SGTxARTEAGA,1,8,3,5,-2,0,1,1,-2,9
Sir_Dimos,1,8,3,5,-2,0,1,1,-2,9
SkylarSkittle,1,8,3,5,-2,0,1,1,-2,9
Slam_Pig_King,1,8,3,5,-2,0,1,1,-2,9
SteveFrench64,1,8,3,5,-2,0,1,1,-2,9
thebury78,1,8,3,5,-2,0,1,1,-2,9
TheDeere974,1,8,3,5,-2,0,1,1,-2,9
TheSpartin,1,8,3,5,-2,0,1,1,-2,9
Toastmaster_777,1,8,3,5,-2,0,1,1,-2,9
Vashiebz,1,8,3,5,-2,0,1,1,-2,9
whataclearview,1,8,3,5,-2,0,1,1,-2,9
whit_wolf1,1,8,3,5,-2,0,1,1,-2,9
Wraith8888,1,8,3,5,-2,0,1,1,-2,9
alphachurch,1,8,3,5,-2,0,0,1,-2,9
amandaxo,1,8,2,6,-4,2,0,1,-2,9
aocarson,1,8,3,5,-2,0,0,1,-2,9
BobbyDiesel,1,8,3,5,-2,0,0,1,-2,9
Butter69,1,8,3,5,-2,0,0,1,-2,9
Cailebean,1,8,3,5,-2,0,0,1,-2,9
cyypherr,1,8,3,5,-2,0,0,1,-2,9
foxstreet,1,8,3,5,-2,0,0,1,-2,9
fulminic,1,8,3,5,-2,0,0,1,-2,9
i_am_jacks_user,1,8,3,5,-2,0,0,1,-2,9
JeffGrubb,1,8,3,5,-2,0,0,1,-2,9
Ketchupandmilk,1,8,3,5,-2,0,0,1,-2,9
King_of_all_Dorks,1,8,3,5,-2,0,0,1,-2,9
lovesugar,1,8,3,5,-2,0,0,1,-2,9
matsky,1,8,3,5,-2,0,0,1,-2,9
mcfucktard,1,8,3,5,-2,0,0,1,-2,9
nastavnikmice,1,8,3,5,-2,0,0,1,-2,9
nmaod87,1,8,3,5,-2,0,0,1,-2,9
obiewankanobie,1,8,3,5,-2,0,0,1,-2,9
psyrtenoch,1,8,3,5,-2,0,0,1,-2,9
Purpl3Surreal,1,8,3,5,-2,0,0,1,-2,9
Sedawson74,1,8,3,5,-2,0,0,1,-2,9
ShystemSock,1,8,3,5,-2,0,0,1,-2,9
Soothsayer1442,1,8,3,5,-2,0,0,1,-2,9
Teeranomaxximonus,1,8,3,5,-2,0,0,1,-2,9
theomegachrist,1,8,3,5,-2,0,0,1,-2,9
TheSecretAccountforK,1,8,3,5,-2,0,0,1,-2,9
Usht,1,8,3,5,-2,0,0,1,-2,9
wildhacker125,1,8,3,5,-2,0,0,1,-2,9
wyattrulesherp,1,8,3,5,-2,0,0,1,-2,9
camilovalenciag,1,9,3,6,-3,0,1,0,-3,9
Galvatron1984,1,9,3,6,-3,0,1,0,-3,9
medabombdiggidy,1,9,3,6,-3,0,1,0,-3,9
meltedcheeser,1,9,3,6,-3,0,1,0,-3,9
Nny23,1,9,3,6,-3,0,1,0,-3,9
phantomEMIN3M,1,9,3,6,-3,0,1,0,-3,9
vulcanpuncher,1,8,1,7,-6,3,1,1,-3,9
helen93,1,8,1,7,-6,3,0,1,-3,9
ikingdoms,1,9,3,6,-3,0,0,0,-3,9
alecman26,1,8,2,6,-4,0,1,1,-4,9
arraa,1,8,2,6,-4,0,1,1,-4,9
athousandtimesmaybe,1,8,2,6,-4,0,1,1,-4,9
bigmac822,1,8,2,6,-4,0,1,1,-4,9
BillGrates_1964,1,8,2,6,-4,0,1,1,-4,9
Bottorff5,1,8,2,6,-4,0,1,1,-4,9
bryantheatheist,1,8,2,6,-4,0,1,1,-4,9
chaos9001,1,8,2,6,-4,0,1,1,-4,9
Chesterton-_-,1,8,2,6,-4,0,1,1,-4,9
Datwinecat87,1,8,2,6,-4,0,1,1,-4,9
deadmau5,1,8,2,6,-4,0,1,1,-4,9
delicious_tomato,1,8,2,6,-4,0,1,1,-4,9
DietOlive,1,8,2,6,-4,0,1,1,-4,9
discofeva123,1,8,2,6,-4,0,1,1,-4,9
drakamania,1,9,1,8,-7,3,1,0,-4,9
eddward,1,8,2,6,-4,0,1,1,-4,9
HaRveHHH,1,8,2,6,-4,0,1,1,-4,9
iliusvla,1,9,1,8,-7,3,1,0,-4,9
invalid_credentials,1,8,2,6,-4,0,1,1,-4,9
jawapima,1,8,2,6,-4,0,1,1,-4,9
JohnathanHalt,1,8,2,6,-4,0,1,1,-4,9
LaughingCabbage,1,8,2,6,-4,0,1,1,-4,9
Lisa1002,1,8,2,6,-4,0,1,1,-4,9
littlemissmovie,1,8,2,6,-4,0,1,1,-4,9
marijoanas,1,8,2,6,-4,0,1,1,-4,9
MattBarnthouse,1,8,2,6,-4,0,1,1,-4,9
mikeleezys,1,8,2,6,-4,0,1,1,-4,9
NoBalance,1,8,2,6,-4,0,1,1,-4,9
pianoallday,1,8,2,6,-4,0,1,1,-4,9
plaza169,1,8,2,6,-4,0,1,1,-4,9
Posti,1,8,2,6,-4,0,1,1,-4,9
Potheadgoose,1,8,2,6,-4,0,1,1,-4,9
pussypinch,1,8,2,6,-4,0,1,1,-4,9
Redsoul8,1,8,2,6,-4,0,1,1,-4,9
Romero_Fan,1,8,2,6,-4,0,1,1,-4,9
Rpizzl3,1,8,2,6,-4,0,1,1,-4,9
s0ulesque,1,8,2,6,-4,0,1,1,-4,9
ScienceOrDie,1,8,2,6,-4,0,1,1,-4,9
Spartanada,1,8,1,7,-6,2,1,1,-4,9
TrickyNickyNice,1,8,2,6,-4,0,1,1,-4,9
UnholyZealotry,1,8,1,7,-6,2,1,1,-4,9
vicdamone,1,8,2,6,-4,0,1,1,-4,9
wangydang,1,8,2,6,-4,0,1,1,-4,9
Williamos98,1,8,1,7,-6,2,1,1,-4,9
Willos1er,1,8,1,7,-6,2,1,1,-4,9
willpost1,1,8,2,6,-4,0,1,1,-4,9
xicehawk,1,8,2,6,-4,0,1,1,-4,9
xish077,1,8,2,6,-4,0,1,1,-4,9
zibitee,1,8,2,6,-4,0,1,1,-4,9
aalkass,1,8,2,6,-4,0,0,1,-4,9
helpingtheajcman,1,8,2,6,-4,0,0,1,-4,9
Hood_Dreamer,1,8,2,6,-4,0,0,1,-4,9
Iskull777,1,8,2,6,-4,0,0,1,-4,9
Meesterwolf99,1,8,2,6,-4,0,0,1,-4,9
meowzermen1,1,8,2,6,-4,0,0,1,-4,9
nativebob,1,8,2,6,-4,0,0,1,-4,9
Noob_tuba23,1,8,2,6,-4,0,0,1,-4,9
passwordisOMISH,1,8,2,6,-4,0,0,1,-4,9
poerpics,1,8,2,6,-4,0,0,1,-4,9
PPCwarren,1,8,2,6,-4,0,0,1,-4,9
Preston3399,1,8,2,6,-4,0,0,1,-4,9
princessroxie,1,8,2,6,-4,0,0,1,-4,9
slackr,1,8,2,6,-4,0,0,1,-4,9
stark0788,1,8,2,6,-4,0,0,1,-4,9
SuddenClarity,1,8,2,6,-4,0,0,1,-4,9
heylookatmydog,1,9,2,7,-5,0,1,0,-5,9
mdog0206,1,9,2,7,-5,0,1,0,-5,9
sugar900,1,9,1,8,-7,2,1,0,-5,9
thethirdi,1,9,2,7,-5,0,1,0,-5,9
redfacemonkey,1,9,2,7,-5,0,0,0,-5,9
AllWorldLegacy,1,8,1,7,-6,0,1,1,-6,9
baconredditor,1,8,1,7,-6,0,1,1,-6,9
BMTH182,1,8,1,7,-6,0,1,1,-6,9
bonny_peg_o_ramsey,1,8,1,7,-6,0,1,1,-6,9
BoobiesMcDoobies,1,8,1,7,-6,0,1,1,-6,9
chauzer,1,8,1,7,-6,0,1,1,-6,9
curunir,1,8,1,7,-6,0,1,1,-6,9
dfymarine,1,8,1,7,-6,0,1,1,-6,9
E_are_eye_see,1,8,1,7,-6,0,1,1,-6,9
edagiants,1,8,1,7,-6,0,1,1,-6,9
Flint_Westwood,1,8,1,7,-6,0,1,1,-6,9
frustr8ED,1,8,1,7,-6,0,1,1,-6,9
IcYNero,1,8,1,7,-6,0,1,1,-6,9
Jack_fuck,1,8,1,7,-6,0,1,1,-6,9
jimmykranky55,1,8,1,7,-6,0,1,1,-6,9
KenwoodKR,1,8,1,7,-6,0,1,1,-6,9
Khushami827,1,8,1,7,-6,0,1,1,-6,9
killnorphan,1,8,1,7,-6,0,1,1,-6,9
looples,1,8,1,7,-6,0,1,1,-6,9
MadRascal,1,8,1,7,-6,0,1,1,-6,9
mattyp92,1,8,1,7,-6,0,1,1,-6,9
MLPJake,1,8,1,7,-6,0,1,1,-6,9
mrpanafonic,1,8,1,7,-6,0,1,1,-6,9
onyxyth,1,8,1,7,-6,0,1,1,-6,9
pandaistprophet,1,8,1,7,-6,0,1,1,-6,9
PeterMeat,1,8,1,7,-6,0,1,1,-6,9
poopashardasrock,1,8,1,7,-6,0,1,1,-6,9
pun_crocker,1,8,1,7,-6,0,1,1,-6,9
quiteright,1,8,1,7,-6,0,1,1,-6,9
rawrman12321,1,8,1,7,-6,0,1,1,-6,9
RGShadow,1,8,1,7,-6,0,1,1,-6,9
roblindsey1996,1,8,1,7,-6,0,1,1,-6,9
Scott102000,1,8,1,7,-6,0,1,1,-6,9
SnarfPanda,1,8,1,7,-6,0,1,1,-6,9
Sutekhy,1,8,1,7,-6,0,1,1,-6,9
tekillamanaa,1,8,1,7,-6,0,1,1,-6,9
tesavalue,1,8,1,7,-6,0,1,1,-6,9
WackZach,1,8,1,7,-6,0,1,1,-6,9
darkiye,1,8,1,7,-6,0,0,1,-6,9
JesusLovesPornstars,1,8,1,7,-6,0,0,1,-6,9
Nuuge,1,8,1,7,-6,0,0,1,-6,9
omally18,1,8,0,8,-8,2,0,1,-6,9
Poppycorn,1,8,1,7,-6,0,0,1,-6,9
thatnellykid,1,8,1,7,-6,0,0,1,-6,9
TheGeckoWhisperer,1,8,1,7,-6,0,0,1,-6,9
twobit138,1,8,1,7,-6,0,0,1,-6,9
goalieperson,1,9,1,8,-7,0,1,0,-7,9
sharpee05,1,8,0,8,-8,0,0,1,-8,9
COMRADEPUTIN,1,8,8,0,8,10,1,0,18,8
THEJAZZMUSIC,1,7,6,1,5,8,1,1,13,8
alwayssunnyinvt,1,7,4,3,1,11,1,1,12,8
Igmiller,1,7,5,2,3,9,1,1,12,8
steahi,1,7,6,1,5,7,1,1,12,8
MrDubious,1,7,6,1,5,6,1,1,11,8
purple_stars,1,7,6,1,5,5,1,1,10,8
gorbok,1,7,7,0,7,3,0,1,10,8
davideadie,1,7,6,1,5,4,1,1,9,8
off_me_now,1,7,6,1,5,4,1,1,9,8
Palgi,1,7,6,1,5,4,1,1,9,8
pugofwar,1,7,7,0,7,2,1,1,9,8
thetarofgui,1,7,6,1,5,4,1,1,9,8
a2ram,1,7,7,0,7,2,0,1,9,8
bassplayinfool,1,7,7,0,7,2,0,1,9,8
cheek_blushener,1,7,7,0,7,2,0,1,9,8
dontbeRUDe2328,1,7,7,0,7,2,0,1,9,8
XPTB,1,7,5,2,3,6,0,1,9,8
AlchemistFlux,1,7,4,3,1,7,1,1,8,8
chestonisazombie,1,7,5,2,3,5,1,1,8,8
nefarious_noodler,1,8,7,1,6,2,1,0,8,8
protosnake,1,8,7,1,6,2,1,0,8,8
serialloop,1,7,4,3,1,7,1,1,8,8
xenmate,1,8,7,1,6,2,1,0,8,8
Calscape,1,8,8,0,8,0,0,0,8,8
jesseeme,1,7,4,3,1,7,0,1,8,8
redpieintheface,1,7,6,1,5,3,0,1,8,8
thorirmar,1,7,6,1,5,3,0,1,8,8
abyinak,1,7,7,0,7,0,1,1,7,8
allaanoop,1,7,7,0,7,0,1,1,7,8
badlarry001,1,7,7,0,7,0,1,1,7,8
Cmr7185,1,7,6,1,5,2,1,1,7,8
DerpVlogTime,1,7,6,1,5,2,1,1,7,8
Dip42,1,7,6,1,5,2,1,1,7,8
hasanatkazmi,1,7,5,2,3,4,1,1,7,8
IspamObjection,1,7,7,0,7,0,1,1,7,8
jpvanvoo,1,7,6,1,5,2,1,1,7,8
maigreymorianna,1,7,7,0,7,0,1,1,7,8
Mernercreft,1,7,6,1,5,2,1,1,7,8
Mr-Shmee,1,7,6,1,5,2,1,1,7,8
noxert323,1,7,7,0,7,0,1,1,7,8
PalaceFlophouse,1,7,6,1,5,2,1,1,7,8
PapaMancer,1,7,5,2,3,4,1,1,7,8
Prawnified,1,7,6,1,5,2,1,1,7,8
Puzantt,1,7,7,0,7,0,1,1,7,8
RadioactiveClownsSux,1,7,5,2,3,4,1,1,7,8
Samwise912,1,7,6,1,5,2,1,1,7,8
SooMellow,1,7,7,0,7,0,1,1,7,8
sspwnage,1,7,7,0,7,0,1,1,7,8
Swaggerhax,1,8,6,2,4,3,1,0,7,8
tlamb93,1,7,7,0,7,0,1,1,7,8
toddsmash,1,7,4,3,1,6,1,1,7,8
Veysal,1,7,7,0,7,0,1,1,7,8
yelleknave,1,7,7,0,7,0,1,1,7,8
A_FluteBoy,1,7,5,2,3,4,0,1,7,8
acfireNT,1,7,5,2,3,4,0,1,7,8
Caszeh,1,7,7,0,7,0,0,1,7,8
Clean_n_Press,1,7,7,0,7,0,0,1,7,8
FireCrouch,1,7,4,3,1,6,0,1,7,8
free_markets,1,7,7,0,7,0,0,1,7,8
grummlinds,1,7,7,0,7,0,0,1,7,8
i_like_bath_salts,1,7,5,2,3,4,0,1,7,8
jkorte6,1,7,7,0,7,0,0,1,7,8
Justdandy325,1,7,7,0,7,0,0,1,7,8
megamouth2,1,7,5,2,3,4,0,1,7,8
Neokon,1,7,7,0,7,0,0,1,7,8
StevenTheLion,1,7,7,0,7,0,0,1,7,8
Zestiny,2,6,6,0,6,0,2,2,6,8
AgentXM,1,8,7,1,6,0,1,0,6,8
Allmybasesbelongtyou,1,7,5,2,3,3,1,1,6,8
discovivi,2,6,6,0,6,0,1,2,6,8
K_in_Oz,1,7,5,2,3,3,1,1,6,8
moshiposhi,1,7,4,3,1,5,1,1,6,8
Rawler,1,7,4,3,1,5,1,1,6,8
scaryhaha,1,8,7,1,6,0,1,0,6,8
thesandlot,1,8,7,1,6,0,1,0,6,8
university_of_meow,1,7,5,2,3,3,1,1,6,8
arrowintheKNEE4545,1,7,5,2,3,3,0,1,6,8
cirillios,1,7,4,3,1,5,0,1,6,8
edunc,1,8,7,1,6,0,0,0,6,8
F18Dubbs,1,7,4,3,1,5,0,1,6,8
lumanderthon,1,7,5,2,3,3,0,1,6,8
rossHousin,1,7,4,3,1,5,0,1,6,8
twal12,1,7,5,2,3,3,0,1,6,8
Hilleo,2,7,6,1,5,0,2,1,5,8
404redpandanotfound,1,7,6,1,5,0,1,1,5,8
AcademicGuy,1,7,5,2,3,2,1,1,5,8
always_an_adventure7,1,7,5,2,3,2,1,1,5,8
awbobsaget,1,7,6,1,5,0,1,1,5,8
azendel,1,7,6,1,5,0,1,1,5,8
captain_koch,1,7,6,1,5,0,1,1,5,8
CarpeNoctem2011,1,7,6,1,5,0,1,1,5,8
Chr0n05,1,7,6,1,5,0,1,1,5,8
Clarinut,1,7,6,1,5,0,1,1,5,8
Crowleyface,1,7,6,1,5,0,1,1,5,8
dburns865,1,7,6,1,5,0,1,1,5,8
DEF033,1,8,5,3,2,3,1,0,5,8
DPancoast,1,7,6,1,5,0,1,1,5,8
Epicallity,1,7,6,1,5,0,1,1,5,8
Exqiron,1,7,4,3,1,4,1,1,5,8
im_not_not_white,1,7,6,1,5,0,1,1,5,8
James11112,1,7,6,1,5,0,1,1,5,8
jewcebox95,1,7,6,1,5,0,1,1,5,8
kidtkd73,1,7,6,1,5,0,1,1,5,8
lackofabetternames,1,7,6,1,5,0,1,1,5,8
lizard0203,1,7,5,2,3,2,1,1,5,8
markhenanderson,1,7,5,2,3,2,1,1,5,8
mercuryarms,1,7,6,1,5,0,1,1,5,8
mgrier123,1,7,3,4,-1,6,1,1,5,8
moejike,1,7,6,1,5,0,1,1,5,8
mtr91,1,7,6,1,5,0,1,1,5,8
myprocrastination,1,7,6,1,5,0,1,1,5,8
NANANANANA_Batman,1,7,5,2,3,2,1,1,5,8
nbshark,1,7,6,1,5,0,1,1,5,8
Patrickstarcommand,1,7,4,3,1,4,1,1,5,8
PhiniusBuckwald,1,7,6,1,5,0,1,1,5,8
qpfox,1,7,3,4,-1,6,1,1,5,8
quest78,1,7,6,1,5,0,1,1,5,8
ReverendScam,1,7,6,1,5,0,1,1,5,8
scottscooterskeeter,1,7,6,1,5,0,1,1,5,8
SearchNerd,1,7,5,2,3,2,1,1,5,8
Shu-_-,1,7,6,1,5,0,1,1,5,8
SociableSociopath,1,7,5,2,3,2,1,1,5,8
stark247,1,7,4,3,1,4,1,1,5,8
tankyoucomeagain,1,7,6,1,5,0,1,1,5,8
TheBfrog86,1,7,4,3,1,4,1,1,5,8
Volio,1,7,6,1,5,0,1,1,5,8
webbeco,1,7,1,6,-5,10,1,1,5,8
Xproplayer,1,7,5,2,3,2,1,1,5,8
YoureNotGayYourMomIs,1,7,5,2,3,2,1,1,5,8
baratobom,1,7,6,1,5,0,0,1,5,8
bbenz,1,7,6,1,5,0,0,1,5,8
CarlKasellsVoice,1,7,5,2,3,2,0,1,5,8
ChilliPowderGuy,1,7,5,2,3,2,0,1,5,8
crazytomato,1,7,6,1,5,0,0,1,5,8
DrawMeLikeUrFrnGirl,1,7,5,2,3,2,0,1,5,8
earnie90,1,7,6,1,5,0,0,1,5,8
Enelli23,1,7,6,1,5,0,0,1,5,8
eyemfred,1,7,6,1,5,0,0,1,5,8
FeelinFrisky1992,1,7,6,1,5,0,0,1,5,8
FergBreath,1,7,6,1,5,0,0,1,5,8
fetidfelch,1,7,6,1,5,0,0,1,5,8
frijolesblanca,1,7,6,1,5,0,0,1,5,8
gallifrey337,1,7,6,1,5,0,0,1,5,8
GrandMaPwnZ,1,7,5,2,3,2,0,1,5,8
IHv2RtrnSumVdeotapes,1,7,6,1,5,0,0,1,5,8
Jaagoo,1,7,5,2,3,2,0,1,5,8
JustALilWhale,1,7,6,1,5,0,0,1,5,8
kenmade,1,7,6,1,5,0,0,1,5,8
klawth,1,7,5,2,3,2,0,1,5,8
L-J-N,1,7,6,1,5,0,0,1,5,8
LTownGetDown,1,7,6,1,5,0,0,1,5,8
moon_eyes,1,7,5,2,3,2,0,1,5,8
motha-fuckin-repost,1,7,6,1,5,0,0,1,5,8
ntrocket888,1,7,6,1,5,0,0,1,5,8
PadresTexans,1,7,5,2,3,2,0,1,5,8
pandapuncher26,1,7,4,3,1,4,0,1,5,8
PS_OliveJuice,1,7,5,2,3,2,0,1,5,8
Redbullwings,1,7,6,1,5,0,0,1,5,8
rtanderson2,1,7,6,1,5,0,0,1,5,8
TotesAndi,1,7,6,1,5,0,0,1,5,8
Toucan323,1,7,5,2,3,2,0,1,5,8
weeba,1,7,6,1,5,0,0,1,5,8
witty_comment_below,1,7,5,2,3,2,0,1,5,8
4realthistime,1,8,6,2,4,0,1,0,4,8
ClydeGlide,1,7,4,3,1,3,1,1,4,8
dirtydan10,1,8,6,2,4,0,1,0,4,8
djstego,1,7,4,3,1,3,1,1,4,8
epar,1,8,6,2,4,0,1,0,4,8
junebug217,1,8,5,3,2,2,1,0,4,8
kflashman,1,8,6,2,4,0,1,0,4,8
Loco91,1,7,4,3,1,3,1,1,4,8
meowtime4two,1,8,6,2,4,0,1,0,4,8
ohioslayer,1,8,6,2,4,0,1,0,4,8
piknic,1,8,6,2,4,0,1,0,4,8
SCMatt33,1,7,4,3,1,3,1,1,4,8
slicker254,1,8,6,2,4,0,1,0,4,8
spicracker,1,8,6,2,4,0,1,0,4,8
TombSv,1,8,6,2,4,0,1,0,4,8
babehcupcake,1,7,4,3,1,3,0,1,4,8
dannyfignewton,1,7,4,3,1,3,0,1,4,8
DigitalUser,1,7,4,3,1,3,0,1,4,8
Distractic,1,8,6,2,4,0,0,0,4,8
Lillypie12,1,7,4,3,1,3,0,1,4,8
noonAu,1,7,3,4,-1,5,0,1,4,8
reddittor,1,7,3,4,-1,5,0,1,4,8
WinabegoWarrior,1,7,4,3,1,3,0,1,4,8
1leahcim,1,7,5,2,3,0,1,1,3,8
addonem,1,7,5,2,3,0,1,1,3,8
agathug,1,7,5,2,3,0,1,1,3,8
ajohns95616,1,7,5,2,3,0,1,1,3,8
aleatorictelevision,1,7,4,3,1,2,1,1,3,8
Allegianc3,1,7,5,2,3,0,1,1,3,8
AnorexicBuddha,1,7,5,2,3,0,1,1,3,8
bermudafox,1,7,5,2,3,0,1,1,3,8
bhalash,1,7,5,2,3,0,1,1,3,8
blackmesa010,1,7,5,2,3,0,1,1,3,8
brochick,1,7,5,2,3,0,1,1,3,8
CBJ3,1,7,4,3,1,2,1,1,3,8
Chibstar,1,7,5,2,3,0,1,1,3,8
Coolguy14,1,7,5,2,3,0,1,1,3,8
dawrina,1,7,5,2,3,0,1,1,3,8
ddunit,1,7,5,2,3,0,1,1,3,8
diff379,1,7,5,2,3,0,1,1,3,8
djfivenine11,1,7,5,2,3,0,1,1,3,8
doomneer,1,7,5,2,3,0,1,1,3,8
dxdolar,1,7,5,2,3,0,1,1,3,8
elfpgirl,1,7,5,2,3,0,1,1,3,8
EnhancementShaman,1,7,5,2,3,0,1,1,3,8
EvilbuddhaNZ,1,7,5,2,3,0,1,1,3,8
Failedjedi,1,7,5,2,3,0,1,1,3,8
FireyTaurus,1,7,5,2,3,0,1,1,3,8
fleckspeck,1,7,5,2,3,0,1,1,3,8
Handout,1,7,5,2,3,0,1,1,3,8
heirofslytherin,1,7,5,2,3,0,1,1,3,8
HerrKrinkle,1,7,5,2,3,0,1,1,3,8
hungdailou,1,7,4,3,1,2,1,1,3,8
I_Steal_Karma,1,7,5,2,3,0,1,1,3,8
idrathergolf,1,7,5,2,3,0,1,1,3,8
insertname401,1,7,5,2,3,0,1,1,3,8
jackiejackie,1,7,5,2,3,0,1,1,3,8
jackwmc4,1,7,5,2,3,0,1,1,3,8
james328,1,7,5,2,3,0,1,1,3,8
jcooper1842,1,7,4,3,1,2,1,1,3,8
Joboboman,1,7,5,2,3,0,1,1,3,8
JonnyRichter,1,7,5,2,3,0,1,1,3,8
kaka3,1,7,3,4,-1,4,1,1,3,8
kellymiwdb,1,7,5,2,3,0,1,1,3,8
kyle_the_jew,1,7,5,2,3,0,1,1,3,8
lilQQ,1,7,5,2,3,0,1,1,3,8
loopscadoop,1,7,5,2,3,0,1,1,3,8
maccalex,1,7,5,2,3,0,1,1,3,8
maloufw,1,7,4,3,1,2,1,1,3,8
MDob,1,7,5,2,3,0,1,1,3,8
mertonlh,1,7,5,2,3,0,1,1,3,8
mosij919,1,7,5,2,3,0,1,1,3,8
mr_grumpy_pants,1,7,5,2,3,0,1,1,3,8
MrFunderthuck,1,7,5,2,3,0,1,1,3,8
nicpadula,1,7,5,2,3,0,1,1,3,8
nolantime,1,7,5,2,3,0,1,1,3,8
nota999,1,7,5,2,3,0,1,1,3,8
notfreshprince,1,7,5,2,3,0,1,1,3,8
Nurd83,1,7,5,2,3,0,1,1,3,8
ockerus,1,7,5,2,3,0,1,1,3,8
piercetheveil2010,1,7,5,2,3,0,1,1,3,8
powergloveuser23,1,7,5,2,3,0,1,1,3,8
prke0602,1,7,5,2,3,0,1,1,3,8
purplecow57,1,7,5,2,3,0,1,1,3,8
Revverie,1,7,5,2,3,0,1,1,3,8
robwgibbons,1,7,5,2,3,0,1,1,3,8
scienceasfuck,1,7,5,2,3,0,1,1,3,8
Sengura,1,7,5,2,3,0,1,1,3,8
ShearTerror,1,7,4,3,1,2,1,1,3,8
Show3it,1,7,5,2,3,0,1,1,3,8
SimplyClouded,1,7,4,3,1,2,1,1,3,8
SmiteThyFace,1,7,5,2,3,0,1,1,3,8
soupaman10,1,7,5,2,3,0,1,1,3,8
sparebitofparchment,1,7,5,2,3,0,1,1,3,8
teachinhood,1,7,5,2,3,0,1,1,3,8
teeigeryuh,1,7,3,4,-1,4,1,1,3,8
The_Fake_SlimShady,1,7,5,2,3,0,1,1,3,8
themobag,1,7,5,2,3,0,1,1,3,8
THEpapaSmurf,1,7,3,4,-1,4,1,1,3,8
thorsbosshammer,1,7,5,2,3,0,1,1,3,8
time2chasecars,1,7,5,2,3,0,1,1,3,8
touchthemonolith,1,7,5,2,3,0,1,1,3,8
Toxcity,1,7,5,2,3,0,1,1,3,8
truestorybro1597,1,7,4,3,1,2,1,1,3,8
TrupaJay,1,7,5,2,3,0,1,1,3,8
veganbromo,1,7,4,3,1,2,1,1,3,8
WhiteTape,1,8,4,4,0,3,1,0,3,8
xlexiconx,1,7,5,2,3,0,1,1,3,8
xXJoelXx8,1,7,5,2,3,0,1,1,3,8
y4ruh8,1,7,5,2,3,0,1,1,3,8
31toTheFace,1,7,5,2,3,0,0,1,3,8
ACheckov,1,7,5,2,3,0,0,1,3,8
bentec,1,7,5,2,3,0,0,1,3,8
BigBigga,1,7,4,3,1,2,0,1,3,8
Brohaam,1,7,3,4,-1,4,0,1,3,8
byerights,1,7,4,3,1,2,0,1,3,8
Chazzach,1,7,5,2,3,0,0,1,3,8
Deerud,1,7,5,2,3,0,0,1,3,8
DrRab121,1,7,5,2,3,0,0,1,3,8
dumhrum,1,7,5,2,3,0,0,1,3,8
fishyfishyrawraw,1,7,5,2,3,0,0,1,3,8
fridell,1,7,4,3,1,2,0,1,3,8
GsPHOTO4President,1,7,5,2,3,0,0,1,3,8
HEELLLPPPppp,1,7,4,3,1,2,0,1,3,8
Hupflupper,1,7,5,2,3,0,0,1,3,8
IAMTEHINTERWEBZ,1,7,4,3,1,2,0,1,3,8
JACKMHARRIS,1,7,5,2,3,0,0,1,3,8
JordeyShore,1,7,4,3,1,2,0,1,3,8
lily27,1,7,5,2,3,0,0,1,3,8
MJCPRODUCTIONZ,1,7,5,2,3,0,0,1,3,8
NotAHipster1,1,7,5,2,3,0,0,1,3,8
open225,1,7,4,3,1,2,0,1,3,8
ozzymoto27,1,7,5,2,3,0,0,1,3,8
PugeHenis420,1,7,5,2,3,0,0,1,3,8
rileyrulesu,1,7,5,2,3,0,0,1,3,8
Rrmack,1,7,5,2,3,0,0,1,3,8
S3RIOUSSMIL3,1,7,5,2,3,0,0,1,3,8
Saepthine,1,7,5,2,3,0,0,1,3,8
ShadrakC,1,7,5,2,3,0,0,1,3,8
skaboosh,1,7,5,2,3,0,0,1,3,8
Sl4sh3r,1,7,5,2,3,0,0,1,3,8
Sparkelle227,1,7,5,2,3,0,0,1,3,8
stableblond,1,7,5,2,3,0,0,1,3,8
supergreekman123,1,7,5,2,3,0,0,1,3,8
TheBlckWhiteGuy,1,7,5,2,3,0,0,1,3,8
TheSheepdog,1,7,5,2,3,0,0,1,3,8
Tomosawki,1,7,5,2,3,0,0,1,3,8
Ttwister,1,7,5,2,3,0,0,1,3,8
vitaliy360,1,7,5,2,3,0,0,1,3,8
whatsthisidontknow,1,7,5,2,3,0,0,1,3,8
xgames68,1,7,5,2,3,0,0,1,3,8
ALL-CAPS,1,8,5,3,2,0,1,0,2,8
annoyinglangers,1,8,4,4,0,2,1,0,2,8
Driftk,1,8,3,5,-2,4,1,0,2,8
Iworktoomuch,1,7,2,5,-3,5,1,1,2,8
kendallbox4,1,8,5,3,2,0,1,0,2,8
lazarus30d,1,8,4,4,0,2,1,0,2,8
LSUTTONIII,1,8,3,5,-2,4,1,0,2,8
MegaRusck,1,8,5,3,2,0,1,0,2,8
mod_m,1,7,3,4,-1,3,1,1,2,8
myTubularTacos,1,7,2,5,-3,5,1,1,2,8
nappysteph,1,7,3,4,-1,3,1,1,2,8
netpastor,1,7,3,4,-1,3,1,1,2,8
oheyitsmatt,1,8,4,4,0,2,1,0,2,8
Sarbanes_Foxy,1,8,5,3,2,0,1,0,2,8
thealoof,1,8,5,3,2,0,1,0,2,8
BioTiger,1,7,1,6,-5,7,0,1,2,8
BlackRhyno,1,7,2,5,-3,5,0,1,2,8
MakoSt0rM,1,7,3,4,-1,3,0,1,2,8
3nDyM10n,1,7,4,3,1,0,1,1,1,8
478nist,1,7,4,3,1,0,1,1,1,8
5ka5,1,7,4,3,1,0,1,1,1,8
Adm5163,1,7,3,4,-1,2,1,1,1,8
alonelyargonaut,1,7,4,3,1,0,1,1,1,8
AmunRa666,1,7,4,3,1,0,1,1,1,8
andashd,1,7,3,4,-1,2,1,1,1,8
Baiirey,1,7,4,3,1,0,1,1,1,8
binksben8,1,7,4,3,1,0,1,1,1,8
BrandytheHandy,1,7,4,3,1,0,1,1,1,8
bulldawgs97,1,7,4,3,1,0,1,1,1,8
captain_mc_awesome,1,7,4,3,1,0,1,1,1,8
CaptMcButternut,1,7,4,3,1,0,1,1,1,8
CheesusDairyMessiah,1,7,4,3,1,0,1,1,1,8
ChickenMcSandwich,1,7,4,3,1,0,1,1,1,8
CinnamonSwirls,1,7,4,3,1,0,1,1,1,8
Clemmentine1021,1,7,4,3,1,0,1,1,1,8
codenamex,1,7,4,3,1,0,1,1,1,8
customer_swirvice,1,7,4,3,1,0,1,1,1,8
dacap00,1,7,4,3,1,0,1,1,1,8
dagenham-dave,1,7,4,3,1,0,1,1,1,8
dakotasmurf,1,7,4,3,1,0,1,1,1,8
DeathSkwid,1,7,4,3,1,0,1,1,1,8
Demon1cBeast960,1,7,4,3,1,0,1,1,1,8
DianaMusicLover17,1,7,4,3,1,0,1,1,1,8
doob53,1,7,4,3,1,0,1,1,1,8
dotzzz,1,7,4,3,1,0,1,1,1,8
drewlabeno,1,7,4,3,1,0,1,1,1,8
droshaft,1,7,4,3,1,0,1,1,1,8
EDDforlife,1,7,4,3,1,0,1,1,1,8
ekser,1,7,4,3,1,0,1,1,1,8
EnzohR,1,7,4,3,1,0,1,1,1,8
FailureToWin_,1,7,4,3,1,0,1,1,1,8
frankiezjr,1,7,4,3,1,0,1,1,1,8
Fyb3r0pt1k,1,7,4,3,1,0,1,1,1,8
gdawg16,1,7,4,3,1,0,1,1,1,8
grimmdisposition,1,7,4,3,1,0,1,1,1,8
Grizzlypaws,1,7,4,3,1,0,1,1,1,8
Harry_Chesterfield,1,7,4,3,1,0,1,1,1,8
Hashashsheen,1,7,4,3,1,0,1,1,1,8
hatemebro,1,7,4,3,1,0,1,1,1,8
HipsThor,1,7,4,3,1,0,1,1,1,8
i_usedtobealurker,1,7,4,3,1,0,1,1,1,8
ihatetheignorant,1,7,4,3,1,0,1,1,1,8
Iron_tiger_of_flames,1,7,1,6,-5,6,1,1,1,8
Itookthehobbits,1,7,4,3,1,0,1,1,1,8
its_dirty_dan,1,7,4,3,1,0,1,1,1,8
JBu92,1,7,4,3,1,0,1,1,1,8
JIsrael180,1,7,4,3,1,0,1,1,1,8
joelom,1,7,4,3,1,0,1,1,1,8
jpotteiger,1,7,4,3,1,0,1,1,1,8
jwilbanks13,1,7,4,3,1,0,1,1,1,8
Kakaze,1,7,4,3,1,0,1,1,1,8
karmashmoo,1,7,4,3,1,0,1,1,1,8
killapeeez,1,7,4,3,1,0,1,1,1,8
KingWillee,1,7,4,3,1,0,1,1,1,8
KoopaKhan,1,7,4,3,1,0,1,1,1,8
korpayne,1,7,3,4,-1,2,1,1,1,8
laughteroutloud,1,7,3,4,-1,2,1,1,1,8
les_mudpuddle,1,7,4,3,1,0,1,1,1,8
mattygraham,1,7,4,3,1,0,1,1,1,8
mcbrewski,1,7,4,3,1,0,1,1,1,8
mickgirgeegrind,1,7,4,3,1,0,1,1,1,8
MisterHotDrank,1,7,4,3,1,0,1,1,1,8
mjsiedlecki,1,7,4,3,1,0,1,1,1,8
MorganFreemanJr,1,7,4,3,1,0,1,1,1,8
MrQwerty15,1,7,4,3,1,0,1,1,1,8
mycoollapira,1,7,4,3,1,0,1,1,1,8
narf865,1,7,4,3,1,0,1,1,1,8
Natergator2015,1,7,4,3,1,0,1,1,1,8
NotKittyForeman,1,7,4,3,1,0,1,1,1,8
nyrax,1,7,4,3,1,0,1,1,1,8
orv,1,7,4,3,1,0,1,1,1,8
parallelamm,1,7,4,3,1,0,1,1,1,8
pauldf1979,1,7,4,3,1,0,1,1,1,8
pkz2200,1,7,4,3,1,0,1,1,1,8
PlutoBomb,1,7,3,4,-1,2,1,1,1,8
poitinpdx,1,7,4,3,1,0,1,1,1,8
postwhatever,1,7,4,3,1,0,1,1,1,8
PR0CT0R,1,7,4,3,1,0,1,1,1,8
rarkmeece,1,7,4,3,1,0,1,1,1,8
raypauljones,1,7,4,3,1,0,1,1,1,8
redditing0210,1,7,4,3,1,0,1,1,1,8
rev1027,1,7,4,3,1,0,1,1,1,8
SG_Dave,1,7,4,3,1,0,1,1,1,8
ShallWeSing,1,7,4,3,1,0,1,1,1,8
sharkbait500,1,7,4,3,1,0,1,1,1,8
ShuffleMeTimbers,1,7,4,3,1,0,1,1,1,8
ShunkLunk,1,7,4,3,1,0,1,1,1,8
shutter_slut,1,7,4,3,1,0,1,1,1,8
sig997,1,7,4,3,1,0,1,1,1,8
SilentLeg1on,1,7,4,3,1,0,1,1,1,8
SirawesomesauceIII,1,7,4,3,1,0,1,1,1,8
SlowerMonkey,1,7,4,3,1,0,1,1,1,8
smashisbeast,1,7,4,3,1,0,1,1,1,8
snapohs,1,7,4,3,1,0,1,1,1,8
Somewhatcreativeguy,1,7,3,4,-1,2,1,1,1,8
somniphobia,1,7,3,4,-1,2,1,1,1,8
spacepilotblastoff,1,7,4,3,1,0,1,1,1,8
squawking_parrot,1,7,4,3,1,0,1,1,1,8
ssjvash,1,7,4,3,1,0,1,1,1,8
steller2012,1,8,3,5,-2,3,1,0,1,8
Stop_Means_Harder,1,7,4,3,1,0,1,1,1,8
sweetnattydee,1,7,4,3,1,0,1,1,1,8
tbshockwave,1,7,4,3,1,0,1,1,1,8
ThatCrazyViking,1,7,4,3,1,0,1,1,1,8
TheBiznoid,1,7,4,3,1,0,1,1,1,8
thecookiemonster33,1,7,4,3,1,0,1,1,1,8
TheEn1gma,1,7,4,3,1,0,1,1,1,8
TheGayUnicorn,1,7,4,3,1,0,1,1,1,8
theonlyalterego,1,7,4,3,1,0,1,1,1,8
toosmart4gd,1,7,3,4,-1,2,1,1,1,8
trants,1,7,4,3,1,0,1,1,1,8
TravisL,1,7,4,3,1,0,1,1,1,8
TrolleyPower,1,7,4,3,1,0,1,1,1,8
um_liz,1,7,4,3,1,0,1,1,1,8
user_undecided,1,7,4,3,1,0,1,1,1,8
veganwarrior21,1,7,4,3,1,0,1,1,1,8
vese,1,7,4,3,1,0,1,1,1,8
VincentVanGoatse,1,7,4,3,1,0,1,1,1,8
voiceinthesky,1,7,3,4,-1,2,1,1,1,8
vostrofire,1,7,4,3,1,0,1,1,1,8
VulLokZoor,1,7,4,3,1,0,1,1,1,8
WalkingCulture,1,7,4,3,1,0,1,1,1,8
wallesdad,1,7,4,3,1,0,1,1,1,8
weezel,1,7,4,3,1,0,1,1,1,8
wholypantalones,1,7,4,3,1,0,1,1,1,8
xarkonnen,1,7,4,3,1,0,1,1,1,8
Yimez,1,7,4,3,1,0,1,1,1,8
ZeMeest,1,7,4,3,1,0,1,1,1,8
30222414,1,7,4,3,1,0,0,1,1,8
05W41D,1,7,4,3,1,0,0,1,1,8
aeren944,1,7,4,3,1,0,0,1,1,8
ALBINO_ZEBRA,1,7,3,4,-1,2,0,1,1,8
andygreerart,1,7,4,3,1,0,0,1,1,8
awwaygirl,1,7,4,3,1,0,0,1,1,8
aytah,1,7,4,3,1,0,0,1,1,8
baineschile,1,7,4,3,1,0,0,1,1,8
Bobeth10,1,7,4,3,1,0,0,1,1,8
brittlerattle,1,7,4,3,1,0,0,1,1,8
chimboslice18,1,7,4,3,1,0,0,1,1,8
DanTP,1,7,4,3,1,0,0,1,1,8
Dmoser,1,7,4,3,1,0,0,1,1,8
Dylanhoward,1,7,4,3,1,0,0,1,1,8
ENRAGEDPANDA,1,7,4,3,1,0,0,1,1,8
firematt422,1,7,4,3,1,0,0,1,1,8
gotsportz101,1,7,4,3,1,0,0,1,1,8
HarleyQuinn111,1,7,4,3,1,0,0,1,1,8
helloelan,1,7,3,4,-1,2,0,1,1,8
hollowdene,1,7,4,3,1,0,0,1,1,8
Ishkatar,1,7,4,3,1,0,0,1,1,8
jimmajongjohnson,1,7,4,3,1,0,0,1,1,8
jnuts7,1,7,4,3,1,0,0,1,1,8
KackJent,1,7,4,3,1,0,0,1,1,8
lordcarnage,1,7,4,3,1,0,0,1,1,8
MerbaCherba,1,7,4,3,1,0,0,1,1,8
merkayluh,1,7,4,3,1,0,0,1,1,8
nedmau5,1,7,4,3,1,0,0,1,1,8
nimrad,1,7,4,3,1,0,0,1,1,8
nyteryder79,1,7,4,3,1,0,0,1,1,8
RockyColtTumTum,1,7,4,3,1,0,0,1,1,8
RUSSIANxxDOLL,1,7,4,3,1,0,0,1,1,8
ryz,1,7,4,3,1,0,0,1,1,8
savvybean,1,7,4,3,1,0,0,1,1,8
sleasca,1,7,4,3,1,0,0,1,1,8
sneezlehose,1,7,4,3,1,0,0,1,1,8
snipa420,1,7,4,3,1,0,0,1,1,8
SpikeSpiegle,1,7,4,3,1,0,0,1,1,8
the_all_seeing_butt,1,7,3,4,-1,2,0,1,1,8
thebotisonline,1,7,4,3,1,0,0,1,1,8
TxAggie,1,7,4,3,1,0,0,1,1,8
Tyjovi,1,7,4,3,1,0,0,1,1,8
WesWar,1,7,4,3,1,0,0,1,1,8
wildwildhorses_12,1,7,4,3,1,0,0,1,1,8
WORLDTRAVELERONEDAY,1,7,3,4,-1,2,0,1,1,8
YumCheddar,1,7,4,3,1,0,0,1,1,8
BobsThrowAwayAccount,1,8,4,4,0,0,1,0,0,8
edgar_jomfru,1,8,3,5,-2,2,1,0,0,8
elpaw,1,8,4,4,0,0,1,0,0,8
Lynxface,1,8,4,4,0,0,1,0,0,8
Pantz35946,1,8,4,4,0,0,1,0,0,8
penutshell17,1,7,2,5,-3,3,1,1,0,8
Plowed,1,8,4,4,0,0,1,0,0,8
RavenRavinoff,1,8,4,4,0,0,1,0,0,8
Snowblind05,1,8,4,4,0,0,1,0,0,8
tmac17111,1,8,4,4,0,0,1,0,0,8
vikingv,1,8,4,4,0,0,1,0,0,8
WhyPeepa2,1,8,4,4,0,0,1,0,0,8
nickyd1393,1,7,1,6,-5,5,0,1,0,8
andy_the_roo,1,7,3,4,-1,0,1,1,-1,8
BastianNygaard,1,7,3,4,-1,0,1,1,-1,8
begoodla,1,7,3,4,-1,0,1,1,-1,8
bilawski,1,7,3,4,-1,0,1,1,-1,8
billysg,1,7,3,4,-1,0,1,1,-1,8
blaix,1,7,3,4,-1,0,1,1,-1,8
boolean_union,1,7,3,4,-1,0,1,1,-1,8
brawnybuck69,1,7,3,4,-1,0,1,1,-1,8
chrissymac95,1,7,3,4,-1,0,1,1,-1,8
CrazedCadavre,1,7,3,4,-1,0,1,1,-1,8
CrosDon,1,7,3,4,-1,0,1,1,-1,8
CrypticFalcon,1,7,3,4,-1,0,1,1,-1,8
DecemberIsMine,1,7,3,4,-1,0,1,1,-1,8
deloso,1,7,3,4,-1,0,1,1,-1,8
dougburr,1,7,3,4,-1,0,1,1,-1,8
edkaelsy,1,7,3,4,-1,0,1,1,-1,8
eH9116,1,7,3,4,-1,0,1,1,-1,8
EmilTheHuman,1,7,3,4,-1,0,1,1,-1,8
formalthunder,1,7,3,4,-1,0,1,1,-1,8
Frannen,1,7,3,4,-1,0,1,1,-1,8
funkyNOMk3y,1,7,2,5,-3,2,1,1,-1,8
gabies180,1,7,3,4,-1,0,1,1,-1,8
garrygra,1,7,3,4,-1,0,1,1,-1,8
hernannadal,1,7,3,4,-1,0,1,1,-1,8
HighlyDazed,1,7,3,4,-1,0,1,1,-1,8
ilovemybrownies,1,7,3,4,-1,0,1,1,-1,8
Isanynamevalid,1,7,3,4,-1,0,1,1,-1,8
JuddCaster,1,7,3,4,-1,0,1,1,-1,8
Kuuliser,1,7,3,4,-1,0,1,1,-1,8
lightsoutbs,1,7,3,4,-1,0,1,1,-1,8
lilermyo,1,7,3,4,-1,0,1,1,-1,8
lolzter97,1,7,3,4,-1,0,1,1,-1,8
LVKRFT,1,7,3,4,-1,0,1,1,-1,8
Malikor,1,7,3,4,-1,0,1,1,-1,8
me0818,1,7,3,4,-1,0,1,1,-1,8
mefouryou,1,7,3,4,-1,0,1,1,-1,8
mew1994,1,7,3,4,-1,0,1,1,-1,8
Mewarf,1,7,3,4,-1,0,1,1,-1,8
myk3,1,7,3,4,-1,0,1,1,-1,8
myownstar,1,7,2,5,-3,2,1,1,-1,8
nandocmndo,1,7,3,4,-1,0,1,1,-1,8
nazihatinchimp,1,7,3,4,-1,0,1,1,-1,8
Ninja_Guerilla,1,7,3,4,-1,0,1,1,-1,8
NorwegianPearl,1,7,3,4,-1,0,1,1,-1,8
orestes9,1,7,3,4,-1,0,1,1,-1,8
owlics,1,7,3,4,-1,0,1,1,-1,8
park1321,1,7,3,4,-1,0,1,1,-1,8
pipereemar,1,7,3,4,-1,0,1,1,-1,8
pistolnisse,1,7,3,4,-1,0,1,1,-1,8
pyotrpyotrpyotr,1,7,3,4,-1,0,1,1,-1,8
realgeneticdrifter,1,7,3,4,-1,0,1,1,-1,8
Red5now,1,7,3,4,-1,0,1,1,-1,8
redditor401,1,7,3,4,-1,0,1,1,-1,8
Redsruin,1,7,3,4,-1,0,1,1,-1,8
Roffale,1,7,3,4,-1,0,1,1,-1,8
sassfactor4,1,7,3,4,-1,0,1,1,-1,8
Sedated_Emu,1,7,3,4,-1,0,1,1,-1,8
socalnonsage,1,7,3,4,-1,0,1,1,-1,8
sodacanashtray,1,7,3,4,-1,0,1,1,-1,8
SpunkyMind,1,7,3,4,-1,0,1,1,-1,8
stylusbroke,1,7,3,4,-1,0,1,1,-1,8
superamazin,1,7,3,4,-1,0,1,1,-1,8
Syko22,1,7,3,4,-1,0,1,1,-1,8
Tarmaque,1,7,3,4,-1,0,1,1,-1,8
TelrikRoch,1,7,3,4,-1,0,1,1,-1,8
The1and0nlyTeck,1,7,3,4,-1,0,1,1,-1,8
TheGaberaham,1,7,3,4,-1,0,1,1,-1,8
thejaymansplan,1,7,3,4,-1,0,1,1,-1,8
tomybro,1,7,3,4,-1,0,1,1,-1,8
Trentonscott1,1,7,3,4,-1,0,1,1,-1,8
tron1977,1,7,3,4,-1,0,1,1,-1,8
veroniqueb,1,7,3,4,-1,0,1,1,-1,8
V-loasdoasdpa,1,7,3,4,-1,0,1,1,-1,8
xFr34k,1,7,3,4,-1,0,1,1,-1,8
xUndeadzombies,1,7,3,4,-1,0,1,1,-1,8
yoyodude113,1,7,3,4,-1,0,1,1,-1,8
100HG,1,7,3,4,-1,0,0,1,-1,8
aakaakaak,1,7,3,4,-1,0,0,1,-1,8
asagao109,1,7,3,4,-1,0,0,1,-1,8
Astrokreep23,1,7,3,4,-1,0,0,1,-1,8
b90,1,7,3,4,-1,0,0,1,-1,8
CarlCarleston,1,7,3,4,-1,0,0,1,-1,8
ClubbedSeal97,1,7,3,4,-1,0,0,1,-1,8
coughcough1980,1,7,3,4,-1,0,0,1,-1,8
Cult_of_Oyster,1,7,3,4,-1,0,0,1,-1,8
DaltonTH,1,7,3,4,-1,0,0,1,-1,8
FormulaFuzzball,1,7,3,4,-1,0,0,1,-1,8
FrankieLight,1,7,3,4,-1,0,0,1,-1,8
g1mike,1,7,3,4,-1,0,0,1,-1,8
Gray_Fox,1,7,3,4,-1,0,0,1,-1,8
Grisuu112,1,7,3,4,-1,0,0,1,-1,8
horses_around,1,7,3,4,-1,0,0,1,-1,8
huehuehuehuebb,1,7,3,4,-1,0,0,1,-1,8
icantthinkofagoodnam,1,7,2,5,-3,2,0,1,-1,8
igamejosh,1,7,3,4,-1,0,0,1,-1,8
JojoSnyds,1,7,3,4,-1,0,0,1,-1,8
killtherebel,1,7,3,4,-1,0,0,1,-1,8
lodossheros,1,7,3,4,-1,0,0,1,-1,8
loooamafaip,1,7,2,5,-3,2,0,1,-1,8
Mazinem,1,7,3,4,-1,0,0,1,-1,8
nationaltreasure,1,7,3,4,-1,0,0,1,-1,8
nope_42,1,7,3,4,-1,0,0,1,-1,8
OhHiaThere,1,7,3,4,-1,0,0,1,-1,8
pdp1,1,7,3,4,-1,0,0,1,-1,8
Phalco,1,7,3,4,-1,0,0,1,-1,8
pm2846,1,7,3,4,-1,0,0,1,-1,8
pogonophobia,1,7,3,4,-1,0,0,1,-1,8
poops_all_berries,1,7,3,4,-1,0,0,1,-1,8
Racheldkane,1,7,3,4,-1,0,0,1,-1,8
sirpooperscooper,1,7,3,4,-1,0,0,1,-1,8
THAT_HORSE_GUY,1,7,2,5,-3,2,0,1,-1,8
The_Cooler_Guy,1,7,3,4,-1,0,0,1,-1,8
The_Sign_Painter,1,7,3,4,-1,0,0,1,-1,8
thevadster,1,7,3,4,-1,0,0,1,-1,8
TMNT123,1,7,3,4,-1,0,0,1,-1,8
undertakerdan13,1,7,3,4,-1,0,0,1,-1,8
VelosiT,1,7,3,4,-1,0,0,1,-1,8
VulpeHollow,1,7,3,4,-1,0,0,1,-1,8
Watchmaker85,1,7,3,4,-1,0,0,1,-1,8
wolf_spanky,1,7,3,4,-1,0,0,1,-1,8
yojolady93,1,7,3,4,-1,0,0,1,-1,8
Zygady,1,7,3,4,-1,0,0,1,-1,8
bruce1590,1,8,3,5,-2,0,1,0,-2,8
Caesar_Epicus,1,8,3,5,-2,0,1,0,-2,8
derpishi,1,8,3,5,-2,0,1,0,-2,8
IRapeUnicorns,1,8,3,5,-2,0,1,0,-2,8
KaiserPermanentaaaay,1,7,1,6,-5,3,1,1,-2,8
KingSpartan15,1,8,3,5,-2,0,1,0,-2,8
lmarsh93,1,8,3,5,-2,0,1,0,-2,8
reverendnathan,1,7,1,6,-5,3,1,1,-2,8
Sonic1515,1,8,3,5,-2,0,1,0,-2,8
Whisnant,1,8,3,5,-2,0,1,0,-2,8
WildVariety,1,8,3,5,-2,0,1,0,-2,8
zoran123456,1,7,1,6,-5,3,1,1,-2,8
ILolAtYou75,1,7,1,6,-5,3,0,1,-2,8
Aerisot,1,7,2,5,-3,0,1,1,-3,8
alisajohnson,1,7,2,5,-3,0,1,1,-3,8
AllCatandabagofChips,1,7,2,5,-3,0,1,1,-3,8
Ammmasdka,1,7,2,5,-3,0,1,1,-3,8
amywolanin,1,7,2,5,-3,0,1,1,-3,8
bleedingfingaz,1,7,1,6,-5,2,1,1,-3,8
bobbyn01,1,7,2,5,-3,0,1,1,-3,8
boysrus,1,7,2,5,-3,0,1,1,-3,8
busterbrown123,1,7,2,5,-3,0,1,1,-3,8
CalfAssed,1,7,2,5,-3,0,1,1,-3,8
DiddyDJ97,1,7,2,5,-3,0,1,1,-3,8
eoinrade,1,7,2,5,-3,0,1,1,-3,8
Erik02,1,7,2,5,-3,0,1,1,-3,8
forevabronze,1,7,2,5,-3,0,1,1,-3,8
Frashizzle,1,7,2,5,-3,0,1,1,-3,8
freestbeast,1,7,2,5,-3,0,1,1,-3,8
FutzinChamp,1,7,2,5,-3,0,1,1,-3,8
hazelljane,1,7,1,6,-5,2,1,1,-3,8
hball0423,1,7,2,5,-3,0,1,1,-3,8
jestemmyszka,1,7,2,5,-3,0,1,1,-3,8
jonopurday,1,7,2,5,-3,0,1,1,-3,8
LizRiztilla,1,7,2,5,-3,0,1,1,-3,8
lonewurf,1,7,2,5,-3,0,1,1,-3,8
Maurinlepuyquina,1,7,2,5,-3,0,1,1,-3,8
mgsolid4,1,7,2,5,-3,0,1,1,-3,8
naquin69,1,7,1,6,-5,2,1,1,-3,8
nesuahoduesp,1,7,2,5,-3,0,1,1,-3,8
ntkg,1,7,2,5,-3,0,1,1,-3,8
ohmygoshalexis,1,7,1,6,-5,2,1,1,-3,8
pedrogpimenta,1,7,2,5,-3,0,1,1,-3,8
Pelicannot_cope,1,7,2,5,-3,0,1,1,-3,8
Photon_Disaster,1,7,2,5,-3,0,1,1,-3,8
prometheus2808,1,7,2,5,-3,0,1,1,-3,8
ReeceMoyes,1,7,2,5,-3,0,1,1,-3,8
safguy,1,7,1,6,-5,2,1,1,-3,8
Some_Dub_Wub,1,7,2,5,-3,0,1,1,-3,8
Sporkinat0r,1,7,2,5,-3,0,1,1,-3,8
supermanbadger,1,7,2,5,-3,0,1,1,-3,8
thesundaypost1,1,7,2,5,-3,0,1,1,-3,8
timetorumblritertr,1,7,2,5,-3,0,1,1,-3,8
WeepLittleLionMan,1,7,2,5,-3,0,1,1,-3,8
willnowell,1,7,2,5,-3,0,1,1,-3,8
yellowcakewalk,1,7,2,5,-3,0,1,1,-3,8
Zombiemom,1,7,2,5,-3,0,1,1,-3,8
Ainderp,1,7,1,6,-5,2,0,1,-3,8
AstroJew,1,7,2,5,-3,0,0,1,-3,8
ChilledSnowman,1,7,2,5,-3,0,0,1,-3,8
Claim_to_Lame,1,7,2,5,-3,0,0,1,-3,8
CrazedStarFan901,1,7,2,5,-3,0,0,1,-3,8
dongsman,1,7,2,5,-3,0,0,1,-3,8
FluffMuffins,1,7,2,5,-3,0,0,1,-3,8
formyshittymemes,1,7,2,5,-3,0,0,1,-3,8
Harkruel,1,7,1,6,-5,2,0,1,-3,8
HarmonyHeartstrings,1,7,2,5,-3,0,0,1,-3,8
Julise5,1,7,2,5,-3,0,0,1,-3,8
karmafoo87,1,7,2,5,-3,0,0,1,-3,8
Lookonmywork,1,7,1,6,-5,2,0,1,-3,8
Marken57,1,7,2,5,-3,0,0,1,-3,8
matsuwi101,1,7,2,5,-3,0,0,1,-3,8
Nigger-Guy,1,7,2,5,-3,0,0,1,-3,8
NotSayingJustSaying,1,7,1,6,-5,2,0,1,-3,8
nwmz,1,7,2,5,-3,0,0,1,-3,8
redundantusername,1,7,2,5,-3,0,0,1,-3,8
skratched1,1,7,2,5,-3,0,0,1,-3,8
sturd,1,7,2,5,-3,0,0,1,-3,8
Atraxxas,1,8,2,6,-4,0,1,0,-4,8
BagelSANGWICH,1,8,2,6,-4,0,1,0,-4,8
DontDrinkTheNyQuil,1,8,2,6,-4,0,1,0,-4,8
enginedriver,1,8,2,6,-4,0,1,0,-4,8
Parictis,1,8,2,6,-4,0,1,0,-4,8
zach22zach22,1,8,2,6,-4,0,1,0,-4,8
amazonico,1,7,1,6,-5,0,1,1,-5,8
ArtsyParty,1,7,1,6,-5,0,1,1,-5,8
bagezio,1,7,1,6,-5,0,1,1,-5,8
Blabacus,1,7,1,6,-5,0,1,1,-5,8
bluejuicebucket,1,7,1,6,-5,0,1,1,-5,8
bsrevell,1,7,1,6,-5,0,1,1,-5,8
Captain_Birdseye,1,7,1,6,-5,0,1,1,-5,8
crawsome,1,7,1,6,-5,0,1,1,-5,8
EvMARS,1,7,1,6,-5,0,1,1,-5,8
fdlg94,1,7,1,6,-5,0,1,1,-5,8
finally_made_account,1,7,1,6,-5,0,1,1,-5,8
Finnn_the_human,1,7,1,6,-5,0,1,1,-5,8
fuck_my_user_name,1,7,1,6,-5,0,1,1,-5,8
GTA4Life,1,7,1,6,-5,0,1,1,-5,8
gunnersaurusrob,1,7,1,6,-5,0,1,1,-5,8
hmminterestsgsg,1,7,1,6,-5,0,1,1,-5,8
Irkngthand,1,7,1,6,-5,0,1,1,-5,8
iwouldfuckmostthings,1,7,1,6,-5,0,1,1,-5,8
Jeffrey022,1,7,1,6,-5,0,1,1,-5,8
jimmybbaby,1,7,1,6,-5,0,1,1,-5,8
JKANJoel,1,7,1,6,-5,0,1,1,-5,8
jpparkenbone,1,7,1,6,-5,0,1,1,-5,8
khaloodi,1,7,1,6,-5,0,1,1,-5,8
Mannonball,1,7,1,6,-5,0,1,1,-5,8
MNGaming,1,7,1,6,-5,0,1,1,-5,8
munchmills,1,7,1,6,-5,0,1,1,-5,8
nmorf,1,7,1,6,-5,0,1,1,-5,8
nnorton00,1,7,1,6,-5,0,1,1,-5,8
p38jlightning,1,7,1,6,-5,0,1,1,-5,8
pancakemassacre,1,7,1,6,-5,0,1,1,-5,8
PeachyRaider9,1,7,1,6,-5,0,1,1,-5,8
prettybad2thebone,1,7,1,6,-5,0,1,1,-5,8
SirAydin,1,7,1,6,-5,0,1,1,-5,8
soiitary,1,7,1,6,-5,0,1,1,-5,8
squishyparts,1,7,1,6,-5,0,1,1,-5,8
StubeTakeSammich,1,7,1,6,-5,0,1,1,-5,8
Super_sarcastic,1,7,1,6,-5,0,1,1,-5,8
swanpenguin,1,7,1,6,-5,0,1,1,-5,8
the_budge,1,7,1,6,-5,0,1,1,-5,8
TheBelt,1,7,1,6,-5,0,1,1,-5,8
TheDrunkFly,1,7,1,6,-5,0,1,1,-5,8
ThrashingWompus,1,7,1,6,-5,0,1,1,-5,8
unlockrs,1,7,1,6,-5,0,1,1,-5,8
UntouchablePansy,1,7,1,6,-5,0,1,1,-5,8
AcePrimed,1,7,1,6,-5,0,0,1,-5,8
bacolicio,1,7,1,6,-5,0,0,1,-5,8
bryonyy,1,7,1,6,-5,0,0,1,-5,8
croptonyellow,1,7,1,6,-5,0,0,1,-5,8
Daradus,1,7,1,6,-5,0,0,1,-5,8
Davidhaslhof,1,7,1,6,-5,0,0,1,-5,8
ElCincoDeDiamantes,1,7,1,6,-5,0,0,1,-5,8
FartMagnet,1,7,1,6,-5,0,0,1,-5,8
femaleredditor25,1,7,1,6,-5,0,0,1,-5,8
fleurdelisle,1,7,1,6,-5,0,0,1,-5,8
hatms,1,7,1,6,-5,0,0,1,-5,8
hesjustalittleguy,1,7,1,6,-5,0,0,1,-5,8
ivaliciantea,1,7,1,6,-5,0,0,1,-5,8
Jesuswaterwalk,1,7,1,6,-5,0,0,1,-5,8
rriz7,1,7,1,6,-5,0,0,1,-5,8
chileverde69,1,8,1,7,-6,0,1,0,-6,8
MustIRage,1,8,1,7,-6,0,1,0,-6,8
ntgv,1,8,1,7,-6,0,1,0,-6,8
Ronnie_Soak,1,8,1,7,-6,0,1,0,-6,8
WerewolfCircus,1,8,1,7,-6,0,1,0,-6,8
spencerak,1,7,0,7,-7,0,1,1,-7,8
sburns204,1,7,0,7,-7,0,0,1,-7,8
B-doff,1,7,6,1,5,4,1,0,9,7
eggmily,1,6,6,0,6,3,1,1,9,7
Joeymonac0,1,6,5,1,4,5,1,1,9,7
PhenomFTW,1,7,7,0,7,2,1,0,9,7
luckythejohnnie,1,6,5,1,4,5,0,1,9,7
ploogle,1,6,3,3,0,9,0,1,9,7
Schwinehund,1,6,4,2,2,7,0,1,9,7
muskieratboi,1,7,3,4,-1,9,1,0,8,7
Mynameismaybe,1,6,6,0,6,2,1,1,8,7
TheZenji,1,6,3,3,0,8,1,1,8,7
SyncMii,1,6,6,0,6,2,0,1,8,7
-BREASTICLES-,1,7,6,1,5,2,1,0,7,7
CharlieFightsEmOff,1,6,5,1,4,3,1,1,7,7
CM17X,1,6,4,2,2,5,1,1,7,7
HatfieldB1982,1,6,5,1,4,3,1,1,7,7
I_Agree_with_reddit,1,6,5,1,4,3,1,1,7,7
lamprey187,1,7,7,0,7,0,1,0,7,7
pooshdacom,1,6,4,2,2,5,1,1,7,7
Rd2Cyp,1,6,4,2,2,5,1,1,7,7
Rockkstar,1,6,3,3,0,7,1,1,7,7
AtilaTheWitchRapist,1,6,4,2,2,5,0,1,7,7
johnf1285,1,6,4,2,2,5,0,1,7,7
vette21,1,6,4,2,2,5,0,1,7,7
willmccameron,1,6,5,1,4,3,0,1,7,7
1thingtosee,1,6,4,2,2,4,1,1,6,7
AbrahamAshley,1,6,5,1,4,2,1,1,6,7
BusinessHugs,1,6,5,1,4,2,1,1,6,7
cocoandco,1,6,6,0,6,0,1,1,6,7
DQpoo,1,6,5,1,4,2,1,1,6,7
GamerChick7,1,6,6,0,6,0,1,1,6,7
kaffrinphilly,1,6,5,1,4,2,1,1,6,7
nepalesedogg,1,6,5,1,4,2,1,1,6,7
not-admin,1,6,6,0,6,0,1,1,6,7
oldmanswar,1,6,5,1,4,2,1,1,6,7
phooez,1,6,5,1,4,2,1,1,6,7
Prototypex31,1,6,6,0,6,0,1,1,6,7
RazakelApollyon,1,7,3,4,-1,7,1,0,6,7
Seikoholic,1,6,6,0,6,0,1,1,6,7
TeaRat,1,6,5,1,4,2,1,1,6,7
TheScrantonStrangler,1,6,5,1,4,2,1,1,6,7
tinkybonk,1,6,6,0,6,0,1,1,6,7
VAWE4FVX,1,6,6,0,6,0,1,1,6,7
Zorkamork,1,6,5,1,4,2,1,1,6,7
AlTinn,1,6,6,0,6,0,0,1,6,7
azzamjafar1994,1,6,6,0,6,0,0,1,6,7
badnewscass,1,6,5,1,4,2,0,1,6,7
BoredomCalls,1,6,6,0,6,0,0,1,6,7
CH_thegreat,1,6,6,0,6,0,0,1,6,7
gizmosphere,1,6,6,0,6,0,0,1,6,7
HuggiesSucks,1,6,5,1,4,2,0,1,6,7
I-AM-A-LIAR,1,6,5,1,4,2,0,1,6,7
ImOnAWalkieTalkie,1,6,5,1,4,2,0,1,6,7
iphonie,1,6,3,3,0,6,0,1,6,7
Mictlantecuhtli,1,6,5,1,4,2,0,1,6,7
Ophrys13,1,6,6,0,6,0,0,1,6,7
parisenne,1,6,6,0,6,0,0,1,6,7
Rhyno001,1,6,6,0,6,0,0,1,6,7
stanislavski,1,6,6,0,6,0,0,1,6,7
tubrookulosis,1,6,6,0,6,0,0,1,6,7
WasASquid,1,6,2,4,-2,8,0,1,6,7
dcbouf,1,7,6,1,5,0,1,0,5,7
Gh0stfac3,1,6,4,2,2,3,1,1,5,7
interestica,1,6,4,2,2,3,1,1,5,7
Kilokaai,2,7,6,1,5,0,1,0,5,7
Ladychingow,1,7,6,1,5,0,1,0,5,7
lovemeorrageme,1,7,6,1,5,0,1,0,5,7
marqck,1,6,3,3,0,5,1,1,5,7
Mentalmadness,1,6,4,2,2,3,1,1,5,7
OmegaGenesis,1,6,4,2,2,3,1,1,5,7
SerNerd,1,6,4,2,2,3,1,1,5,7
sierramisty11,1,7,4,3,1,4,1,0,5,7
Sollix,1,7,5,2,3,2,1,0,5,7
Svanhvit,1,7,5,2,3,2,1,0,5,7
Theas1an,1,7,6,1,5,0,1,0,5,7
YouOverRotated,1,7,5,2,3,2,1,0,5,7
Yupithinklikethat,1,7,6,1,5,0,1,0,5,7
zzoom,1,7,4,3,1,4,1,0,5,7
erty768,1,6,4,2,2,3,0,1,5,7
FabianTIR,1,6,4,2,2,3,0,1,5,7
ghettomedic,1,7,6,1,5,0,0,0,5,7
MaximusTheDog,1,6,4,2,2,3,0,1,5,7
vletmixutechre,1,7,5,2,3,2,0,0,5,7
Vpolne,1,6,1,5,-4,9,0,1,5,7
3N19M4,1,6,5,1,4,0,1,1,4,7
AkumaMatata,1,6,3,3,0,4,1,1,4,7
awertz23,1,6,5,1,4,0,1,1,4,7
azn1734,1,6,5,1,4,0,1,1,4,7
BitKid4,1,6,5,1,4,0,1,1,4,7
blackandwhitecookie,1,6,4,2,2,2,1,1,4,7
Blackglade,1,6,4,2,2,2,1,1,4,7
BobbyFranklyn,1,6,4,2,2,2,1,1,4,7
bugaloo91,1,6,5,1,4,0,1,1,4,7
CbaThinkingOfaName,1,6,5,1,4,0,1,1,4,7
chuzzzle,1,6,4,2,2,2,1,1,4,7
claireeeb,1,6,3,3,0,4,1,1,4,7
FranciBambi,1,6,5,1,4,0,1,1,4,7
genna_TALL_warts,1,6,5,1,4,0,1,1,4,7
GhostlyArmageddon,1,6,5,1,4,0,1,1,4,7
guiltygardevoir,1,6,4,2,2,2,1,1,4,7
harmonized1,1,6,5,1,4,0,1,1,4,7
HelloHombre,1,6,3,3,0,4,1,1,4,7
imSagittarius,1,6,5,1,4,0,1,1,4,7
janemann,1,6,5,1,4,0,1,1,4,7
jezebelledwells,1,6,5,1,4,0,1,1,4,7
Joyfulee,1,6,5,1,4,0,1,1,4,7
jshreves,1,6,5,1,4,0,1,1,4,7
Kimusubi,1,6,5,1,4,0,1,1,4,7
liquidbread,1,6,5,1,4,0,1,1,4,7
mattymogue,1,6,3,3,0,4,1,1,4,7
maynardftw,1,6,5,1,4,0,1,1,4,7
Megrizzle,1,6,5,1,4,0,1,1,4,7
MikeOfThePalace,1,6,5,1,4,0,1,1,4,7
MrFlowJo,1,6,3,3,0,4,1,1,4,7
NkafKe,1,6,5,1,4,0,1,1,4,7
Origin_808,1,6,5,1,4,0,1,1,4,7
Painter22,1,6,5,1,4,0,1,1,4,7
polker,1,6,5,1,4,0,1,1,4,7
r0b0tr0ck,1,6,5,1,4,0,1,1,4,7
rjvz10,1,6,5,1,4,0,1,1,4,7
Rogiis,1,6,4,2,2,2,1,1,4,7
romm22,1,6,5,1,4,0,1,1,4,7
ronnie5165,1,6,5,1,4,0,1,1,4,7
ShelbyRae17,1,6,5,1,4,0,1,1,4,7
Squidalmighty,1,6,4,2,2,2,1,1,4,7
superblystoned15,1,6,5,1,4,0,1,1,4,7
Svennipenni,1,6,5,1,4,0,1,1,4,7
SwoccerFields,1,6,4,2,2,2,1,1,4,7
Tenator,1,6,5,1,4,0,1,1,4,7
TerracottaSoldier,1,6,5,1,4,0,1,1,4,7
terw,1,6,5,1,4,0,1,1,4,7
TheDirtyMailman,1,6,5,1,4,0,1,1,4,7
tommaco81,1,6,4,2,2,2,1,1,4,7
Tree-Fingers,1,6,5,1,4,0,1,1,4,7
Trollmaster9000,1,6,5,1,4,0,1,1,4,7
Urckel,1,6,5,1,4,0,1,1,4,7
vip600,1,6,5,1,4,0,1,1,4,7
vpxtreme,1,6,5,1,4,0,1,1,4,7
wordybird,1,6,4,2,2,2,1,1,4,7
wowurtubby,1,6,5,1,4,0,1,1,4,7
ZackAttck,1,6,5,1,4,0,1,1,4,7
abraininajar,1,6,5,1,4,0,0,1,4,7
aranoch,1,6,5,1,4,0,0,1,4,7
beautifulbecca,1,6,5,1,4,0,0,1,4,7
blinkeblink,1,6,5,1,4,0,0,1,4,7
btap777,1,6,5,1,4,0,0,1,4,7
buzzz989,1,6,5,1,4,0,0,1,4,7
cwhite13,1,6,5,1,4,0,0,1,4,7
danton49,1,6,5,1,4,0,0,1,4,7
DeadDemon,1,6,5,1,4,0,0,1,4,7
drMONEYmd,1,6,5,1,4,0,0,1,4,7
FalseFacts_,1,6,5,1,4,0,0,1,4,7
faustelo,1,6,5,1,4,0,0,1,4,7
Gthompson22,1,6,5,1,4,0,0,1,4,7
Gurbob,1,6,5,1,4,0,0,1,4,7
icydeadppl,1,6,5,1,4,0,0,1,4,7
iezugod,1,6,5,1,4,0,0,1,4,7
jbrooks21,1,6,5,1,4,0,0,1,4,7
justcallmesaul,1,6,4,2,2,2,0,1,4,7
KingBeetle,1,6,5,1,4,0,0,1,4,7
madkow77,1,6,5,1,4,0,0,1,4,7
McDoubleD,1,6,5,1,4,0,0,1,4,7
meercatdave,1,6,5,1,4,0,0,1,4,7
MgZIA,1,6,5,1,4,0,0,1,4,7
Mi_sono_perso,1,6,5,1,4,0,0,1,4,7
moosee21,1,6,5,1,4,0,0,1,4,7
MrClimatize,1,6,5,1,4,0,0,1,4,7
PictureTraveller,1,6,5,1,4,0,0,1,4,7
Polite_Toad,1,6,4,2,2,2,0,1,4,7
scumbagcoyote,1,6,5,1,4,0,0,1,4,7
skindust,1,6,5,1,4,0,0,1,4,7
slashx14,1,6,5,1,4,0,0,1,4,7
smith1302,1,6,5,1,4,0,0,1,4,7
StillLifeWithDog,1,6,5,1,4,0,0,1,4,7
svivvty,1,6,5,1,4,0,0,1,4,7
the_patman,1,6,5,1,4,0,0,1,4,7
TheAlcoholocaust,1,6,5,1,4,0,0,1,4,7
Tsain,1,6,4,2,2,2,0,1,4,7
Vaadrwalll,1,6,5,1,4,0,0,1,4,7
vinnycogs820,1,6,4,2,2,2,0,1,4,7
VolpeFiasco,1,6,5,1,4,0,0,1,4,7
Warsicklol,1,6,5,1,4,0,0,1,4,7
Ziggarot,1,6,3,3,0,4,0,1,4,7
_ardently,1,7,5,2,3,0,1,0,3,7
14h0urs,1,6,3,3,0,3,1,1,3,7
ChrisNW10,1,7,5,2,3,0,1,0,3,7
DrifterOnMeds,1,7,5,2,3,0,1,0,3,7
duxbellorum2313,1,7,5,2,3,0,1,0,3,7
foreveralone79,1,7,5,2,3,0,1,0,3,7
guitarhero0071,1,7,4,3,1,2,1,0,3,7
Jonurt,1,7,4,3,1,2,1,0,3,7
MrXBob,1,7,4,3,1,2,1,0,3,7
SAPABADAPBOPADAAPADA,1,7,5,2,3,0,1,0,3,7
Scooby5nacks,1,6,3,3,0,3,1,1,3,7
scoobyjoo,1,6,3,3,0,3,1,1,3,7
SmileyShio,1,7,5,2,3,0,1,0,3,7
Smokin_trees18,1,7,4,3,1,2,1,0,3,7
spladinkle,1,7,4,3,1,2,1,0,3,7
TailoredSir,1,6,3,3,0,3,1,1,3,7
thingsyoucouldthink,1,7,4,3,1,2,1,0,3,7
Todachopper,1,6,3,3,0,3,1,1,3,7
Weepingmulberry,1,6,3,3,0,3,1,1,3,7
plus245,1,7,5,2,3,0,0,0,3,7
tresbizarre,1,6,3,3,0,3,0,1,3,7
acgage,1,6,4,2,2,0,1,1,2,7
AJMiller87,1,6,4,2,2,0,1,1,2,7
Ancel3,1,6,4,2,2,0,1,1,2,7
aPennQuaker,1,6,3,3,0,2,1,1,2,7
ASIAN4life,1,6,3,3,0,2,1,1,2,7
badgoat,1,6,4,2,2,0,1,1,2,7
Balzano,1,6,4,2,2,0,1,1,2,7
bazkie,1,6,4,2,2,0,1,1,2,7
bigjacob554,1,6,4,2,2,0,1,1,2,7
BludLustinBusta,1,6,3,3,0,2,1,1,2,7
blueflake8,1,6,4,2,2,0,1,1,2,7
bobbyoblog,1,6,4,2,2,0,1,1,2,7
bootstrap_bill8,1,6,4,2,2,0,1,1,2,7
brobert4,1,6,4,2,2,0,1,1,2,7
Cantaria,1,6,4,2,2,0,1,1,2,7
Chameleon720,1,6,4,2,2,0,1,1,2,7
clintonjh88,1,6,4,2,2,0,1,1,2,7
CokeStroke,1,6,4,2,2,0,1,1,2,7
cptRedBeard,1,6,4,2,2,0,1,1,2,7
crw794,1,6,4,2,2,0,1,1,2,7
cwumed,1,6,4,2,2,0,1,1,2,7
Damascius,1,6,4,2,2,0,1,1,2,7
DeniseLou,1,6,3,3,0,2,1,1,2,7
derpcraft3,1,6,4,2,2,0,1,1,2,7
designershoe,1,6,4,2,2,0,1,1,2,7
dissidente,1,6,4,2,2,0,1,1,2,7
dreadlordbone,1,6,3,3,0,2,1,1,2,7
DreggerBoy,1,6,4,2,2,0,1,1,2,7
drpuddinpops,1,6,4,2,2,0,1,1,2,7
Drumtarist,1,6,4,2,2,0,1,1,2,7
FlareHunter77,1,6,3,3,0,2,1,1,2,7
Footty67,1,6,4,2,2,0,1,1,2,7
GarbageBuffalo,1,6,4,2,2,0,1,1,2,7
Glaedr11,1,6,4,2,2,0,1,1,2,7
Glugnarr,1,6,4,2,2,0,1,1,2,7
GrannyGoodness,1,6,4,2,2,0,1,1,2,7
greatmsk,1,6,4,2,2,0,1,1,2,7
Guarnstar,1,6,4,2,2,0,1,1,2,7
happyslapgonutzkick,1,6,4,2,2,0,1,1,2,7
hauxter,1,6,4,2,2,0,1,1,2,7
hrb2492,1,6,4,2,2,0,1,1,2,7
HWGCv2,1,6,4,2,2,0,1,1,2,7
i_feel_like_shit,1,6,4,2,2,0,1,1,2,7
ikkasikka,1,6,4,2,2,0,1,1,2,7
Imbackbabies,1,6,4,2,2,0,1,1,2,7
ImMikeHonco,1,6,4,2,2,0,1,1,2,7
inothisprettyravegrl,1,6,4,2,2,0,1,1,2,7
itschrome,1,6,4,2,2,0,1,1,2,7
jlv816,1,6,4,2,2,0,1,1,2,7
joetremor,1,6,4,2,2,0,1,1,2,7
johnthexiii,1,6,3,3,0,2,1,1,2,7
josephbikes,1,6,4,2,2,0,1,1,2,7
Jumpin_Joeronimo,2,6,4,2,2,0,1,1,2,7
KidneyFailure,1,6,4,2,2,0,1,1,2,7
KillerElbow,1,6,4,2,2,0,1,1,2,7
KittenzforBreakfast,1,6,4,2,2,0,1,1,2,7
Kyloman,1,6,4,2,2,0,1,1,2,7
Lord_Henry_Wotton,1,6,4,2,2,0,1,1,2,7
LostVoodoo,1,6,3,3,0,2,1,1,2,7
ManiacalMan,1,6,4,2,2,0,1,1,2,7
Manneliese,1,6,4,2,2,0,1,1,2,7
meatwad75892,1,6,4,2,2,0,1,1,2,7
messedhobo,1,6,4,2,2,0,1,1,2,7
Metallica_lover,1,6,4,2,2,0,1,1,2,7
milaaa,1,7,3,4,-1,3,1,0,2,7
moneyovah,1,6,4,2,2,0,1,1,2,7
MrCapsaicin,1,6,4,2,2,0,1,1,2,7
namine42,1,6,4,2,2,0,1,1,2,7
nard-el,1,6,4,2,2,0,1,1,2,7
neogod,1,6,4,2,2,0,1,1,2,7
nomolurkin,1,6,4,2,2,0,1,1,2,7
nonameslob,1,6,4,2,2,0,1,1,2,7
Ogracchus,1,6,4,2,2,0,1,1,2,7
OwnTheInterTubes,1,6,4,2,2,0,1,1,2,7
R4tb3lly,1,6,3,3,0,2,1,1,2,7
Random-Miser,1,6,4,2,2,0,1,1,2,7
raneff,1,6,4,2,2,0,1,1,2,7
rdelamora1,1,6,4,2,2,0,1,1,2,7
Ric3rid3r,1,6,2,4,-2,4,1,1,2,7
Roosevlt,1,6,4,2,2,0,1,1,2,7
s3anwitha3,1,6,4,2,2,0,1,1,2,7
sedictor,1,6,2,4,-2,4,1,1,2,7
Serphacio,1,6,4,2,2,0,1,1,2,7
ShAd0wMaN,1,6,4,2,2,0,1,1,2,7
ShadowWw321,1,6,4,2,2,0,1,1,2,7
SherifOfPaddys,1,6,4,2,2,0,1,1,2,7
Shinypaper,1,6,4,2,2,0,1,1,2,7
slightlya,1,6,4,2,2,0,1,1,2,7
sonofawatchmaker,1,6,4,2,2,0,1,1,2,7
sorites,1,6,3,3,0,2,1,1,2,7
stankypants,1,7,3,4,-1,3,1,0,2,7
Stinemon,1,6,4,2,2,0,1,1,2,7
superpod,1,6,4,2,2,0,1,1,2,7
sweetkateMD,1,6,4,2,2,0,1,1,2,7
Tayfoon,1,6,4,2,2,0,1,1,2,7
tellitlikeitisbaby,1,6,4,2,2,0,1,1,2,7
teufelweich,1,6,3,3,0,2,1,1,2,7
The_devil_of_loudun,1,6,4,2,2,0,1,1,2,7
theluckymarz,1,6,4,2,2,0,1,1,2,7
themoore117,1,6,3,3,0,2,1,1,2,7
thesummerkid,1,6,4,2,2,0,1,1,2,7
TireTame,1,6,4,2,2,0,1,1,2,7
toobulkeh,1,6,3,3,0,2,1,1,2,7
trytheblumpkin,1,6,4,2,2,0,1,1,2,7
TwinPower2012,1,6,4,2,2,0,1,1,2,7
validargument,1,6,4,2,2,0,1,1,2,7
vibrant_crab,1,6,4,2,2,0,1,1,2,7
Wanderlustification,1,6,4,2,2,0,1,1,2,7
WinterCharm,1,6,4,2,2,0,1,1,2,7
Wolf_SF,1,6,4,2,2,0,1,1,2,7
worthreading,1,6,4,2,2,0,1,1,2,7
xiRoNyx,1,6,4,2,2,0,1,1,2,7
Xplos1v3,1,6,2,4,-2,4,1,1,2,7
xRaito,1,6,3,3,0,2,1,1,2,7
yellanie,1,6,4,2,2,0,1,1,2,7
zagman76,1,6,4,2,2,0,1,1,2,7
ZonaLou,1,6,4,2,2,0,1,1,2,7
1M9R0F9,1,6,4,2,2,0,0,1,2,7
Adramelec,1,6,4,2,2,0,0,1,2,7
Ahtien,1,6,4,2,2,0,0,1,2,7
astronaut5000,1,6,4,2,2,0,0,1,2,7
Baugher117,1,6,4,2,2,0,0,1,2,7
brutalknight,1,6,4,2,2,0,0,1,2,7
Captain_Misjudgement,1,6,4,2,2,0,0,1,2,7
chaths,1,6,4,2,2,0,0,1,2,7
ChubakTheZartosht,1,6,3,3,0,2,0,1,2,7
dcbaros,1,6,4,2,2,0,0,1,2,7
deadbunny,1,6,4,2,2,0,0,1,2,7
DestinyTurtle,1,6,4,2,2,0,0,1,2,7
dier108,1,6,4,2,2,0,0,1,2,7
Ding_gz,1,6,4,2,2,0,0,1,2,7
dipatoe,1,6,4,2,2,0,0,1,2,7
dmellang04,1,6,4,2,2,0,0,1,2,7
Drock967,1,6,4,2,2,0,0,1,2,7
easytiger_,1,6,4,2,2,0,0,1,2,7
EgyptianGuyy,1,6,4,2,2,0,0,1,2,7
FaySliGothyc,1,6,3,3,0,2,0,1,2,7
forbetterdays,1,6,4,2,2,0,0,1,2,7
goatsin,1,6,4,2,2,0,0,1,2,7
Goldboy,1,6,4,2,2,0,0,1,2,7
GroovenileDelinquent,1,6,4,2,2,0,0,1,2,7
habaroa,1,6,4,2,2,0,0,1,2,7
IGG99,1,6,4,2,2,0,0,1,2,7
jerkdork,1,6,4,2,2,0,0,1,2,7
makattak88,1,6,3,3,0,2,0,1,2,7
Missionmojo,1,6,4,2,2,0,0,1,2,7
other_one,1,6,4,2,2,0,0,1,2,7
rayrayrayray,1,6,4,2,2,0,0,1,2,7
RedFox18,1,6,4,2,2,0,0,1,2,7
robert_ahnmeischaft,1,6,4,2,2,0,0,1,2,7
SacredTorment,1,6,3,3,0,2,0,1,2,7
saibotzzob,1,6,4,2,2,0,0,1,2,7
samuelcooke77,1,6,3,3,0,2,0,1,2,7
scubadee1,1,6,4,2,2,0,0,1,2,7
smile0001,1,6,4,2,2,0,0,1,2,7
soljageesniper,1,6,3,3,0,2,0,1,2,7
Sonofbilly,1,6,4,2,2,0,0,1,2,7
spidy666uk,1,6,4,2,2,0,0,1,2,7
superbiondo,1,6,4,2,2,0,0,1,2,7
Tblanco,1,6,4,2,2,0,0,1,2,7
turdbagel_,1,6,3,3,0,2,0,1,2,7
Valistia,1,6,3,3,0,2,0,1,2,7
willsnewman,1,6,4,2,2,0,0,1,2,7
belltollsfortea,1,6,2,4,-2,3,1,1,1,7
Captain-Lunatic,2,5,3,2,1,0,1,2,1,7
CormacD123,1,7,4,3,1,0,1,0,1,7
crackncola,1,7,3,4,-1,2,1,0,1,7
CunderscoreF,1,7,4,3,1,0,1,0,1,7
DerpSpock,1,7,4,3,1,0,1,0,1,7
Easter202,1,6,2,4,-2,3,1,1,1,7
FridayNiteGoatParade,1,7,4,3,1,0,1,0,1,7
gojira333,1,6,2,4,-2,3,1,1,1,7
gordito93,1,6,2,4,-2,3,1,1,1,7
hwamil,1,6,2,4,-2,3,1,1,1,7
jetblack423,1,7,4,3,1,0,1,0,1,7
lolzorzface25,1,7,3,4,-1,2,1,0,1,7
montypythonssheep,1,7,4,3,1,0,1,0,1,7
mynameisnat,1,7,4,3,1,0,1,0,1,7
pokemontea1,1,6,2,4,-2,3,1,1,1,7
PorcupinePuffer,1,7,4,3,1,0,1,0,1,7
sorryhemispheres,1,6,2,4,-2,3,1,1,1,7
themaster_jordan,1,6,2,4,-2,3,1,1,1,7
Atticah,1,6,2,4,-2,3,0,1,1,7
Buckit,2,7,4,3,1,0,0,0,1,7
Half_Elf_Wrangler,1,6,2,4,-2,3,0,1,1,7
_nich0las,1,6,3,3,0,0,1,1,0,7
AgentShifty,1,6,3,3,0,0,1,1,0,7
ale_pato,1,6,3,3,0,0,1,1,0,7
artyj,1,6,3,3,0,0,1,1,0,7
aveen,1,6,3,3,0,0,1,1,0,7
babyshanks,1,6,3,3,0,0,1,1,0,7
bagadman,1,6,3,3,0,0,1,1,0,7
blckmorning,1,6,3,3,0,0,1,1,0,7
Breezeely,1,6,3,3,0,0,1,1,0,7
bummer69a,1,6,3,3,0,0,1,1,0,7
ButterBastedTits,1,6,3,3,0,0,1,1,0,7
ColemanRable,1,6,3,3,0,0,1,1,0,7
CommanderSnake,1,6,3,3,0,0,1,1,0,7
copsnrobberz,1,6,3,3,0,0,1,1,0,7
cupojoeque,1,6,3,3,0,0,1,1,0,7
curtismyers1,1,6,3,3,0,0,1,1,0,7
daerickson19,1,6,3,3,0,0,1,1,0,7
DaJKop,1,6,3,3,0,0,1,1,0,7
Dani212M,1,6,3,3,0,0,1,1,0,7
darthmiaou,1,6,3,3,0,0,1,1,0,7
devilock420,1,6,3,3,0,0,1,1,0,7
DJRopak,1,6,3,3,0,0,1,1,0,7
Dobbins3,1,6,3,3,0,0,1,1,0,7
Dr_Turner,1,6,2,4,-2,2,1,1,0,7
DrDreDetox,1,6,3,3,0,0,1,1,0,7
EchoDaGecko,1,6,3,3,0,0,1,1,0,7
EmatoelDiablo,1,6,3,3,0,0,1,1,0,7
F1FTYSE7EN,1,6,3,3,0,0,1,1,0,7
fixorater,1,6,3,3,0,0,1,1,0,7
fulkfulkfulk,1,6,3,3,0,0,1,1,0,7
Gagege,1,7,2,5,-3,3,1,0,0,7
gibsg08,1,6,3,3,0,0,1,1,0,7
Goldenhawk363,1,6,3,3,0,0,1,1,0,7
GOsurfbum,1,6,3,3,0,0,1,1,0,7
Hinter44,1,6,3,3,0,0,1,1,0,7
iDubWheniStep,1,6,3,3,0,0,1,1,0,7
Iggins01,1,6,3,3,0,0,1,1,0,7
ILikefishdicks,1,6,3,3,0,0,1,1,0,7
itsanew,1,6,3,3,0,0,1,1,0,7
jackaler,1,6,2,4,-2,2,1,1,0,7
jackcarew1992,1,6,3,3,0,0,1,1,0,7
Janacious,1,6,3,3,0,0,1,1,0,7
jaylikescheese,1,6,3,3,0,0,1,1,0,7
jcolley99,1,6,3,3,0,0,1,1,0,7
jjbeerman,1,6,3,3,0,0,1,1,0,7
joe-saenz01,1,6,3,3,0,0,1,1,0,7
johnstangg,1,6,3,3,0,0,1,1,0,7
jonnynewjet,1,6,3,3,0,0,1,1,0,7
Kaano98,1,6,3,3,0,0,1,1,0,7
kinkosmyers,1,6,3,3,0,0,1,1,0,7
Laineydorsey,1,6,2,4,-2,2,1,1,0,7
Larzak,1,6,3,3,0,0,1,1,0,7
link_acct,1,6,3,3,0,0,1,1,0,7
Longboardin_douche,1,6,3,3,0,0,1,1,0,7
m_g_h_0491,1,6,3,3,0,0,1,1,0,7
M1L1T1A,1,6,3,3,0,0,1,1,0,7
m4nd0r,1,6,3,3,0,0,1,1,0,7
maintainman,1,6,3,3,0,0,1,1,0,7
Manny_Mudbutt,1,6,3,3,0,0,1,1,0,7
MareDoVVell,1,6,3,3,0,0,1,1,0,7
Matookob,1,6,3,3,0,0,1,1,0,7
mcchick,1,6,3,3,0,0,1,1,0,7
mhopkins321,1,6,3,3,0,0,1,1,0,7
MSUxSpartan,1,6,3,3,0,0,1,1,0,7
MthwHdgr,1,6,3,3,0,0,1,1,0,7
MufasadaRasta,1,6,3,3,0,0,1,1,0,7
my_dear_watson,1,6,3,3,0,0,1,1,0,7
needlesslyambiguous,1,6,3,3,0,0,1,1,0,7
Obvious-Ninja,1,6,2,4,-2,2,1,1,0,7
Paprika_is_Red,1,6,3,3,0,0,1,1,0,7
partycrasher200,1,6,3,3,0,0,1,1,0,7
PaulHdz,1,6,3,3,0,0,1,1,0,7
piracuru,1,6,3,3,0,0,1,1,0,7
polkadotkat,1,6,2,4,-2,2,1,1,0,7
poppasmurf620,1,6,3,3,0,0,1,1,0,7
pseifarth,1,6,3,3,0,0,1,1,0,7
pustota,1,6,3,3,0,0,1,1,0,7
Raminto,1,6,3,3,0,0,1,1,0,7
remembertherain,1,6,3,3,0,0,1,1,0,7
RFD422,1,6,3,3,0,0,1,1,0,7
RuskiHuski,1,6,3,3,0,0,1,1,0,7
Rusty737,1,6,3,3,0,0,1,1,0,7
samanthalisaann,1,6,3,3,0,0,1,1,0,7
Scorpini,1,6,3,3,0,0,1,1,0,7
shanshan412,1,6,3,3,0,0,1,1,0,7
shockingpinky,1,6,3,3,0,0,1,1,0,7
Shuasoul,1,6,3,3,0,0,1,1,0,7
SirPali,1,6,3,3,0,0,1,1,0,7
sksmily16,1,6,3,3,0,0,1,1,0,7
SO_MUCH_RICE,1,6,3,3,0,0,1,1,0,7
SomeRandomWeirdGuy,1,6,3,3,0,0,1,1,0,7
SouSy,1,6,3,3,0,0,1,1,0,7
strobelight317,1,6,3,3,0,0,1,1,0,7
swanson_deux,1,6,3,3,0,0,1,1,0,7
terenceplural,1,6,2,4,-2,2,1,1,0,7
That_One_Guy_Ya_Know,1,6,3,3,0,0,1,1,0,7
Thefriendlyfaceplant,1,6,3,3,0,0,1,1,0,7
theREALskeletor,1,6,3,3,0,0,1,1,0,7
TheSundayDrifter,1,6,3,3,0,0,1,1,0,7
triplep85,1,6,3,3,0,0,1,1,0,7
twacgop,1,6,3,3,0,0,1,1,0,7
Tyranothorus-Rex,1,6,3,3,0,0,1,1,0,7
uzzttr,1,6,3,3,0,0,1,1,0,7
Viewtiful_7,1,6,3,3,0,0,1,1,0,7
VulvaPuncher,1,6,3,3,0,0,1,1,0,7
winbot5000,1,6,3,3,0,0,1,1,0,7
xGrimLogic,1,6,3,3,0,0,1,1,0,7
zestyfoo,1,6,3,3,0,0,1,1,0,7
also_onfire,1,6,3,3,0,0,0,1,0,7
bannana95,1,6,3,3,0,0,0,1,0,7
Beatlesgirl1016,1,6,3,3,0,0,0,1,0,7
billybobjoey,1,6,3,3,0,0,0,1,0,7
blackrabbit5,1,6,3,3,0,0,0,1,0,7
Brendancs0,1,6,2,4,-2,2,0,1,0,7
Cauchemar89,1,6,3,3,0,0,0,1,0,7
Etownking,1,6,3,3,0,0,0,1,0,7
FakeSpellingErrors,1,6,3,3,0,0,0,1,0,7
fillhouchin,1,6,3,3,0,0,0,1,0,7
Follter,1,6,3,3,0,0,0,1,0,7
frommarstomercury,1,6,3,3,0,0,0,1,0,7
Glockmini223,1,6,3,3,0,0,0,1,0,7
HappySmurfday,1,6,3,3,0,0,0,1,0,7
jstockdale95,1,6,3,3,0,0,0,1,0,7
kj_kelley,1,6,3,3,0,0,0,1,0,7
Kochab__,1,6,3,3,0,0,0,1,0,7
l0ve2h8urbs,2,6,2,4,-2,2,0,1,0,7
lightsaberon,1,6,3,3,0,0,0,1,0,7
LinkSauce,1,6,3,3,0,0,0,1,0,7
LukeReddits,1,6,3,3,0,0,0,1,0,7
mactruck102,1,6,3,3,0,0,0,1,0,7
maidendroogie,1,6,3,3,0,0,0,1,0,7
McGrizzly,1,6,3,3,0,0,0,1,0,7
MCMD_and_PhDJ,1,6,3,3,0,0,0,1,0,7
MiikePetez,1,6,3,3,0,0,0,1,0,7
MissStealflex,1,6,3,3,0,0,0,1,0,7
notarapist72,1,6,3,3,0,0,0,1,0,7
Pathfinder09,1,6,3,3,0,0,0,1,0,7
roxyard,1,6,3,3,0,0,0,1,0,7
scottyboy81,1,6,3,3,0,0,0,1,0,7
smashtheqube,1,6,3,3,0,0,0,1,0,7
Smoky_McBongski97,1,6,3,3,0,0,0,1,0,7
TheFrequency,1,6,3,3,0,0,0,1,0,7
Trains5Eva,1,6,3,3,0,0,0,1,0,7
ZACHtheSEAL,1,6,3,3,0,0,0,1,0,7
emaraschino,1,6,1,5,-4,3,1,1,-1,7
Hadarac,1,7,3,4,-1,0,1,0,-1,7
isitornots,1,7,3,4,-1,0,1,0,-1,7
Reign_In_Ruin,1,7,3,4,-1,0,1,0,-1,7
The__Hammer,1,7,3,4,-1,0,1,0,-1,7
Tim_Kaiser,1,7,3,4,-1,0,1,0,-1,7
hippie_hunter,1,6,1,5,-4,3,0,1,-1,7
mosarmini,1,6,1,5,-4,3,0,1,-1,7
4evrredsox,1,6,2,4,-2,0,1,1,-2,7
ablacklama,1,6,2,4,-2,0,1,1,-2,7
alongbanana,1,6,2,4,-2,0,1,1,-2,7
amodernmodder,1,6,2,4,-2,0,1,1,-2,7
arabvagyok,1,6,2,4,-2,0,1,1,-2,7
AslanKON,1,6,2,4,-2,0,1,1,-2,7
atastycarrot,1,6,2,4,-2,0,1,1,-2,7
Avenue17,1,6,2,4,-2,0,1,1,-2,7
Bigvic155,1,6,2,4,-2,0,1,1,-2,7
BillMcLargeHuge,1,6,2,4,-2,0,1,1,-2,7
BlackStag17,1,6,2,4,-2,0,1,1,-2,7
blue00r6,1,6,2,4,-2,0,1,1,-2,7
Bluecool,1,6,2,4,-2,0,1,1,-2,7
bw117,1,6,2,4,-2,0,1,1,-2,7
cableguy89,1,6,2,4,-2,0,1,1,-2,7
CAWEEEAXYYASWE,1,6,2,4,-2,0,1,1,-2,7
Chill33,1,6,2,4,-2,0,1,1,-2,7
Chingy1510,1,6,2,4,-2,0,1,1,-2,7
clamfroth,1,6,2,4,-2,0,1,1,-2,7
CrystalTears,1,6,2,4,-2,0,1,1,-2,7
dibiddilybop,1,6,2,4,-2,0,1,1,-2,7
duckduckwill,1,6,1,5,-4,2,1,1,-2,7
FemaleMaybe,1,6,2,4,-2,0,1,1,-2,7
fuckinDEAD,1,6,2,4,-2,0,1,1,-2,7
Furl_1,1,6,2,4,-2,0,1,1,-2,7
gersfan8,1,6,2,4,-2,0,1,1,-2,7
grammarpolicebuddy,1,6,2,4,-2,0,1,1,-2,7
hammurderer,1,6,1,5,-4,2,1,1,-2,7
happykillah,1,6,2,4,-2,0,1,1,-2,7
HiiiPower,1,6,1,5,-4,2,1,1,-2,7
hmrbrtzero,1,6,2,4,-2,0,1,1,-2,7
IvanSkavar,1,6,2,4,-2,0,1,1,-2,7
jack456123,1,6,2,4,-2,0,1,1,-2,7
Jipalio,1,6,2,4,-2,0,1,1,-2,7
jmharoon1,1,6,2,4,-2,0,1,1,-2,7
junkieinfo,1,6,2,4,-2,0,1,1,-2,7
kristalastar23,1,6,2,4,-2,0,1,1,-2,7
LJ_The2nd,1,6,2,4,-2,0,1,1,-2,7
loveNpeaceEric,1,6,2,4,-2,0,1,1,-2,7
m08inthem08,1,6,2,4,-2,0,1,1,-2,7
matan590,1,6,2,4,-2,0,1,1,-2,7
MissMayhem9,1,6,2,4,-2,0,1,1,-2,7
MrRyGames,1,6,2,4,-2,0,1,1,-2,7
mtquaid,1,6,2,4,-2,0,1,1,-2,7
nashuanuke,1,6,2,4,-2,0,1,1,-2,7
Noddinator,1,6,2,4,-2,0,1,1,-2,7
ObligatoryRemark,1,6,2,4,-2,0,1,1,-2,7
OhTheWit,1,6,2,4,-2,0,1,1,-2,7
Pahnash,1,6,2,4,-2,0,1,1,-2,7
Panic182,1,6,2,4,-2,0,1,1,-2,7
pastefish,1,6,2,4,-2,0,1,1,-2,7
PJMorlow,1,6,2,4,-2,0,1,1,-2,7
PROBABLY_WORTHLESS,1,6,2,4,-2,0,1,1,-2,7
QiNu,1,6,2,4,-2,0,1,1,-2,7
qOcOp,1,6,2,4,-2,0,1,1,-2,7
RedstoneEngineer,1,6,2,4,-2,0,1,1,-2,7
regularadventures815,1,6,2,4,-2,0,1,1,-2,7
rockNroll644,1,6,2,4,-2,0,1,1,-2,7
ryantherower,1,6,2,4,-2,0,1,1,-2,7
Sariel007,1,6,2,4,-2,0,1,1,-2,7
sawyerj6,1,6,2,4,-2,0,1,1,-2,7
SEBASTIANSEVERICH,1,6,2,4,-2,0,1,1,-2,7
ShadicNanaya510,1,6,2,4,-2,0,1,1,-2,7
sickant,1,6,2,4,-2,0,1,1,-2,7
straemer,1,6,2,4,-2,0,1,1,-2,7
Swordfast,1,6,2,4,-2,0,1,1,-2,7
thg02r,1,6,2,4,-2,0,1,1,-2,7
Tome_23,1,6,2,4,-2,0,1,1,-2,7
wobbut,1,6,2,4,-2,0,1,1,-2,7
Wrenblood,1,6,2,4,-2,0,1,1,-2,7
your_lady_killer,1,6,2,4,-2,0,1,1,-2,7
1Pie4Lie,1,6,2,4,-2,0,0,1,-2,7
9-BiT,1,6,2,4,-2,0,0,1,-2,7
Alpha_Sentauri,1,6,2,4,-2,0,0,1,-2,7
ataeii,1,6,2,4,-2,0,0,1,-2,7
bearlyfunctional,1,6,2,4,-2,0,0,1,-2,7
bossbones,1,6,2,4,-2,0,0,1,-2,7
BreakfastBurrito,1,6,2,4,-2,0,0,1,-2,7
brocollocalypse,1,6,2,4,-2,0,0,1,-2,7
cardinalamar11,1,6,2,4,-2,0,0,1,-2,7
chtrace,1,6,2,4,-2,0,0,1,-2,7
CHTUNA,1,6,2,4,-2,0,0,1,-2,7
djgriever,1,6,2,4,-2,0,0,1,-2,7
dudk,1,6,2,4,-2,0,0,1,-2,7
ErikReichenbach,1,6,2,4,-2,0,0,1,-2,7
fligs,1,6,2,4,-2,0,0,1,-2,7
fritz0077,1,6,2,4,-2,0,0,1,-2,7
harryedgeworth,1,6,2,4,-2,0,0,1,-2,7
IceTeaMan,1,6,2,4,-2,0,0,1,-2,7
J-Money273,1,6,2,4,-2,0,0,1,-2,7
KayJay24,1,6,2,4,-2,0,0,1,-2,7
kvaughn2013,1,6,2,4,-2,0,0,1,-2,7
leemartin,1,6,2,4,-2,0,0,1,-2,7
meitoISAho,1,6,2,4,-2,0,0,1,-2,7
mofohmac,1,6,2,4,-2,0,0,1,-2,7
Mother-fucking_Gamer,1,6,2,4,-2,0,0,1,-2,7
Musthavemetal666,1,6,2,4,-2,0,0,1,-2,7
Only_Me_Awake,1,6,2,4,-2,0,0,1,-2,7
pokestalker,1,6,2,4,-2,0,0,1,-2,7
PsychowithanRPG,1,6,2,4,-2,0,0,1,-2,7
Ratatah,1,6,2,4,-2,0,0,1,-2,7
Roadrunner99,1,6,2,4,-2,0,0,1,-2,7
Salad_Fingers_159,1,6,2,4,-2,0,0,1,-2,7
samrains,1,6,2,4,-2,0,0,1,-2,7
skurvy123,1,6,2,4,-2,0,0,1,-2,7
SteveDeFacto,1,6,2,4,-2,0,0,1,-2,7
Tecuache,1,6,2,4,-2,0,0,1,-2,7
toocoolgamer,1,6,1,5,-4,2,0,1,-2,7
TsumeAlphaWolf,1,6,2,4,-2,0,0,1,-2,7
Williamscorn,1,6,2,4,-2,0,0,1,-2,7
ballsackmonkey,1,7,2,5,-3,0,1,0,-3,7
Derpensteiner,1,7,2,5,-3,0,1,0,-3,7
jstave,1,7,2,5,-3,0,1,0,-3,7
lifeisonlypain,1,7,1,6,-5,2,1,0,-3,7
LiqouriceKid,1,7,1,6,-5,2,1,0,-3,7
MMSGrunt,1,7,2,5,-3,0,1,0,-3,7
StandingTheGaff,1,7,2,5,-3,0,1,0,-3,7
Whogivesacrap,1,7,2,5,-3,0,1,0,-3,7
aaaursland,1,6,1,5,-4,0,1,1,-4,7
Acupofyogurt,1,6,1,5,-4,0,1,1,-4,7
AfiKomen,1,6,1,5,-4,0,1,1,-4,7
anmous,1,6,1,5,-4,0,1,1,-4,7
Dandrift89,1,6,1,5,-4,0,1,1,-4,7
Kashiyar,1,6,1,5,-4,0,1,1,-4,7
MCMXCII,1,6,1,5,-4,0,1,1,-4,7
prttyinpink23,1,6,1,5,-4,0,1,1,-4,7
rebelbarron69,1,6,1,5,-4,0,1,1,-4,7
RonSauce1,1,6,1,5,-4,0,1,1,-4,7
sexybeast099,1,6,1,5,-4,0,1,1,-4,7
sherlockmemes,1,6,1,5,-4,0,1,1,-4,7
Shotenkai,1,6,1,5,-4,0,1,1,-4,7
thehunter699,1,6,1,5,-4,0,1,1,-4,7
Dat__Arse,1,6,1,5,-4,0,0,1,-4,7
grohup,1,6,1,5,-4,0,0,1,-4,7
Jonorrhea1,1,6,1,5,-4,0,0,1,-4,7
okholm,1,6,1,5,-4,0,0,1,-4,7
Shippiwah,1,6,1,5,-4,0,0,1,-4,7
syntheticcfm,1,6,1,5,-4,0,0,1,-4,7
angrychikin,1,7,1,6,-5,0,1,0,-5,7
sak911,1,7,1,6,-5,0,1,0,-5,7
Sonofsnow,1,7,1,6,-5,0,1,0,-5,7
RAPTURE2,1,6,0,6,-6,0,1,1,-6,7
SpeedracerMeow,1,6,0,6,-6,0,1,1,-6,7
flooded93,1,5,3,2,1,13,1,1,14,6
Frigginlazers,1,5,5,0,5,6,1,1,11,6
Yaratam,1,5,3,2,1,10,1,1,11,6
yigit3,1,5,5,0,5,6,0,1,11,6
Silent_Creeper,1,5,3,2,1,9,0,1,10,6
thehalfstyle,1,5,5,0,5,5,0,1,10,6
ssmargebarge,1,5,4,1,3,6,0,1,9,6
greenbudha,1,5,3,2,1,7,1,1,8,6
grinch337,1,5,4,1,3,5,1,1,8,6
DDTgrease,1,5,3,2,1,7,0,1,8,6
aidancr,1,5,4,1,3,4,1,1,7,6
ecnepsnai,1,5,5,0,5,2,1,1,7,6
FuzzBuket,1,5,3,2,1,6,1,1,7,6
jglab,1,5,5,0,5,2,1,1,7,6
kwalangmodo,1,5,5,0,5,2,1,1,7,6
mattselfa,1,6,5,1,4,3,1,0,7,6
NicholasThunderchild,1,5,5,0,5,2,1,1,7,6
warmapplejuice,1,5,3,2,1,6,1,1,7,6
BatmanSuperman,1,5,5,0,5,2,0,1,7,6
dwin93,1,5,5,0,5,2,0,1,7,6
oldmanriver1,1,5,4,1,3,4,0,1,7,6
Xim3ng,1,5,5,0,5,2,0,1,7,6
exzacklyright,2,4,4,0,4,2,2,2,6,6
BenPlett,1,5,4,1,3,3,1,1,6,6
biscuitworld,1,5,4,1,3,3,1,1,6,6
Jetpackflyguy,1,6,6,0,6,0,1,0,6,6
KToff,1,5,4,1,3,3,1,1,6,6
linguamortua,1,5,4,1,3,3,1,1,6,6
mod83,1,6,6,0,6,0,1,0,6,6
MrStonedOne,1,5,4,1,3,3,1,1,6,6
My_Anus_Is_Bleeding,1,6,5,1,4,2,1,0,6,6
PDTempest,1,6,6,0,6,0,1,0,6,6
rpm1984,1,5,4,1,3,3,1,1,6,6
deadmicedance,1,5,4,1,3,3,0,1,6,6
Braindawg123,1,5,4,1,3,2,1,1,5,6
Chimppimp,1,5,5,0,5,0,1,1,5,6
dicaxe,1,5,5,0,5,0,1,1,5,6
dmartin16,1,5,5,0,5,0,1,1,5,6
dw55,1,5,5,0,5,0,1,1,5,6
ElectroClimax,1,5,5,0,5,0,1,1,5,6
elr,1,5,4,1,3,2,1,1,5,6
greytyrecolour,1,5,5,0,5,0,1,1,5,6
ItsAPokemonBattle,1,5,5,0,5,0,1,1,5,6
jaekwon,1,5,4,1,3,2,1,1,5,6
Khlemehns,1,5,5,0,5,0,1,1,5,6
ManchurianWok,1,5,5,0,5,0,1,1,5,6
Matistuta,1,5,3,2,1,4,1,1,5,6
meko1877,1,5,4,1,3,2,1,1,5,6
MorrisCody,1,5,5,0,5,0,1,1,5,6
Pamphlet,1,5,4,1,3,2,1,1,5,6
pmangolfin92,1,5,5,0,5,0,1,1,5,6
rainlovescandy,1,5,4,1,3,2,1,1,5,6
sayala2004,1,5,4,1,3,2,1,1,5,6
Sir_Walter_Dibs,1,5,5,0,5,0,1,1,5,6
SithGirly,1,5,5,0,5,0,1,1,5,6
SoapyCandle13,1,5,4,1,3,2,1,1,5,6
swordfishy,1,5,4,1,3,2,1,1,5,6
TBBT,1,5,5,0,5,0,1,1,5,6
thepeck,1,5,5,0,5,0,1,1,5,6
TheRebel03,1,5,5,0,5,0,1,1,5,6
tthomasclark,1,5,5,0,5,0,1,1,5,6
XANDRE3000,1,5,5,0,5,0,1,1,5,6
_rainbow_dash,1,5,5,0,5,0,0,1,5,6
Bootleg_Fireworks,1,5,4,1,3,2,0,1,5,6
CatsRul,1,5,5,0,5,0,0,1,5,6
imbignate,1,5,4,1,3,2,0,1,5,6
kiwipops,1,5,5,0,5,0,0,1,5,6
KKEVINN,1,5,5,0,5,0,0,1,5,6
Ksquared1166,1,5,5,0,5,0,0,1,5,6
MrBob4,1,5,5,0,5,0,0,1,5,6
pdubal23,1,5,4,1,3,2,0,1,5,6
pemt,1,5,4,1,3,2,0,1,5,6
quickdraw46,1,5,4,1,3,2,0,1,5,6
RadixTheSpaceCat,1,5,5,0,5,0,0,1,5,6
radpanda,1,5,5,0,5,0,0,1,5,6
swelchqcs,1,5,5,0,5,0,0,1,5,6
terrychocolate,1,5,5,0,5,0,0,1,5,6
Thisandmore,1,5,5,0,5,0,0,1,5,6
cocarin,1,5,3,2,1,3,1,1,4,6
Deathly-Hallows,1,5,3,2,1,3,1,1,4,6
doOolby,1,6,5,1,4,0,1,0,4,6
geeksnotdead,1,6,5,1,4,0,1,0,4,6
IncredibleOedipalEgg,1,6,5,1,4,0,1,0,4,6
Lazorsaurus,1,6,5,1,4,0,1,0,4,6
mizzoutech,1,5,3,2,1,3,1,1,4,6
muteconversation,1,6,5,1,4,0,1,0,4,6
naullo,1,6,4,2,2,2,1,0,4,6
spekter299,1,6,4,2,2,2,1,0,4,6
td_cbcs,1,6,4,2,2,2,1,0,4,6
tdawgcincy,1,6,5,1,4,0,1,0,4,6
youhatetoseethat,1,5,2,3,-1,5,1,1,4,6
ilrelevent,1,5,3,2,1,3,0,1,4,6
abdias_123,1,5,4,1,3,0,1,1,3,6
abutor,1,5,4,1,3,0,1,1,3,6
alpieduh,1,5,4,1,3,0,1,1,3,6
atrain1189,1,5,4,1,3,0,1,1,3,6
battboy,1,5,4,1,3,0,1,1,3,6
bhilf16,1,5,4,1,3,0,1,1,3,6
ChicoKush,1,5,4,1,3,0,1,1,3,6
chriscom09,1,5,4,1,3,0,1,1,3,6
christopherhong1,1,5,4,1,3,0,1,1,3,6
ckryaninko,1,5,3,2,1,2,1,1,3,6
collegecart,1,5,4,1,3,0,1,1,3,6
conotexdis,1,5,4,1,3,0,1,1,3,6
coob,1,5,4,1,3,0,1,1,3,6
Cooky1170,1,5,4,1,3,0,1,1,3,6
cygnusX1X,1,5,4,1,3,0,1,1,3,6
dangchelsey,1,5,4,1,3,0,1,1,3,6
daysofstatic,1,5,4,1,3,0,1,1,3,6
Deohgee,1,5,4,1,3,0,1,1,3,6
ecooper132,1,5,4,1,3,0,1,1,3,6
epicusernameisokay,1,5,4,1,3,0,1,1,3,6
ERhhm,1,5,4,1,3,0,1,1,3,6
f1ndingwalden,1,5,4,1,3,0,1,1,3,6
fidilingdogy,1,5,3,2,1,2,1,1,3,6
Fiendishskater,1,5,4,1,3,0,1,1,3,6
flotwig,1,5,4,1,3,0,1,1,3,6
Foxxface,1,5,4,1,3,0,1,1,3,6
fuser_,1,5,4,1,3,0,1,1,3,6
GarfunkelMoo,1,5,4,1,3,0,1,1,3,6
gigzags,1,5,4,1,3,0,1,1,3,6
hackeralias,1,5,4,1,3,0,1,1,3,6
handy718,1,5,4,1,3,0,1,1,3,6
IamsonotFUNNY,1,5,4,1,3,0,1,1,3,6
imthatonekid,1,5,4,1,3,0,1,1,3,6
IZuStY,1,5,4,1,3,0,1,1,3,6
jesfunshinebear,1,5,4,1,3,0,1,1,3,6
JohnnyLongbow,1,5,4,1,3,0,1,1,3,6
JonBonesJones,1,5,4,1,3,0,1,1,3,6
kn0wledge,1,5,4,1,3,0,1,1,3,6
kushykushkush,1,5,4,1,3,0,1,1,3,6
kyzhang,1,5,4,1,3,0,1,1,3,6
LampOfDestiny,1,5,4,1,3,0,1,1,3,6
lawlqq,1,5,4,1,3,0,1,1,3,6
lexiomgomg1,1,5,4,1,3,0,1,1,3,6
LickYourLollipop,1,5,4,1,3,0,1,1,3,6
LISA1975,1,5,4,1,3,0,1,1,3,6
LordBrandon,1,5,3,2,1,2,1,1,3,6
Lorrel,1,5,3,2,1,2,1,1,3,6
MeccaMaster,1,5,4,1,3,0,1,1,3,6
mightyeagle_sore,1,5,3,2,1,2,1,1,3,6
mmisetic459,1,5,4,1,3,0,1,1,3,6
MrsLCPLMitchell,1,5,4,1,3,0,1,1,3,6
mrtaway,1,5,4,1,3,0,1,1,3,6
Nagemjoyce,1,5,3,2,1,2,1,1,3,6
NeoM5,1,5,4,1,3,0,1,1,3,6
NerdyBoyWES,1,5,4,1,3,0,1,1,3,6
NineA,1,5,4,1,3,0,1,1,3,6
Oderdigg,1,5,3,2,1,2,1,1,3,6
OOOGABOOGAAWKSLFH,1,5,4,1,3,0,1,1,3,6
pineappleaddict,1,5,4,1,3,0,1,1,3,6
potato1,1,5,4,1,3,0,1,1,3,6
Puddingdude,1,5,4,1,3,0,1,1,3,6
reesesandkisses,1,5,4,1,3,0,1,1,3,6
revans0,1,5,4,1,3,0,1,1,3,6
sericeousburden,1,5,3,2,1,2,1,1,3,6
sociopathic_hacker,1,5,3,2,1,2,1,1,3,6
spamonkey24,1,5,4,1,3,0,1,1,3,6
superbuttface,1,5,3,2,1,2,1,1,3,6
surrenderat20GG,1,5,4,1,3,0,1,1,3,6
Tektitik,1,5,4,1,3,0,1,1,3,6
timecontinuem33,1,5,4,1,3,0,1,1,3,6
TMSnuff,1,5,4,1,3,0,1,1,3,6
trebro,1,5,3,2,1,2,1,1,3,6
TrindadeDisciple,1,5,3,2,1,2,1,1,3,6
tsissy,1,5,4,1,3,0,1,1,3,6
Tureralf,1,5,4,1,3,0,1,1,3,6
Unicorn-police,1,5,4,1,3,0,1,1,3,6
vogdswagon26,1,5,4,1,3,0,1,1,3,6
wagsman,1,5,4,1,3,0,1,1,3,6
WinnieTheFool,1,5,4,1,3,0,1,1,3,6
wolfdad999,1,5,4,1,3,0,1,1,3,6
Yatiya,1,5,4,1,3,0,1,1,3,6
Zaradon1,1,5,4,1,3,0,1,1,3,6
zombieninjarobot,1,5,4,1,3,0,1,1,3,6
agent567,1,5,4,1,3,0,0,1,3,6
anonnom,1,5,4,1,3,0,0,1,3,6
ArkadiusMaximus,1,5,4,1,3,0,0,1,3,6
avonelle,1,5,3,2,1,2,0,1,3,6
bigbeel,1,5,4,1,3,0,0,1,3,6
Bone-stone,1,5,4,1,3,0,0,1,3,6
BullshitCausation,1,5,4,1,3,0,0,1,3,6
bullshittest,1,5,4,1,3,0,0,1,3,6
carlmagnus9,1,5,4,1,3,0,0,1,3,6
catincutoffs,1,5,4,1,3,0,0,1,3,6
chiiinaa,1,5,4,1,3,0,0,1,3,6
chunt75,1,5,4,1,3,0,0,1,3,6
cookiemonstrehab,1,5,4,1,3,0,0,1,3,6
coolboyman8,1,5,4,1,3,0,0,1,3,6
crushcrushcrush,1,5,2,3,-1,4,0,1,3,6
davidbrown87,1,5,4,1,3,0,0,1,3,6
domokunosan,1,5,4,1,3,0,0,1,3,6
dr-anger,1,5,4,1,3,0,0,1,3,6
fishy24,1,5,4,1,3,0,0,1,3,6
flomster,1,5,4,1,3,0,0,1,3,6
flyguy727,1,5,4,1,3,0,0,1,3,6
fuzzy_socks,1,5,4,1,3,0,0,1,3,6
gcmiller,1,5,4,1,3,0,0,1,3,6
ggravity,1,5,4,1,3,0,0,1,3,6
Gorillian,1,5,2,3,-1,4,0,1,3,6
Gringo_Dingo,1,5,4,1,3,0,0,1,3,6
HurricaneAF,1,5,4,1,3,0,0,1,3,6
inkygreenmarker,1,5,4,1,3,0,0,1,3,6
krapdaddy,1,5,3,2,1,2,0,1,3,6
Le_that_guy,1,5,4,1,3,0,0,1,3,6
Luxys_grey320,1,5,4,1,3,0,0,1,3,6
m_ind_ependent,1,5,4,1,3,0,0,1,3,6
madsohm,1,5,4,1,3,0,0,1,3,6
mister_leroy,1,5,4,1,3,0,0,1,3,6
NEVRENOUGHBACON,1,5,3,2,1,2,0,1,3,6
pigsonthemoon,1,5,4,1,3,0,0,1,3,6
pkkilo,1,5,4,1,3,0,0,1,3,6
Placktus,1,5,4,1,3,0,0,1,3,6
Pressedlee,1,5,4,1,3,0,0,1,3,6
reeeeeeeeeen,1,5,4,1,3,0,0,1,3,6
russianbear28,1,5,4,1,3,0,0,1,3,6
Select_LOL,1,5,4,1,3,0,0,1,3,6
snickerpleez,1,5,4,1,3,0,0,1,3,6
Striking_Gently,1,5,4,1,3,0,0,1,3,6
SX_PNTHR,1,5,4,1,3,0,0,1,3,6
tgnken,1,5,4,1,3,0,0,1,3,6
TheHopscotchMafia,1,5,4,1,3,0,0,1,3,6
thinkforyourself80,1,5,4,1,3,0,0,1,3,6
WikiReddit,1,5,3,2,1,2,0,1,3,6
a_mah_zing,1,6,4,2,2,0,1,0,2,6
CaptPranet,1,6,4,2,2,0,1,0,2,6
DaddyPenguin,1,6,4,2,2,0,1,0,2,6
DrSouthWestSauceBaus,1,6,3,3,0,2,1,0,2,6
dust_free,1,6,3,3,0,2,1,0,2,6
Eager_Learner,1,6,4,2,2,0,1,0,2,6
FormerlyKnwnAsPrince,1,6,4,2,2,0,1,0,2,6
g3allen10,1,5,2,3,-1,3,1,1,2,6
McFlufferwoot,1,6,4,2,2,0,1,0,2,6
MegaSuperPAC,1,5,2,3,-1,3,1,1,2,6
metallicfire0,1,5,2,3,-1,3,1,1,2,6
mmjc,1,5,2,3,-1,3,1,1,2,6
MushroomGamer,1,6,4,2,2,0,1,0,2,6
MyButtsHot,1,6,4,2,2,0,1,0,2,6
Raven-Mapleson,1,5,2,3,-1,3,1,1,2,6
rkainz,1,5,2,3,-1,3,1,1,2,6
TangoZippo,1,6,4,2,2,0,1,0,2,6
Daedamn,1,5,2,3,-1,3,0,1,2,6
Hammerswack,1,5,2,3,-1,3,0,1,2,6
luke6494,1,5,2,3,-1,3,0,1,2,6
PoorLittlePinkus,1,5,2,3,-1,3,0,1,2,6
_POLITICO,1,5,3,2,1,0,1,1,1,6
9cloud,1,5,3,2,1,0,1,1,1,6
ac_jinx,1,5,3,2,1,0,1,1,1,6
ala24na,1,5,3,2,1,0,1,1,1,6
Audrate,1,5,3,2,1,0,1,1,1,6
bakrTheMan,1,5,3,2,1,0,1,1,1,6
BeeAmoreDarling,1,5,3,2,1,0,1,1,1,6
beefnchicken,1,5,3,2,1,0,1,1,1,6
begahtan,1,5,3,2,1,0,1,1,1,6
Blalal,1,5,3,2,1,0,1,1,1,6
bloodyheals,1,5,3,2,1,0,1,1,1,6
boomanXU,1,5,3,2,1,0,1,1,1,6
bradleyheston,1,5,3,2,1,0,1,1,1,6
BreakfastHouse,1,5,3,2,1,0,1,1,1,6
Callahan89,1,5,3,2,1,0,1,1,1,6
camnaron,1,5,3,2,1,0,1,1,1,6
Captain_Vikkus,1,5,3,2,1,0,1,1,1,6
Carpetfizz,1,5,3,2,1,0,1,1,1,6
chozo_ninpo,1,5,3,2,1,0,1,1,1,6
chrisiscool22222,1,5,3,2,1,0,1,1,1,6
cornelious11,1,5,3,2,1,0,1,1,1,6
cowscankill,1,5,3,2,1,0,1,1,1,6
CupofBallSoup,1,5,3,2,1,0,1,1,1,6
dingos8mybaby,1,5,3,2,1,0,1,1,1,6
DMahlon,1,5,3,2,1,0,1,1,1,6
drtwizzler,1,5,3,2,1,0,1,1,1,6
ellirb,1,5,3,2,1,0,1,1,1,6
famguy123,1,5,3,2,1,0,1,1,1,6
GCS_3,1,5,3,2,1,0,1,1,1,6
goldstar63,1,5,3,2,1,0,1,1,1,6
goodnamesgone,1,5,3,2,1,0,1,1,1,6
Goosaba,1,5,3,2,1,0,1,1,1,6
GramarBoi,1,5,3,2,1,0,1,1,1,6
hamsamsam,1,5,3,2,1,0,1,1,1,6
hinsn,1,5,2,3,-1,2,1,1,1,6
humildepaciencia,1,5,3,2,1,0,1,1,1,6
iamjapanman,1,5,3,2,1,0,1,1,1,6
imustacheyouaQ,1,5,3,2,1,0,1,1,1,6
islandfreak,1,5,3,2,1,0,1,1,1,6
JammmJam,1,5,3,2,1,0,1,1,1,6
Jarowh,1,5,3,2,1,0,1,1,1,6
Jay_KWM,1,5,3,2,1,0,1,1,1,6
JBash84,1,5,3,2,1,0,1,1,1,6
johns0770,1,5,3,2,1,0,1,1,1,6
jpopalicious,1,5,3,2,1,0,1,1,1,6
jqmpqck,1,5,3,2,1,0,1,1,1,6
Jumanjimonkey,1,5,3,2,1,0,1,1,1,6
Justforaquestion11,1,5,3,2,1,0,1,1,1,6
karanj,1,5,3,2,1,0,1,1,1,6
kitschyk,1,5,3,2,1,0,1,1,1,6
kmgolfer,1,5,3,2,1,0,1,1,1,6
korhoden,1,6,2,4,-2,3,1,0,1,6
liquidassets22,1,5,3,2,1,0,1,1,1,6
littleuniversalist,1,5,3,2,1,0,1,1,1,6
Mateo909,1,5,3,2,1,0,1,1,1,6
messyandpieceyeffect,1,5,3,2,1,0,1,1,1,6
micorama,1,5,2,3,-1,2,1,1,1,6
monkleton,1,5,3,2,1,0,1,1,1,6
MrMojoRisin98,1,5,3,2,1,0,1,1,1,6
munchwah,1,5,3,2,1,0,1,1,1,6
n8mini,1,5,3,2,1,0,1,1,1,6
NinjaJoey209,1,5,3,2,1,0,1,1,1,6
north_of_sanity,1,5,3,2,1,0,1,1,1,6
NotSmartMe,1,5,3,2,1,0,1,1,1,6
NRafael,1,5,3,2,1,0,1,1,1,6
nraws,1,5,3,2,1,0,1,1,1,6
PantherFan1824,1,5,3,2,1,0,1,1,1,6
PhuckedByPhysics,1,5,3,2,1,0,1,1,1,6
piecrazy47,1,5,3,2,1,0,1,1,1,6
poopdick3,1,5,3,2,1,0,1,1,1,6
Queen0fHearts,1,5,3,2,1,0,1,1,1,6
qwerty__91,1,5,3,2,1,0,1,1,1,6
rendeld,1,5,3,2,1,0,1,1,1,6
rhartnett15,1,5,2,3,-1,2,1,1,1,6
Riftcrusher,1,5,3,2,1,0,1,1,1,6
RyanSmith,1,5,3,2,1,0,1,1,1,6
san475,1,5,3,2,1,0,1,1,1,6
Savrola,1,5,3,2,1,0,1,1,1,6
scamardello,1,5,3,2,1,0,1,1,1,6
Shinuza,1,5,2,3,-1,2,1,1,1,6
slavishmuffin,1,5,3,2,1,0,1,1,1,6
slowkidplayingfast,1,5,3,2,1,0,1,1,1,6
SnorgesLuisBorges,1,5,3,2,1,0,1,1,1,6
spicy_jose,1,5,3,2,1,0,1,1,1,6
stewthedude,1,5,2,3,-1,2,1,1,1,6
synackle,1,5,3,2,1,0,1,1,1,6
synthrockftw,1,5,3,2,1,0,1,1,1,6
tananicole,1,5,3,2,1,0,1,1,1,6
Tharminator,1,5,2,3,-1,2,1,1,1,6
The0,1,5,3,2,1,0,1,1,1,6
thron_gar,1,5,3,2,1,0,1,1,1,6
tizorres,1,5,3,2,1,0,1,1,1,6
trufflesauce,1,5,3,2,1,0,1,1,1,6
Truthizz,1,5,3,2,1,0,1,1,1,6
twanathon500,1,5,3,2,1,0,1,1,1,6
uakari,1,5,2,3,-1,2,1,1,1,6
uhnettec,1,5,3,2,1,0,1,1,1,6
UnexpectedCharacter,1,5,2,3,-1,2,1,1,1,6
VarietyArmy,1,5,3,2,1,0,1,1,1,6
vlogcore,1,5,3,2,1,0,1,1,1,6
whereamiareuawizard,1,5,3,2,1,0,1,1,1,6
xfiles9302,1,5,3,2,1,0,1,1,1,6
yodaishot2001,1,5,3,2,1,0,1,1,1,6
zissouo,1,5,3,2,1,0,1,1,1,6
ZXCVGH,1,5,3,2,1,0,1,1,1,6
akkon,1,5,3,2,1,0,0,1,1,6
andrakitty,1,5,3,2,1,0,0,1,1,6
AtomicNarwhal,1,5,3,2,1,0,0,1,1,6
baileyburritt,1,5,3,2,1,0,0,1,1,6
baronk,1,5,3,2,1,0,0,1,1,6
bebe3000,1,5,3,2,1,0,0,1,1,6
bigmanhook,1,5,2,3,-1,2,0,1,1,6
Ccastillo4545,1,5,3,2,1,0,0,1,1,6
colonial31,1,5,3,2,1,0,0,1,1,6
Cristina_Vancouver,1,5,3,2,1,0,0,1,1,6
d2dany,1,5,3,2,1,0,0,1,1,6
davveh,1,5,3,2,1,0,0,1,1,6
DeadCookie,1,5,3,2,1,0,0,1,1,6
EnderPhoenix,1,5,3,2,1,0,0,1,1,6
fryfrey,1,5,3,2,1,0,0,1,1,6
GetBuckets,1,5,2,3,-1,2,0,1,1,6
Gilarax,1,5,3,2,1,0,0,1,1,6
Greenskeeper,1,5,3,2,1,0,0,1,1,6
JCBlackwell,1,5,3,2,1,0,0,1,1,6
jmontygman,1,5,3,2,1,0,0,1,1,6
joebates25,1,5,3,2,1,0,0,1,1,6
kathleentheaquato,1,5,3,2,1,0,0,1,1,6
Keve38,1,5,3,2,1,0,0,1,1,6
killerqueen123,1,5,3,2,1,0,0,1,1,6
Kingfish212,1,5,3,2,1,0,0,1,1,6
Kitaeisafaggot,1,5,3,2,1,0,0,1,1,6
lordburnout,1,5,3,2,1,0,0,1,1,6
Love2know,1,5,2,3,-1,2,0,1,1,6
MC_Cuff_Lnx,1,5,3,2,1,0,0,1,1,6
mc_thomp,1,5,2,3,-1,2,0,1,1,6
Mustin_Dobley,1,5,3,2,1,0,0,1,1,6
oletos7j,1,5,3,2,1,0,0,1,1,6
paulwheaton,1,5,3,2,1,0,0,1,1,6
pitecusa,1,5,3,2,1,0,0,1,1,6
pootbirdnomnomnom,1,5,3,2,1,0,0,1,1,6
Remi305,1,5,3,2,1,0,0,1,1,6
shoot2scre,1,5,3,2,1,0,0,1,1,6
Siphadiaz,1,5,3,2,1,0,0,1,1,6
Some_Random_Account2,1,5,2,3,-1,2,0,1,1,6
sonic123488,1,5,3,2,1,0,0,1,1,6
STEELGUARD,1,5,3,2,1,0,0,1,1,6
tecgod99,1,5,3,2,1,0,0,1,1,6
TequillaFace,1,5,2,3,-1,2,0,1,1,6
thatsboxy,1,5,3,2,1,0,0,1,1,6
theang,1,5,3,2,1,0,0,1,1,6
timothyjdixon,1,5,1,4,-3,4,0,1,1,6
typicalrrrr,1,5,3,2,1,0,0,1,1,6
Urbanviking1,1,5,3,2,1,0,0,1,1,6
vienessewaltzer,1,5,3,2,1,0,0,1,1,6
Waffle42,1,5,3,2,1,0,0,1,1,6
WelshGhandi,1,5,3,2,1,0,0,1,1,6
Willerm,1,5,3,2,1,0,0,1,1,6
Yeah-RIght,1,5,3,2,1,0,0,1,1,6
Bbc123yeah,1,6,3,3,0,0,1,0,0,6
bigfuzzy654,1,6,2,4,-2,2,1,0,0,6
Carjill,1,6,1,5,-4,4,1,0,0,6
CavemanBobs,1,6,3,3,0,0,1,0,0,6
fawnsilk,1,5,1,4,-3,3,1,1,0,6
FreelanceRonin,1,6,3,3,0,0,1,0,0,6
gvliemas,1,6,3,3,0,0,1,0,0,6
HellaGoofy,1,6,3,3,0,0,1,0,0,6
KeithFromPhilly,1,6,3,3,0,0,1,0,0,6
macstar95,1,6,3,3,0,0,1,0,0,6
modestmewtwo,1,5,0,5,-5,5,1,1,0,6
teecrisp,1,6,3,3,0,0,1,0,0,6
unusual_mind,1,6,3,3,0,0,1,0,0,6
WhinyJack,1,6,3,3,0,0,1,0,0,6
wizsplat,1,6,3,3,0,0,1,0,0,6
26ozofwhiskey,1,5,2,3,-1,0,1,1,-1,6
764hero,1,5,2,3,-1,0,1,1,-1,6
alpacaChins,1,5,2,3,-1,0,1,1,-1,6
AndySkeltz,1,5,2,3,-1,0,1,1,-1,6
baconboy8888,1,5,2,3,-1,0,1,1,-1,6
Benny_Madson,1,5,2,3,-1,0,1,1,-1,6
bigpat112,1,5,2,3,-1,0,1,1,-1,6
BloodBall,1,5,2,3,-1,0,1,1,-1,6
bornagain13,1,5,2,3,-1,0,1,1,-1,6
cablewire,1,5,2,3,-1,0,1,1,-1,6
cdibartolomeo,1,5,2,3,-1,0,1,1,-1,6
CharlieBoi,1,5,2,3,-1,0,1,1,-1,6
Chriscz,1,5,2,3,-1,0,1,1,-1,6
ckotane,1,5,2,3,-1,0,1,1,-1,6
cloudwatcher717,1,5,2,3,-1,0,1,1,-1,6
Crynix,1,5,2,3,-1,0,1,1,-1,6
csonny2,1,5,2,3,-1,0,1,1,-1,6
DanielOfTaebl,1,5,2,3,-1,0,1,1,-1,6
djwin42,1,5,2,3,-1,0,1,1,-1,6
drscooby,1,5,2,3,-1,0,1,1,-1,6
erroneousmkn,1,5,1,4,-3,2,1,1,-1,6
ExemplaryJester,1,5,2,3,-1,0,1,1,-1,6
FalseAlarmEveryone,1,5,2,3,-1,0,1,1,-1,6
ferdjuan,1,5,2,3,-1,0,1,1,-1,6
Fullyfaltoo,1,5,2,3,-1,0,1,1,-1,6
g56,1,5,2,3,-1,0,1,1,-1,6
ImageGoose,1,5,2,3,-1,0,1,1,-1,6
indersena,1,5,2,3,-1,0,1,1,-1,6
J_Asti,1,5,2,3,-1,0,1,1,-1,6
JayHay23,1,5,2,3,-1,0,1,1,-1,6
jjruben,1,5,2,3,-1,0,1,1,-1,6
jose_jones,1,5,2,3,-1,0,1,1,-1,6
KaylisOfficial,1,5,2,3,-1,0,1,1,-1,6
Kimberley05,1,5,2,3,-1,0,1,1,-1,6
kirrikk99,1,5,2,3,-1,0,1,1,-1,6
lambo32,1,5,1,4,-3,2,1,1,-1,6
lemon_catgrass,1,5,2,3,-1,0,1,1,-1,6
lukedaboss,1,5,2,3,-1,0,1,1,-1,6
maaaatttt_Damon,1,5,2,3,-1,0,1,1,-1,6
MagnetoResistance,1,5,2,3,-1,0,1,1,-1,6
marymarc,1,5,1,4,-3,2,1,1,-1,6
Matt225,1,5,2,3,-1,0,1,1,-1,6
memw85,1,5,2,3,-1,0,1,1,-1,6
Metallica_girl,1,5,2,3,-1,0,1,1,-1,6
miss_iamerica,1,5,2,3,-1,0,1,1,-1,6
mrninja101,1,5,2,3,-1,0,1,1,-1,6
Nightcode,1,5,2,3,-1,0,1,1,-1,6
osum1,1,5,2,3,-1,0,1,1,-1,6
PacoTLM,1,5,2,3,-1,0,1,1,-1,6
parker_payne,1,5,1,4,-3,2,1,1,-1,6
phazes,1,5,2,3,-1,0,1,1,-1,6
PlaysWithLight,1,5,2,3,-1,0,1,1,-1,6
Pretzeldini,1,5,2,3,-1,0,1,1,-1,6
Prog411,1,5,2,3,-1,0,1,1,-1,6
puzzledpolak,1,5,2,3,-1,0,1,1,-1,6
Revrider92,1,5,2,3,-1,0,1,1,-1,6
RorriedeProudmoore,1,5,2,3,-1,0,1,1,-1,6
RoyallyTenenbaumed,1,5,2,3,-1,0,1,1,-1,6
sayhitothehobo,1,5,2,3,-1,0,1,1,-1,6
sbarias20,1,5,2,3,-1,0,1,1,-1,6
shawnhcorey,1,5,2,3,-1,0,1,1,-1,6
silver82b,1,5,2,3,-1,0,1,1,-1,6
Spartans27,1,5,2,3,-1,0,1,1,-1,6
stellar678,1,5,2,3,-1,0,1,1,-1,6
StupidQuestionsRedux,1,5,2,3,-1,0,1,1,-1,6
sudevsen,1,5,2,3,-1,0,1,1,-1,6
TariqTasha,1,5,2,3,-1,0,1,1,-1,6
tartee,1,5,2,3,-1,0,1,1,-1,6
The_k-dawg,1,5,2,3,-1,0,1,1,-1,6
The_Poopinator,1,5,1,4,-3,2,1,1,-1,6
the13thmachete,1,5,2,3,-1,0,1,1,-1,6
theHanman,1,5,2,3,-1,0,1,1,-1,6
TheShortMusician,1,5,2,3,-1,0,1,1,-1,6
Triumph_Me,1,5,1,4,-3,2,1,1,-1,6
Tthelaundryman,1,5,2,3,-1,0,1,1,-1,6
ummm_nop,1,5,2,3,-1,0,1,1,-1,6
weasel17,1,5,2,3,-1,0,1,1,-1,6
whatthetuckkk,1,5,2,3,-1,0,1,1,-1,6
wonderbread2121,1,5,2,3,-1,0,1,1,-1,6
xRockstaar,1,5,2,3,-1,0,1,1,-1,6
Yupitsnuge,1,5,2,3,-1,0,1,1,-1,6
ZML09,1,5,2,3,-1,0,1,1,-1,6
Zuran,1,5,2,3,-1,0,1,1,-1,6
Am1o1ss,1,5,2,3,-1,0,0,1,-1,6
BynxBinkerton,1,5,2,3,-1,0,0,1,-1,6
Cancey,1,5,2,3,-1,0,0,1,-1,6
Chucknorris1975,1,5,2,3,-1,0,0,1,-1,6
DrDizl,1,5,2,3,-1,0,0,1,-1,6
dumnezero,1,5,2,3,-1,0,0,1,-1,6
gdkyeh,1,5,2,3,-1,0,0,1,-1,6
hammerschlager,1,5,2,3,-1,0,0,1,-1,6
hivaidsislethal,1,5,2,3,-1,0,0,1,-1,6
INFECTED_CAT_ASSHOLE,1,5,2,3,-1,0,0,1,-1,6
LazyNarwhal,1,5,2,3,-1,0,0,1,-1,6
Mcfc3,1,5,2,3,-1,0,0,1,-1,6
memeaddict10,1,5,1,4,-3,2,0,1,-1,6
mista_miagi,1,5,2,3,-1,0,0,1,-1,6
nicolette2013,1,5,1,4,-3,2,0,1,-1,6
Nyynks212,1,5,2,3,-1,0,0,1,-1,6
om_nom_,1,5,2,3,-1,0,0,1,-1,6
orsini1138,1,5,2,3,-1,0,0,1,-1,6
r3ckon333rr,1,5,2,3,-1,0,0,1,-1,6
renegademaniac,1,5,2,3,-1,0,0,1,-1,6
RollingGoron,1,5,2,3,-1,0,0,1,-1,6
Sir_Magoo,1,5,2,3,-1,0,0,1,-1,6
slingshot8907,1,5,2,3,-1,0,0,1,-1,6
SoDutch,1,5,2,3,-1,0,0,1,-1,6
StreetzMcGee,1,5,2,3,-1,0,0,1,-1,6
stuck_in_DE,1,5,2,3,-1,0,0,1,-1,6
thissweetkiss,1,5,2,3,-1,0,0,1,-1,6
whiskerbiscuitsMD,1,5,2,3,-1,0,0,1,-1,6
Wolfgang_00,1,5,2,3,-1,0,0,1,-1,6
Yoshi511,1,5,2,3,-1,0,0,1,-1,6
aodhamair,1,6,1,5,-4,2,1,0,-2,6
RagsyBoy,1,6,2,4,-2,0,1,0,-2,6
ar90310,1,5,1,4,-3,0,1,1,-3,6
ATrimble22,1,5,1,4,-3,0,1,1,-3,6
BestManForTheGOB,1,5,1,4,-3,0,1,1,-3,6
dinosantorum012,1,5,1,4,-3,0,1,1,-3,6
epoch_fail,1,5,1,4,-3,0,1,1,-3,6
Georgito,1,5,1,4,-3,0,1,1,-3,6
GlaiveRunner,1,5,1,4,-3,0,1,1,-3,6
godmademedoit,1,5,1,4,-3,0,1,1,-3,6
Gunner406,1,5,1,4,-3,0,1,1,-3,6
Kingsworth,1,5,1,4,-3,0,1,1,-3,6
mangzane,1,5,1,4,-3,0,1,1,-3,6
Masselopao6,1,5,1,4,-3,0,1,1,-3,6
MrFreckle,1,5,1,4,-3,0,1,1,-3,6
nexus9988,1,5,1,4,-3,0,1,1,-3,6
penny_for_my_thought,1,5,1,4,-3,0,1,1,-3,6
ronimal,1,5,1,4,-3,0,1,1,-3,6
Tuckzz,1,5,1,4,-3,0,1,1,-3,6
Upgrade845,1,5,1,4,-3,0,1,1,-3,6
usarmy68w,1,5,1,4,-3,0,1,1,-3,6
50percentJoe,1,5,1,4,-3,0,0,1,-3,6
andrewthemonkey,1,5,1,4,-3,0,0,1,-3,6
Beejaygee,1,5,1,4,-3,0,0,1,-3,6
cetaceanbiologist,1,5,1,4,-3,0,0,1,-3,6
crackaddictedgorilla,1,5,1,4,-3,0,0,1,-3,6
manuseb,1,5,1,4,-3,0,0,1,-3,6
Mathias3670,1,5,1,4,-3,0,0,1,-3,6
melkurion,1,5,1,4,-3,0,0,1,-3,6
msamard,1,5,1,4,-3,0,0,1,-3,6
netmugger,1,5,1,4,-3,0,0,1,-3,6
sillypanda373,1,5,1,4,-3,0,0,1,-3,6
SpawnPoint,1,5,1,4,-3,0,0,1,-3,6
txurri746,1,5,1,4,-3,0,0,1,-3,6
xuxux,1,6,1,5,-4,0,1,0,-4,6
SpenceSpades,1,5,0,5,-5,0,1,1,-5,6
TheCoxer,1,4,4,0,4,6,1,1,10,5
JRoden77,1,4,3,1,2,7,0,1,9,5
Theo93,1,4,4,0,4,4,1,1,8,5
OompaOrangeFace,1,5,4,1,3,4,1,0,7,5
rpspartin,1,5,3,2,1,6,1,0,7,5
Danarky,1,4,4,0,4,3,0,1,7,5
Alainite,1,4,3,1,2,4,1,1,6,5
GyuuNyuu,1,5,4,1,3,3,1,0,6,5
luke95836,1,5,4,1,3,3,1,0,6,5
thebenchmark,1,5,2,3,-1,7,1,0,6,5
GGArkleseizure,1,4,3,1,2,4,0,1,6,5
ilove_downvote,1,4,2,2,0,6,0,1,6,5
manofscience42,2,3,3,0,3,2,2,2,5,5
CHEEZYSPAM,1,4,3,1,2,3,1,1,5,5
kate4karma,1,5,5,0,5,0,1,0,5,5
ladywithwhiskey,1,5,5,0,5,0,1,0,5,5
NMeiden,1,4,3,1,2,3,1,1,5,5
twentyseventy,1,5,5,0,5,0,1,0,5,5
FreddieMercurio,1,4,3,1,2,3,0,1,5,5
kakiwar,1,4,3,1,2,3,0,1,5,5
adub721,1,4,4,0,4,0,1,1,4,5
Akaaka819,1,4,3,1,2,2,1,1,4,5
alyrosepetal,1,4,4,0,4,0,1,1,4,5
AnonSBF,1,4,4,0,4,0,1,1,4,5
anXaverageXpanda,1,4,4,0,4,0,1,1,4,5
ClideLennon,1,4,4,0,4,0,1,1,4,5
CplPJ,1,4,3,1,2,2,1,1,4,5
crazymark316,1,4,3,1,2,2,1,1,4,5
dh14753,1,4,3,1,2,2,1,1,4,5
eulbsvder,1,4,4,0,4,0,1,1,4,5
faggotrealmpro,1,4,2,2,0,4,1,1,4,5
fatcolin123,1,4,3,1,2,2,1,1,4,5
imaybemeesh,1,4,4,0,4,0,1,1,4,5
Imsovirtuous,1,4,4,0,4,0,1,1,4,5
Infinite1297,1,4,4,0,4,0,1,1,4,5
InsaneTomato,1,4,1,3,-2,6,1,1,4,5
JpLosman,1,4,4,0,4,0,1,1,4,5
justinheff,1,5,3,2,1,3,1,0,4,5
krstycrlss,1,4,4,0,4,0,1,1,4,5
NeutronRocks,1,4,4,0,4,0,1,1,4,5
Nv_Supra,1,4,4,0,4,0,1,1,4,5
olafpkyou,1,4,4,0,4,0,1,1,4,5
pendos,1,4,4,0,4,0,1,1,4,5
petergriff,1,4,3,1,2,2,1,1,4,5
Pit107,1,4,4,0,4,0,1,1,4,5
reneeyay,1,4,4,0,4,0,1,1,4,5
ScaryMonsters,1,4,3,1,2,2,1,1,4,5
shutting_down,1,4,4,0,4,0,1,1,4,5
SquareSalute,1,4,3,1,2,2,1,1,4,5
thatguyfrompreschool,1,4,4,0,4,0,1,1,4,5
Thendofreason,1,4,4,0,4,0,1,1,4,5
this_is_my_b00mst1ck,1,4,3,1,2,2,1,1,4,5
ThorSve33,1,4,3,1,2,2,1,1,4,5
vigilantostrich,1,4,4,0,4,0,1,1,4,5
what_what_what_what,1,4,3,1,2,2,1,1,4,5
xana_,1,4,4,0,4,0,1,1,4,5
billiexjeen,1,4,3,1,2,2,0,1,4,5
comicsanscriminal,1,4,4,0,4,0,0,1,4,5
derpingeveryday,1,4,3,1,2,2,0,1,4,5
DrewGordon,1,4,4,0,4,0,0,1,4,5
guitarnerd29,1,4,2,2,0,4,0,1,4,5
jfwspud,1,4,4,0,4,0,0,1,4,5
kriptoner,1,4,4,0,4,0,0,1,4,5
MentalOverdrive,1,4,3,1,2,2,0,1,4,5
Mongoblack,1,4,3,1,2,2,0,1,4,5
OffensiveNiceGuy,1,4,3,1,2,2,0,1,4,5
ohheyitsmebrandon,1,4,4,0,4,0,0,1,4,5
Samikus,1,4,4,0,4,0,0,1,4,5
TurboTemplar,1,4,2,2,0,4,0,1,4,5
AlexOnTheCoast,1,5,4,1,3,0,1,0,3,5
Axelfowlie,1,5,4,1,3,0,1,0,3,5
dsa8908,1,4,2,2,0,3,1,1,3,5
FormerFundie6996,1,5,4,1,3,0,1,0,3,5
Funkoma,1,5,4,1,3,0,1,0,3,5
IRCheesecake82,1,5,4,1,3,0,1,0,3,5
jointheredditarmy,1,5,4,1,3,0,1,0,3,5
kfasa,1,5,4,1,3,0,1,0,3,5
Sociological_Theory,1,5,4,1,3,0,1,0,3,5
spooget3,1,5,4,1,3,0,1,0,3,5
TurboCheetah,1,5,3,2,1,2,1,0,3,5
Dhurken,1,4,1,3,-2,5,0,1,3,5
JaxnRdS,1,4,2,2,0,3,0,1,3,5
jsims87,1,4,2,2,0,3,0,1,3,5
Affe83,1,4,3,1,2,0,1,1,2,5
AkaMiso,1,4,3,1,2,0,1,1,2,5
arlotheace,1,4,3,1,2,0,1,1,2,5
azuredraconis,1,4,3,1,2,0,1,1,2,5
b_a_d_tdk,1,4,3,1,2,0,1,1,2,5
bag1123,1,4,3,1,2,0,1,1,2,5
bardiboo,1,4,3,1,2,0,1,1,2,5
Blitz95,1,4,3,1,2,0,1,1,2,5
brand14,1,4,3,1,2,0,1,1,2,5
brear,1,4,3,1,2,0,1,1,2,5
brightman95,1,4,3,1,2,0,1,1,2,5
BuryMeAlive,1,4,3,1,2,0,1,1,2,5
Caboose0919,1,4,3,1,2,0,1,1,2,5
Cactusgun,1,4,3,1,2,0,1,1,2,5
Cantreachme,1,4,3,1,2,0,1,1,2,5
chaos_jockey,1,4,3,1,2,0,1,1,2,5
CharForceOne,1,4,3,1,2,0,1,1,2,5
chrisjtow,1,4,3,1,2,0,1,1,2,5
ChristianK858,1,4,3,1,2,0,1,1,2,5
churds,1,4,3,1,2,0,1,1,2,5
Cravix,1,4,3,1,2,0,1,1,2,5
darkner,1,4,3,1,2,0,1,1,2,5
David55768,1,4,3,1,2,0,1,1,2,5
davstaylor,1,4,3,1,2,0,1,1,2,5
Derpylol,1,4,3,1,2,0,1,1,2,5
diggity_dank,1,4,3,1,2,0,1,1,2,5
dizziedawgie,1,4,3,1,2,0,1,1,2,5
djlushious,1,4,3,1,2,0,1,1,2,5
doctorwho42,1,4,2,2,0,2,1,1,2,5
Dylsco,1,4,3,1,2,0,1,1,2,5
Ephixah,1,4,2,2,0,2,1,1,2,5
epicdude123456789,1,4,3,1,2,0,1,1,2,5
extensioncord25,1,4,3,1,2,0,1,1,2,5
fathervice,1,4,3,1,2,0,1,1,2,5
FelipeFlop,1,4,3,1,2,0,1,1,2,5
FusedGutz24,1,4,3,1,2,0,1,1,2,5
Gouken,1,4,3,1,2,0,1,1,2,5
Guerrero2684,1,4,3,1,2,0,1,1,2,5
hapaxLegomina,1,4,2,2,0,2,1,1,2,5
HitlerStoleMyCats,1,4,3,1,2,0,1,1,2,5
howtogiggle101,1,4,3,1,2,0,1,1,2,5
I-Am-Dog-,1,4,3,1,2,0,1,1,2,5
ItAllShallSoonBeMine,1,4,3,1,2,0,1,1,2,5
JabbaTheHot,1,4,3,1,2,0,1,1,2,5
jerommimo,1,4,2,2,0,2,1,1,2,5
juicymarc,1,4,3,1,2,0,1,1,2,5
Kosard,1,4,3,1,2,0,1,1,2,5
Lemonparty12,1,4,2,2,0,2,1,1,2,5
LHoT10820,1,4,3,1,2,0,1,1,2,5
MadHatter___,1,4,3,1,2,0,1,1,2,5
MasonJoody,1,4,3,1,2,0,1,1,2,5
mdbissette,1,4,3,1,2,0,1,1,2,5
meltedface,1,4,3,1,2,0,1,1,2,5
MissKizoom,1,4,3,1,2,0,1,1,2,5
moazzamjafar,1,4,3,1,2,0,1,1,2,5
MorganPowell,1,4,3,1,2,0,1,1,2,5
muffinzrock,1,4,3,1,2,0,1,1,2,5
Nitrous42,1,4,3,1,2,0,1,1,2,5
NotoriousDIG,1,4,3,1,2,0,1,1,2,5
numbero10,1,4,3,1,2,0,1,1,2,5
petmonster,1,4,3,1,2,0,1,1,2,5
Raknarg,1,4,3,1,2,0,1,1,2,5
ralph20212,1,4,3,1,2,0,1,1,2,5
ratsiv,1,4,3,1,2,0,1,1,2,5
redditbeast13,1,4,3,1,2,0,1,1,2,5
Robi154,1,4,3,1,2,0,1,1,2,5
ruckanukas,1,4,3,1,2,0,1,1,2,5
science_love_fun,1,4,3,1,2,0,1,1,2,5
SenatorCrabHat,1,4,3,1,2,0,1,1,2,5
slanky06,1,4,3,1,2,0,1,1,2,5
smurftheburn,1,4,3,1,2,0,1,1,2,5
sourd20ag,1,4,3,1,2,0,1,1,2,5
spoliveira,1,4,3,1,2,0,1,1,2,5
supqwerty,1,4,3,1,2,0,1,1,2,5
sux,1,4,3,1,2,0,1,1,2,5
thecrench,1,4,3,1,2,0,1,1,2,5
TylerKeys,1,4,3,1,2,0,1,1,2,5
upallniteonreddit,1,4,2,2,0,2,1,1,2,5
vapidly,1,4,3,1,2,0,1,1,2,5
whodaheck,1,4,3,1,2,0,1,1,2,5
WinstonBoxfeathers,1,4,3,1,2,0,1,1,2,5
wook22,1,4,3,1,2,0,1,1,2,5
xedsullivanx,1,4,3,1,2,0,1,1,2,5
z_impaler,1,4,3,1,2,0,1,1,2,5
zoot_allures,1,4,3,1,2,0,1,1,2,5
agrover0821,1,4,3,1,2,0,0,1,2,5
baney,1,4,2,2,0,2,0,1,2,5
BlueHaze18,1,4,3,1,2,0,0,1,2,5
capowie13,1,4,3,1,2,0,0,1,2,5
catman20111,1,4,3,1,2,0,0,1,2,5
chabel3193,1,4,3,1,2,0,0,1,2,5
colenickel,1,4,3,1,2,0,0,1,2,5
dantheman9,1,4,3,1,2,0,0,1,2,5
davzza,1,4,3,1,2,0,0,1,2,5
denverNUGGs,1,4,3,1,2,0,0,1,2,5
DjVicK,1,4,3,1,2,0,0,1,2,5
dudner,1,4,3,1,2,0,0,1,2,5
fukeo,1,4,3,1,2,0,0,1,2,5
GabrielAviles,1,4,3,1,2,0,0,1,2,5
gn0xious,1,4,3,1,2,0,0,1,2,5
groo28,1,4,3,1,2,0,0,1,2,5
herpforderps,1,4,3,1,2,0,0,1,2,5
IAMEngineer,1,4,3,1,2,0,0,1,2,5
IneedAbagOFpeanuts,1,4,3,1,2,0,0,1,2,5
Judas_Has_Come,1,4,3,1,2,0,0,1,2,5
likeaboss12345,1,4,3,1,2,0,0,1,2,5
MauritianPhoenix,1,4,3,1,2,0,0,1,2,5
milky98,1,4,3,1,2,0,0,1,2,5
Moafar,1,4,3,1,2,0,0,1,2,5
ochtapas,1,4,3,1,2,0,0,1,2,5
Orly106,1,4,3,1,2,0,0,1,2,5
ownmonster3000,1,4,3,1,2,0,0,1,2,5
RandomGuyInScranton,1,4,3,1,2,0,0,1,2,5
RMBone,1,4,3,1,2,0,0,1,2,5
sean646,1,4,3,1,2,0,0,1,2,5
snowman6251,1,4,1,3,-2,4,0,1,2,5
SubtleMockery,1,4,3,1,2,0,0,1,2,5
succumb6,1,4,3,1,2,0,0,1,2,5
Techmeology,1,4,3,1,2,0,0,1,2,5
Tecmaster,1,4,3,1,2,0,0,1,2,5
thetastypoptart,1,4,2,2,0,2,0,1,2,5
Torasque,1,4,3,1,2,0,0,1,2,5
vagina_farts,1,4,3,1,2,0,0,1,2,5
wannabegenius,1,4,3,1,2,0,0,1,2,5
whoawhoisthis,1,4,3,1,2,0,0,1,2,5
zombieattak,1,4,3,1,2,0,0,1,2,5
beatsnbuds,1,5,3,2,1,0,1,0,1,5
BlackoutBen,1,5,3,2,1,0,1,0,1,5
denalli_j,1,5,3,2,1,0,1,0,1,5
HalfAgonyHalfHope,1,5,3,2,1,0,1,0,1,5
ohnoitsvo,1,5,3,2,1,0,1,0,1,5
SpaghettisaurusRex,1,5,3,2,1,0,1,0,1,5
thisprofilenolongere,1,5,3,2,1,0,0,0,1,5
9FingeredFrodo,1,4,2,2,0,0,1,1,0,5
A_Brown_Guy,1,4,2,2,0,0,1,1,0,5
AnUglyUmbrella,1,4,2,2,0,0,1,1,0,5
ARodanski,1,4,2,2,0,0,1,1,0,5
bboyauron,1,4,2,2,0,0,1,1,0,5
beastmanrules2,1,4,1,3,-2,2,1,1,0,5
bjdavis91,1,4,2,2,0,0,1,1,0,5
caffe1nated,1,4,2,2,0,0,1,1,0,5
cartern,1,4,2,2,0,0,1,1,0,5
ClausoZ,1,4,2,2,0,0,1,1,0,5
clydeernator,1,4,2,2,0,0,1,1,0,5
cribking44,1,4,2,2,0,0,1,1,0,5
crundar,1,4,2,2,0,0,1,1,0,5
Dave_Vai,1,4,2,2,0,0,1,1,0,5
Derpzy,1,4,2,2,0,0,1,1,0,5
di0p,1,4,2,2,0,0,1,1,0,5
djtoell,1,4,2,2,0,0,1,1,0,5
drlemon,1,4,2,2,0,0,1,1,0,5
ElijahC,1,4,2,2,0,0,1,1,0,5
envima,1,4,2,2,0,0,1,1,0,5
flea79,1,4,1,3,-2,2,1,1,0,5
fubar2010,1,4,2,2,0,0,1,1,0,5
FuckinBob,1,4,2,2,0,0,1,1,0,5
ghostp64,1,4,2,2,0,0,1,1,0,5
Ginya,1,4,2,2,0,0,1,1,0,5
gormanboy,1,4,2,2,0,0,1,1,0,5
hildosapien,1,4,2,2,0,0,1,1,0,5
hiro24,1,4,2,2,0,0,1,1,0,5
IamTheOnly,1,4,2,2,0,0,1,1,0,5
imperialipa,1,4,2,2,0,0,1,1,0,5
IronicIvan,1,4,2,2,0,0,1,1,0,5
iToggle,1,4,2,2,0,0,1,1,0,5
itsrishabh,1,4,2,2,0,0,1,1,0,5
jacobbatz,1,4,2,2,0,0,1,1,0,5
JamesLockhart,1,4,2,2,0,0,1,1,0,5
JewJerseyShore,1,4,2,2,0,0,1,1,0,5
Jewsy_shore,1,4,2,2,0,0,1,1,0,5
joe772,1,4,2,2,0,0,1,1,0,5
jordanritchie,1,4,2,2,0,0,1,1,0,5
Kugel,1,4,2,2,0,0,1,1,0,5
LordEnTgineer,1,4,2,2,0,0,1,1,0,5
lowberry,1,4,2,2,0,0,1,1,0,5
mattyfressh,1,4,2,2,0,0,1,1,0,5
McLaughlin180,1,4,2,2,0,0,1,1,0,5
nickgreen90,1,4,2,2,0,0,1,1,0,5
Nitero,1,4,2,2,0,0,1,1,0,5
onlydubs08,1,4,2,2,0,0,1,1,0,5
p1mp3rn3l,1,4,2,2,0,0,1,1,0,5
PauseforBong,1,4,2,2,0,0,1,1,0,5
PenguinSub,1,4,2,2,0,0,1,1,0,5
ProfessorEl,1,4,2,2,0,0,1,1,0,5
RaginMango,1,4,2,2,0,0,1,1,0,5
raptor_theo,1,4,2,2,0,0,1,1,0,5
raven12456,1,4,2,2,0,0,1,1,0,5
rcrockchd,1,4,2,2,0,0,1,1,0,5
Ribbithefrog,1,4,2,2,0,0,1,1,0,5
roborachie,1,4,2,2,0,0,1,1,0,5
sf7,1,4,2,2,0,0,1,1,0,5
smilelingclown2,1,4,2,2,0,0,1,1,0,5
smileylikethesun,1,4,2,2,0,0,1,1,0,5
StarCass,1,4,2,2,0,0,1,1,0,5
starletsandpistols,1,4,2,2,0,0,1,1,0,5
Starshield101,1,4,2,2,0,0,1,1,0,5
TheBigBanger,1,4,2,2,0,0,1,1,0,5
thewebsucks,1,4,2,2,0,0,1,1,0,5
tigerdroppings,1,4,2,2,0,0,1,1,0,5
Tom_From_Marketing,1,4,2,2,0,0,1,1,0,5
UberKyla,1,4,2,2,0,0,1,1,0,5
ValiantSwabian,1,4,1,3,-2,2,1,1,0,5
Vespyna,1,4,2,2,0,0,1,1,0,5
VinceLePrince,1,4,2,2,0,0,1,1,0,5
vinzago,1,4,2,2,0,0,1,1,0,5
waterandshade,1,4,2,2,0,0,1,1,0,5
Xpoopy,1,4,2,2,0,0,1,1,0,5
xwakaba,1,4,2,2,0,0,1,1,0,5
zbess,1,4,2,2,0,0,1,1,0,5
Zizzac,1,4,2,2,0,0,1,1,0,5
AmyClemx,1,4,2,2,0,0,0,1,0,5
balti-sam,1,4,2,2,0,0,0,1,0,5
banana-moses,1,4,2,2,0,0,0,1,0,5
breteze,1,4,2,2,0,0,0,1,0,5
buzzkill77,1,4,2,2,0,0,0,1,0,5
clearly-obscure,1,4,2,2,0,0,0,1,0,5
damnit_scully,1,4,2,2,0,0,0,1,0,5
diabolicdiabetic12,1,4,2,2,0,0,0,1,0,5
Diethlamyde,1,4,2,2,0,0,0,1,0,5
edfitz83,1,4,2,2,0,0,0,1,0,5
failedparachute,1,4,2,2,0,0,0,1,0,5
false_panic,1,4,2,2,0,0,0,1,0,5
garym1991,1,4,2,2,0,0,0,1,0,5
gride9000,1,4,2,2,0,0,0,1,0,5
H0neyBadger,1,4,2,2,0,0,0,1,0,5
Haul_Out,1,4,2,2,0,0,0,1,0,5
HexKrak,1,4,2,2,0,0,0,1,0,5
Imm1n3ntd3th,1,4,2,2,0,0,0,1,0,5
Indy_Pendant,1,4,2,2,0,0,0,1,0,5
jdol06,1,4,2,2,0,0,0,1,0,5
jdswimmer5,1,4,2,2,0,0,0,1,0,5
MissElenius,1,4,2,2,0,0,0,1,0,5
Morblius,1,4,2,2,0,0,0,1,0,5
MrSteakhouse,1,4,2,2,0,0,0,1,0,5
novikk,1,4,2,2,0,0,0,1,0,5
nuvoo,1,4,2,2,0,0,0,1,0,5
Palamede,1,4,2,2,0,0,0,1,0,5
PoopinWhileIMadeThis,1,4,2,2,0,0,0,1,0,5
project_twenty5oh1,1,4,2,2,0,0,0,1,0,5
Rhakas,1,4,2,2,0,0,0,1,0,5
sjatwork,1,4,2,2,0,0,0,1,0,5
smokinrobocop,1,4,2,2,0,0,0,1,0,5
tarsins,1,4,2,2,0,0,0,1,0,5
thebearcox,1,4,2,2,0,0,0,1,0,5
theclassyredditor,1,4,2,2,0,0,0,1,0,5
UncleS1am,1,4,1,3,-2,2,0,1,0,5
whatleym,1,4,2,2,0,0,0,1,0,5
xmaster4556,1,4,2,2,0,0,0,1,0,5
DementedHeadcrab,1,5,2,3,-1,0,1,0,-1,5
Jamesfreakinherron,1,5,2,3,-1,0,1,0,-1,5
juicyjupiter,1,5,2,3,-1,0,1,0,-1,5
MT_Flesch,1,5,2,3,-1,0,1,0,-1,5
Womec,1,5,2,3,-1,0,1,0,-1,5
192kbps,1,4,1,3,-2,0,1,1,-2,5
aggressive_serve,1,4,1,3,-2,0,1,1,-2,5
blastedwapted,1,4,1,3,-2,0,1,1,-2,5
Boss_daddy,1,4,1,3,-2,0,1,1,-2,5
British_Monkey,1,4,1,3,-2,0,1,1,-2,5
Canttouchthiss,1,4,1,3,-2,0,1,1,-2,5
DangerChips,1,4,1,3,-2,0,1,1,-2,5
DozNuts,1,4,1,3,-2,0,1,1,-2,5
Eleminohp,1,4,1,3,-2,0,1,1,-2,5
elijahwright,1,4,1,3,-2,0,1,1,-2,5
funkendread,1,4,1,3,-2,0,1,1,-2,5
Hannah4Evr,1,4,1,3,-2,0,1,1,-2,5
highzenburg,1,4,1,3,-2,0,1,1,-2,5
Icantputoneyeshadow,1,4,1,3,-2,0,1,1,-2,5
ICEMAN13,1,4,1,3,-2,0,1,1,-2,5
jamesgrad2014,1,4,1,3,-2,0,1,1,-2,5
jwittkopp95,1,4,1,3,-2,0,1,1,-2,5
kinghenryXI,1,4,1,3,-2,0,1,1,-2,5
mademperornero,1,4,1,3,-2,0,1,1,-2,5
mitrenegade,1,4,1,3,-2,0,1,1,-2,5
moetwa,1,4,1,3,-2,0,1,1,-2,5
Mogmi95,1,4,1,3,-2,0,1,1,-2,5
musictechgeek,1,4,1,3,-2,0,1,1,-2,5
My_Cool_Name,1,4,1,3,-2,0,1,1,-2,5
pastapie,1,4,1,3,-2,0,1,1,-2,5
praxmusic,1,4,1,3,-2,0,1,1,-2,5
shleey46,1,4,1,3,-2,0,1,1,-2,5
spurradict,1,4,1,3,-2,0,1,1,-2,5
taradarling,1,4,1,3,-2,0,1,1,-2,5
TheCoons,1,4,1,3,-2,0,1,1,-2,5
Veldve,1,4,1,3,-2,0,1,1,-2,5
wildflower247,1,4,1,3,-2,0,1,1,-2,5
xCessivePresure,1,4,1,3,-2,0,1,1,-2,5
zegela,1,4,1,3,-2,0,1,1,-2,5
capSta,1,4,1,3,-2,0,0,1,-2,5
dreday0678,1,4,1,3,-2,0,0,1,-2,5
fito316,1,4,1,3,-2,0,0,1,-2,5
GeorgeWBsh,1,4,1,3,-2,0,0,1,-2,5
Jagoofy,1,4,1,3,-2,0,0,1,-2,5
jazdk4,1,4,1,3,-2,0,0,1,-2,5
LoroParque,1,4,1,3,-2,0,0,1,-2,5
Qompaqcube,1,4,1,3,-2,0,0,1,-2,5
stc573,1,4,1,3,-2,0,0,1,-2,5
TheNateMonster,1,4,1,3,-2,0,0,1,-2,5
TinfoilGui,1,4,1,3,-2,0,0,1,-2,5
wagon-wheel,1,4,1,3,-2,0,0,1,-2,5
crossvine,1,5,1,4,-3,0,1,0,-3,5
LarryKinkers,1,5,1,4,-3,0,1,0,-3,5
FelixR1991,1,3,2,1,1,11,1,1,12,4
Zachary938,1,3,2,1,1,9,1,1,10,4
Starz0r,1,3,1,2,-1,9,1,1,8,4
borgie,1,4,4,0,4,3,1,0,7,4
Non_Contributing_0,1,4,3,1,2,5,1,0,7,4
Snuggleopolis,1,3,2,1,1,5,0,1,6,4
andymc1989,1,3,3,0,3,2,1,1,5,4
iamasupersaiyan,1,3,3,0,3,2,1,1,5,4
CreeperTaabi,1,3,3,0,3,2,0,1,5,4
konj89,1,3,3,0,3,2,0,1,5,4
PatriaNostra77,1,3,3,0,3,2,0,1,5,4
sethtaylor7,1,3,3,0,3,2,0,1,5,4
ssashammarie,1,3,3,0,3,2,0,1,5,4
9ozFlask,1,4,3,1,2,2,1,0,4,4
Aperture_Scientist4,1,3,2,1,1,3,1,1,4,4
Cup_O_Coffey,1,4,4,0,4,0,1,0,4,4
hesgotabicycle,1,4,4,0,4,0,1,0,4,4
mspedigo,1,3,2,1,1,3,1,1,4,4
NathanRickle,1,4,4,0,4,0,1,0,4,4
SuperTroopers1829,1,4,4,0,4,0,1,0,4,4
olafthebent,1,3,2,1,1,3,0,1,4,4
8HokiePokie8,1,3,3,0,3,0,1,1,3,4
accerat,1,3,3,0,3,0,1,1,3,4
andyman93,1,3,3,0,3,0,1,1,3,4
bookishgeek,1,3,3,0,3,0,1,1,3,4
budofkittylord,1,3,3,0,3,0,1,1,3,4
dfalcone,1,3,3,0,3,0,1,1,3,4
diyeiogt,1,3,3,0,3,0,1,1,3,4
EverythingFerns,1,3,3,0,3,0,1,1,3,4
fjskjnfjbd,1,3,3,0,3,0,1,1,3,4
fodian,1,3,3,0,3,0,1,1,3,4
fungusfriends,1,3,3,0,3,0,1,1,3,4
gerallt87,1,3,3,0,3,0,1,1,3,4
hotstickywaffle,1,3,3,0,3,0,1,1,3,4
jtriggs,1,3,3,0,3,0,1,1,3,4
kadian,1,3,3,0,3,0,1,1,3,4
leawesomeme,1,3,3,0,3,0,1,1,3,4
longfell0,1,3,3,0,3,0,1,1,3,4
loweritup,1,3,3,0,3,0,1,1,3,4
marefairy,1,3,3,0,3,0,1,1,3,4
neptunian,1,3,3,0,3,0,1,1,3,4
poppabaggins,1,3,3,0,3,0,1,1,3,4
rabbittrainer,1,3,3,0,3,0,1,1,3,4
RedditorofNi,1,3,3,0,3,0,1,1,3,4
Reymefasolatido,1,3,3,0,3,0,1,1,3,4
sdgardner,1,3,3,0,3,0,1,1,3,4
Slayer500x,1,3,3,0,3,0,1,1,3,4
superduper12309,1,3,2,1,1,2,1,1,3,4
theWizard82,1,3,3,0,3,0,1,1,3,4
thinkofsomethingkwik,1,3,3,0,3,0,1,1,3,4
thistlewood,1,3,3,0,3,0,1,1,3,4
wabudimafah,1,3,3,0,3,0,1,1,3,4
wheeler99,1,3,3,0,3,0,1,1,3,4
wow_trees,1,3,2,1,1,2,1,1,3,4
Bertreb,1,3,3,0,3,0,0,1,3,4
cbsh,1,3,3,0,3,0,0,1,3,4
cvibrant,1,3,3,0,3,0,0,1,3,4
EP9,1,3,3,0,3,0,0,1,3,4
for_sweden,1,3,3,0,3,0,0,1,3,4
Icy5431,1,3,2,1,1,2,0,1,3,4
idunc,1,3,3,0,3,0,0,1,3,4
incangoat,1,3,3,0,3,0,0,1,3,4
kurdovia,1,3,3,0,3,0,0,1,3,4
Magni_Ha,1,3,3,0,3,0,0,1,3,4
MrFisk02,1,3,2,1,1,2,0,1,3,4
MrVonBuren,1,3,3,0,3,0,0,1,3,4
netjester677,1,3,3,0,3,0,0,1,3,4
pinfloi,1,3,3,0,3,0,0,1,3,4
portablebunny,1,3,2,1,1,2,0,1,3,4
sannue,1,3,3,0,3,0,0,1,3,4
thebestbutler,1,3,3,0,3,0,0,1,3,4
ytew6,1,3,3,0,3,0,0,1,3,4
A13X37,1,4,3,1,2,0,1,0,2,4
Almightyunicorn,1,4,3,1,2,0,1,0,2,4
calvblue,1,3,1,2,-1,3,1,1,2,4
DealLayLolMo,1,4,3,1,2,0,1,0,2,4
jlettuce07,1,4,3,1,2,0,1,0,2,4
majorboredom1,1,4,3,1,2,0,1,0,2,4
Nielsio,1,4,2,2,0,2,1,0,2,4
onnet5,1,4,2,2,0,2,1,0,2,4
Punchlinebrony,1,4,3,1,2,0,1,0,2,4
Xantu,1,4,3,1,2,0,1,0,2,4
k8alator,1,4,3,1,2,0,0,0,2,4
pony-boy,1,4,3,1,2,0,0,0,2,4
abstergoagent,1,3,2,1,1,0,1,1,1,4
AFoolishDuckXx,1,3,2,1,1,0,1,1,1,4
albney,1,3,2,1,1,0,1,1,1,4
anacondatmz,1,3,2,1,1,0,1,1,1,4
Anynomus,1,3,2,1,1,0,1,1,1,4
Baconbeatseverything,1,3,2,1,1,0,1,1,1,4
Basefly,1,3,2,1,1,0,1,1,1,4
beatsaudio,1,3,2,1,1,0,1,1,1,4
BinRoy,1,3,2,1,1,0,1,1,1,4
BskooL,1,3,2,1,1,0,1,1,1,4
capavon23,1,3,2,1,1,0,1,1,1,4
crackerman2000,1,3,2,1,1,0,1,1,1,4
D34THM0N3Y,1,3,2,1,1,0,1,1,1,4
da_muffinman,1,3,2,1,1,0,1,1,1,4
DeepDarkDown,1,3,2,1,1,0,1,1,1,4
Doctox,1,3,2,1,1,0,1,1,1,4
ephixa,1,3,1,2,-1,2,1,1,1,4
facemelt,1,3,2,1,1,0,1,1,1,4
Farsiiite,1,3,2,1,1,0,1,1,1,4
Felburg,1,3,2,1,1,0,1,1,1,4
gee_liz,1,4,1,3,-2,3,1,0,1,4
goodasdopamine,1,3,2,1,1,0,1,1,1,4
haywards5000,1,3,2,1,1,0,1,1,1,4
heatproofmatt,1,3,2,1,1,0,1,1,1,4
IchDien,1,3,2,1,1,0,1,1,1,4
jasiureddit,1,3,2,1,1,0,1,1,1,4
Jeremazing,1,3,2,1,1,0,1,1,1,4
Jeszika,1,3,2,1,1,0,1,1,1,4
jimmick,1,3,2,1,1,0,1,1,1,4
Josebaum,1,3,2,1,1,0,1,1,1,4
JP_EP3,1,3,2,1,1,0,1,1,1,4
Korales,1,3,2,1,1,0,1,1,1,4
laakso,1,3,2,1,1,0,1,1,1,4
leemur7,1,3,2,1,1,0,1,1,1,4
legendisreal,1,3,2,1,1,0,1,1,1,4
Linnius,1,3,2,1,1,0,1,1,1,4
Majorman,1,3,2,1,1,0,1,1,1,4
maremar,1,3,2,1,1,0,1,1,1,4
Master_Kr,1,3,2,1,1,0,1,1,1,4
matphoto,1,3,2,1,1,0,1,1,1,4
mcujellybroski,1,3,2,1,1,0,1,1,1,4
mike45010,1,3,2,1,1,0,1,1,1,4
mirandapaige,1,3,2,1,1,0,1,1,1,4
MKR25,1,3,2,1,1,0,1,1,1,4
Noeu,1,3,2,1,1,0,1,1,1,4
okay_super,1,3,2,1,1,0,1,1,1,4
OldSpiceSwagga,1,3,2,1,1,0,1,1,1,4
OlmecsTempleGuard,1,3,2,1,1,0,1,1,1,4
onepieceluffy,1,3,2,1,1,0,1,1,1,4
paintmyhouse,1,3,2,1,1,0,1,1,1,4
Phillipsherman,1,3,2,1,1,0,1,1,1,4
realiT_a10dant,1,3,2,1,1,0,1,1,1,4
RockStarz15,1,3,1,2,-1,2,1,1,1,4
ShasOFish,1,3,2,1,1,0,1,1,1,4
smileymorgan209,1,3,2,1,1,0,1,1,1,4
stargazercmc,1,3,2,1,1,0,1,1,1,4
STP_EMT,1,3,2,1,1,0,1,1,1,4
Sumidiotdude,1,3,2,1,1,0,1,1,1,4
The-Dead,1,3,2,1,1,0,1,1,1,4
tim4life,1,3,2,1,1,0,1,1,1,4
wegotabadass,1,3,2,1,1,0,1,1,1,4
xjudytrinh,1,3,2,1,1,0,1,1,1,4
Yidaaa,1,3,2,1,1,0,1,1,1,4
ams284,1,3,1,2,-1,2,0,1,1,4
AndThenThereWasChris,1,3,2,1,1,0,0,1,1,4
AshDroBoy,1,3,2,1,1,0,0,1,1,4
atomicmonk3y,1,3,2,1,1,0,0,1,1,4
ballsackjack,1,3,1,2,-1,2,0,1,1,4
bathinginreddit,1,3,2,1,1,0,0,1,1,4
chrishamer09,1,3,2,1,1,0,0,1,1,4
Cpcp800,1,3,2,1,1,0,0,1,1,4
DeathStarWeGotsIt,1,3,2,1,1,0,0,1,1,4
deen5526,1,3,2,1,1,0,0,1,1,4
Flailwielder,1,3,2,1,1,0,0,1,1,4
FledgeMon,1,3,2,1,1,0,0,1,1,4
ForeScore,1,3,2,1,1,0,0,1,1,4
FrostyFire,1,3,2,1,1,0,0,1,1,4
GamerCos,1,3,2,1,1,0,0,1,1,4
Gord88,1,3,2,1,1,0,0,1,1,4
jesbaker,1,3,2,1,1,0,0,1,1,4
KimberlyJ-0-1,1,3,2,1,1,0,0,1,1,4
laketravisbb8,1,3,2,1,1,0,0,1,1,4
markrar,1,3,2,1,1,0,0,1,1,4
MrSandman42,1,3,2,1,1,0,0,1,1,4
MyButtisItching,1,3,2,1,1,0,0,1,1,4
rbcoolie,1,3,2,1,1,0,0,1,1,4
retinascan,1,3,2,1,1,0,0,1,1,4
samminer33,1,3,1,2,-1,2,0,1,1,4
shutupandcompute,1,3,2,1,1,0,0,1,1,4
slickricks,1,3,2,1,1,0,0,1,1,4
SnoobY,1,3,2,1,1,0,0,1,1,4
thecaptainjs,1,3,2,1,1,0,0,1,1,4
TheDerpestNugg,1,3,2,1,1,0,0,1,1,4
TheTreeator,1,3,2,1,1,0,0,1,1,4
TheUnrulyYeti,1,3,2,1,1,0,0,1,1,4
Xacez,1,3,2,1,1,0,0,1,1,4
xtreme777,1,3,2,1,1,0,0,1,1,4
Aztec_Eagle,1,4,2,2,0,0,1,0,0,4
CircadianHour,1,4,2,2,0,0,1,0,0,4
ClassyTopHat,1,4,2,2,0,0,1,0,0,4
DJVee210,1,4,2,2,0,0,1,0,0,4
GoldenBlades,1,4,2,2,0,0,1,0,0,4
sw2tch,1,4,2,2,0,0,1,0,0,4
Unboxermail,1,4,2,2,0,0,1,0,0,4
Achill35,1,3,1,2,-1,0,1,1,-1,4
ahoyhoyinternet,1,3,1,2,-1,0,1,1,-1,4
AphoticSketch,1,3,1,2,-1,0,1,1,-1,4
AwakeTheBlood,1,3,1,2,-1,0,1,1,-1,4
awethemneth,1,3,1,2,-1,0,1,1,-1,4
Benfantastic,1,3,1,2,-1,0,1,1,-1,4
carloscar,1,3,1,2,-1,0,1,1,-1,4
carparts_creek,1,3,1,2,-1,0,1,1,-1,4
cballance,1,3,1,2,-1,0,1,1,-1,4
chope104,1,3,1,2,-1,0,1,1,-1,4
Crydebris,1,3,1,2,-1,0,1,1,-1,4
Darth_Surillious,1,3,1,2,-1,0,1,1,-1,4
Dreamingnarnia7,1,3,1,2,-1,0,1,1,-1,4
EchoZeroBravo,1,3,1,2,-1,0,1,1,-1,4
helpharrynow,1,3,1,2,-1,0,1,1,-1,4
herkemer2,1,3,1,2,-1,0,1,1,-1,4
Huntman703,1,3,1,2,-1,0,1,1,-1,4
iancrawford24,1,3,1,2,-1,0,1,1,-1,4
ignoranceizblis,1,3,1,2,-1,0,1,1,-1,4
killersiafu,1,3,1,2,-1,0,1,1,-1,4
kodilott,1,3,1,2,-1,0,1,1,-1,4
lickmygutflora,1,3,1,2,-1,0,1,1,-1,4
LivefortheEXPERIENCE,1,3,1,2,-1,0,1,1,-1,4
mattmoin117,1,3,1,2,-1,0,1,1,-1,4
Mocuw,1,3,1,2,-1,0,1,1,-1,4
Monarchsfan14,1,3,1,2,-1,0,1,1,-1,4
MuddleMutt,1,3,1,2,-1,0,1,1,-1,4
PDawgize,1,3,1,2,-1,0,1,1,-1,4
pleckums,1,3,1,2,-1,0,1,1,-1,4
R4ndom_Hero,1,3,1,2,-1,0,1,1,-1,4
RJDuplessis,1,3,1,2,-1,0,1,1,-1,4
rodricastillo,1,3,1,2,-1,0,1,1,-1,4
scrott,1,3,1,2,-1,0,1,1,-1,4
shaolin78881,1,3,1,2,-1,0,1,1,-1,4
Sockmccormick,1,3,1,2,-1,0,1,1,-1,4
SSSnuggles,1,3,1,2,-1,0,1,1,-1,4
TyI3orG,1,3,1,2,-1,0,1,1,-1,4
walrusoncrack,1,3,1,2,-1,0,1,1,-1,4
Weechy,1,3,1,2,-1,0,1,1,-1,4
Xanderbrindle,1,3,1,2,-1,0,1,1,-1,4
zaiahbarker,1,3,1,2,-1,0,1,1,-1,4
zzaman,1,3,1,2,-1,0,1,1,-1,4
Alanamary,1,3,1,2,-1,0,0,1,-1,4
chrisbkreme,1,3,1,2,-1,0,0,1,-1,4
Elpapachango,1,3,1,2,-1,0,0,1,-1,4
Falcon55,1,3,1,2,-1,0,0,1,-1,4
FoxxyFrost,1,3,0,3,-3,2,0,1,-1,4
hiltonking,1,3,1,2,-1,0,0,1,-1,4
mrMadKing,1,3,1,2,-1,0,0,1,-1,4
MylesRAnderson,1,3,1,2,-1,0,0,1,-1,4
nik_dungoofed,1,3,1,2,-1,0,0,1,-1,4
Ochibakonpeki,1,3,1,2,-1,0,0,1,-1,4
Paigeasaurusrex,1,3,1,2,-1,0,0,1,-1,4
stubbledchin,1,3,1,2,-1,0,0,1,-1,4
super312,1,3,1,2,-1,0,0,1,-1,4
Vailenx,1,3,1,2,-1,0,0,1,-1,4
Akoes,1,4,1,3,-2,0,1,0,-2,4
goldiegills,1,4,1,3,-2,0,1,0,-2,4
rickpat12,1,4,1,3,-2,0,1,0,-2,4
Rovner,1,3,0,3,-3,0,1,1,-3,4
goolygosh,1,3,0,3,-3,0,0,1,-3,4
Ectoplasmic,1,2,1,1,0,6,1,1,6,3
trezegol,1,3,3,0,3,3,1,0,6,3
ecksplosion,1,2,2,0,2,3,1,1,5,3
bastiVS,1,2,2,0,2,3,0,1,5,3
CAPSLOCK_AND_RAPE,1,2,2,0,2,2,1,1,4,3
frequencyfreak,1,2,2,0,2,2,1,1,4,3
hobomalaria,1,2,2,0,2,2,1,1,4,3
YuriJackoffski,1,2,2,0,2,2,1,1,4,3
dwill119,1,2,2,0,2,2,0,1,4,3
masters1125,1,2,2,0,2,2,0,1,4,3
pearsmeg,1,2,2,0,2,2,0,1,4,3
KillerPie,1,3,3,0,3,0,1,0,3,3
scoofy,1,2,1,1,0,3,1,1,3,3
Un0fficial,1,3,3,0,3,0,1,0,3,3
vikingsfan1795,1,3,3,0,3,0,1,0,3,3
ModerationLog,2,2,2,0,2,0,2,1,2,3
amooseoncebitmysis,1,2,2,0,2,0,1,1,2,3
Antylamon,1,2,2,0,2,0,1,1,2,3
Anyun,1,2,2,0,2,0,1,1,2,3
Archmage365,1,2,2,0,2,0,1,1,2,3
Bsassi,1,2,2,0,2,0,1,1,2,3
deviationblue,1,2,2,0,2,0,1,1,2,3
DirtySyko,1,2,2,0,2,0,1,1,2,3
ElReddo,1,2,2,0,2,0,1,1,2,3
emanbbrock,1,2,2,0,2,0,1,1,2,3
Grimuldus2,1,2,2,0,2,0,1,1,2,3
Hidetoshi_hasagawas,1,2,2,0,2,0,1,1,2,3
iRonak,1,2,2,0,2,0,1,1,2,3
iTROLLhard,1,2,2,0,2,0,1,1,2,3
Mike13815,1,2,2,0,2,0,1,1,2,3
NicholasVillars,1,2,2,0,2,0,1,1,2,3
prettyNUPE2K12,1,2,2,0,2,0,1,1,2,3
R3p3rTh3l3n,1,2,2,0,2,0,1,1,2,3
Rangourthaman_,1,2,2,0,2,0,1,1,2,3
sabiisrad,1,2,2,0,2,0,1,1,2,3
Shquiwwy,1,2,2,0,2,0,1,1,2,3
sturle,1,2,2,0,2,0,1,1,2,3
swizzie,1,2,2,0,2,0,1,1,2,3
trackula,1,2,2,0,2,0,1,1,2,3
upupupandaway,1,2,2,0,2,0,1,1,2,3
XmRyan,1,2,2,0,2,0,1,1,2,3
airbornewilson,1,2,2,0,2,0,0,1,2,3
anathema30,1,2,2,0,2,0,0,1,2,3
burningstone,1,2,2,0,2,0,0,1,2,3
Claret10,1,2,1,1,0,2,0,1,2,3
crisis_cakes,1,2,2,0,2,0,0,1,2,3
deadtoaster2,1,2,2,0,2,0,0,1,2,3
Ghorghor,1,2,2,0,2,0,0,1,2,3
gohugatree,1,2,2,0,2,0,0,1,2,3
HolyZ0mbieJesus,1,2,2,0,2,0,0,1,2,3
kitsch51,1,2,2,0,2,0,0,1,2,3
lust_the_dust,1,2,2,0,2,0,0,1,2,3
Norplay,1,2,1,1,0,2,0,1,2,3
pianoshizzle,1,2,2,0,2,0,0,1,2,3
qqitsdennis,1,2,2,0,2,0,0,1,2,3
rubec,1,2,2,0,2,0,0,1,2,3
ShahrozMaster,1,2,2,0,2,0,0,1,2,3
Skl10,1,2,2,0,2,0,0,1,2,3
Taintsweat,1,2,2,0,2,0,0,1,2,3
thecrazyludwig,1,2,2,0,2,0,0,1,2,3
tomheyden,1,2,2,0,2,0,0,1,2,3
TragicHero84,1,2,2,0,2,0,0,1,2,3
yellowseal,1,2,2,0,2,0,0,1,2,3
breakinthelaw88,1,3,2,1,1,0,1,0,1,3
chloberg,1,3,2,1,1,0,1,0,1,3
doppelgin,1,3,2,1,1,0,1,0,1,3
Scumbaq,1,3,2,1,1,0,1,0,1,3
SuperAl23,1,3,2,1,1,0,1,0,1,3
tylertello,1,3,2,1,1,0,1,0,1,3
Bergolies,1,2,1,1,0,0,1,1,0,3
brygida007,1,2,1,1,0,0,1,1,0,3
CapKirkTooMuchLSD,1,2,1,1,0,0,1,1,0,3
CURE_HD,1,2,1,1,0,0,1,1,0,3
Draedgal,1,2,1,1,0,0,1,1,0,3
elgiorgie,1,2,1,1,0,0,1,1,0,3
FullSizedForks,1,2,1,1,0,0,1,1,0,3
gdawg72,1,2,1,1,0,0,1,1,0,3
gniarhos,1,2,1,1,0,0,1,1,0,3
Gonzoalonso,1,2,1,1,0,0,1,1,0,3
HighKingofKnees,1,2,1,1,0,0,1,1,0,3
I_forgot_my_pass,1,2,1,1,0,0,1,1,0,3
its2ez4me24get,1,2,1,1,0,0,1,1,0,3
justin_memer,1,2,1,1,0,0,1,1,0,3
kane55,1,2,1,1,0,0,1,1,0,3
kgogolek,1,2,1,1,0,0,1,1,0,3
ladysith,1,2,1,1,0,0,1,1,0,3
M4jorpain,1,2,1,1,0,0,1,1,0,3
nixonlight,1,2,1,1,0,0,1,1,0,3
proNOP,1,2,1,1,0,0,1,1,0,3
RecklessFlamingo,1,2,1,1,0,0,1,1,0,3
RimuZ,1,2,1,1,0,0,1,1,0,3
sheeysha,1,2,1,1,0,0,1,1,0,3
SheldonPlankton,1,2,1,1,0,0,1,1,0,3
shnaynay90,1,2,1,1,0,0,1,1,0,3
swerty35,1,2,1,1,0,0,1,1,0,3
TheSebitti,1,2,1,1,0,0,1,1,0,3
Trimm_Dich_Forever,1,2,1,1,0,0,1,1,0,3
Trisluxxx,1,2,1,1,0,0,1,1,0,3
whbdrummer,1,2,1,1,0,0,1,1,0,3
adikid89,1,2,1,1,0,0,0,1,0,3
aldenhg,1,2,1,1,0,0,0,1,0,3
benhargreaves,1,2,1,1,0,0,0,1,0,3
billybaldwinme,1,2,1,1,0,0,0,1,0,3
Calavera190,1,2,1,1,0,0,0,1,0,3
coldsoulgameboy,1,2,1,1,0,0,0,1,0,3
Entury,1,2,1,1,0,0,0,1,0,3
foxymoxy18,1,2,1,1,0,0,0,1,0,3
gregisajew,1,2,1,1,0,0,0,1,0,3
I_am_NOT_IronMan,1,2,1,1,0,0,0,1,0,3
joshyle,1,2,1,1,0,0,0,1,0,3
keekee1983,1,2,1,1,0,0,0,1,0,3
mawheabo,1,2,1,1,0,0,0,1,0,3
ollie123,1,2,1,1,0,0,0,1,0,3
Samizdat_Press,1,2,1,1,0,0,0,1,0,3
shootergunderson,1,2,1,1,0,0,0,1,0,3
spacejam_vhs,1,2,1,1,0,0,0,1,0,3
supahpenguin007,1,2,1,1,0,0,0,1,0,3
supertaco_12,1,2,1,1,0,0,0,1,0,3
talemon,1,2,1,1,0,0,0,1,0,3
thecavaliert,1,2,1,1,0,0,0,1,0,3
Ti-Pim,1,2,1,1,0,0,0,1,0,3
treyx,1,2,1,1,0,0,0,1,0,3
WibblyWobblyy,1,2,1,1,0,0,0,1,0,3
AtheistSloth,1,3,1,2,-1,0,1,0,-1,3
manarch,1,3,1,2,-1,0,1,0,-1,3
Space_destroyer,1,3,1,2,-1,0,1,0,-1,3
kohkahkohla,1,2,0,2,-2,0,1,1,-2,3
electrilizer,1,2,0,2,-2,0,0,1,-2,3
wastedige,1,2,2,0,2,4,1,0,6,2
Mattparent,1,1,1,0,1,4,1,1,5,2
guenchy,1,1,1,0,1,3,1,1,4,2
HardlyWorkinDBA,1,1,1,0,1,2,1,1,3,2
chemistry_teacher,1,2,2,0,2,0,1,0,2,2
sashka_petrovna,1,2,2,0,2,0,1,0,2,2
swoopcity,1,2,2,0,2,0,1,0,2,2
ZTedward,1,2,2,0,2,0,1,0,2,2
Albanianz,1,1,1,0,1,0,1,1,1,2
BravoJohnnyBravo,1,1,1,0,1,0,1,1,1,2
Carcipicus,1,1,1,0,1,0,1,1,1,2
CesC44,1,1,1,0,1,0,1,1,1,2
chrisdv98,1,1,1,0,1,0,1,1,1,2
ChrisloriousHD,1,1,1,0,1,0,1,1,1,2
ddeburlo,1,1,1,0,1,0,1,1,1,2
Dinospine,1,1,1,0,1,0,1,1,1,2
entervid,1,1,1,0,1,0,1,1,1,2
evenisto,1,1,1,0,1,0,1,1,1,2
GreenerThanYou,1,1,1,0,1,0,1,1,1,2
Hardtorock,1,1,1,0,1,0,1,1,1,2
HI_IM_CARL,1,1,1,0,1,0,1,1,1,2
Hunteazy,1,1,1,0,1,0,1,1,1,2
Kurser,1,1,1,0,1,0,1,1,1,2
mistaphi,1,1,1,0,1,0,1,1,1,2
Modernfighter44,1,1,1,0,1,0,1,1,1,2
Nightbright97,1,1,1,0,1,0,1,1,1,2
pal2300,1,1,1,0,1,0,1,1,1,2
rpiddy,1,1,1,0,1,0,1,1,1,2
rudibau,1,1,1,0,1,0,1,1,1,2
Ryuketsu,1,1,1,0,1,0,1,1,1,2
sicilian504,1,1,1,0,1,0,1,1,1,2
Sketchpadpro,1,1,1,0,1,0,1,1,1,2
skier_forever,1,1,1,0,1,0,1,1,1,2
thebomb556,1,1,1,0,1,0,1,1,1,2
TurpleHow,1,1,1,0,1,0,1,1,1,2
whisky16,1,1,1,0,1,0,1,1,1,2
YourFavoriteHippo,1,1,1,0,1,0,1,1,1,2
_freethinker_,1,1,1,0,1,0,0,1,1,2
4drenalin3,1,1,1,0,1,0,0,1,1,2
Attollo,1,1,1,0,1,0,0,1,1,2
BlameTheHippies,1,1,1,0,1,0,0,1,1,2
GamerGirl94,1,1,1,0,1,0,0,1,1,2
Hoggelito,1,1,1,0,1,0,0,1,1,2
kingshigh,1,1,1,0,1,0,0,1,1,2
kvinkalik1,1,1,1,0,1,0,0,1,1,2
kyleyankan,1,1,1,0,1,0,0,1,1,2
LissieRae06,1,1,1,0,1,0,0,1,1,2
mattstaples,1,1,1,0,1,0,0,1,1,2
mista_twista,1,1,1,0,1,0,0,1,1,2
one_more_bite,1,1,1,0,1,0,0,1,1,2
pimouse7,1,1,1,0,1,0,0,1,1,2
pizooozooo,1,1,1,0,1,0,0,1,1,2
Reddit_Kitty78Kat,1,1,1,0,1,0,0,1,1,2
salmonroll,1,1,1,0,1,0,0,1,1,2
Sunshineymichelle,1,1,1,0,1,0,0,1,1,2
TheCultist,1,1,1,0,1,0,0,1,1,2
TriggaFinger,1,1,1,0,1,0,0,1,1,2
Wallacrd,1,1,1,0,1,0,0,1,1,2
yab21,1,2,1,1,0,0,1,0,0,2
beggsinator,1,1,1,0,1,0,1,0,1,1
fenderninja77,1,1,1,0,1,0,1,0,1,1
losthours,1,1,1,0,1,0,1,0,1,1
zserdenb,1,1,1,0,1,0,1,0,1,1
