user,resubmissions,Total Votes,Score,Comments,out-degree,in-degree,Popularity of image,Popularity of person,Different subrredit involvment
syncretic,931,1434251,560241,26763,658,669,587004,1434920,4
cinsere,545,1290796,372672,32619,448,407,405291,1291203,2
spez,858,1950878,221044,81867,770,429,302911,1951307,3
AtheismFTW,176,501866,162568,8997,137,127,171565,501993,1
dummystupid,169,842077,78247,16262,159,120,94509,842197,3
PhoneDojo,48,960555,77135,17271,30,9,94406,960564,2
Gangsta_Raper,5608,151457,87431,4897,1903,2373,92328,153830,1
doginabathtub,79,334854,84190,6314,55,39,90504,334893,1
pepsi_next,144,538494,75694,7651,68,117,83345,538611,5
Scopolamina,173,537814,66954,9929,78,121,76883,537935,5
